NUMBER OF TEMPLATES 36
COMPOSITION A 2 B
pairs , SPACEGROUPS 
[Al H] , 129 
[S Mg] , 140 
[H S] , 224 
[O Li] , 123 
[Li B] , 164 
[Al H] , 115 
[Al S] , 141 
[Si O] , 166 
[Si N] , 187 
[Na Si] , 191 
[Si F] , 191 
[H O] , 102 
[Mg Li] , 139 
[O Li] , 127 
[Na S] , 194 
[Na S] , 225 
[Al Li] , 155 
[H Mg] , 129 
[F Be] , 137 
[O Na] , 123 
[B Be] , 216 
[Be O] , 156 
[Be H] , 166 
[P Al] , 119 
[S P] , 166 
[Na B] , 191 
[N Al] , 166 
[Li H] , 141 
[B C] , 160 
[Be Al] , 227 
[C Li] , 191 
[B F] , 129 
[Li Be] , 164 
[S Si] , 186 
[C Na] , 191 
[Al Na] , 139 
RANKING VECTORS ENTHALPIES
0:[-44.02366036 -44.00247513 -43.99487413 -43.98983083 -43.97976576 -43.97318116 -43.97298436 -43.94081377 -43.9169274  -43.89600785 -43.89021885 -43.88452712 -43.88399992 -43.88183211 -43.86918676 -43.81250457 -43.80973211 -43.80946885 -43.76652869 -43.7363571 -43.5590372  -43.54688011 -43.41458153 -43.38161859 -43.3640145 -43.3332404  -43.31771222 -43.18317875 -43.18034393 -43.02886608 -42.71101912 -42.69530074 -42.68936874 -42.66377277 -42.25628051 -42.16985975] 
1:[-734.93418255 -734.64223726 -734.62102854 -734.58091967 -734.53496445 -734.51535043 -734.51090049 -734.50665519 -734.43531202 -734.43129126 -734.43090649 -734.415339   -734.40280551 -734.38824711 -734.33420949 -734.30607064 -734.29632276 -734.29298558 -734.25358638 -734.20787547 -734.14663098 -734.14069508 -734.13114209 -734.12819759 -734.09314331 -733.91001362 -733.80682967 -733.76822644 -733.76618247 -733.70628546 -733.65857417 -733.6319449  -733.59534801 -733.35105128 -732.87013442 -732.25943994] 
2:[-108.09618731 -108.09216492 -108.09189082 -108.04251428 -107.99320896 -107.98999601 -107.98933455 -107.93547606 -107.93462017 -107.92828755 -107.92025941 -107.91595336 -107.907726   -107.88248808 -107.84298029 -107.83497324 -107.81744699 -107.81264772 -107.81035991 -107.80243839 -107.79093326 -107.79000818 -107.7526639  -107.71794021 -107.71643235 -107.70307014 -107.69326774 -107.66637873 -107.66211849 -107.61015714 -107.52843956 -107.52761426 -107.50986613 -107.41674722 -107.41214893 -107.25176482] 
3:[-362.44876425 -362.42040392 -362.41969313 -362.41955146 -362.37552715 -362.35228005 -362.22872069 -361.92465226 -361.90680174 -361.8934419 -361.87696047 -361.82800869 -361.76670628 -361.7307893  -361.65932012 -361.61583527 -361.60212948 -361.55829635 -361.51222217 -361.46325838 -361.45349212 -361.45347495 -361.45011321 -361.43849799 -361.35338469 -361.35325379 -361.27650708 -361.27573138 -361.17780468 -361.16862607 -361.1625257  -361.05314629 -360.80786855 -360.45080513 -360.27686991 -359.89801939] 
4:[-154.76581277 -154.76244849 -154.71906037 -154.71780928 -154.71008373 -154.70396592 -154.66358193 -154.66301823 -154.43195602 -154.41233382 -154.38293972 -154.38260602 -154.38097565 -154.31883345 -154.25341606 -154.21348656 -154.15950098 -154.12065932 -154.11193684 -154.09299003 -154.08414973 -153.98414538 -153.96070498 -153.95553149 -153.89722391 -153.89535791 -153.89043963 -153.88678682 -153.88223309 -153.69356265 -153.68721225 -153.54972594 -153.4636366  -153.43210581 -153.19067832 -152.34058134] 
5:[-44.02366036 -44.00247513 -43.99487413 -43.98983083 -43.97976576 -43.97318116 -43.97298436 -43.94081377 -43.9169274  -43.89600785 -43.89021885 -43.88452712 -43.88399992 -43.88183211 -43.86918676 -43.81250457 -43.80973211 -43.80946885 -43.76652869 -43.7363571 -43.5590372  -43.54688011 -43.41458153 -43.38161859 -43.3640145 -43.3332404  -43.31771222 -43.18317875 -43.18034393 -43.02886608 -42.71101912 -42.69530074 -42.68936874 -42.66377277 -42.25628051 -42.16985975] 
6:[-138.16377774 -138.1612402  -138.04219501 -138.04018526 -137.9735175 -137.89659649 -137.8927251  -137.85494108 -137.77986345 -137.77774021 -137.75596907 -137.75571262 -137.7483215  -137.74182817 -137.74085204 -137.72718636 -137.6636713  -137.65427148 -137.6531446  -137.65039131 -137.64911901 -137.56884569 -137.54382995 -137.47858852 -137.47747782 -137.41594333 -137.34147433 -137.22822244 -137.22531683 -137.22367808 -137.21389012 -137.19830154 -136.92727129 -136.79107744 -136.6803715 -135.66851352] 
7:[-223.63581697 -223.41144917 -223.39553592 -223.35363914 -223.35177337 -223.27554882 -223.23811061 -223.18685797 -223.18513949 -223.1721748 -222.97765835 -222.92349366 -222.88338147 -222.8715104  -222.80696522 -222.77442627 -222.73169178 -222.70638729 -222.68651141 -222.56050639 -222.52868856 -222.52175073 -222.49904656 -222.46349643 -222.40069526 -222.36566867 -222.30491016 -222.3043951  -222.26621084 -221.94521034 -221.94485921 -221.94020301 -221.62914538 -221.56100991 -221.42303826 -220.41032168] 
8:[-167.83760225 -167.75204026 -167.6281987  -167.61484519 -167.61279812 -167.59384468 -167.54154314 -167.53913552 -167.43155121 -167.42208857 -167.32899557 -167.31547577 -167.30550467 -167.22212432 -167.07758174 -166.98126873 -166.87780955 -166.82856953 -166.82038428 -166.80655763 -166.78882568 -166.7841909  -166.77400179 -166.72197346 -166.67594843 -166.6179735  -166.55342676 -166.55195605 -166.3790206  -165.91410133 -165.77517801 -165.77246466 -165.76899397 -165.76417194 -165.74724122 -165.31215888] 
9:[-862.40092452 -862.39833835 -862.36912777 -862.30842096 -862.1592812 -862.14446677 -862.14369895 -862.12501132 -862.10898193 -862.08118806 -861.99628432 -861.99259937 -861.98233508 -861.94071319 -861.91156521 -861.90735271 -861.90426812 -861.90183373 -861.89658105 -861.88129943 -861.86937183 -861.8657594  -861.81414903 -861.7991011  -861.76140468 -861.75249316 -861.58079115 -861.47363479 -861.46657394 -861.32321896 -861.18663524 -860.97980776 -860.96443492 -860.75607775 -860.64965703 -859.05983787] 
10:[-296.79462269 -296.64813098 -296.61876945 -296.61538964 -296.59185378 -296.40696046 -296.38875074 -296.35371187 -296.35370831 -296.35202355 -296.31998655 -296.30432855 -296.25582068 -296.21662873 -296.19365992 -296.19218415 -296.18017909 -296.17910161 -296.14979659 -296.06349023 -296.06042402 -296.0586887  -296.05111926 -296.02741942 -296.00816146 -295.97227209 -295.9372888  -295.9064892  -295.9003553  -295.84061611 -295.81161859 -295.80060757 -295.67650051 -295.59942142 -295.1269295 -294.90655749] 
11:[-159.3613774  -159.32518689 -159.13776414 -159.04783173 -159.01831347 -158.99542443 -158.92942595 -158.85911989 -158.8517933  -158.84485503 -158.8133088  -158.77405935 -158.76524744 -158.75711593 -158.46162733 -158.45971497 -158.45145169 -158.43358005 -158.20514505 -158.09006381 -158.0539054  -158.0191645  -157.92449153 -157.88053921 -157.83456963 -157.75615191 -157.75513946 -157.46260821 -157.44398524 -157.42554809 -157.42358183 -157.42227808 -157.42018205 -157.27205871 -156.90485607 -154.35452781] 
12:[-1137.85227708 -1137.84571758 -1137.78920317 -1137.71998717 -1137.71321296 -1137.71232464 -1137.68919207 -1137.68421478 -1137.6840171  -1137.67915696 -1137.57857189 -1137.57837281 -1137.57499372 -1137.57289125 -1137.57250084 -1137.55611562 -1137.55311356 -1137.55120949 -1137.53758791 -1137.52396769 -1137.51569145 -1137.51289937 -1137.50150679 -1137.46619577 -1137.41605775 -1137.40572155 -1137.40366602 -1137.40038828 -1137.38780206 -1137.32006603 -1137.14781379 -1137.06339663 -1136.92129657 -1136.78980606 -1136.66462211 -1136.07446359] 
13:[-362.44876425 -362.42040392 -362.41969313 -362.41955146 -362.37552715 -362.35228005 -362.22872069 -361.92465226 -361.90680174 -361.8934419 -361.87696047 -361.82800869 -361.76670628 -361.7307893  -361.65932012 -361.61583527 -361.60212948 -361.55829635 -361.51222217 -361.46325838 -361.45349212 -361.45347495 -361.45011321 -361.43849799 -361.35338469 -361.35325379 -361.27650708 -361.27573138 -361.17780468 -361.16862607 -361.1625257  -361.05314629 -360.80786855 -360.45080513 -360.27686991 -359.89801939] 
14:[-925.40451033 -925.40375188 -925.21484307 -925.21369994 -925.21304895 -925.20701041 -925.18136628 -925.17425893 -925.1487695  -925.10961505 -925.10139341 -925.10137345 -924.96513354 -924.93117308 -924.88301263 -924.87257339 -924.87224674 -924.85492771 -924.84830834 -924.78352392 -924.73763086 -924.6724879  -924.65853476 -924.60725264 -924.43862451 -924.43600066 -924.37665828 -924.37642666 -924.35828659 -924.30169105 -923.87199274 -923.75837274 -923.65036711 -923.42034985 -923.34328729 -922.73689787] 
15:[-925.40451033 -925.40375188 -925.21484307 -925.21369994 -925.21304895 -925.20701041 -925.18136628 -925.17425893 -925.1487695  -925.10961505 -925.10139341 -925.10137345 -924.96513354 -924.93117308 -924.88301263 -924.87257339 -924.87224674 -924.85492771 -924.84830834 -924.78352392 -924.73763086 -924.6724879  -924.65853476 -924.60725264 -924.43862451 -924.43600066 -924.37665828 -924.37642666 -924.35828659 -924.30169105 -923.87199274 -923.75837274 -923.65036711 -923.42034985 -923.34328729 -922.73689787] 
16:[-103.43887972 -103.43576512 -103.42727763 -103.42527178 -103.39928875 -103.37242461 -103.35871169 -103.34522205 -103.33798958 -103.2941365 -103.20651221 -103.19144796 -103.1805402  -103.17888847 -103.17725799 -103.17517004 -103.15774965 -103.15699996 -103.1504105  -103.14687111 -103.14298919 -103.1428069  -103.14050744 -103.13852027 -103.08172611 -103.02322223 -102.93100653 -102.91782211 -102.87189395 -102.8516577 -102.8398663  -102.78084458 -102.76561307 -102.57667395 -102.35186486 -101.10702877] 
17:[-547.07456874 -547.07402852 -547.04053979 -547.03967874 -546.97651857 -546.97075571 -546.95415413 -546.90910844 -546.85119288 -546.82915158 -546.79318868 -546.76434582 -546.75880762 -546.75418712 -546.74871161 -546.74849684 -546.74213778 -546.72592011 -546.71865748 -546.7034793 -546.62829953 -546.6271551  -546.62695892 -546.62377513 -546.62057259 -546.60028137 -546.53026392 -546.52795767 -546.35482813 -546.35416014 -546.30580963 -546.30537371 -546.28679319 -546.225256   -545.86955645 -545.829842  ] 
18:[-572.8215333  -572.80757683 -572.80683274 -572.79793237 -572.79301454 -572.78619482 -572.76587409 -572.7650081  -572.68954769 -572.65218942 -572.54840947 -572.35678705 -572.21391414 -572.18310709 -572.13710555 -572.05373822 -572.05226929 -572.03558017 -571.95497088 -571.93585655 -571.92892049 -571.80737712 -571.78574698 -571.76787623 -571.6098151 -571.32524056 -571.18325983 -570.7151189  -570.61042717 -570.58822229 -570.33631878 -570.33450391 -570.33306227 -570.30920267 -569.90364235 -569.29858847] 
19:[-710.85352101 -710.79370066 -710.79329864 -710.79304119 -710.75970195 -710.68648948 -710.61277728 -710.50630897 -710.44845511 -710.39475553 -710.22457576 -710.22216932 -710.18286629 -710.14179893 -710.1413637 -710.141147   -710.08336682 -710.07840716 -710.07839407 -710.03293564 -710.01890421 -710.00596564 -709.99002031 -709.9177946  -709.90000151 -709.80378147 -709.79981085 -709.62893854 -709.59938878 -709.3828734 -709.29992234 -709.22788337 -709.1571182  -708.47290479 -708.21466986 -707.2360232 ] 
20:[-177.95721653 -177.75144385 -177.74942457 -177.7380302  -177.73614775 -177.73456808 -177.73237701 -177.57651347 -177.52715155 -177.39566188 -177.39324273 -177.37998217 -177.36954975 -177.35748036 -177.33480717 -177.21100493 -177.18180575 -177.17851157 -177.15450159 -177.15363536 -177.15336826 -177.11750018 -177.10928866 -177.04522614 -177.02067782 -176.9516458  -176.87632845 -176.86217772 -176.83567675 -176.83063833 -176.80865209 -176.79292526 -176.76532933 -176.69686827 -176.69592014 -174.82968697] 
21:[-401.63518624 -401.49782199 -401.46229029 -401.3629014  -401.36252889 -401.33455034 -401.23094937 -401.20489328 -401.20076831 -401.179801 -401.15445873 -401.15400779 -401.11165096 -401.0874094  -401.08688991 -400.99718228 -400.85237979 -400.8294106  -400.78818962 -400.67652491 -400.66533289 -400.62478906 -400.59244199 -400.58326481 -400.58297359 -400.56469921 -400.39122771 -400.11793196 -400.05907739 -399.90531761 -399.87870016 -399.30035586 -398.91480383 -398.91226488 -398.90830345 -398.90696084] 
22:[-256.2246461  -256.21252875 -256.20584924 -256.20116144 -256.16681661 -256.14814102 -256.12736916 -256.1165847  -256.11376885 -256.11319536 -256.11028698 -256.08402955 -256.08261387 -256.07888392 -256.05235878 -255.9925275  -255.98460865 -255.97959595 -255.96913997 -255.92177975 -255.90986445 -255.87036225 -255.86913156 -255.81734925 -255.73245754 -255.70922183 -255.688897   -255.51496007 -255.50976803 -255.50445078 -255.36651418 -255.35425492 -255.35232805 -255.31980612 -255.24059011 -254.78682702] 
23:[-142.57548594 -142.57546334 -142.48574309 -142.4819964  -142.48166116 -142.47954539 -142.39916739 -142.37252034 -142.36912966 -142.33077675 -142.32512264 -142.31868865 -142.31463869 -142.30794398 -142.30326067 -142.28474298 -142.28103591 -142.27948307 -142.27213888 -142.27089072 -142.18544125 -142.17522314 -142.12035595 -142.1024408  -142.09039698 -142.08196127 -142.02994595 -142.02796038 -141.98241509 -141.94270553 -141.90885457 -141.82841148 -141.71056696 -141.36824197 -141.28008179 -139.89125434] 
24:[-258.45877028 -258.44435527 -258.23865917 -258.23319858 -258.22572289 -258.22213873 -258.17837164 -258.1338638  -258.08109008 -258.07084157 -258.06248393 -258.03326026 -258.03145169 -258.03119872 -258.02604567 -258.00298894 -257.99130323 -257.96901911 -257.95350097 -257.91872717 -257.91572188 -257.89577881 -257.8884531  -257.86004443 -257.85855955 -257.76785243 -257.76210662 -257.7587446  -257.75315716 -257.74854494 -257.7311154  -257.71601875 -257.70765724 -257.32990213 -257.19916007 -257.1254383 ] 
25:[-851.1396997  -851.01521959 -851.01464646 -850.85698937 -850.7811659 -850.76594838 -850.76329227 -850.76231171 -850.7470384  -850.61966751 -850.4783835  -850.42970237 -850.42212611 -850.35992477 -850.35644559 -850.35163812 -850.31346739 -850.26537255 -850.20287992 -850.19150106 -850.13796354 -850.12266146 -850.09094218 -850.07681132 -850.06806841 -850.06538588 -850.04430814 -850.03947253 -849.93519111 -849.87350598 -849.85966949 -849.79357797 -849.76199355 -849.74744747 -849.42629342 -848.3869894 ] 
26:[-206.99684253 -206.78180351 -206.72745516 -206.6306288  -206.63037599 -206.62928561 -206.41094839 -206.32509062 -206.30162882 -206.1884097 -206.08889676 -206.06419824 -206.06222603 -206.01481771 -205.98416017 -205.93621895 -205.88620585 -205.88382253 -205.86306959 -205.83230844 -205.81836151 -205.81474825 -205.81114001 -205.79257107 -205.70386481 -205.57853469 -205.1965726  -205.11973186 -204.98230144 -204.98220065 -204.97301257 -204.97224289 -204.93278821 -204.6300498  -204.29620921 -204.21576453] 
27:[-133.77599789 -133.77387415 -133.76285652 -133.76091264 -133.76016937 -133.75785158 -133.75048798 -133.74895006 -133.74395626 -133.73617835 -133.73597082 -133.72037187 -133.71953712 -133.71640895 -133.711253 -133.70166667 -133.69757623 -133.69640071 -133.69196543 -133.69055438 -133.681573   -133.60492421 -133.57389376 -133.50144034 -133.48721823 -133.47902554 -133.47121681 -133.32952138 -133.26554533 -133.02288227 -132.96407488 -132.96405884 -132.96100193 -132.90805064 -132.87867267 -132.35874065] 
28:[-105.73604623 -105.6108659  -105.49052034 -105.41985189 -105.11974936 -105.07141905 -105.02688375 -104.99775599 -104.99727175 -104.94084209 -104.87305271 -104.86708147 -104.80525732 -104.78644601 -104.77945007 -104.76372823 -104.72684496 -104.6192977  -104.60541244 -104.597409 -104.59114533 -104.51732421 -104.50159936 -104.47700178 -104.42131586 -104.33286673 -104.31249668 -104.26523908 -104.1358861  -103.93633945 -103.92742293 -103.92147012 -103.82861091 -103.81442658 -103.8043188 -103.4174466 ] 
29:[-271.17584011 -271.16276167 -271.01831137 -270.91897132 -270.91636674 -270.91390851 -270.90341868 -270.84820632 -270.84659615 -270.77581366 -270.76512271 -270.75491859 -270.74640554 -270.68229937 -270.67482336 -270.65620416 -270.60369465 -270.55519259 -270.54402629 -270.54010748 -270.52064175 -270.49812126 -270.49710054 -270.35493855 -270.31734023 -270.30862593 -270.29657828 -270.2798393  -270.16686641 -270.15472255 -270.12424019 -270.02325268 -270.01186731 -269.884588   -269.30460125 -267.15318039] 
30:[-172.47710333 -172.47607591 -172.41500133 -172.35478019 -172.2043487 -172.17142925 -172.11987564 -171.29198346 -171.28309641 -171.28070293 -171.18065987 -171.17678842 -171.16355003 -171.07656329 -171.07521065 -171.06011266 -171.02186303 -171.01911859 -170.95850762 -170.95617041 -170.88551574 -170.83576553 -170.79018514 -170.78614071 -170.77668032 -170.64512227 -170.60968769 -170.53041495 -170.45054693 -170.21595946 -170.21116703 -170.12817145 -170.1227323  -170.09417703 -169.93111915 -167.66346467] 
31:[-274.67049493 -273.89222249 -273.84407842 -273.81612101 -273.79615278 -273.7485029  -273.71164811 -273.68101994 -273.67139551 -273.66233389 -273.64706885 -273.61244475 -273.44772983 -273.43244583 -273.3882888 -273.37779022 -273.34470449 -273.31759095 -273.28281759 -273.17461274 -273.13233834 -273.1181211  -273.08579214 -273.07909693 -273.04667605 -273.03561561 -272.98111431 -272.91955653 -272.86324195 -272.73619509 -272.73386763 -272.63413151 -272.54616935 -271.99043235 -271.4602209 -270.8766245 ] 
32:[-254.0585492  -254.05178648 -254.05095562 -254.04745519 -254.04563936 -254.02813121 -254.01002051 -254.00863788 -254.00470245 -253.99532738 -253.97113641 -253.95096422 -253.94917791 -253.94860976 -253.93575469 -253.92253226 -253.91760402 -253.91385166 -253.91030612 -253.90185445 -253.8760162  -253.87598031 -253.86766979 -253.84501509 -253.84378509 -253.83714708 -253.81586458 -253.81585419 -253.79837074 -253.71826304 -253.68516365 -253.67955733 -253.0066936  -253.00442509 -252.94087866 -252.11449774] 
33:[-234.53543967 -234.48626267 -234.18487688 -234.18445084 -234.12767562 -234.127343   -234.04685147 -234.03783757 -234.0043151  -233.96364965 -233.92137177 -233.91697502 -233.91531318 -233.89262212 -233.84546915 -233.80734173 -233.80044616 -233.7934082  -233.77073786 -233.70877187 -233.66277673 -233.63376871 -233.60181899 -233.57842623 -233.56046405 -233.55874526 -233.46151443 -233.4429963  -233.42650355 -233.40280862 -233.40084785 -233.11612941 -233.11497646 -233.06854419 -233.06748141 -232.8472118 ] 
34:[-520.76622748 -520.76516705 -520.64026274 -520.54460522 -520.47688849 -520.47536409 -520.44414817 -520.3027821  -519.97164789 -519.77166476 -519.54128681 -519.28556647 -519.28076928 -519.27829461 -519.25617564 -519.23357327 -519.17496396 -519.16228075 -519.15923046 -519.064038 -518.96989297 -518.91828673 -518.89131361 -518.88615591 -518.84696845 -518.82501457 -518.82046212 -518.76718017 -518.70802367 -518.58555451 -518.51879702 -518.34725371 -518.29802286 -517.81574986 -517.08324137 -514.39929099] 
35:[-451.69788631 -451.63058724 -451.62998803 -451.59186877 -451.58233233 -451.52242141 -451.51877515 -451.5144105  -451.48932146 -451.48597267 -451.48340667 -451.4822526  -451.47548367 -451.45853296 -451.43071243 -451.42396523 -451.38798975 -451.34647411 -451.34238062 -451.29436206 -451.26374586 -451.2474679  -451.23691889 -451.23460281 -451.19004361 -451.15893087 -450.96209493 -450.94107143 -450.85371161 -450.848472 -450.8160189  -450.75761611 -450.40995191 -450.38202177 -449.65868968 -448.10601683] 
RANKING VECTORS IDX
0:[ 0.  6. 33. 27. 24. 17. 31. 22.  5. 18. 11.  2.  8.  1. 21. 35.  7. 28. 12. 26. 10. 13. 14. 19.  3. 16. 15.  4. 32. 23. 34. 25.  9. 30. 20. 29.] 
1:[ 1. 13. 35.  6. 23. 14. 16. 17.  0. 19.  3. 32. 12. 27. 26. 18.  4.  7. 24. 33.  9. 30. 25. 34. 15.  5. 28. 21.  8. 20. 22. 29. 11. 10. 31.  2.] 
2:[16. 11.  2. 18. 13. 32. 33.  6. 27. 19.  3. 28. 17.  4. 22. 35.  7. 12.  0. 26. 31.  1.  5. 24. 10. 14. 21. 15.  8. 23. 34. 30. 20.  9. 25. 29.] 
3:[13. 19.  0.  3. 26.  1. 12. 11. 32.  4. 23.  5. 18.  6. 17. 27.  7. 16. 15. 35. 22. 14. 24. 33. 34. 30. 25.  9. 29. 20. 28.  8. 21. 10.  2. 31.] 
4:[ 4. 32. 30. 25.  9. 34. 28.  1. 16. 12.  3. 19. 35. 23. 13. 14. 24. 22. 26. 33.  7. 17.  5.  0.  6. 27. 21.  8. 29. 10. 31. 18. 15. 20. 11.  2.] 
5:[ 0.  6. 33. 27. 24. 17. 31. 22.  5. 18. 11.  2.  8.  1. 21. 35.  7. 28. 12. 26. 10. 13. 14. 19.  3. 16. 15.  4. 32. 23. 34. 25.  9. 30. 20. 29.] 
6:[35. 12. 27.  6. 33.  7. 16. 24. 23. 18. 13.  1.  8. 31. 17. 14. 21.  4.  5. 32. 22. 28. 26. 19.  3. 10.  0. 30. 25. 34.  9. 29. 15. 20. 11.  2.] 
7:[22.  7.  4. 21.  8.  5. 33. 10. 28.  0. 24. 18. 26. 31. 16. 17. 27.  6. 32.  2. 11. 23. 12. 35. 13.  1.  3. 19. 14. 34. 25. 30. 20. 15. 29.  9.] 
8:[ 8. 18. 28. 21. 22.  7.  4.  5.  0. 33.  6. 27. 24. 26. 17. 31. 12.  2. 35. 11. 23. 16. 10. 13.  1. 32. 19.  3. 14. 15. 25.  9. 34. 30. 20. 29.] 
9:[ 9. 25. 34. 30.  0.  4. 32. 12.  3. 16. 26. 33. 19. 24. 35. 21. 14.  8.  1. 22. 23. 29. 13. 17. 10.  7. 27.  5. 18.  6. 20. 31. 15. 28. 11.  2.] 
10:[10.  8. 21. 22. 28.  0. 24. 26. 33. 31.  7.  5.  4. 32. 34.  9. 25. 30. 17. 35. 16. 12. 23.  3. 18. 19. 14. 13.  1. 11. 27.  6. 29. 20. 15.  2.] 
11:[11.  2. 18.  6. 27. 33. 21.  4. 32. 28. 17. 24. 35. 12.  8. 26. 22. 15. 14.  7. 16. 20. 23. 10. 31.  1. 13. 30.  9. 25.  3.  0. 19. 34. 29.  5.] 
12:[35. 12. 14.  1. 32.  4. 33. 22. 16. 24. 17. 30.  9. 25. 31. 21.  8. 26. 28.  6. 34. 27.  0. 13.  3. 23. 18. 19.  5. 10. 29. 15.  7. 11. 20.  2.] 
13:[13. 19.  0.  3. 26.  1. 12. 11. 32.  4. 23.  5. 18.  6. 17. 27.  7. 16. 15. 35. 22. 14. 24. 33. 34. 30. 25.  9. 29. 20. 28.  8. 21. 10.  2. 31.] 
14:[33. 14. 12.  9. 30. 25. 34. 35. 17. 26. 32.  4. 20. 28. 16. 18. 15.  1. 13. 24. 31. 23.  5. 29.  3. 19.  6. 27. 11.  0.  8.  7. 10. 21. 22.  2.] 
15:[33. 14. 12.  9. 30. 25. 34. 35. 17. 26. 32.  4. 20. 28. 16. 18. 15.  1. 13. 24. 31. 23.  5. 29.  3. 19.  6. 27. 11.  0.  8.  7. 10. 21. 22.  2.] 
16:[35. 24. 12. 14. 16. 33.  1.  4. 32.  7.  0. 21. 31. 26. 17.  8.  3. 19. 25.  9. 34. 22. 13. 30. 28.  5. 18. 15. 29. 27.  6. 10. 23. 20. 11.  2.] 
17:[31. 17. 14. 33. 18. 15. 24. 22. 11. 28. 16.  1. 35. 12.  4. 32. 13. 20.  5.  7. 30. 27.  6.  9. 25. 26. 23.  8. 19.  3.  0. 21.  2. 29. 34. 10.] 
18:[18. 11.  2. 27.  5.  6. 33. 24. 17. 26. 21.  8. 15. 28. 14.  1. 16. 32. 13. 12. 35.  0.  3. 19.  7. 23. 10. 20.  4. 22. 30. 34. 25.  9. 31. 29.] 
19:[13.  3.  0. 19.  1. 35. 22. 26.  6. 11.  4. 32. 27. 18.  5. 23. 17. 34. 30. 29. 12.  7. 16. 25.  9. 33. 14. 24. 20. 15. 28.  8. 21. 10. 31.  2.] 
20:[20. 30. 34.  9. 32. 25.  4. 17. 26. 19. 28.  3.  0. 13. 29.  5. 18. 15. 22. 35. 12. 33. 16. 24.  7. 21. 31.  8.  1. 14. 27.  6. 23. 11. 10.  2.] 
21:[28. 21.  7. 33.  5. 24.  4.  6. 27. 18. 26. 22. 31.  8. 17. 32. 11. 16. 13. 35. 12.  0.  1. 19.  3. 23.  2. 10. 14. 29. 15. 20. 30.  9. 34. 25.] 
22:[ 0. 22.  8. 28.  1. 21. 18.  5. 11. 24.  2. 27.  7.  6. 33. 35. 12. 26. 16. 32.  4. 17. 31. 14. 10. 13. 23.  3. 19. 15. 30.  9. 25. 34. 29. 20.] 
23:[27.  6. 23.  4. 32. 12.  1. 17. 35.  9. 13. 16. 33. 25. 14. 30. 34. 24.  7. 29.  0. 10. 18.  8. 21. 22.  3. 19. 26.  5. 20. 15. 28. 11. 31.  2.] 
24:[24. 33. 32.  4.  6. 27. 26.  7.  1. 22. 16. 12. 11. 14.  5. 17. 10. 35.  0. 18. 13. 23. 21.  8. 28. 25.  9. 19.  3. 34. 31. 30. 15. 20. 29.  2.] 
25:[ 1. 32.  4. 23. 34. 25. 30.  9. 28.  0. 16. 12. 35. 13. 33. 14. 22.  3. 19.  5. 29. 17. 26.  7. 27.  6.  8. 21. 10. 31. 24. 20. 18. 15. 11.  2.] 
26:[26.  1. 13. 19.  3.  0. 32. 23.  4. 18. 17. 35. 12. 11.  5. 28.  6.  7. 27. 16. 15. 24. 10. 22. 33. 14.  8. 21. 34. 30.  9. 25. 20.  2. 31. 29.] 
27:[33. 24. 27.  6.  4. 26.  1. 13. 12. 35. 32. 31.  7.  0.  3. 17. 11. 19. 18. 15. 22. 28. 23.  5. 21. 14.  8.  2. 16. 20. 25.  9. 34. 30. 10. 29.] 
28:[28. 21. 27. 26. 31.  5. 33.  8.  7. 22.  1. 13. 11. 32.  4. 18.  0. 24. 19.  3.  2. 10.  6. 23. 16. 20. 17. 14. 15.  9. 30. 34. 12. 35. 25. 29.] 
29:[16. 29. 17. 25. 30.  9. 34. 12. 35. 24. 13.  1. 33. 32.  4. 14. 20. 18.  7.  5. 21. 22.  8. 28. 26.  0. 19.  3.  6. 31. 23. 15. 27. 10. 11.  2.] 
30:[30. 34. 33. 24.  4. 27. 21.  3.  0. 19. 13. 18.  5.  9. 25. 17. 28. 11. 12. 23. 29. 32. 26. 20. 16.  7.  6.  1.  8. 31. 10. 15. 35. 14. 22.  2.] 
31:[31. 22.  4. 17.  6. 21. 10. 13. 28. 27.  8.  1. 18. 33.  5. 11. 23.  7. 32.  0. 16. 24. 30. 34. 12. 35. 26. 19.  3. 25.  9. 29. 14. 20.  2. 15.] 
32:[ 9. 25. 30.  4. 32. 16. 24.  7. 26. 33. 34.  8. 35.  3. 12. 28. 22. 19. 10. 21.  6. 27. 23. 29. 14.  1.  5. 18. 13. 31. 17.  0. 15. 20. 11.  2.] 
33:[33. 24. 11. 26. 27.  6. 18.  5. 17.  1. 12. 35.  7. 14. 16.  4. 32. 10. 13. 21. 23. 15.  8. 22. 19.  3.  0.  9. 25. 30. 34. 20. 31.  2. 28. 29.] 
34:[30. 34. 33. 24. 22. 32. 21.  4. 27.  6. 17. 11. 18.  5. 35. 12.  0.  3. 19. 13. 23. 29.  1. 16. 26.  9. 25.  7. 31. 28.  8. 10. 20. 14. 15.  2.] 
35:[24. 35. 12. 33. 32. 16. 21.  8. 34.  9. 25.  4. 30. 14. 29.  7.  5. 28. 22. 26. 17. 19.  3. 10.  1.  0. 31. 23. 27.  6. 13. 20. 18. 15. 11.  2.] 
POSCARS
EA32    2.621  2.619  7.581 90.00 90.00 89.99 Sym.group:  129
1.0
   2.6173670000000002   -0.0998220000000000    0.0914490000000000
   0.1038710000000000    2.6151789999999999   -0.1008330000000000
  -0.2528620000000000    0.3021140000000000    7.5711529999999998
Al H
4 2
direct
   0.9146000000000000    0.0793800000000000    0.3933260000000000 Al
   0.4150850000000000    0.5793380000000000    0.6137520000000000 Al
   0.4146660000000000    0.5798470000000000    0.1611530000000000 Al
   0.9153800000000000    0.0799590000000000    0.8457480000000001 Al
   0.4151530000000000    0.0804070000000000    0.0033820000000000 H
   0.9151319999999999    0.5807240000000000    0.0036390000000000 H
EA114   4.592  4.592  4.593 112.99 103.96 111.60 Sym.group:  140
1.0
   1.9854660000000000   -2.0400689999999999   -3.6034530000000000
   1.0527960000000001    4.4648700000000003    0.2063320000000000
   1.5493820000000000   -2.3769640000000001    3.6113670000000000
S Mg
4 2
direct
   0.3662010000000000    0.0017410000000000    0.6406740000000000 S
   0.6421540000000000    0.0028670000000000    0.3673060000000000 S
   0.8678850000000000    0.7275370000000000    0.8650130000000000 S
   0.1404760000000000    0.2769550000000000    0.1427990000000000 S
   0.2553760000000000    0.5029320000000000    0.7553720000000000 Mg
   0.7532650000000000    0.5017200000000001    0.2526540000000000 Mg
EA39    3.469  3.452  3.449 89.98 90.02 90.05 Sym.group:  224
1.0
   3.4685589999999999    0.0170140000000000    0.0090690000000000
  -0.0197140000000000    3.4517449999999998   -0.0015360000000000
  -0.0102770000000000    0.0028630000000000    3.4491070000000001
H S
4 2
direct
   0.4984280000000000    0.0047170000000000    0.0021610000000000 H
   0.0097970000000000    0.4906150000000000    0.9968230000000000 H
   0.9883110000000001    0.9979440000000001    0.5040350000000000 H
   0.4995720000000000    0.5118690000000000    0.4957120000000000 H
   0.2493610000000000    0.2497720000000000    0.2526540000000000 S
   0.7488380000000000    0.7497630000000000    0.7531140000000000 S
EA27    2.333  2.301  3.424 90.00 90.15 90.26 Sym.group:  123
1.0
   2.3302950000000000    0.0645100000000000    0.0817550000000000
  -0.0740750000000000    2.3001550000000002    0.0009820000000000
  -0.1288650000000000   -0.0056870000000000    3.4215019999999998
O Li
2 1
direct
   0.8339070000000000    0.7590920000000000    0.9277170000000000 O
   0.8334940000000000    0.7587830000000000    0.5531030000000000 O
   0.3337660000000000    0.2583450000000000    0.2402960000000000 Li
EA159   3.005  4.958  3.003 90.33 60.33 90.06 Sym.group:  164
1.0
   3.0038040000000001    0.0794550000000000    0.0041180000000000
  -0.1361460000000000    4.9538320000000002    0.1546900000000000
   1.4845910000000000   -0.0581280000000000    2.6093030000000002
Li B
4 2
direct
   0.6598800000000000    0.3844180000000000    0.7470540000000000 Li
   0.9964850000000000    0.7966030000000000    0.0789650000000000 Li
   0.3181630000000000    0.5457200000000000    0.4170910000000000 Li
   0.6547670000000000    0.9579090000000000    0.7490030000000000 Li
   0.9988750000000000    0.2021890000000000    0.0762570000000000 B
   0.3157730000000000    0.1401380000000000    0.4197990000000000 B
EA98    2.605  2.606  3.843 89.89 90.00 90.00 Sym.group:  115
1.0
   2.6049060000000002   -0.0004020000000000    0.0020570000000000
   0.0004360000000000    2.6058620000000001   -0.0039900000000000
  -0.0028710000000000    0.0134370000000000    3.8426309999999999
Al H
2 1
direct
   0.1635800000000000    0.5012060000000000    0.5922460000000001 Al
   0.6638120000000000    0.9991250000000000    0.0555360000000000 Al
   0.6637050000000000    0.4977790000000000    0.3234380000000000 H
EA47    4.564  4.784  4.563 118.46 90.02 118.45 Sym.group:  141
1.0
   4.5638509999999997    0.0110940000000000    0.0069550000000000
  -2.2773629999999998    1.7283240000000000   -3.8363309999999999
  -0.0134930000000000    2.4733100000000001    3.8340670000000001
Al S
4 2
direct
   0.2585030000000000    0.3470760000000000    0.0911840000000000 Al
   0.1532640000000000    0.1390310000000000    0.4871980000000000 Al
   0.9038740000000000    0.6395970000000000    0.7366050000000000 Al
   0.5073970000000000    0.8465810000000000    0.8395690000000000 Al
   0.5807990000000000    0.9934160000000000    0.4128950000000000 S
   0.8312520000000000    0.4927560000000000    0.1631650000000000 S
EA218  10.463  2.548  2.550 60.03 96.97 90.19 Sym.group:  166
1.0
  10.4625570000000003    0.0443850000000000    0.0225710000000000
  -0.0090950000000000    1.2838039999999999   -2.2010779999999999
  -0.3201460000000000    2.5297109999999998    0.0020160000000000
Si O
4 2
direct
   0.3082340000000000    0.3085510000000000    0.6752110000000000 Si
   0.9912060000000000    0.4044520000000000    0.4631930000000000 Si
   0.6252630000000000    0.1799360000000000    0.8978969999999999 Si
   0.8082330000000000    0.7913030000000000    0.6806660000000000 Si
   0.2203710000000000    0.0025980000000000    0.2846150000000000 O
   0.3961040000000000    0.6143040000000000    0.0658750000000000 O
EA107   2.632  2.632  9.007 89.99 90.00 60.00 Sym.group:  187
1.0
   1.3351029999999999    2.2687569999999999    0.0008760000000000
  -1.2973479999999999    2.2903720000000001    0.0055040000000000
   0.0144470000000000   -0.0117510000000000    9.0071309999999993
Si N
4 2
direct
   0.3704620000000000    0.9529650000000000    0.4463850000000000 Si
   0.3702950000000000    0.9528350000000000    0.0414970000000000 Si
   0.0354910000000000    0.6208140000000000    0.2439390000000000 Si
   0.7054170000000000    0.2844180000000000    0.7439420000000000 Si
   0.7038790000000000    0.2862140000000000    0.5430520000000000 N
   0.7036380000000000    0.2862850000000000    0.9448310000000000 N
EA252   4.198  7.226  2.441 89.77 90.06 90.00 Sym.group:  191
1.0
   4.1975160000000002    0.0011000000000000    0.0108280000000000
  -0.0013600000000000    7.2257720000000001   -0.0844990000000000
  -0.0088560000000000    0.0381900000000000    2.4402159999999999
Na Si
4 2
direct
   0.9980000000000000    0.3338990000000000    0.6718290000000000 Na
   0.4977330000000000    0.1658450000000000    0.6718220000000000 Na
   0.4979320000000000    0.8335250000000000    0.6717680000000000 Na
   0.9980670000000000    0.6659350000000001    0.6723510000000000 Na
   0.9978240000000000    0.9998130000000000    0.1707730000000000 Si
   0.4980160000000000    0.4996880000000000    0.1715450000000000 Si
EA54    2.353  2.391  5.936 89.84 89.61 119.02 Sym.group:  191
1.0
   2.3514100000000000    0.0899650000000000   -0.0270880000000000
  -1.2391859999999999    2.0449430000000000    0.0079000000000000
   0.1067810000000000    0.0607580000000000    5.9345280000000002
Si F
2 1
direct
   0.4690650000000000    0.4215720000000000    0.8999740000000001 Si
   0.4832110000000000    0.4325940000000000    0.2936560000000000 Si
   0.4756970000000000    0.4258910000000000    0.5968270000000000 F
EA4     2.833  2.833  2.795 90.00 90.00 90.00 Sym.group:  102
1.0
   2.8325000000000000   -0.0003810000000000   -0.0017750000000000
   0.0004220000000000    2.8326859999999998   -0.0018570000000000
   0.0019670000000000    0.0018230000000000    2.7953120000000000
H O
4 2
direct
   0.7866990000000000    0.7929430000000000    0.7597620000000000 H
   0.6979510000000000    0.2928420000000000    0.2596290000000000 H
   0.2866220000000000    0.7040750000000000    0.2596600000000000 H
   0.1980100000000000    0.2041350000000000    0.7595160000000000 H
   0.4923380000000000    0.4984930000000000    0.4770880000000000 O
   0.9923850000000000    0.9985290000000000    0.9770870000000000 O
EA99    5.066  2.729  2.728 89.58 75.33 104.66 Sym.group:  139
1.0
   5.0656239999999997    0.0014550000000000   -0.0099780000000000
  -0.6911540000000000    2.6397080000000002   -0.0065350000000000
   0.6960440000000000    0.2093970000000000    2.6297839999999999
Mg Li
2 1
direct
   0.1131380000000000    0.3605820000000000    0.7312120000000000 Mg
   0.5053480000000000    0.0535230000000000    0.0378040000000000 Mg
   0.8091580000000000    0.7068170000000000    0.3844880000000000 Li
EA36    2.290  3.971  4.007 90.00 90.49 89.97 Sym.group:  127
1.0
   2.2888130000000002    0.0218380000000000   -0.0623700000000000
  -0.0355880000000000    3.9703949999999999    0.0117440000000000
   0.0751520000000000   -0.0109900000000000    4.0063810000000002
O Li
4 2
direct
   0.0142930000000000    0.9597900000000000    0.3648310000000000 O
   0.9913310000000000    0.4597720000000000    0.6362100000000001 O
   0.0122710000000000    0.7284110000000000    0.1358840000000000 O
   0.9942970000000000    0.2284590000000000    0.8652030000000001 O
   0.5037900000000000    0.3442620000000000    0.2507220000000000 Li
   0.5025539999999999    0.8440920000000000    0.7512010000000000 Li
EA20    5.012  4.055  4.063 60.49 89.93 89.92 Sym.group:  194
1.0
   5.0123040000000003   -0.0093770000000000   -0.0066060000000000
   0.0130900000000000    4.0520849999999999    0.1460780000000000
   0.0131050000000000    1.8731380000000000    3.6059800000000002
Na S
4 2
direct
   0.8387450000000000    0.7536230000000000    0.8780810000000000 Na
   0.0890720000000000    0.0868620000000000    0.2101650000000000 Na
   0.3387800000000000    0.7537020000000000    0.8780900000000000 Na
   0.5888230000000000    0.4204910000000000    0.5459800000000000 Na
   0.0888340000000000    0.4208440000000000    0.5452210000000000 S
   0.5889980000000000    0.0864750000000000    0.2109880000000000 S
EA90    3.859  3.829  3.846 60.44 90.15 119.24 Sym.group:  225
1.0
   3.8593630000000001    0.0003860000000000    0.0004470000000000
  -1.8708190000000000    3.3412929999999998    0.0004710000000000
  -0.0104870000000000    2.1683859999999999    3.1769200000000000
Na S
2 1
direct
   0.7513350000000000    0.4898840000000000    0.7573350000000000 Na
   0.2359950000000000    0.4873410000000000    0.2499780000000000 Na
   0.4935700000000000    0.9885540000000000    0.5038300000000000 S
EA150   4.299  4.300  4.777 63.32 63.31 60.05 Sym.group:  155
1.0
   4.2992970000000001    0.0083500000000000    0.0025360000000000
   2.1394660000000001    3.7301720000000000    0.0004900000000000
   2.1403390000000000    1.2443050000000000    4.0848040000000001
Al Li
4 2
direct
   0.0352760000000000    0.8617240000000000    0.2463610000000000 Al
   0.2049710000000000    0.3628750000000000    0.7476520000000000 Al
   0.5338050000000000    0.6920080000000000    0.7445090000000000 Al
   0.8613170000000000    0.0355760000000000    0.7463109999999999 Al
   0.7021670000000000    0.5312610000000000    0.2403010000000000 Li
   0.3658670000000000    0.1950160000000000    0.2514690000000000 Li
EA43    2.781  2.781  4.412 90.00 89.99 89.98 Sym.group:  129
1.0
   2.7809270000000001   -0.0027270000000000   -0.0068720000000000
   0.0035170000000000    2.7805580000000001   -0.0088120000000000
   0.0114490000000000    0.0141780000000000    4.4116220000000004
H Mg
4 2
direct
   0.8323930000000000    0.0072610000000000    0.8337450000000000 H
   0.8322170000000000    0.5074760000000000    0.1878110000000000 H
   0.3327400000000000    0.5068160000000000    0.8339890000000000 H
   0.3329160000000000    0.0082780000000000    0.4799040000000000 H
   0.8327890000000000    0.5069570000000000    0.5897900000000000 Mg
   0.3324690000000000    0.0066890000000000    0.0779600000000000 Mg
EA117   2.546  2.548  6.065 90.03 89.97 89.69 Sym.group:  137
1.0
   2.5456789999999998   -0.0144970000000000   -0.0018490000000000
   0.0284370000000000    2.5478689999999999    0.0017280000000000
   0.0073370000000000   -0.0069540000000000    6.0649639999999998
F Be
4 2
direct
   0.2477850000000000    0.2519500000000000    0.1217770000000000 F
   0.7479870000000000    0.7518680000000000    0.3790040000000000 F
   0.2465360000000000    0.2503640000000000    0.6217100000000000 F
   0.7464630000000000    0.7502430000000000    0.8789360000000001 F
   0.2484400000000000    0.7522720000000001    0.2503020000000000 Be
   0.7461130000000000    0.2499170000000000    0.7504070000000000 Be
EA119   2.503  2.508  3.672 90.06 90.09 90.31 Sym.group:  123
1.0
   2.5000599999999999    0.1120280000000000    0.0081620000000000
  -0.1259160000000000    2.5045850000000001    0.0049610000000000
  -0.0170730000000000   -0.0119300000000000    3.6721200000000001
O Na
2 1
direct
   0.0549750000000000    0.9411570000000000    0.9987670000000000 O
   0.0544740000000000    0.9405850000000000    0.3468100000000000 O
   0.5547620000000000    0.4406430000000000    0.6725710000000000 Na
EA101   4.973  2.881  2.881 60.02 106.83 90.00 Sym.group:  216
1.0
   4.9729789999999996   -0.0128860000000000    0.0208210000000000
   0.0075870000000000    2.8809380000000000    0.0193110000000000
  -0.8402300000000000    1.4257979999999999    2.3580739999999998
B Be
4 2
direct
   0.1339030000000000    0.0910250000000000    0.3194680000000000 B
   0.0083030000000000    0.4663170000000000    0.5689680000000000 B
   0.6339060000000000    0.5917030000000000    0.3190760000000000 B
   0.5083040000000000    0.9668330000000001    0.5686690000000000 B
   0.2576600000000000    0.7162290000000000    0.0688290000000000 Be
   0.7576600000000000    0.2170040000000000    0.0683800000000000 Be
EA120   3.780  2.415  2.416 60.02 89.95 89.96 Sym.group:  156
1.0
   3.7801680000000002   -0.0048080000000000    0.0097010000000000
   0.0045870000000000    2.4149929999999999   -0.0060700000000000
  -0.0018750000000000    1.2122590000000000    2.0894080000000002
Be O
2 1
direct
   0.2547660000000000    0.0867840000000000    0.1593570000000000 Be
   0.6817360000000000    0.4191790000000000    0.4931180000000000 Be
   0.0896110000000000    0.4202190000000000    0.4931610000000000 O
EA333   8.079  2.072  2.054 119.70 89.64 97.35 Sym.group:  166
1.0
   7.8278400000000001   -1.0398710000000000   -1.7085140000000001
   0.0032390000000000    2.0724040000000001    0.0077980000000000
   0.2616510000000000   -1.0247809999999999    1.7609720000000000
Be H
4 2
direct
   0.0186730000000000    0.4754430000000000    0.6049830000000000 Be
   0.6031260000000001    0.2078130000000000    0.4719820000000000 Be
   0.2293400000000000    0.2696450000000000    0.0026470000000000 Be
   0.8137900000000000    0.0000040000000000    0.8692130000000000 Be
   0.4882500000000000    0.4577290000000000    0.0988800000000000 H
   0.3442040000000000    0.0216170000000000    0.3763610000000000 H
EA108   4.370  4.368  4.777 116.47 116.31 89.90 Sym.group:  119
1.0
   4.3656459999999999   -0.1111660000000000   -0.1632580000000000
   0.1116160000000000    4.3628499999999999   -0.1918640000000000
  -2.0231180000000002   -1.9095640000000000    3.8830570000000000
P Al
4 2
direct
   0.4720830000000000    0.1336410000000000    0.5780630000000000 P
   0.0340730000000000    0.1856500000000000    0.6961150000000000 P
   0.7261060000000000    0.8804810000000000    0.0775890000000000 P
   0.4203440000000000    0.5712270000000000    0.4589760000000000 P
   0.1554340000000000    0.8012910000000000    0.9330580000000001 Al
   0.8058620000000000    0.4520470000000000    0.2231030000000000 Al
EA106   3.025  4.985  5.176 70.10 90.00 90.00 Sym.group:  166
1.0
   3.0245259999999998    0.0026800000000000   -0.0019100000000000
  -0.0042900000000000    4.9852800000000004    0.0147680000000000
   0.0014330000000000    1.7469749999999999    4.8721019999999999
S P
4 2
direct
   0.8783670000000000    0.9777670000000001    0.0756110000000000 S
   0.3784180000000000    0.4240790000000000    0.0891870000000000 S
   0.3783810000000000    0.9783530000000000    0.5745110000000000 S
   0.8784030000000000    0.4234920000000000    0.5902880000000000 S
   0.8783960000000000    0.7017000000000000    0.8321300000000000 P
   0.3783880000000000    0.7001470000000000    0.3326680000000000 P
EA11    3.954  3.949  2.137 90.00 90.00 119.91 Sym.group:  191
1.0
   3.9536419999999999   -0.0050200000000000    0.0025890000000000
  -1.9646290000000000    3.4252150000000001   -0.0010560000000000
  -0.0014310000000000   -0.0000350000000000    2.1366869999999998
Na B
2 1
direct
   0.3191000000000000    0.6585060000000000    0.8244250000000000 Na
   0.6521230000000000    0.3251110000000000    0.8271440000000000 Na
   0.9856290000000000    0.9918160000000000    0.3264240000000000 B
EA106   4.663  3.763  2.732 89.99 89.90 112.24 Sym.group:  166
1.0
   4.6628059999999998   -0.0151620000000000   -0.0081960000000000
  -1.4129769999999999    3.4880059999999999    0.0017240000000000
   0.0096680000000000    0.0031580000000000    2.7321949999999999
N Al
4 2
direct
   0.3976640000000000    0.0397100000000000    0.2545230000000000 N
   0.8976790000000000    0.5396620000000000    0.7542400000000000 N
   0.2721460000000000    0.2984130000000000    0.2554230000000000 N
   0.7721260000000000    0.7984450000000000    0.7551320000000000 N
   0.8349040000000000    0.1690540000000000    0.2546890000000000 Al
   0.3349030000000000    0.6690630000000000    0.7549700000000000 Al
EA4     3.296  4.024  3.296 65.85 90.02 65.90 Sym.group:  141
1.0
   3.2959679999999998    0.0185800000000000   -0.0063580000000000
   1.6226280000000000    3.6818979999999999    0.0319420000000000
  -0.0035490000000000    1.4496860000000000    2.9604219999999999
Li H
4 2
direct
   0.6219140000000000    0.7399070000000000    0.8894550000000000 Li
   0.3527640000000000    0.2831200000000000    0.1175150000000000 Li
   0.8737030000000000    0.2399410000000000    0.6389480000000000 Li
   0.1011800000000000    0.7830830000000000    0.3681000000000000 Li
   0.1108790000000000    0.7615320000000000    0.8790090000000000 H
   0.8642430000000000    0.2615140000000000    0.1279720000000000 H
EA213   6.084  2.563  2.626 119.20 78.61 102.15 Sym.group:  160
1.0
   5.5675910000000002   -2.4535469999999999   -0.0432730000000000
   0.0051660000000000    1.3101870000000000    2.2022339999999998
  -0.5634500000000000   -2.5650879999999998    0.0365680000000000
B C
4 2
direct
   0.6410660000000000    0.3430510000000000    0.4965240000000000 B
   0.2916090000000000    0.8893540000000000    0.9409870000000000 B
   0.9527710000000000    0.4515110000000000    0.4035290000000000 B
   0.8193670000000000    0.0758240000000000    0.7848360000000000 B
   0.2040520000000000    0.5339429999999999    0.3170030000000000 C
   0.5611720000000000    0.9855010000000000    0.8610500000000000 C
EA306   4.039  4.046  4.046 60.87 118.92 118.92 Sym.group:  227
1.0
   4.0386030000000002    0.0495900000000000    0.0339720000000000
  -1.9998830000000001    3.5173980000000000   -0.0254670000000000
  -1.9990310000000000    1.1536679999999999    3.3234450000000000
Be Al
4 2
direct
   0.8681640000000000    0.6190000000000000    0.1254580000000000 Be
   0.8676220000000000    0.1187650000000000    0.1254190000000000 Be
   0.8680710000000000    0.1190220000000000    0.6255110000000000 Be
   0.3679430000000000    0.1192270000000000    0.1256190000000000 Be
   0.2434810000000000    0.7448620000000000    0.7513580000000000 Al
   0.4924800000000000    0.4931520000000000    0.4996470000000000 Al
EA38    2.495  3.975  3.922 113.71 71.48 108.18 Sym.group:  191
1.0
   2.4931030000000001   -0.0840380000000000    0.0333730000000000
  -1.1140239999999999    3.8137110000000001    0.1071380000000000
   1.1529460000000000   -1.4047050000000001    3.4759120000000001
C Li
4 2
direct
   0.8565570000000000    0.5159680000000000    0.5146700000000000 C
   0.8611890000000000    0.1876500000000000    0.1761520000000000 C
   0.3612230000000000    0.6877060000000000    0.6761040000000000 C
   0.3564670000000000    0.0159050000000000    0.0147330000000000 C
   0.1099120000000000    0.1018780000000000    0.5954410000000000 Li
   0.6077840000000000    0.6017140000000000    0.0953630000000000 Li
EA143   5.963  2.622  2.579 89.85 90.43 89.02 Sym.group:  129
1.0
   5.9531739999999997   -0.3379000000000000    0.0811820000000000
   0.1938150000000000    2.6146300000000000   -0.0454140000000000
  -0.0513780000000000    0.0553280000000000    2.5780580000000000
B F
4 2
direct
   0.1096240000000000    0.1705960000000000    0.8773200000000000 B
   0.2859780000000000    0.6649969999999999    0.8784260000000000 B
   0.2922370000000000    0.1675560000000000    0.3802870000000000 B
   0.4685680000000000    0.6619730000000000    0.3813780000000000 B
   0.8939480000000000    0.1646610000000000    0.8800220000000000 F
   0.6842800000000000    0.6679900000000000    0.3785600000000000 F
EA108   4.417  3.424  3.436 60.13 90.24 90.01 Sym.group:  164
1.0
   4.4142180000000000    0.0061850000000000    0.1652410000000000
  -0.0053740000000000    3.4236659999999999   -0.0005000000000000
  -0.1283580000000000    1.7117739999999999    2.9767969999999999
Li Be
4 2
direct
   0.5640970000000000    0.5892970000000000    0.4930420000000000 Li
   0.3918010000000000    0.9224880000000000    0.8266970000000000 Li
   0.9330820000000000    0.9232020000000000    0.8252840000000000 Li
   0.7607420000000000    0.2563880000000000    0.1589370000000000 Li
   0.2296500000000000    0.2560660000000000    0.1595500000000000 Be
   0.0951640000000000    0.5896230000000000    0.4924290000000000 Be
EA131   9.170  3.059  3.056 119.77 89.99 90.00 Sym.group:  186
1.0
   9.1703039999999998    0.0003440000000000    0.0063100000000000
  -0.0000430000000000    3.0585749999999998   -0.0006090000000000
  -0.0014100000000000   -1.5169509999999999    2.6528999999999998
S Si
4 2
direct
   0.5482520000000000    0.3456590000000000    0.5193230000000000 S
   0.2718430000000000    0.6765920000000000    0.1875410000000000 S
   0.0481960000000000    0.0138150000000000    0.8515779999999999 S
   0.7717830000000000    0.6834740000000000    0.1843520000000000 S
   0.4115170000000000    0.0110260000000000    0.8534160000000000 Si
   0.9114220000000000    0.3486560000000000    0.5178510000000000 Si
EA7     2.514  2.514  3.827 90.00 90.00 60.00 Sym.group:  191
1.0
   1.2572360000000000    2.1772900000000002    0.0000260000000000
  -1.2570230000000000    2.1774719999999999    0.0026280000000000
   0.0041730000000000   -0.0024520000000000    3.8273950000000001
C Na
2 1
direct
   0.3382550000000000    0.3356890000000000    0.9009600000000000 C
   0.6716000000000000    0.6690010000000000    0.9011710000000001 C
   0.0031900000000000    0.0035400000000000    0.4010370000000000 Na
EA109   3.530  3.628  6.249 90.01 73.84 90.00 Sym.group:  139
1.0
   3.5281129999999998   -0.0009740000000000   -0.1197560000000000
   0.0011450000000000    3.6279200000000000    0.0017790000000000
   1.9421860000000000   -0.0040730000000000    5.9393440000000002
Al Na
4 2
direct
   0.0117500000000000    0.4981200000000000    0.1499670000000000 Al
   0.5117510000000000    0.9981190000000000    0.1499680000000000 Al
   0.1610270000000000    0.9979960000000000    0.8489030000000000 Al
   0.6610250000000000    0.4979970000000000    0.8489030000000000 Al
   0.3360230000000000    0.4984780000000000    0.4994460000000000 Na
   0.8360300000000001    0.9984820000000000    0.4994530000000000 Na
