NUMBER OF TEMPLATES 57
COMPOSITION A 1 B
pairs , SPACEGROUPS 
[C Si] , 216 
[C H] , 164 
[C Cl] , 166 
[Al S] , 139 
[B C] , 139 
[Mg O] , 225 
[H P] , 129 
[F P] , 129 
[B S] , 166 
[Mg Na] , 123 
[Na Si] , 123 
[Li N] , 187 
[F Li] , 194 
[Al O] , 166 
[Mg S] , 225 
[Na S] , 123 
[Al Si] , 141 
[C H] , 166 
[F Mg] , 164 
[Cl Li] , 225 
[Li Mg] , 123 
[C S] , 164 
[S Si] , 166 
[Al P] , 194 
[Al Na] , 141 
[N P] , 131 
[Cl Mg] , 164 
[B N] , 186 
[P Si] , 225 
[Cl P] , 129 
[C Si] , 186 
[Al Mg] , 123 
[F Li] , 225 
[Cl Na] , 225 
[F Na] , 225 
[Cl O] , 139 
[Al Li] , 227 
[B Li] , 166 
[Al N] , 186 
[C Li] , 160 
[Al N] , 216 
[F Si] , 191 
[Li Na] , 187 
[B P] , 216 
[Li N] , 139 
[H Mg] , 129 
[Li P] , 123 
[Be Cl] , 166 
[B F] , 164 
[Be F] , 119 
[Al B] , 156 
[C S] , 166 
[Be Cl] , 164 
[B N] , 216 
[Al B] , 166 
[N O] , 160 
[Be O] , 186 
RANKING VECTORS ENTHALPIES
0:[-136.68756527 -136.68517466 -136.68273303 -136.68241462 -136.68220471 -136.68022208 -136.6800797  -136.68002434 -136.67746266 -136.67717113 -136.53312758 -136.5260775  -136.5138824  -136.51361959 -136.51357499 -136.51357072 -136.48001143 -136.47994386 -136.44886691 -136.38295597 -136.33530591 -136.33388179 -136.22973687 -136.22026304 -136.20627251 -136.20265074 -136.20261381 -136.18150926 -136.0065814  -135.97891342 -135.93859323 -135.93795667 -135.88949666 -135.88949594 -135.84058938 -135.83790584 -135.82687635 -135.82276045 -135.78941344 -135.77244554 -135.49640687 -135.22115035 -135.15262836 -135.03811027 -135.03494267 -135.03347089 -135.03299031 -135.02265871 -135.01868216 -135.01423628 -135.00766816 -135.0007175  -134.90076331 -134.87967761 -134.72063792 -134.63074505 -134.19113666] 
1:[-88.37504288 -88.37472329 -88.37362139 -88.37308147 -88.36231441 -88.3605551  -88.35997309 -88.35482105 -88.34283934 -88.34258814 -88.2851077  -87.64504377 -87.62792356 -87.48268848 -87.48257523 -87.48199149 -87.06490829 -86.98828392 -86.88421409 -86.74714674 -86.72998022 -86.72348534 -86.67914426 -86.66856525 -86.63578713 -86.63371122 -86.59108109 -86.58797965 -86.5847281  -86.58301606 -86.57464465 -86.47592515 -86.46249673 -86.42620613 -86.42280705 -86.31977571 -86.31619794 -86.21223557 -86.20728417 -86.2029635 -86.19247183 -86.16203644 -86.13868065 -85.88129756 -85.81342776 -85.78716924 -85.71809612 -85.71809611 -85.71761251 -85.69717286 -85.67775459 -85.67774118 -85.67749902 -85.67576637 -85.66500538 -85.66179662 -85.62148054] 
2:[-301.09195054 -301.09194934 -301.01048401 -300.95505899 -300.89525044 -300.87918812 -300.87906423 -300.87834739 -300.87799018 -300.87660108 -300.87407705 -300.82222263 -300.76907298 -300.07211295 -300.07147438 -300.06569125 -299.90866134 -299.63548633 -299.62148932 -299.61962172 -299.28931661 -299.24978961 -298.90475099 -298.90454422 -298.90433887 -298.90429608 -298.90412802 -298.88756204 -298.88639467 -298.87096138 -298.87071941 -298.86838827 -298.77861225 -298.68019633 -298.66789471 -298.62844305 -298.62693015 -298.61728611 -298.61505876 -298.57306794 -298.55016499 -298.43945129 -298.43642786 -298.43569097 -298.43412737 -298.43193524 -298.4207391  -298.41124644 -298.4104085  -298.40945831 -298.40602255 -298.14351655 -298.10506134 -297.69420137 -297.64020078 -297.64020077 -297.64016559] 
3:[-177.85155482 -177.84072449 -177.79125015 -177.78478309 -177.78357692 -177.78336076 -177.78327637 -177.78299901 -177.77796655 -177.77765666 -177.77599104 -177.7582275  -177.75281611 -177.72602488 -177.72581892 -177.71370814 -177.69430794 -177.69388981 -177.69376726 -177.69376296 -177.68695272 -177.50192582 -177.44248226 -177.42271411 -177.42200132 -177.4192362  -177.41649077 -177.4085248  -177.37460806 -177.36917177 -177.35760799 -177.25075924 -177.19885471 -177.18859276 -177.17830631 -177.17812913 -177.17747114 -177.17644538 -177.15309655 -177.14880818 -177.14853331 -177.10078049 -177.06718757 -177.0435007  -177.02228872 -177.02004654 -176.97431709 -176.97115932 -176.97087423 -176.90604598 -176.83984411 -176.83470784 -176.72144267 -176.71039838 -176.71039455 -176.71027767 -176.38017579] 
4:[-119.79770711 -119.74656643 -119.6598736  -119.65743974 -119.65513992 -119.64914547 -119.62568266 -119.61976523 -119.47881638 -119.47870682 -119.47492543 -119.46950854 -119.46915752 -119.46876622 -119.46474246 -119.46353039 -119.43508445 -119.38296134 -119.37994926 -119.33492911 -119.15851988 -119.11429528 -118.92925082 -118.88810683 -118.88069027 -118.87596673 -118.86908312 -118.84165106 -118.84156023 -118.84153098 -118.84101618 -118.80093189 -118.80074563 -118.77875111 -118.66633666 -118.65356001 -118.63170018 -118.62663222 -118.62114238 -118.57835228 -118.35111581 -118.33933323 -118.3286469  -118.15053064 -118.14026141 -117.96415912 -117.88919843 -117.88805208 -117.87091595 -117.83083695 -117.54023457 -117.25123162 -117.25064406 -117.24843402 -117.24530152 -117.23945935 -116.89610882] 
5:[-1031.63857323 -1031.63822166 -1031.63800215 -1031.6369417 -1031.63669936 -1031.63629825 -1031.63623523 -1031.63514272 -1031.63483223 -1031.63377781 -1031.63340404 -1031.45571022 -1031.45562827 -1031.32168574 -1031.21507347 -1031.1731171 -1031.17304911 -1031.17202812 -1031.17200951 -1031.1717761 -1031.17174856 -1031.17168708 -1031.11829188 -1030.99699173 -1030.99544248 -1030.98850275 -1030.96549789 -1030.96549213 -1030.96548664 -1030.96408081 -1030.96379247 -1030.96378217 -1030.9637734  -1030.95738514 -1030.89396179 -1030.89388816 -1030.89388431 -1030.89376552 -1030.88897354 -1030.8728133 -1030.65800403 -1030.60940158 -1030.60923374 -1030.60193982 -1030.50803756 -1030.40951109 -1030.15701297 -1030.15570297 -1030.11153654 -1029.80216049 -1028.99197468 -1028.56023986 -1028.54068095 -1028.43101719 -1027.23649533 -1027.19551693 -1027.19310535] 
6:[-99.34360644 -99.27956435 -99.19851986 -99.19412888 -99.19272625 -99.1824063  -99.17630417 -99.1236677  -99.1189473  -99.11716875 -99.09205277 -99.09069654 -99.08446058 -99.06965173 -99.06964985 -99.03951299 -99.02984292 -99.01565325 -99.00490794 -98.99903883 -98.996863   -98.98250701 -98.98228171 -98.97980567 -98.97979613 -98.97978863 -98.97913579 -98.97643219 -98.96389399 -98.95137087 -98.9418078  -98.93778684 -98.93483534 -98.92801375 -98.91987561 -98.9134748  -98.88666847 -98.88606809 -98.88475757 -98.8737693 -98.85719552 -98.84676805 -98.83557093 -98.78861173 -98.78266532 -98.77857855 -98.73962497 -98.71598762 -98.71598426 -98.71598426 -98.70939387 -98.70939107 -98.70442781 -98.55664474 -98.53778524 -98.53759161 -98.53186565] 
7:[-426.17624575 -426.17604051 -426.17365683 -426.17108159 -426.17030577 -426.16694224 -426.16603983 -426.06618491 -426.06556743 -426.06510903 -426.05403773 -426.05352912 -425.92514605 -425.85881104 -425.85877419 -425.85051084 -425.84340627 -425.8412401  -425.74881625 -425.68493868 -425.63557969 -425.62979369 -425.59387996 -425.4672102  -425.4654731 -425.45418477 -425.45400957 -425.45365921 -425.44972994 -425.44955625 -425.44955238 -425.44954984 -425.44937057 -425.4482396  -425.43585582 -425.43427816 -425.38615031 -425.35376088 -425.34881452 -425.3295501 -425.32798013 -425.30413907 -424.79894298 -424.44885974 -424.39546909 -424.38988639 -423.97931778 -423.97931268 -423.97852631 -423.97603983 -423.97603698 -423.97603667 -423.96161717 -423.4339551  -423.43101414 -423.43077885 -423.43026926] 
8:[-187.02092719 -186.94242881 -186.5756847  -186.57202853 -186.51365259 -186.49152024 -186.45937628 -186.40829896 -186.40808454 -186.39893709 -186.39893709 -186.39890402 -186.39436866 -186.38757956 -186.38215468 -186.37621095 -186.37500036 -186.37255201 -186.37020972 -186.36965879 -186.36790092 -186.36164171 -186.36092224 -186.35643112 -186.31338665 -186.3133838  -186.31319212 -186.26900166 -186.22135254 -186.19989919 -186.19568364 -186.18619913 -186.18316511 -186.15068683 -186.1115148 -186.11047627 -186.09963543 -186.08506957 -186.06596202 -186.01326076 -185.96049757 -185.939378   -185.77683893 -185.72860756 -185.65038498 -185.63022936 -185.625096   -185.61393543 -185.46596612 -185.46595594 -185.4608447  -185.45428645 -185.44808803 -185.32749641 -185.26978501 -185.06530035 -184.93540276] 
9:[-1423.92502982 -1423.89980148 -1423.89900069 -1423.89229157 -1423.89092896 -1423.88267893 -1423.87791003 -1423.87493324 -1423.87457655 -1423.87079228 -1423.86747849 -1423.86204159 -1423.84550272 -1423.83938476 -1423.83934916 -1423.83477672 -1423.83211593 -1423.82266465 -1423.82009988 -1423.81631599 -1423.8144159  -1423.81152667 -1423.81119999 -1423.79979718 -1423.79242053 -1423.79214631 -1423.79093418 -1423.7877692 -1423.78748509 -1423.78682871 -1423.78575893 -1423.78515631 -1423.78508041 -1423.78462658 -1423.78333203 -1423.7818216 -1423.78108987 -1423.7739265  -1423.72963463 -1423.72768126 -1423.58834835 -1423.40987571 -1423.40528835 -1423.26888462 -1423.26314744 -1423.26287122 -1423.26283972 -1423.24435189 -1423.23196077 -1423.23160866 -1423.09061621 -1422.63111783 -1422.27280962 -1422.01548515 -1422.003897   -1421.98873626 -1421.98864905] 
10:[-674.53416196 -674.53095805 -674.53005941 -674.52836178 -674.52725541 -674.51883309 -674.51882454 -674.43853852 -674.43784995 -674.43265713 -674.4157107  -674.40754816 -674.34784609 -674.34740243 -674.33838775 -674.3111127  -674.3075254  -674.30380428 -674.29026977 -674.28673193 -674.28036336 -674.24585603 -674.22841458 -674.22273021 -674.22002314 -674.18545108 -674.14194236 -674.12690752 -674.11892448 -674.09657763 -674.09524379 -674.05099729 -674.02499379 -674.02214886 -673.97272872 -673.97154178 -673.9431676  -673.93832155 -673.71985533 -673.48779409 -673.40922288 -673.40705871 -673.18313005 -672.96413779 -672.96382446 -672.96381647 -672.96379092 -672.95493578 -672.9464586  -672.94630674 -671.93129777 -671.93050972 -671.92789511 -671.29804793 -671.29800586 -671.29789325 -671.27867863] 
11:[-237.17184506 -237.16858212 -237.15999754 -237.00076687 -236.77681677 -236.7707081  -236.62284915 -236.47934971 -236.47702729 -236.4565451 -236.45604002 -236.45560377 -236.45557977 -236.45471104 -236.45350946 -236.20627926 -236.19763006 -236.19125753 -236.16151049 -236.11452232 -236.11070559 -236.10145456 -236.0997106  -236.02489699 -235.93364298 -235.91595197 -235.91483565 -235.91421348 -235.80075873 -235.78944145 -235.78166607 -235.7375521  -235.73629961 -235.73456815 -235.69657215 -235.68860416 -235.68843551 -235.68836314 -235.68835024 -235.66698317 -235.66539535 -235.62416583 -235.62035792 -235.57581643 -235.54608046 -235.5038941  -235.50382138 -235.49570956 -235.38480941 -235.38477104 -235.38014423 -235.3800719  -235.27048599 -234.7624073  -234.7476656 -234.74766486 -234.74764292] 
12:[-432.96083252 -432.96056618 -432.96044377 -432.96018222 -432.96004852 -432.96001184 -432.95994989 -432.95994256 -432.95994229 -432.95959884 -432.95958656 -432.90805624 -432.78909932 -432.78793924 -432.76541953 -432.72575268 -432.70019125 -432.66716714 -432.66714746 -432.6670681 -432.66706275 -432.66563453 -432.66552708 -432.66534214 -432.6652722 -432.66498984 -432.66447453 -432.66437085 -432.66392818 -432.66379894 -432.66006321 -432.6499244  -432.64898048 -432.64218881 -432.61021596 -432.54990304 -432.54988214 -432.54987636 -432.54987549 -432.54982677 -432.51364735 -432.51339476 -432.49284868 -432.38589551 -432.35574864 -432.25063311 -432.250384   -432.25015624 -432.24482355 -432.11901423 -432.07018265 -431.68606919 -431.64384532 -431.43067126 -429.92013564 -429.85727029 -429.85711641] 
13:[-254.87313889 -254.62626843 -254.44021169 -254.38927973 -254.37552409 -254.37412279 -254.37335262 -254.37325385 -254.37136384 -254.36794425 -254.3107239  -254.30358063 -254.30300746 -254.28389728 -254.27990493 -254.22833403 -254.179317   -254.08217808 -253.9955831  -253.99411743 -253.95880483 -253.95440565 -253.92869809 -253.9286016  -253.92652194 -253.92403302 -253.88760722 -253.8875681  -253.88519372 -253.88478302 -253.84392321 -253.78910371 -253.78400608 -253.71928622 -253.6651164 -253.66333183 -253.46218989 -253.4617     -253.46165472 -253.46124071 -253.46116896 -253.45993946 -253.45740121 -253.11398775 -253.11211232 -253.10547149 -253.09992375 -253.09923114 -253.09790848 -252.91576483 -252.91048952 -251.87131601 -251.66854346 -251.66584191 -251.66574899 -251.66505489 -251.63843157] 
14:[-954.7470586  -954.74651717 -954.74463845 -954.74457196 -954.74381982 -954.74323989 -954.74282932 -954.74281485 -954.73969029 -954.73473844 -954.73399961 -954.70013071 -954.6989362  -954.36191664 -954.35587936 -954.25151192 -954.25040473 -954.25015495 -954.24744465 -954.24618523 -954.2444438  -954.24155464 -954.19939131 -954.12867835 -954.12502977 -954.11089307 -953.95663476 -953.95650729 -953.95649958 -953.95579819 -953.95552219 -953.95299992 -953.91612008 -953.83519036 -953.69967401 -953.64168006 -953.63408109 -953.63357948 -953.63352304 -953.6334023 -953.55400419 -953.51833992 -953.48408783 -953.46944088 -953.46748682 -953.45672237 -953.33166759 -953.31708918 -953.2720745  -953.16149827 -953.00999752 -952.94093574 -952.92451499 -952.69444405 -952.66769601 -952.66692469 -952.59587179] 
15:[-767.9053064  -767.90402286 -767.90367092 -767.90345114 -767.90341669 -767.90290211 -767.90269336 -767.70584473 -767.65232681 -767.60209356 -767.58820576 -767.564309   -767.55150502 -767.54982464 -767.54928639 -767.46614097 -767.45436825 -767.43356072 -767.43261754 -767.4302301 -767.42129682 -767.38879008 -767.37745011 -767.31018833 -767.30822553 -767.30664577 -767.22467631 -767.19243405 -767.09714713 -767.06640026 -767.06574586 -767.04145218 -767.04116226 -767.04115821 -767.04115602 -767.03997625 -766.92712717 -766.80280673 -766.71880232 -766.71665872 -766.69624676 -766.64768226 -766.63846223 -766.62608779 -766.62537151 -766.57062961 -766.51493839 -766.47549468 -766.44672399 -766.19567384 -766.19559813 -766.19558656 -766.19436259 -765.56191832 -765.56185288 -765.56181881 -765.5583053 ] 
16:[-84.87266455 -84.87089141 -84.86726228 -84.86345198 -84.86300363 -84.86050838 -84.85888928 -84.85787621 -84.85119597 -84.83063871 -84.82090956 -84.79821066 -84.78357107 -84.78311752 -84.77946561 -84.77054211 -84.76751268 -84.76414242 -84.7576771  -84.6857023 -84.68544076 -84.67459595 -84.67383495 -84.63974532 -84.62499593 -84.62204828 -84.60149574 -84.59494957 -84.56314966 -84.56301055 -84.55788738 -84.55727524 -84.55593942 -84.5434905  -84.45288904 -84.43497148 -84.37856159 -84.26438417 -84.22117303 -84.21749657 -84.19196688 -84.17006714 -84.16077056 -84.16041942 -84.16029703 -84.16029464 -84.14000379 -84.13459833 -84.1344709  -83.27774656 -83.23540123 -83.23262524 -83.2324328  -82.80233313 -82.80233134 -82.80226132 -82.79865461] 
17:[-88.37504288 -88.37472329 -88.37362139 -88.37308147 -88.36231441 -88.3605551  -88.35997309 -88.35482105 -88.34283934 -88.34258814 -88.2851077  -87.64504377 -87.62792356 -87.48268848 -87.48257523 -87.48199149 -87.06490829 -86.98828392 -86.88421409 -86.74714674 -86.72998022 -86.72348534 -86.67914426 -86.66856525 -86.63578713 -86.63371122 -86.59108109 -86.58797965 -86.5847281  -86.58301606 -86.57464465 -86.47592515 -86.46249673 -86.42620613 -86.42280705 -86.31977571 -86.31619794 -86.21223557 -86.20728417 -86.2029635 -86.19247183 -86.16203644 -86.13868065 -85.88129756 -85.81342776 -85.78716924 -85.71809612 -85.71809611 -85.71761251 -85.69717286 -85.67775459 -85.67774118 -85.67749902 -85.67576637 -85.66500538 -85.66179662 -85.62148054] 
18:[-1140.88295972 -1140.88295887 -1140.88078794 -1140.74799411 -1140.74134008 -1140.72913642 -1140.72714384 -1140.7222383 -1140.72133631 -1140.72065378 -1140.71272507 -1140.70796282 -1140.70464306 -1140.6761157  -1140.55664107 -1140.53652207 -1140.452609   -1140.25575203 -1140.23974822 -1140.23366869 -1140.21352376 -1140.20674065 -1140.20621854 -1140.20559411 -1140.18215969 -1140.15870632 -1140.13226976 -1140.12290083 -1140.12196492 -1140.12195497 -1140.11622588 -1140.11532312 -1140.10976871 -1140.10476538 -1140.1003466  -1140.07957727 -1140.06435796 -1140.05786373 -1140.05785609 -1140.05646686 -1140.02842914 -1140.00170232 -1139.83289786 -1139.8327467 -1139.83261514 -1139.83190127 -1139.83172756 -1139.83165763 -1139.82340971 -1139.72689476 -1139.48763103 -1139.27519401 -1138.97386497 -1138.97141415 -1138.97005644 -1138.96973882 -1138.96857511] 
19:[-318.9695247  -318.96937933 -318.96936772 -318.96924207 -318.96871684 -318.96865453 -318.96859921 -318.96859741 -318.96708919 -318.96584808 -318.96562578 -318.95704273 -318.73085049 -318.69515604 -318.69513849 -318.69227159 -318.61991846 -318.56437303 -318.56049883 -318.55961617 -318.54993192 -318.54488434 -318.54459722 -318.54436028 -318.54433957 -318.54348849 -318.54347627 -318.54346103 -318.46507089 -318.4650621 -318.46505169 -318.46501874 -318.46501455 -318.46498656 -318.42539174 -318.42450214 -318.35669071 -318.35416226 -318.35405491 -318.35405257 -318.35402718 -318.35396373 -318.31705236 -318.28277214 -318.281784 -318.27701172 -318.15489032 -318.10928282 -318.10723341 -318.03111699 -317.98509565 -317.67679024 -317.62327996 -317.16404592 -316.77397934 -316.77390102 -316.77345546] 
20:[-901.54827982 -901.54413334 -901.54131758 -901.52926332 -901.52883233 -901.52413478 -901.52245032 -901.48056886 -901.47876901 -901.4715911 -901.4679044  -901.39793856 -901.38835728 -901.38825399 -901.38343007 -901.38339087 -901.38312056 -901.3736624  -901.35670739 -901.32924789 -901.32891009 -901.32646587 -901.32031174 -901.31923446 -901.31455239 -901.30714057 -901.30151245 -901.24870606 -901.23553903 -901.2114962 -901.1995908  -901.1969086  -901.19338855 -901.1922721  -901.18586097 -901.18495636 -901.18276082 -901.17009443 -901.16003977 -901.15984651 -901.15972092 -901.15971749 -901.15900808 -901.15884404 -901.14433274 -901.13475909 -901.13033788 -901.12860762 -901.10745317 -901.06899326 -901.01819869 -900.84910163 -900.18099361 -899.86145296 -899.86143847 -899.8613385  -899.86017159] 
21:[-228.51417739 -228.43642437 -228.34396192 -228.33538186 -228.33469629 -227.67260043 -227.65437906 -227.62434112 -227.57870038 -227.46091964 -227.46078125 -227.41715558 -227.41393908 -227.39539769 -227.3781654 -227.37140093 -227.36584711 -227.36575694 -227.36575694 -227.36114822 -227.34804649 -227.26612043 -227.25285155 -227.25102496 -227.22673438 -227.22116091 -227.15413717 -227.14940752 -227.11123185 -227.0673821 -227.05154165 -227.01851032 -227.018015   -227.0155494  -227.01260363 -226.97471408 -226.97427752 -226.94973054 -226.88950195 -226.88517839 -226.88391003 -226.7794007  -226.75623358 -226.69639758 -226.58227523 -226.52750202 -226.52506706 -226.52490684 -226.50881071 -226.28346307 -226.27763166 -226.27748112 -226.26820714 -226.1149247  -226.11343394 -225.81423533 -225.79450278] 
22:[-203.46023722 -203.45362754 -203.45085605 -203.41243439 -203.38022156 -203.37219651 -203.36648621 -203.34285767 -203.34015271 -203.29602124 -203.29574886 -203.29384947 -203.28183307 -203.27037709 -203.27020648 -203.27011859 -203.27011264 -203.26923839 -203.26651806 -203.26585116 -203.26343303 -203.26156158 -203.26134505 -203.25785522 -203.2568669 -203.25445577 -203.24103705 -203.23954316 -203.22377958 -203.20770227 -203.06779381 -203.0445242  -203.04147177 -203.03737448 -203.0217416 -203.02070966 -203.01605503 -203.00405714 -203.00274381 -203.00263289 -202.99287005 -202.97419773 -202.96825304 -202.92963787 -202.92952007 -202.9235102  -202.92301533 -202.92197979 -202.83527215 -202.70541966 -202.68865282 -202.681428   -202.47413465 -201.91833907 -201.91833597 -201.91826479 -201.90915354] 
23:[-121.75056433 -121.74998379 -121.70778699 -121.70440136 -121.70319169 -121.70310834 -121.67545079 -121.67502562 -121.6749365  -121.67493357 -121.64190352 -121.64174465 -121.61730484 -121.60698165 -121.59949221 -121.59819073 -121.59684276 -121.59344161 -121.54287404 -121.51669463 -121.47506464 -121.42010512 -121.4065187  -121.40137318 -121.39356258 -121.35985337 -121.35909983 -121.33764011 -121.33723242 -121.32714872 -121.32340031 -121.3185575  -121.31217814 -121.31209392 -121.30729314 -121.30056951 -121.25463436 -121.23741757 -121.23501907 -121.22503718 -121.19934977 -121.19079953 -121.16826407 -121.16794172 -121.16683186 -121.16189075 -121.15986625 -121.07307879 -120.91284619 -120.91264542 -120.9124384  -120.91217778 -120.91088807 -120.89978276 -120.89977654 -120.8996635  -120.46298415] 
24:[-648.25956144 -648.25883285 -648.25394237 -648.25142361 -648.24614845 -648.24593125 -648.21872607 -648.10697655 -648.10531982 -648.09681295 -648.07941453 -648.07077615 -648.06917499 -648.06633418 -648.06085644 -648.05493474 -648.05357807 -648.04728747 -648.0189025  -648.01826235 -648.01816979 -648.01706364 -648.00704121 -647.99972827 -647.9991563 -647.99632087 -647.99529706 -647.96553577 -647.95637308 -647.95515393 -647.94864178 -647.94267738 -647.93914883 -647.93813314 -647.93714758 -647.9230797  -647.90676522 -647.86487753 -647.81508725 -647.7193559 -647.17422212 -647.17397665 -647.04510997 -646.91566099 -646.91549564 -646.91144758 -646.86437096 -646.86413707 -646.86402171 -646.86392519 -646.77488222 -645.85193336 -645.84718121 -645.35096235 -645.31613962 -645.31609007 -645.31606421] 
25:[-232.23218966 -232.17857727 -232.04054282 -231.94323018 -231.91798716 -231.91334781 -231.90450186 -231.81918944 -231.75722977 -231.75138549 -231.7097187  -231.70205026 -231.7014749  -231.69849889 -231.63381408 -231.63302658 -231.63293347 -231.61583857 -231.45997045 -231.33417253 -231.31677125 -231.27653858 -231.27588041 -231.2690489  -231.26656212 -231.26268428 -231.26242551 -231.26213699 -231.26213323 -231.24925007 -231.22420956 -231.21350572 -231.21094772 -231.19104626 -231.16609638 -231.09291307 -230.98135093 -230.97750526 -230.8723048  -230.87049074 -230.86352104 -230.76956667 -230.76849375 -230.76525321 -230.75329324 -230.75107134 -230.72359837 -230.66897692 -230.66897635 -230.66890712 -230.66424565 -230.64225925 -230.64122633 -230.41221739 -230.41046652 -230.39473385 -230.08045139] 
26:[-1026.85454699 -1026.85441373 -1026.84991217 -1026.78714109 -1026.7844991  -1026.78278696 -1026.78209065 -1026.78153913 -1026.77799209 -1026.77239057 -1026.743345   -1026.69837038 -1026.68950739 -1026.68813711 -1026.68687254 -1026.68656335 -1026.68649835 -1026.68431719 -1026.6838052  -1026.68197528 -1026.67927517 -1026.64104066 -1026.63201146 -1026.62946511 -1026.59990006 -1026.5918916  -1026.36485006 -1026.30856304 -1026.30821077 -1026.30812563 -1026.30778578 -1026.30433026 -1026.30023896 -1026.22636523 -1026.22513855 -1026.19249304 -1026.19174982 -1026.19148768 -1026.19146375 -1026.17948077 -1026.1445542  -1026.07559645 -1026.04311032 -1026.03948234 -1025.88195229 -1025.88014191 -1025.80053133 -1025.76319489 -1025.75855668 -1025.75592493 -1025.75455301 -1025.74611604 -1025.50206188 -1025.4887595  -1025.48869936 -1025.48866666 -1025.03222879] 
27:[-180.52723124 -180.5256761  -180.52552052 -180.52546917 -180.52289577 -180.50580575 -180.50579788 -180.50572557 -180.50560995 -180.09384769 -180.09360002 -180.08440598 -180.06586174 -180.05867815 -180.00169864 -180.00165727 -179.99776052 -179.99221543 -179.75454064 -179.00609469 -178.93173103 -178.92487217 -178.92472705 -178.92472253 -178.92392455 -178.90300743 -178.9029461  -178.9029216  -178.90279682 -178.8766196 -178.83417799 -178.72382083 -178.59336397 -178.57927287 -178.5750976 -178.55009471 -178.49008627 -178.23999292 -178.19039967 -178.05781375 -178.02781565 -177.83709374 -177.80755167 -177.79686526 -177.79386708 -177.57646574 -177.27817212 -177.25262828 -177.25253863 -177.15193291 -176.7561117  -176.74972407 -176.74583096 -176.73955133 -176.36962077 -176.15412087 -176.10432759] 
28:[-147.59063228 -147.59052563 -147.5767674  -147.57663354 -147.57657371 -147.57657138 -147.54762042 -147.52731337 -147.52150456 -147.49888369 -147.49436504 -147.47943115 -147.46528582 -147.45823056 -147.45487904 -147.44643762 -147.44458149 -147.44172378 -147.43488252 -147.42421942 -147.37653416 -147.37248007 -147.36389486 -147.36293062 -147.36199506 -147.35889031 -147.34818499 -147.34708155 -147.33734552 -147.33709845 -147.32585807 -147.32427687 -147.32376939 -147.32336808 -147.32061564 -147.31452894 -147.30387848 -147.30352104 -147.29576473 -147.2830201 -147.25171662 -147.24530746 -147.24238721 -147.22296416 -147.19437344 -147.16256572 -147.12725894 -146.99316413 -146.94304123 -146.9408205 -146.92429442 -146.80289086 -146.68160989 -146.63160764 -146.63160362 -146.63153197 -146.59995463] 
29:[-312.45662642 -312.45643357 -312.45639419 -312.41637951 -312.41605719 -312.32956841 -312.30045302 -312.29884409 -312.29271199 -312.2864506 -312.271227   -312.27108278 -312.25804307 -312.25590147 -312.24479981 -312.22169829 -312.22053315 -312.21986671 -312.21920748 -312.21604174 -312.20672173 -312.20041242 -312.19252859 -312.18456819 -312.13223025 -312.06801194 -312.02519808 -312.02472325 -312.02332796 -312.01303725 -312.0106937  -311.9574342  -311.85256899 -311.85108382 -311.85031906 -311.84735695 -311.84554943 -311.84554241 -311.81016401 -311.79980921 -311.76324408 -311.74052606 -311.45422997 -311.30549701 -311.27423261 -311.27267708 -311.26898985 -311.26865442 -311.25837615 -311.25634337 -310.53479827 -310.45861514 -310.41907151 -309.88578231 -309.88577896 -309.88564808 -309.86795122] 
30:[-136.68756527 -136.68517466 -136.68273303 -136.68241462 -136.68220471 -136.68022208 -136.6800797  -136.68002434 -136.67746266 -136.67717113 -136.53312758 -136.5260775  -136.5138824  -136.51361959 -136.51357499 -136.51357072 -136.48001143 -136.47994386 -136.44886691 -136.38295597 -136.33530591 -136.33388179 -136.22973687 -136.22026304 -136.20627251 -136.20265074 -136.20261381 -136.18150926 -136.0065814  -135.97891342 -135.93859323 -135.93795667 -135.88949666 -135.88949594 -135.84058938 -135.83790584 -135.82687635 -135.82276045 -135.78941344 -135.77244554 -135.49640687 -135.22115035 -135.15262836 -135.03811027 -135.03494267 -135.03347089 -135.03299031 -135.02265871 -135.01868216 -135.01423628 -135.00766816 -135.0007175  -134.90076331 -134.87967761 -134.72063792 -134.63074505 -134.19113666] 
31:[-834.59946203 -834.57067465 -834.57055677 -834.56678417 -834.56563543 -834.56429887 -834.5639257  -834.56259031 -834.54391265 -834.52753452 -834.52291866 -834.51902805 -834.51795954 -834.51773515 -834.51158188 -834.50859739 -834.50432757 -834.50301535 -834.50113351 -834.4742029 -834.47411788 -834.46377415 -834.45500229 -834.44442064 -834.33409022 -834.31602413 -834.24648601 -834.2461636  -834.21077997 -834.20842252 -834.20803449 -834.20270108 -834.20049257 -834.19170927 -834.15125546 -834.14013487 -834.11093051 -833.97886466 -833.90019974 -833.66625886 -833.64254734 -833.48900552 -833.48839117 -833.48799603 -833.4874847 -833.48738307 -833.4631002  -833.46222534 -833.45992751 -832.97889767 -832.4345404  -832.43051677 -832.43009693 -831.65479887 -831.65479775 -831.65467919 -831.63309051] 
32:[-432.96083252 -432.96056618 -432.96044377 -432.96018222 -432.96004852 -432.96001184 -432.95994989 -432.95994256 -432.95994229 -432.95959884 -432.95958656 -432.90805624 -432.78909932 -432.78793924 -432.76541953 -432.72575268 -432.70019125 -432.66716714 -432.66714746 -432.6670681 -432.66706275 -432.66563453 -432.66552708 -432.66534214 -432.6652722 -432.66498984 -432.66447453 -432.66437085 -432.66392818 -432.66379894 -432.66006321 -432.6499244  -432.64898048 -432.64218881 -432.61021596 -432.54990304 -432.54988214 -432.54987636 -432.54987549 -432.54982677 -432.51364735 -432.51339476 -432.49284868 -432.38589551 -432.35574864 -432.25063311 -432.250384   -432.25015624 -432.24482355 -432.11901423 -432.07018265 -431.68606919 -431.64384532 -431.43067126 -429.92013564 -429.85727029 -429.85711641] 
33:[-841.65251376 -841.65208587 -841.65181454 -841.65171251 -841.65153812 -841.65130878 -841.65073401 -841.64803574 -841.64440027 -841.54592954 -841.54587974 -841.54574237 -841.54566185 -841.54565675 -841.54539439 -841.54509024 -841.54460164 -841.54454604 -841.54347414 -841.54236064 -841.51008765 -841.43984436 -841.43722164 -841.43695678 -841.42277007 -841.21836221 -841.21794581 -841.21490111 -841.01269534 -840.92846701 -840.92513485 -840.92449802 -840.91862998 -840.8933381  -840.8930908 -840.82512142 -840.82371375 -840.75144224 -840.73376331 -840.73298311 -840.73278876 -840.72802565 -840.72732921 -840.72696857 -840.7206475 -840.6569699  -840.64316215 -840.42541476 -840.31436448 -840.3143224 -840.31424627 -840.31421339 -840.25540065 -839.79485107 -839.46592807 -839.46235123 -839.45597532] 
34:[-955.5603262  -955.56030206 -955.56029628 -955.55901182 -955.55859969 -955.5580555  -955.55716565 -955.55681194 -955.45453305 -955.45429523 -955.45398544 -955.45395185 -955.45393931 -955.45340743 -955.45327696 -955.45313379 -955.45312158 -955.45221428 -955.44504777 -955.40206655 -955.38417417 -955.38365035 -955.35885908 -955.3173861  -955.16251999 -955.16238163 -955.16122218 -954.9615403  -954.94587239 -954.90519141 -954.90497733 -954.90496005 -954.90470397 -954.90408982 -954.90401231 -954.90258331 -954.901292   -954.85425091 -954.85422275 -954.85414059 -954.85147235 -954.85049077 -954.85005198 -954.85001369 -954.8484334 -954.81095195 -954.75472796 -954.70921108 -954.59191618 -954.59191302 -954.59189224 -954.59186641 -954.55595314 -954.42114569 -953.78915519 -952.32439208 -952.26820528] 
35:[-442.67727352 -442.67321871 -442.67262777 -442.671709   -442.64552846 -442.55701558 -442.55560891 -442.55377575 -442.50129697 -442.46634581 -442.45600073 -442.42397914 -442.423397   -442.42336335 -442.42077122 -442.38681191 -442.29086382 -442.28153524 -442.18864509 -442.08693941 -442.02139772 -442.01495901 -442.00674641 -442.00145809 -441.99603318 -441.97253316 -441.9698849  -441.96813782 -441.96741712 -441.96723863 -441.9549534  -441.92991288 -441.91632185 -441.91539653 -441.89338811 -441.88909256 -441.857247   -441.84066457 -441.82311561 -441.80657599 -441.76277272 -441.76087418 -441.76080441 -441.76024897 -441.76010357 -441.75974811 -441.75883029 -441.75804551 -441.75622746 -441.72250583 -441.71021287 -441.70869734 -441.69542957 -440.91209907 -440.90660422 -440.90652749 -440.90580679] 
36:[-125.95172405 -125.94910865 -125.94413702 -125.94373683 -125.94218317 -125.93425911 -125.8724465  -125.87158525 -125.86594488 -125.8439578 -125.83665695 -125.83212234 -125.81035013 -125.77291305 -125.77287129 -125.75012082 -125.73298376 -125.68996082 -125.68263156 -125.67959496 -125.65715393 -125.64866084 -125.64806032 -125.6463496  -125.5480683 -125.54258702 -125.50994245 -125.50940966 -125.50731015 -125.50519636 -125.48043663 -125.47564581 -125.46040854 -125.45673521 -125.43745325 -125.35080227 -125.32211768 -125.32112195 -125.31437847 -125.24744067 -125.23669897 -125.22279407 -125.06344168 -125.04592183 -125.0458104 -125.02622108 -125.02603916 -125.02596236 -125.02596016 -124.2739807 -124.27196996 -124.26801284 -124.12411615 -123.56731656 -123.54598347 -123.54598005 -123.54593641] 
37:[-135.92321726 -135.91859688 -135.90449089 -135.90444801 -135.8643729 -135.86147907 -135.86103663 -135.85982877 -135.85970841 -135.49930234 -135.49640752 -135.43343764 -135.32524115 -135.32327277 -135.31575059 -135.31336661 -135.31181832 -135.31093895 -135.31063835 -135.30898129 -135.22825634 -135.21408368 -135.20570299 -135.17110662 -135.16272687 -135.13478941 -135.08216076 -135.01723158 -134.93986762 -134.9257871 -134.92328817 -134.92179638 -134.91987316 -134.90839139 -134.87282739 -134.84948132 -134.81722197 -134.81535741 -134.80314713 -134.77905893 -134.6282714  -134.50241079 -133.94131362 -133.92906949 -133.9290007 -133.88913186 -133.87603264 -133.8759611  -133.87592128 -133.87591989 -133.37501602 -133.37284185 -132.6861635  -132.64263239 -132.60620206 -132.60620093 -132.60618046] 
38:[-171.4231052  -171.42212305 -171.42146896 -171.42082119 -171.41926819 -171.41898076 -171.41894892 -171.41894884 -171.41686136 -171.41165553 -171.41156543 -171.21263609 -171.21239484 -171.07509777 -171.07486113 -171.00399408 -171.00394952 -171.00368641 -171.00363316 -170.97475691 -170.97395664 -170.97322321 -170.97321585 -170.9729275  -170.97012346 -170.74505616 -170.62438508 -170.62199691 -170.6218471  -170.61288326 -170.48361754 -170.40882099 -170.38172131 -170.30170477 -169.96020261 -169.8817596  -169.86649562 -169.84183206 -169.84150177 -169.83298724 -169.80065207 -169.79984101 -169.76910382 -169.76816183 -169.76733427 -169.76566135 -169.76359334 -169.76176685 -169.14849613 -169.03484797 -168.31122503 -168.31054515 -168.31039964 -168.30970787 -168.28908669 -168.02215968 -167.87872935] 
39:[-177.51264274 -177.51244205 -177.51200291 -177.51169187 -177.51102258 -177.50990961 -177.50089849 -177.49934382 -177.49033057 -177.46779915 -177.46273834 -177.45446883 -177.45264418 -177.36661794 -177.19141016 -177.17357396 -177.1399891  -177.04669819 -176.83772938 -176.83604664 -176.82218902 -176.82082508 -176.82030896 -176.81979285 -176.81633159 -176.81520264 -176.62659612 -176.598111   -176.5975921  -176.59724023 -176.45542995 -176.43676932 -176.41554996 -176.39240179 -176.28672826 -176.22362643 -176.13487151 -175.99700189 -175.87923546 -175.60097699 -175.51936238 -175.50472487 -175.504662   -175.50442098 -175.50437889 -175.50233269 -175.46973215 -175.46772344 -175.40309977 -175.09527598 -175.09265495 -175.09186362 -175.09183236 -174.37375806 -174.37375683 -174.37372992 -174.34214144] 
40:[-171.4231052  -171.42212305 -171.42146896 -171.42082119 -171.41926819 -171.41898076 -171.41894892 -171.41894884 -171.41686136 -171.41165553 -171.41156543 -171.21263609 -171.21239484 -171.07509777 -171.07486113 -171.00399408 -171.00394952 -171.00368641 -171.00363316 -170.97475691 -170.97395664 -170.97322321 -170.97321585 -170.9729275  -170.97012346 -170.74505616 -170.62438508 -170.62199691 -170.6218471  -170.61288326 -170.48361754 -170.40882099 -170.38172131 -170.30170477 -169.96020261 -169.8817596  -169.86649562 -169.84183206 -169.84150177 -169.83298724 -169.80065207 -169.79984101 -169.76910382 -169.76816183 -169.76733427 -169.76566135 -169.76359334 -169.76176685 -169.14849613 -169.03484797 -168.31122503 -168.31054515 -168.31039964 -168.30970787 -168.28908669 -168.02215968 -167.87872935] 
41:[-389.87894334 -389.71491796 -389.70936105 -389.70888481 -389.70409577 -389.68329541 -389.68217254 -389.67950546 -389.67790512 -389.65998013 -389.65997448 -389.65707441 -389.6536072  -389.64959387 -389.6054649 -389.60542253 -389.60509392 -389.52707754 -389.51092824 -389.50495608 -389.50235374 -389.44648795 -389.43425696 -389.43281752 -389.42216925 -389.35849821 -389.31601285 -389.30442557 -389.29774687 -389.29114002 -389.28610244 -389.13057371 -389.0204958  -389.02042346 -389.01957428 -389.01856237 -389.01849304 -389.01842485 -389.01841396 -388.99969259 -388.99614382 -388.98222818 -388.95158056 -388.40875771 -388.36043029 -388.08456683 -387.91555889 -387.90578796 -387.90522225 -387.90505896 -387.90505878 -387.90467964 -387.90447476 -387.41782844 -387.41776246 -387.41516883 -387.41009686] 
42:[-714.89563825 -714.89537394 -714.89471654 -714.8925703  -714.89104481 -714.89024726 -714.88975234 -714.8870512  -714.87779571 -714.87743676 -714.87491479 -714.87438584 -714.87405071 -714.87402147 -714.87385614 -714.87372238 -714.87365671 -714.87321123 -714.87288821 -714.87172554 -714.86510441 -714.86171089 -714.85238013 -714.84402353 -714.84134057 -714.83987913 -714.83496935 -714.83479246 -714.83129637 -714.82507914 -714.82454406 -714.82403335 -714.82362962 -714.82273264 -714.82158553 -714.82074941 -714.81996624 -714.81649886 -714.81622664 -714.80378248 -714.78968875 -714.77169443 -714.75114669 -714.7511232  -714.74664816 -714.74151977 -714.73969709 -714.73967956 -714.73962391 -714.72836257 -714.72607114 -714.68519317 -714.51517341 -714.27392308 -714.27326381 -714.27325177 -714.26993487] 
43:[-131.33084122 -131.32148721 -131.32001472 -131.3191282  -131.3189339 -131.31879505 -131.31783314 -131.31255775 -131.31222001 -130.94189509 -130.73576221 -130.73328799 -130.72219578 -130.70818451 -130.70578992 -130.70568253 -130.70568253 -130.70567774 -130.70492631 -130.70146907 -130.67705083 -130.67586767 -130.64641718 -130.64611367 -130.64535314 -130.64456523 -130.64078383 -130.63002968 -130.61214955 -130.60692222 -130.58140219 -130.57482515 -130.5698798  -130.54258916 -130.54042185 -130.5270642  -130.52684299 -130.44563142 -130.40791225 -130.31861152 -130.26539139 -130.2559555  -130.25317377 -130.24235816 -130.21470007 -130.14954169 -130.14057012 -130.03550208 -130.02065216 -130.01971795 -130.01711418 -130.01646249 -129.95021908 -129.86082404 -129.85402029 -129.82760012 -129.81208929] 
44:[-237.17184506 -237.16858212 -237.15999754 -237.00076687 -236.77681677 -236.7707081  -236.62284915 -236.47934971 -236.47702729 -236.4565451 -236.45604002 -236.45560377 -236.45557977 -236.45471104 -236.45350946 -236.20627926 -236.19763006 -236.19125753 -236.16151049 -236.11452232 -236.11070559 -236.10145456 -236.0997106  -236.02489699 -235.93364298 -235.91595197 -235.91483565 -235.91421348 -235.80075873 -235.78944145 -235.78166607 -235.7375521  -235.73629961 -235.73456815 -235.69657215 -235.68860416 -235.68843551 -235.68836314 -235.68835024 -235.66698317 -235.66539535 -235.62416583 -235.62035792 -235.57581643 -235.54608046 -235.5038941  -235.50382138 -235.49570956 -235.38480941 -235.38477104 -235.38014423 -235.3800719  -235.27048599 -234.7624073  -234.7476656 -234.74766486 -234.74764292] 
45:[-812.81789229 -812.81702982 -812.75633011 -812.69759355 -812.69258635 -812.68905808 -812.68726041 -812.6866664  -812.68525762 -812.68389023 -812.67808713 -812.675353   -812.67485637 -812.66981374 -812.66964842 -812.6689243  -812.66892222 -812.66763656 -812.66755458 -812.66615409 -812.6647923  -812.64846965 -812.64263098 -812.62095194 -812.61797644 -812.61717146 -812.61583418 -812.58195491 -812.56742969 -812.55885957 -812.54744227 -812.53655023 -812.53376542 -812.5330454  -812.51243983 -812.49519625 -812.48892568 -812.488764   -812.48859998 -812.48512767 -812.48441074 -812.45367334 -812.45040868 -812.41879233 -812.41643748 -812.39132907 -812.39100845 -812.39063912 -812.38819874 -812.38598396 -812.37810218 -812.37659293 -812.22599432 -812.13615658 -811.98117775 -811.69397667 -811.54382015] 
46:[-189.1987604  -189.19577334 -189.19575985 -189.19468711 -189.19388391 -189.19124137 -189.18690588 -189.04483322 -189.01052497 -189.00711516 -188.91465824 -188.9142138  -188.91283416 -188.82339478 -188.79087982 -188.75632946 -188.75270789 -188.73083574 -188.71169936 -188.67064304 -188.67037197 -188.66508079 -188.63277723 -188.62558632 -188.62160255 -188.58828718 -188.57587903 -188.54098974 -188.52510544 -188.52412929 -188.52169695 -188.44848533 -188.42613202 -188.40813705 -188.37222283 -188.26021478 -188.25920092 -188.25911173 -188.25904659 -188.25904511 -188.24582382 -188.24564908 -188.21946908 -188.1953994  -188.1612527 -188.09159438 -187.98588073 -187.98231641 -187.98135778 -187.79228375 -187.79064385 -187.78398086 -187.7839332  -186.98112952 -186.97017321 -186.97017198 -186.97015594] 
47:[-409.43437692 -409.41838657 -409.41698223 -409.31403131 -409.31050364 -409.29648369 -409.25933319 -409.25746111 -409.25250457 -409.22723226 -409.13307916 -409.12624303 -409.06871411 -409.02408488 -409.01550705 -408.94556073 -408.90148655 -408.87780539 -408.87423243 -408.86025657 -408.84886792 -408.84859224 -408.84820598 -408.83197392 -408.83021031 -408.82921436 -408.82917136 -408.82587241 -408.82533837 -408.82421021 -408.82413798 -408.82182662 -408.82106652 -408.82088232 -408.82074908 -408.80491485 -408.80408106 -408.77825231 -408.77254068 -408.77021184 -408.74183026 -408.74043337 -408.73955369 -408.73948239 -408.73878097 -408.6574152  -408.53162174 -408.44068439 -408.44068028 -408.44037947 -408.43435941 -408.36453696 -408.29201159 -408.2859034  -408.10315122 -407.98263574 -407.84731113] 
48:[-373.07737167 -373.0769177  -373.07574234 -373.06931706 -373.069151 -373.06816629 -373.05965242 -373.05464512 -372.46292072 -372.44977294 -372.40322245 -372.37554353 -372.3721175  -372.34013623 -372.33739479 -372.3370866  -372.33377686 -372.3331089  -372.33093045 -372.33043871 -372.28608447 -372.26933392 -372.15107066 -372.14565484 -371.95094027 -371.938327   -371.87124959 -371.85224702 -371.85062711 -371.84564706 -371.72314419 -371.61051245 -371.47838024 -371.39420932 -371.30817826 -371.28638544 -371.13147314 -370.76842937 -370.76813209 -370.76795497 -370.76751727 -370.76691829 -370.7669131  -370.72628435 -370.69062322 -370.68161912 -370.15524947 -370.15520546 -370.1552043  -370.15490944 -370.14215358 -370.13715441 -370.1371468  -369.68189665 -369.68126103 -369.68126081 -369.68098686] 
49:[-523.52535917 -523.52463793 -523.50766542 -523.50720415 -523.46410359 -523.4638007  -523.46083429 -523.46000012 -523.42332101 -523.38795569 -523.35281077 -523.33215738 -523.29354578 -523.09937745 -523.00899424 -523.00441868 -522.92147211 -522.62932594 -522.61779769 -522.60902972 -522.60888141 -522.60847046 -522.60099078 -522.58572552 -522.58377538 -522.58376043 -522.58260701 -522.57936295 -522.57375575 -522.57285774 -522.56408696 -522.41083318 -522.4106711  -522.39116112 -522.26961261 -522.23565694 -522.18721488 -522.16312619 -522.16301988 -522.16117522 -522.15672496 -521.95389832 -521.88999734 -521.88655901 -521.88653692 -521.87134631 -521.87094003 -521.86843477 -521.86842404 -521.86842376 -521.764327   -521.76428821 -521.76426359 -521.7639234  -521.7637898 -521.76360538 -521.28590238] 
50:[-68.5776475  -68.56072536 -68.48687261 -68.40540323 -68.37843763 -68.34081391 -68.31664888 -68.30853017 -68.2627722  -68.24949968 -68.24303705 -68.24065064 -68.24039934 -68.2398192  -68.15749834 -68.15449543 -68.07554463 -68.01547547 -68.00082806 -67.98620959 -67.97498454 -67.86089081 -67.85955952 -67.85842554 -67.8581799 -67.85617438 -67.85276776 -67.85264925 -67.8506298  -67.84921631 -67.84887689 -67.7620973  -67.72343961 -67.71760399 -67.68749234 -67.68675769 -67.68539033 -67.68493807 -67.68480766 -67.66313075 -67.46345113 -67.45082891 -67.3894852  -67.38493824 -67.23676171 -67.21378533 -67.21147387 -67.20958815 -67.20373707 -67.20347084 -67.10756289 -67.07716704 -66.62146422 -66.52469629 -66.52062856 -66.5206249  -66.5205588 ] 
51:[-228.51417739 -228.43642437 -228.34396192 -228.33538186 -228.33469629 -227.67260043 -227.65437906 -227.62434112 -227.57870038 -227.46091964 -227.46078125 -227.41715558 -227.41393908 -227.39539769 -227.3781654 -227.37140093 -227.36584711 -227.36575694 -227.36575694 -227.36114822 -227.34804649 -227.26612043 -227.25285155 -227.25102496 -227.22673438 -227.22116091 -227.15413717 -227.14940752 -227.11123185 -227.0673821 -227.05154165 -227.01851032 -227.018015   -227.0155494  -227.01260363 -226.97471408 -226.97427752 -226.94973054 -226.88950195 -226.88517839 -226.88391003 -226.7794007  -226.75623358 -226.69639758 -226.58227523 -226.52750202 -226.52506706 -226.52490684 -226.50881071 -226.28346307 -226.27763166 -226.27748112 -226.26820714 -226.1149247  -226.11343394 -225.81423533 -225.79450278] 
52:[-409.43437692 -409.41838657 -409.41698223 -409.31403131 -409.31050364 -409.29648369 -409.25933319 -409.25746111 -409.25250457 -409.22723226 -409.13307916 -409.12624303 -409.06871411 -409.02408488 -409.01550705 -408.94556073 -408.90148655 -408.87780539 -408.87423243 -408.86025657 -408.84886792 -408.84859224 -408.84820598 -408.83197392 -408.83021031 -408.82921436 -408.82917136 -408.82587241 -408.82533837 -408.82421021 -408.82413798 -408.82182662 -408.82106652 -408.82088232 -408.82074908 -408.80491485 -408.80408106 -408.77825231 -408.77254068 -408.77021184 -408.74183026 -408.74043337 -408.73955369 -408.73948239 -408.73878097 -408.6574152  -408.53162174 -408.44068439 -408.44068028 -408.44037947 -408.43435941 -408.36453696 -408.29201159 -408.2859034  -408.10315122 -407.98263574 -407.84731113] 
53:[-180.52723124 -180.5256761  -180.52552052 -180.52546917 -180.52289577 -180.50580575 -180.50579788 -180.50572557 -180.50560995 -180.09384769 -180.09360002 -180.08440598 -180.06586174 -180.05867815 -180.00169864 -180.00165727 -179.99776052 -179.99221543 -179.75454064 -179.00609469 -178.93173103 -178.92487217 -178.92472705 -178.92472253 -178.92392455 -178.90300743 -178.9029461  -178.9029216  -178.90279682 -178.8766196 -178.83417799 -178.72382083 -178.59336397 -178.57927287 -178.5750976 -178.55009471 -178.49008627 -178.23999292 -178.19039967 -178.05781375 -178.02781565 -177.83709374 -177.80755167 -177.79686526 -177.79386708 -177.57646574 -177.27817212 -177.25262828 -177.25253863 -177.15193291 -176.7561117  -176.74972407 -176.74583096 -176.73955133 -176.36962077 -176.15412087 -176.10432759] 
54:[-68.5776475  -68.56072536 -68.48687261 -68.40540323 -68.37843763 -68.34081391 -68.31664888 -68.30853017 -68.2627722  -68.24949968 -68.24303705 -68.24065064 -68.24039934 -68.2398192  -68.15749834 -68.15449543 -68.07554463 -68.01547547 -68.00082806 -67.98620959 -67.97498454 -67.86089081 -67.85955952 -67.85842554 -67.8581799 -67.85617438 -67.85276776 -67.85264925 -67.8506298  -67.84921631 -67.84887689 -67.7620973  -67.72343961 -67.71760399 -67.68749234 -67.68675769 -67.68539033 -67.68493807 -67.68480766 -67.66313075 -67.46345113 -67.45082891 -67.3894852  -67.38493824 -67.23676171 -67.21378533 -67.21147387 -67.20958815 -67.20373707 -67.20347084 -67.10756289 -67.07716704 -66.62146422 -66.52469629 -66.52062856 -66.5206249  -66.5205588 ] 
55:[-361.88412447 -361.86748745 -361.86232342 -361.8582179  -361.78006877 -361.77968243 -361.77943012 -361.76770631 -361.76442553 -361.62764668 -361.36665874 -361.09937825 -360.99587357 -360.71378643 -360.54843694 -360.53888077 -360.48608494 -360.48477509 -360.38205036 -360.37785796 -360.37665908 -360.37248269 -360.32014988 -360.23893202 -360.20895089 -360.20650083 -360.20542378 -360.16993827 -360.15740754 -360.15003074 -360.13026708 -360.12932132 -360.12245363 -360.07100083 -360.05966582 -360.05966514 -360.05966512 -360.0564745  -360.05647289 -360.0543215 -360.05346533 -359.96259409 -359.96162005 -359.9616175  -359.93866366 -359.89804801 -359.89187941 -359.83248132 -359.8099403  -359.52294944 -359.52274226 -359.51862434 -359.51187513 -359.48800794 -359.48774046 -359.43818747 -359.43188581] 
56:[-414.37379937 -414.37251679 -414.37249339 -414.37190198 -414.37029717 -414.36984658 -414.36964902 -414.36951236 -414.36835721 -414.36791578 -414.18967479 -414.18207648 -414.17461939 -414.14835191 -414.14823056 -414.1469078  -414.14660901 -414.14528405 -414.14502373 -414.14317887 -414.14298168 -414.14180929 -414.139643   -414.08076076 -414.07958939 -414.04021279 -414.03802741 -413.96144578 -413.95077033 -413.80853577 -413.76632896 -413.76489485 -413.76139091 -413.75419511 -413.75135973 -413.61425667 -413.58734613 -413.55085158 -413.4487874  -413.37779012 -413.36231139 -413.36055544 -412.81973128 -412.77946012 -412.77945569 -412.77945394 -412.77943144 -412.77942273 -412.77941737 -412.64073069 -412.3885482  -411.15576391 -411.0458985  -410.9325836  -410.92285342 -410.9227007  -410.92193194] 
RANKING VECTORS IDX
0:[55. 53. 27. 30. 38. 56.  0. 43. 40. 39.  7. 32. 28.  5. 34. 19. 14. 33. 11. 50. 26. 18. 17. 51. 21.  1. 48. 52.  8. 35.  3. 44. 47. 22.  2. 25. 12. 23. 42. 45. 16. 13. 29. 54. 37. 31.  9. 10. 20. 15. 46.  4. 24. 41. 49.  6. 36.] 
1:[ 1. 48. 21. 18. 17. 26. 47. 54. 51. 22.  2. 50. 39.  6.  7. 29. 52. 37.  3. 25. 23. 12. 44. 35. 41.  8.  4. 30. 27. 56. 55. 16. 24. 45. 36. 10. 46. 31. 15.  9. 20. 13. 49. 11. 38. 42. 43.  0. 40. 53. 19. 34. 28.  5. 33. 14. 32.] 
2:[22. 47. 54. 39. 50.  1. 48. 18. 26. 21. 17. 51.  2. 29.  7.  6. 35. 49. 44.  3. 52.  8. 28.  5. 34. 19. 32.  4. 45. 14. 33. 55. 16. 11. 41. 23. 12. 37. 13. 42. 25. 20. 31.  9. 15. 46. 10. 27. 56. 30. 38. 36. 24. 53.  0. 43. 40.] 
3:[42. 11. 15. 10. 20. 46. 45. 31.  3. 44.  9. 23. 12. 14. 33. 29. 28.  5. 34. 19. 32. 37. 47. 50. 13. 16. 39. 22. 18. 26. 35. 52. 25.  8. 27. 56. 30. 51. 41. 54. 24. 17. 55. 49.  1. 38.  2. 48. 21. 36.  7.  6. 53.  0. 43. 40.  4.] 
4:[ 4.  2. 48. 21.  1. 17. 51. 22.  0. 43. 40. 56. 38. 27. 53. 30. 47. 26. 18.  8. 52. 50. 39.  3. 44. 29.  7.  5. 34. 19. 28. 14. 33. 32. 12. 23. 54. 25. 37. 13. 42. 11.  6. 49. 41. 45. 16. 24. 35. 55. 10. 31.  9. 46. 20. 15. 36.] 
5:[ 7.  6. 28. 29.  5. 34. 19. 14. 32. 33. 39. 23. 12. 11. 42. 38. 56. 27. 30. 26. 18.  1. 50.  3. 35. 44. 10. 20.  9. 49. 15. 45. 31. 46. 53.  0. 43. 40. 55. 16.  8. 22. 17.  2. 25.  4. 47. 13. 52. 24. 36. 54. 37. 41. 51. 21. 48.] 
6:[35. 29. 54. 17. 37.  6.  7. 21. 48. 51. 30. 52. 38. 27. 56. 41. 55. 13. 45. 46. 15. 22. 44.  9. 50. 31.  4.  3. 49.  8. 47. 24. 16. 25. 36. 39. 18.  1. 26. 42.  2. 20. 10. 12. 11. 23. 32.  5. 34. 19. 14. 33. 28. 53.  0. 43. 40.] 
7:[24. 16.  2. 37. 17. 54. 36.  6.  7. 29. 48. 21. 51. 27. 56. 30. 55. 38. 41. 25. 13. 50. 49. 18. 26. 10. 46. 22. 15. 31. 47.  9. 20. 45. 12. 42.  1.  8. 39. 44. 35. 52.  3. 11.  4. 23. 14. 33. 32.  5. 34. 19. 28. 40.  0. 43. 53.] 
8:[52.  8. 37. 51. 47. 29. 22. 48. 21. 19. 34. 28.  5. 33. 14. 30. 38. 32. 27. 56. 50. 44.  3. 39.  0. 43. 40. 53. 11. 12. 23. 26. 18.  4. 25. 49.  1. 45. 42.  2. 16. 13. 41.  6. 54.  7. 17. 35. 31.  9. 20. 46. 15. 55. 24. 36. 10.] 
9:[47. 39. 26. 50. 18. 22. 23.  7. 12. 42.  6. 29.  2. 36. 54. 24. 37. 16. 13. 17. 48. 21.  1. 51. 30. 35. 55. 10. 27. 56. 45. 46. 15.  8. 31. 20.  9. 52. 49. 41. 25. 44.  3. 32.  5. 19. 34. 28. 14. 33. 11.  4. 38. 40. 53.  0. 43.] 
10:[45. 31.  9. 15. 20. 46. 10.  2. 22. 54. 37. 17. 29.  6.  7. 16. 36. 42. 12. 24. 23. 35. 26. 52. 47.  8. 25. 39. 55. 27. 49. 50. 48. 21.  1. 18. 51. 41. 13. 11.  3. 44.  4. 28. 34. 19.  5. 32. 14. 33. 30. 56. 38. 43.  0. 40. 53.] 
11:[44.  3. 35. 11.  2. 22.  4. 49. 45. 10. 46.  9. 31. 20. 15. 23. 16. 12. 42. 54. 37. 51. 47. 25. 24.  7.  6. 29. 36. 55. 50. 26. 21. 18. 32. 28.  5. 34. 19. 14. 33. 52. 39.  8. 13.  1. 48. 17. 30. 38. 27. 56. 41. 53.  0. 43. 40.] 
12:[ 7. 29. 28.  5.  6. 32. 14. 34. 19. 39. 33. 11. 23. 12. 42. 45. 50. 27. 30. 56. 38. 26. 18. 10.  9. 49. 46.  1. 15. 31. 20.  3. 44. 35. 16. 55. 53.  0. 43. 40. 22.  2. 25.  8.  4. 54. 37. 47. 13. 52. 24. 17. 36. 41. 51. 48. 21.] 
13:[13.  3. 22. 47. 54.  6.  7. 29. 37.  2. 39. 50.  8. 18. 26. 52. 11. 25. 44. 35. 45. 55. 30. 38. 56. 27.  0. 43. 40. 53. 42. 49.  4. 16. 23. 12.  5. 34. 19. 28. 14. 33. 32. 10.  9. 31. 20. 46. 15. 41. 24. 36.  1. 21. 48. 17. 51.] 
14:[29.  6. 32.  7. 28.  5. 34. 19. 39. 14. 33. 23. 12. 11. 42. 45. 10.  9. 20. 46. 31. 15. 16. 35.  3. 50. 30. 38. 56. 27. 18.  1. 44.  8. 24. 55. 53. 43.  0. 40. 22.  2. 47. 54. 37. 36. 25. 13. 52. 26. 49. 51.  4. 41. 21. 48. 17.] 
15:[45. 46. 20. 15. 31. 10.  9. 39. 16. 23. 12. 42. 11.  3. 44. 54. 37. 22. 47. 17.  2. 36. 24. 29.  7.  6. 13. 25. 55. 14. 33. 28. 34.  5. 19. 32. 35. 49.  8. 50. 41. 26. 52. 18.  1. 21. 51. 48.  4. 30. 38. 27. 56. 43.  0. 40. 53.] 
16:[24. 16. 45. 31.  9. 10. 20. 15. 46. 47. 12. 42. 39.  7.  6. 29. 22. 18. 26. 54. 36. 37. 35. 52.  8. 55. 13.  2. 27. 49. 21. 48.  1. 17. 51. 25. 41. 11.  3. 44. 23. 32. 28.  5. 34. 19. 50. 14. 33.  4. 56. 30. 38.  0. 43. 40. 53.] 
17:[ 1. 48. 21. 18. 17. 26. 47. 54. 51. 22.  2. 50. 39.  6.  7. 29. 52. 37.  3. 25. 23. 12. 44. 35. 41.  8.  4. 30. 27. 56. 55. 16. 24. 45. 36. 10. 46. 31. 15.  9. 20. 13. 49. 11. 38. 42. 43.  0. 40. 53. 19. 34. 28.  5. 33. 14. 32.] 
18:[ 7. 29.  6. 18. 26. 22.  3. 44. 35. 50. 39.  2. 47. 54.  8. 52. 49.  4. 23. 12. 27. 56. 55. 30. 42. 11. 14. 33. 34. 19. 16. 32. 38. 28.  5. 53. 45.  0. 43. 40. 13. 25. 15. 46. 20. 10. 31.  9. 41. 24. 37. 36. 51.  1. 17. 48. 21.] 
19:[29.  7.  6. 32. 28.  5. 34. 19. 39. 14. 33. 11. 45. 12. 23. 42. 50. 35.  3. 44. 16. 49. 20. 46. 15. 10. 31.  9. 30. 56. 38. 18. 26.  1. 17. 22. 55. 53.  0. 43. 40. 27. 25. 37. 54. 47.  8. 13.  4. 52. 24.  2. 36. 41. 48. 21. 51.] 
20:[15. 46. 20. 45. 31. 10.  9. 29. 16.  6.  7. 22. 36. 54. 37. 24. 47. 17. 11. 12. 23. 42. 39. 50. 18. 26.  8. 52.  2. 13. 30. 56. 55. 27. 44. 32.  3. 35. 28.  5. 34. 19. 14. 33. 51. 21.  1. 48. 49. 41. 25.  4. 38.  0. 43. 40. 53.] 
21:[ 2. 51. 17. 21. 48. 29.  8. 52. 35. 14. 33. 32. 47. 22.  3. 44.  5. 34. 19. 28. 37. 45. 54.  4. 26. 18. 30. 38. 16. 49. 50. 39. 11. 23. 12. 27. 56. 55. 42.  7.  6. 25. 13.  1. 41. 40.  0. 43. 53. 20. 46. 15.  9. 24. 36. 10. 31.] 
22:[47. 37. 54. 50. 18. 26. 39. 44.  3. 14. 33. 22. 51. 28.  5. 34. 19.  4. 12. 23. 32. 15. 11. 42. 20. 46.  9. 31.  2. 52. 17.  8. 41. 49. 29.  7.  6. 48. 21.  1. 55. 13. 16. 27. 56. 36. 30. 24. 45. 10. 35. 25. 38.  0. 43. 40. 53.] 
23:[12. 23. 29.  6. 32.  7. 28.  5. 34. 19. 14. 33.  9. 15. 20. 10. 31. 46. 16. 13. 11. 42.  3. 44. 24. 47. 18. 54. 36. 26. 39. 41. 22. 35.  8. 37. 51. 25. 55. 49. 52. 45. 21. 48.  1.  2. 17. 50. 27. 56. 30. 38. 53.  0. 43. 40.  4.] 
24:[17. 37. 16. 24. 36. 54.  2. 39. 18. 50. 26. 29. 12. 23.  7.  6. 42. 35. 15. 20. 31.  9. 45. 46. 10. 47. 22. 51.  1. 48. 21. 52. 55. 27. 30.  8. 49. 13. 41. 25. 44.  3. 11. 14. 33. 32. 28.  5. 19. 34.  4. 38. 56. 53.  0. 43. 40.] 
25:[47. 37. 52. 50. 18. 26. 39. 22. 45.  4.  8. 44.  3. 35. 30. 27. 56. 55. 49. 41. 16. 14. 33. 23. 12. 28.  5. 34. 19. 32. 42.  7.  6. 13. 11. 25.  2.  1. 54. 38. 29. 20. 15. 46. 31.  9. 51.  0. 43. 40. 53. 48. 21. 17. 24. 36. 10.] 
26:[ 6. 29.  7. 54. 37. 22. 18. 47. 26. 50. 39. 42. 45.  9. 15. 31. 10. 20. 12. 23. 46. 35.  3. 44. 52.  8. 16. 55. 56. 30. 38. 49. 27. 14. 33. 28.  5. 34. 19. 32. 13. 11. 24. 25.  2. 36. 51. 41. 17. 21. 48.  1. 53.  0. 43. 40.  4.] 
27:[53. 40.  0. 43. 39. 27. 56. 38. 30. 18. 26. 50. 52.  8. 47. 54. 37. 22.  2. 49. 32.  5. 34. 19. 28. 12. 14. 33. 23.  4. 13.  6. 35.  3. 44. 25. 24. 16. 45. 11. 42. 17. 29.  7.  1. 41. 51. 48. 21. 55. 46. 15. 20.  9. 10. 36. 31.] 
28:[14. 33. 28.  5. 34. 19. 32. 11. 41.  3. 44. 12. 23.  4.  9. 20. 46. 15. 13. 51. 24. 47. 22. 50. 25.  2. 29. 39.  7.  6. 18. 17. 37. 21. 48. 54. 26. 16. 55. 42. 31. 10. 45. 36. 49. 52. 35.  8. 38. 30. 56. 27.  1.  0. 43. 40. 53.] 
29:[ 7. 29.  6. 54. 47. 50. 39. 49. 52. 48. 21. 35. 26. 18. 51. 30. 27.  2. 37. 24. 16. 55. 36. 22. 45. 41. 42.  8. 13. 23. 12. 25. 46. 20. 10. 15. 31.  9.  3. 44. 17.  1. 11. 32. 28.  5. 34. 19. 33. 14.  4. 38. 56.  0. 43. 40. 53.] 
30:[55. 53. 27. 30. 38. 56.  0. 43. 40. 39.  7. 32. 28.  5. 34. 19. 14. 33. 11. 50. 26. 18. 17. 51. 21.  1. 48. 52.  8. 35.  3. 44. 47. 22.  2. 25. 12. 23. 42. 45. 16. 13. 29. 54. 37. 31.  9. 10. 20. 15. 46.  4. 24. 41. 49.  6. 36.] 
31:[ 2. 45. 46. 15. 31. 20. 10.  9. 16. 42. 36. 11. 24. 12. 26. 39. 54. 18. 37.  6. 29.  7. 22. 47. 52. 35.  8. 49. 17. 21. 48. 27.  1. 55. 44. 51. 13. 25. 41. 23. 50.  3. 28.  5. 34. 19. 14. 33. 32.  4. 56. 30. 38. 43.  0. 40. 53.] 
32:[ 7. 29. 28.  5.  6. 32. 14. 34. 19. 39. 33. 11. 23. 12. 42. 45. 50. 27. 30. 56. 38. 26. 18. 10.  9. 49. 46.  1. 15. 31. 20.  3. 44. 35. 16. 55. 53.  0. 43. 40. 22.  2. 25.  8.  4. 54. 37. 47. 13. 52. 24. 17. 36. 41. 51. 48. 21.] 
33:[13. 49. 46. 15. 45. 31. 20. 10.  9. 28. 32.  5. 34. 19. 29. 14. 33.  7. 39.  6. 11. 16. 23. 12. 42. 44.  3. 35. 24. 50. 47. 36.  2. 54. 37. 22. 17.  4. 18.  1. 26. 38. 30. 56. 27. 55. 25. 52. 53.  0. 43. 40.  8. 41. 51. 48. 21.] 
34:[45. 10.  9. 20. 49. 46. 15. 31. 29. 28.  5. 32. 14. 34. 19.  7. 33. 39.  6. 11. 23. 12. 42. 16. 35.  3. 44. 50. 24. 30. 38. 56.  1. 21. 18. 27. 26. 22.  4. 17.  2. 37. 36. 47. 54.  8. 25. 55.  0. 40. 53. 43. 13. 52. 41. 51. 48.] 
35:[30. 27. 56. 55. 35. 29.  7.  6.  2. 44. 51.  1. 21. 48. 17. 41. 16. 13. 49. 45. 25.  3. 37. 14. 33. 28.  5. 11. 34. 19. 32. 54. 42. 47. 23. 12. 52. 39. 50. 38.  8. 10.  9. 15. 46. 31. 20. 18. 26. 22. 36. 24.  4. 53.  0. 43. 40.] 
36:[46. 10.  9. 31. 15. 20.  7. 29.  6. 37. 24. 36. 16. 11. 42. 23. 12. 39. 54.  2. 18. 21. 26. 50. 47. 22.  3. 44. 35. 52. 13. 27. 55.  8. 45. 49. 48. 17.  1. 41. 51. 25. 32. 14. 33. 28.  5. 34. 19. 38. 56. 30.  4. 53.  0. 43. 40.] 
37:[17. 54. 22. 47. 37.  2. 16. 36. 24. 12. 23. 39. 10. 46. 45. 31. 15.  9. 20. 50.  6. 35. 44.  7. 29.  3. 42. 51. 26. 48.  1. 21. 18. 49. 25. 52.  8. 30. 55. 13.  4. 41. 11. 14. 33. 32. 28.  5. 34. 19. 56. 38. 27. 53.  0. 43. 40.] 
38:[ 7. 29.  6. 32. 28.  5. 34. 19. 39. 14. 33. 12. 23. 18. 26. 27. 30. 56. 38. 55. 53.  0. 43. 40. 50. 11. 35.  3. 44. 42.  8. 22.  2. 16. 25.  4. 52. 54. 47. 37. 49. 13. 10. 31.  9. 46. 20. 15. 24. 45. 21.  1. 48. 51. 17. 41. 36.] 
39:[18. 48.  1. 21. 26. 50. 17. 39. 51. 22. 47. 54. 37.  2. 23. 12.  3.  8. 49. 45. 10. 46. 31.  9. 20. 15. 52. 29.  7.  6. 16.  4. 44. 25. 24. 42. 36. 35. 55. 13. 32. 28.  5. 34. 19. 11. 14. 33. 41. 30. 38. 27. 56.  0. 43. 40. 53.] 
40:[ 7. 29.  6. 32. 28.  5. 34. 19. 39. 14. 33. 12. 23. 18. 26. 27. 30. 56. 38. 55. 53.  0. 43. 40. 50. 11. 35.  3. 44. 42.  8. 22.  2. 16. 25.  4. 52. 54. 47. 37. 49. 13. 10. 31.  9. 46. 20. 15. 24. 45. 21.  1. 48. 51. 17. 41. 36.] 
41:[41. 51. 21. 48. 49. 38. 30. 56. 27.  6.  7. 29. 55.  2. 17. 54. 37. 22. 26. 13. 18. 39. 50.  8. 47.  1. 25. 52. 23. 12. 42. 24. 46. 10. 45. 15. 20. 31.  9. 35. 44. 16. 36.  3.  4. 11. 28. 33. 14. 34. 19. 32.  5.  0. 43. 40. 53.] 
42:[50. 39. 18. 29.  6. 17. 26.  1. 47.  7. 10. 12. 31. 23. 15. 22.  9. 20. 46. 42. 35. 11. 49. 21. 52. 48.  8. 16. 30. 55. 24. 45. 51. 37. 56. 27. 38. 54. 36. 25. 41. 13. 14. 33. 32. 28.  5. 19. 34. 44.  3.  2.  4. 53.  0. 43. 40.] 
43:[55. 53.  0. 27. 30. 56. 38. 43. 40. 52. 26. 18. 50.  3. 44. 19. 34. 28. 32.  5. 11.  2. 49. 33. 47. 22. 14.  8. 51. 17.  1. 45. 39. 23. 12. 21. 48. 41. 29. 25. 16.  7.  6. 13. 35. 37. 54. 24. 46. 20. 31. 15.  4. 42. 36.  9. 10.] 
44:[44.  3. 35. 11.  2. 22.  4. 49. 45. 10. 46.  9. 31. 20. 15. 23. 16. 12. 42. 54. 37. 51. 47. 25. 24.  7.  6. 29. 36. 55. 50. 26. 21. 18. 32. 28.  5. 34. 19. 14. 33. 52. 39.  8. 13.  1. 48. 17. 30. 38. 27. 56. 41. 53.  0. 43. 40.] 
45:[23. 12. 29. 50. 17. 26. 21.  1. 48. 18. 51. 39.  6.  7. 32. 34. 19.  5. 28. 33. 14. 22. 47. 54. 44.  3. 35.  2. 49. 37. 42. 30. 27. 56. 38. 11.  0. 43. 40. 55. 53. 16.  8.  4. 52. 15. 20. 31. 46. 10.  9. 45. 25. 13. 24. 41. 36.] 
46:[45.  9. 31. 20. 15. 46. 10. 12. 42. 16.  6.  7. 29.  2. 24. 25. 37. 35. 55. 54. 36. 11. 13. 44.  3. 47. 22. 50. 23. 18.  8. 39. 26. 49. 52. 32. 28.  5. 34. 19. 14. 33.  4. 41. 51. 48. 21. 17.  1. 38. 30. 27. 56. 53.  0. 43. 40.] 
47:[ 2. 47. 22. 50. 39. 49. 18. 26. 52.  8.  3. 44. 13. 11. 25. 42. 45.  7. 29.  1. 48. 21. 17.  9. 10. 20. 51. 31. 55. 30. 38. 46. 27. 56. 15. 23. 12. 16. 14. 33. 28.  5. 34. 19. 32. 35.  4.  0. 43. 40. 53. 41. 37. 54. 24.  6. 36.] 
48:[48.  1. 21. 29.  7.  6. 51. 17. 49.  2. 41. 54. 37. 55. 22. 47. 56. 30. 27. 38. 50. 39. 18. 26. 23. 13. 52.  3. 44.  8. 35.  4. 25. 42. 11. 12. 45. 46. 15. 20. 10. 31.  9. 24. 16. 36.  5. 34. 19. 28. 32. 14. 33. 40.  0. 43. 53.] 
49:[47. 22. 54. 37. 50. 26. 39. 18.  2. 49. 52.  8. 13.  3. 44. 35. 11. 45. 51.  1. 48. 21. 17. 38. 27. 56. 30. 55. 41. 25. 29.  7.  6.  4. 12. 42. 16.  0. 43. 40. 53. 24. 23. 14. 33. 32. 28.  5. 34. 19. 31.  9. 10. 15. 46. 20. 36.] 
50:[37. 54. 47. 50. 39. 17. 52. 22. 11.  1. 48. 18. 21. 26.  3. 44.  8. 49. 45. 23. 12. 20. 10. 15.  9. 29. 31. 16.  7. 46.  6. 35. 14. 33. 28.  5. 32. 34. 19. 42.  2.  4. 51. 24. 55. 30. 38. 25. 27. 56. 13. 36. 41. 53.  0. 43. 40.] 
51:[ 2. 51. 17. 21. 48. 29.  8. 52. 35. 14. 33. 32. 47. 22.  3. 44.  5. 34. 19. 28. 37. 45. 54.  4. 26. 18. 30. 38. 16. 49. 50. 39. 11. 23. 12. 27. 56. 55. 42.  7.  6. 25. 13.  1. 41. 40.  0. 43. 53. 20. 46. 15.  9. 24. 36. 10. 31.] 
52:[ 2. 47. 22. 50. 39. 49. 18. 26. 52.  8.  3. 44. 13. 11. 25. 42. 45.  7. 29.  1. 48. 21. 17.  9. 10. 20. 51. 31. 55. 30. 38. 46. 27. 56. 15. 23. 12. 16. 14. 33. 28.  5. 34. 19. 32. 35.  4.  0. 43. 40. 53. 41. 37. 54. 24.  6. 36.] 
53:[53. 40.  0. 43. 39. 27. 56. 38. 30. 18. 26. 50. 52.  8. 47. 54. 37. 22.  2. 49. 32.  5. 34. 19. 28. 12. 14. 33. 23.  4. 13.  6. 35.  3. 44. 25. 24. 16. 45. 11. 42. 17. 29.  7.  1. 41. 51. 48. 21. 55. 46. 15. 20.  9. 10. 36. 31.] 
54:[37. 54. 47. 50. 39. 17. 52. 22. 11.  1. 48. 18. 21. 26.  3. 44.  8. 49. 45. 23. 12. 20. 10. 15.  9. 29. 31. 16.  7. 46.  6. 35. 14. 33. 28.  5. 32. 34. 19. 42.  2.  4. 51. 24. 55. 30. 38. 25. 27. 56. 13. 36. 41. 53.  0. 43. 40.] 
55:[55. 29.  7.  6. 21.  1. 48. 17. 51. 44. 49. 52.  4.  3. 50. 13.  2.  8. 37. 54. 22. 47. 39. 41.  9. 45. 25. 31. 10. 46. 26. 18. 35. 32.  5. 34. 19. 14. 33. 16. 28. 30. 27. 56. 11. 12. 23. 42. 38.  0. 43. 53. 40. 15. 20. 24. 36.] 
56:[27. 30. 56. 38. 55. 53.  0. 43. 39. 40. 50. 18. 26.  6.  7. 28. 29. 32.  5. 34. 19. 14. 33. 23. 12.  8. 37. 22.  2. 52. 44.  3. 35. 47. 54. 11. 42. 16.  4. 13. 25. 45. 24. 20. 46. 15. 31. 10.  9. 49. 41. 51. 36. 17. 48.  1. 21.] 
POSCARS
EA157   2.927  2.927  5.064 106.78 73.22 119.98 Sym.group:  216
1.0
   2.9268130000000001   -0.0061000000000000    0.0118420000000000
  -1.4573590000000001    2.5381730000000000   -0.0117750000000000
   1.4405770000000000   -0.8361280000000000    4.7824660000000003
C Si
2 2
direct
   0.1811680000000000    0.8183610000000000    0.1865780000000000 C
   0.6810480000000000    0.3187240000000000    0.6865980000000000 C
   0.8062030000000000    0.1933240000000000    0.3113380000000000 Si
   0.3060940000000000    0.6936730000000000    0.8113290000000000 Si
EA54    2.431  2.432  3.419 89.93 89.92 60.01 Sym.group:  164
1.0
   2.4311050000000001   -0.0018390000000000   -0.0004700000000000
   1.2170589999999999    2.1050010000000001   -0.0004580000000000
   0.0054850000000000    0.0025470000000000    3.4190719999999999
C H
2 2
direct
   0.3421560000000000    0.8341480000000000    0.8283880000000000 C
   0.6756470000000000    0.1676600000000000    0.6961030000000000 C
   0.6762980000000000    0.1681510000000000    0.3806000000000000 H
   0.3415220000000000    0.8336330000000000    0.1438910000000000 H
EA104   2.393  7.779  2.394 90.76 62.10 81.30 Sym.group:  166
1.0
   2.3920650000000001    0.0650340000000000    0.0412650000000000
   0.9647100000000000    7.7172099999999997    0.1542300000000000
   1.0897640000000000   -0.2104310000000000    2.1206930000000002
C Cl
2 2
direct
   0.9111640000000000    0.3648850000000000    0.1786930000000000 C
   0.5753700000000000    0.3649480000000000    0.8429700000000000 C
   0.0196780000000000    0.6956360000000000    0.6201170000000000 Cl
   0.4567960000000000    0.0341320000000000    0.3925650000000000 Cl
EA273   3.267  5.262  3.275 72.09 89.92 72.14 Sym.group:  139
1.0
   3.2572770000000002   -0.2366790000000000   -0.0918090000000000
   1.9823670000000000    3.8341449999999999    3.0104280000000001
   0.0149660000000000   -1.0586789999999999    3.0996350000000001
Al S
2 2
direct
   0.8955780000000000    0.9574260000000000    0.0383110000000000 Al
   0.6404490000000000    0.4558070000000000    0.7833750000000000 Al
   0.1248000000000000    0.4889460000000000    0.2676990000000000 S
   0.4112270000000000    0.9242870000000000    0.5539870000000000 S
EA1     3.706  2.687  2.687 89.98 68.77 111.23 Sym.group:  139
1.0
   3.7063630000000001   -0.0127100000000000    0.0119180000000000
  -0.9640260000000000    2.5075820000000002   -0.0154630000000000
   0.9661270000000000    0.3877260000000000    2.4767039999999998
C B
2 2
direct
   0.2250170000000000    0.1202560000000000    0.8870150000000000 C
   0.7720690000000000    0.8942380000000000    0.1136900000000000 C
   0.4985170000000000    0.2574860000000000    0.2503560000000000 B
   0.4985700000000000    0.7570080000000000    0.7503500000000000 B
EA23    2.797  2.797  2.797 60.00 120.00 90.00 Sym.group:  225
1.0
   2.7970839999999999   -0.0019080000000000   -0.0005040000000000
   0.0019740000000000    2.7972070000000002    0.0004340000000000
  -1.3971169999999999    1.3991499999999999    1.9785990000000000
O Mg
1 1
direct
   0.6095090000000000    0.4019480000000000    0.1968680000000000 O
   0.1094800000000000    0.9018730000000000    0.1968580000000000 Mg
EA125   3.047  3.111  3.202 89.76 90.52 90.00 Sym.group:  129
1.0
   3.0467860000000000   -0.0000550000000000    0.0033390000000000
  -0.0000940000000000    3.1108709999999999   -0.0101860000000000
  -0.0328360000000000    0.0237280000000000    3.2015600000000002
H P
2 2
direct
   0.2426430000000000    0.7489150000000000    0.5106240000000000 H
   0.7460620000000000    0.2478020000000000    0.4908810000000000 H
   0.2442380000000000    0.7486159999999999    0.9688870000000001 P
   0.7444740000000000    0.2483850000000000    0.0326210000000000 P
EA351   3.101  4.005  3.168 89.75 90.00 89.84 Sym.group:  129
1.0
   3.1013400000000000   -0.0014890000000000    0.0003730000000000
   0.0128550000000000    4.0047420000000002   -0.0016520000000000
  -0.0004820000000000    0.0152050000000000    3.1680720000000000
F P
2 2
direct
   0.7378749999999999    0.9171750000000000    0.2530480000000000 F
   0.2378290000000000    0.0927400000000000    0.7519990000000000 F
   0.7508330000000000    0.5162980000000000    0.2485800000000000 P
   0.2511700000000000    0.4936080000000000    0.7513919999999999 P
EA197   2.847  2.845  5.780 75.79 75.77 60.12 Sym.group:  166
1.0
   2.8470230000000001    0.0280920000000000    0.0087170000000000
   1.3929590000000001    2.4807440000000001    0.0406380000000000
   1.3965620000000001    0.7523430000000000    5.5580829999999999
B S
2 2
direct
   0.9827570000000000    0.6458840000000000    0.2853540000000000 B
   0.0785050000000000    0.7424670000000000    0.9946940000000000 B
   0.7925930000000000    0.4566900000000000    0.8509330000000001 S
   0.2686690000000000    0.9316610000000000    0.4291140000000000 S
EA116   3.716  3.714  4.013 89.99 89.98 90.02 Sym.group:  123
1.0
   3.7163780000000002   -0.0053910000000000    0.0154880000000000
   0.0039180000000000    3.7143590000000000    0.0157850000000000
  -0.0152380000000000   -0.0163190000000000    4.0129180000000000
Na Mg
2 2
direct
   0.3733960000000000    0.8768629999999999    0.9967110000000000 Na
   0.8733960000000000    0.3768490000000000    0.9966699999999999 Na
   0.3732840000000000    0.3770070000000000    0.4963710000000000 Mg
   0.8732600000000000    0.8769950000000000    0.4963460000000000 Mg
EA51    4.796  2.354  4.879 90.01 119.41 90.00 Sym.group:  123
1.0
   4.7943530000000001    0.0034510000000000   -0.1058000000000000
  -0.0016520000000000    2.3544399999999999   -0.0011250000000000
  -2.3010370000000000   -0.0006120000000000    4.3019639999999999
Na Si
2 2
direct
   0.7457680000000000    0.7559950000000000    0.7465190000000000 Na
   0.2459260000000000    0.7541940000000000    0.7466760000000000 Na
   0.2460550000000000    0.2547740000000000    0.2466200000000000 Si
   0.7464430000000000    0.2548220000000000    0.2467900000000000 Si
EA95    2.819  2.835  3.702 89.97 89.92 119.80 Sym.group:  187
1.0
   2.8190840000000001   -0.0028790000000000   -0.0080200000000000
  -1.4061539999999999    2.4614129999999999   -0.0040410000000000
   0.0159180000000000    0.0177750000000000    3.7024219999999999
N Li
2 2
direct
   0.1551770000000000    0.8194080000000000    0.0768000000000000 N
   0.1540580000000000    0.8185680000000000    0.4189950000000000 N
   0.4866310000000000    0.4827560000000000    0.2473230000000000 Li
   0.8219990000000000    0.1529250000000000    0.7472940000000000 Li
EA119   2.508  2.508  4.329 89.99 89.99 60.01 Sym.group:  194
1.0
   1.2588120000000000   -2.1691220000000002    0.0047060000000000
   2.5082770000000001    0.0059160000000000    0.0021060000000000
  -0.0031460000000000    0.0062900000000000    4.3290970000000000
F Li
2 2
direct
   0.6648380000000000    0.6648790000000000    0.2534100000000000 F
   0.3314310000000000    0.3318450000000000    0.7534090000000000 F
   0.9980000000000000    0.9984980000000000    0.0034320000000000 Li
   0.9983980000000000    0.9984620000000000    0.5034570000000000 Li
EA16    2.634  2.632  5.796 77.11 89.87 119.64 Sym.group:  166
1.0
   2.5643349999999998   -0.5950740000000000    0.0862310000000000
  -0.7559740000000000    2.5187360000000001    0.1038400000000000
   0.0878040000000000    1.1436679999999999    5.6817510000000002
Al O
2 2
direct
   0.8713770000000000    0.2547800000000000    0.2520090000000000 Al
   0.3712730000000000    0.2545730000000000    0.7520200000000000 Al
   0.9803200000000000    0.4741660000000000    0.9259300000000000 O
   0.7625100000000000    0.0352760000000000    0.5780880000000000 O
EA161   4.663  3.307  3.307 90.00 90.00 90.00 Sym.group:  225
1.0
   4.6632980000000002   -0.0034580000000000    0.0014890000000000
   0.0022380000000000    3.3066650000000002   -0.0021100000000000
  -0.0009630000000000    0.0023220000000000    3.3070949999999999
Mg S
2 2
direct
   0.1267730000000000    0.7812550000000000    0.7745649999999999 Mg
   0.6280880000000000    0.2806070000000000    0.2750160000000000 Mg
   0.1280070000000000    0.2813220000000000    0.2745110000000000 S
   0.6270160000000000    0.7806980000000000    0.7749300000000000 S
EA120   2.598  2.598  7.015 89.99 90.00 90.12 Sym.group:  123
1.0
   2.5977730000000001    0.0045990000000000    0.0007530000000000
  -0.0099900000000000    2.5976319999999999   -0.0048070000000000
  -0.0022590000000000    0.0136650000000000    7.0149210000000002
Na S
2 2
direct
   0.2562920000000000    0.7504700000000000    0.2723070000000000 Na
   0.2587670000000000    0.7522600000000000    0.7722890000000000 Na
   0.7580800000000000    0.2533620000000000    0.0222570000000000 S
   0.7573110000000000    0.2499810000000000    0.5222440000000000 S
EA9     3.535  3.538  4.372 66.13 113.84 89.99 Sym.group:  141
1.0
   3.5016240000000001    0.4839560000000000   -0.0003920000000000
  -0.4839390000000000    3.5051120000000000    0.0003880000000000
  -1.9923460000000000    1.5102000000000000    3.5864750000000001
Al Si
2 2
direct
   0.7532250000000000    0.7507960000000000    0.4994310000000000 Al
   0.0030600000000000    0.0009340000000000    0.9991090000000000 Al
   0.5033750000000000    0.5006130000000000    0.9997300000000000 Si
   0.2529090000000000    0.2511170000000000    0.4988110000000000 Si
EA128   2.434  2.435  3.699 70.87 109.14 119.97 Sym.group:  166
1.0
   2.4335160000000000    0.0063920000000000   -0.0327730000000000
  -1.2215300000000000    2.1059269999999999    0.0282300000000000
  -1.1679610000000000    0.6774920000000000    3.4434990000000001
C H
2 2
direct
   0.6287880000000000    0.1051270000000000    0.8125530000000000 C
   0.2516170000000000    0.4822160000000000    0.6810370000000000 C
   0.1471790000000000    0.5860860000000000    0.3666050000000000 H
   0.7332090000000000    0.0006370000000000    0.1269880000000000 H
EA272   2.821  2.821  5.546 89.92 90.16 119.84 Sym.group:  164
1.0
   2.8214020000000000    0.0030940000000000    0.0052530000000000
  -1.4062340000000000    2.4455480000000001    0.0005210000000000
  -0.0261630000000000   -0.0068980000000000    5.5460919999999998
F Mg
2 2
direct
   0.3251680000000000    0.6632720000000000    0.6423250000000000 F
   0.6577290000000000    0.3290550000000000    0.3590160000000000 F
   0.3229400000000000    0.6630130000000000    0.1933900000000000 Mg
   0.6598600000000000    0.3292440000000000    0.8079980000000000 Mg
EA96    3.064  3.065  3.065 60.02 60.02 60.02 Sym.group:  225
1.0
   1.5412220000000001   -2.6484809999999999    0.0005390000000000
   3.0644819999999999    0.0113070000000000    0.0178740000000000
   1.5201570000000000   -0.8868710000000000    2.5093260000000002
Cl Li
1 1
direct
   0.2629950000000000    0.8232710000000000    0.1687850000000000 Cl
   0.7628950000000000    0.3232900000000000    0.6687460000000000 Li
EA7     3.625  3.625  3.332 90.00 90.00 90.00 Sym.group:  123
1.0
   3.6252330000000001   -0.0011210000000000    0.0003220000000000
   0.0011950000000000    3.6252190000000000    0.0016460000000000
  -0.0002880000000000   -0.0015150000000000    3.3316040000000000
Mg Li
2 2
direct
   0.6201150000000000    0.6232880000000000    0.6368300000000000 Mg
   0.1202830000000000    0.1232430000000000    0.6365030000000000 Mg
   0.1199110000000000    0.6231380000000000    0.1366970000000000 Li
   0.6202810000000000    0.1232470000000000    0.1366900000000000 Li
EA234   2.476  6.391  2.456 90.00 60.28 89.97 Sym.group:  164
1.0
   2.4750260000000002   -0.0062980000000000    0.0572400000000000
   0.0189790000000000    6.3906120000000000    0.0264730000000000
   1.1678649999999999   -0.0125390000000000    2.1603850000000002
C S
2 2
direct
   0.5648450000000000    0.5029420000000000    0.8426000000000000 C
   0.2307140000000000    0.4300220000000000    0.5095570000000000 C
   0.2308010000000000    0.1483580000000000    0.5094280000000000 S
   0.5649220000000000    0.7846050000000000    0.8424650000000000 S
EA237   3.077  3.077  6.387 103.80 103.81 60.08 Sym.group:  166
1.0
   1.5414200000000000    2.6636389999999999    0.0010510000000000
  -1.5398769999999999    2.6643400000000002   -0.0072570000000000
  -0.0179460000000000   -1.7529170000000001    6.1412370000000003
S Si
2 2
direct
   0.8843330000000000    0.1459110000000000    0.9263890000000000 S
   0.1010140000000000    0.3622070000000000    0.5762550000000000 S
   0.7013260000000000    0.9626040000000000    0.3776210000000000 Si
   0.2840180000000000    0.5455179999999999    0.1250220000000000 Si
EA40    3.302  3.304  5.255 90.00 90.00 119.97 Sym.group:  194
1.0
   3.3019690000000002    0.0002330000000000   -0.0010690000000000
  -1.6505240000000001    2.8620000000000001   -0.0003000000000000
   0.0014970000000000    0.0013480000000000    5.2548159999999999
Al P
2 2
direct
   0.9987549999999999    0.0054590000000000    0.9985550000000000 Al
   0.9988020000000000    0.0054790000000000    0.4985540000000000 Al
   0.6655219999999999    0.3390830000000000    0.7485600000000000 P
   0.3320310000000000    0.6718530000000000    0.2485520000000000 P
EA114   4.141  4.141  4.162 60.89 119.12 88.62 Sym.group:  141
1.0
   2.0541250000000000    3.5947680000000002    0.0624260000000000
  -2.0546489999999999    1.2305200000000001    3.3777879999999998
   0.0434070000000000   -2.4165770000000002    3.3888379999999998
Al Na
2 2
direct
   0.6281440000000000    0.2378450000000000    0.7580070000000000 Al
   0.3775850000000000    0.9872760000000000    0.2580290000000000 Al
   0.1281480000000000    0.7376060000000000    0.7579740000000000 Na
   0.8776800000000000    0.4874720000000000    0.2579760000000000 Na
EA457   2.538  4.866  2.529 89.78 90.08 90.74 Sym.group:  131
1.0
   2.5343619999999998   -0.0775900000000000   -0.1045540000000000
   0.0872620000000000    4.8646839999999996    0.0205710000000000
   0.1004480000000000   -0.0026590000000000    2.5265949999999999
N P
2 2
direct
   0.3688340000000000    0.2693370000000000    0.7484910000000000 N
   0.3826040000000000    0.7683140000000001    0.7478790000000000 N
   0.3758940000000000    0.5188230000000000    0.2481900000000000 P
   0.8756720000000000    0.0188370000000000    0.7481139999999999 P
EA88    2.997  2.995  6.979 90.01 90.09 119.93 Sym.group:  164
1.0
   2.9968309999999998   -0.0235090000000000    0.0037260000000000
  -1.4738770000000001    2.6074269999999999    0.0030110000000000
  -0.0203500000000000   -0.0214480000000000    6.9790400000000004
Cl Mg
2 2
direct
   0.0072470000000000    0.9945030000000000    0.0901720000000000 Cl
   0.3412810000000000    0.6617450000000000    0.7858309999999999 Cl
   0.3416280000000000    0.6614900000000000    0.2944480000000000 Mg
   0.0067290000000000    0.9948920000000000    0.5815460000000000 Mg
EA14    2.461  2.461  4.073 90.00 90.00 120.00 Sym.group:  186
1.0
   2.4611839999999998    0.0001860000000000   -0.0017710000000000
  -1.2306960000000000    2.1314380000000002    0.0008860000000000
   0.0031600000000000    0.0000000000000000    4.0726279999999999
N B
2 2
direct
   0.6728370000000000    0.3458740000000000    0.1324850000000000 N
   0.3397440000000000    0.6799690000000000    0.6324850000000000 N
   0.3395030000000000    0.6792210000000000    0.0064780000000000 B
   0.6730610000000000    0.3466200000000000    0.5064770000000000 B
EA21    3.181  3.224  3.224 119.21 119.52 60.48 Sym.group:  225
1.0
   3.1807430000000001    0.0060770000000000   -0.0043340000000000
   1.5832590000000000    2.8086280000000001    0.0022880000000000
  -1.5833900000000001   -0.9159920000000000    2.6552099999999998
P Si
1 1
direct
   0.9917700000000000    0.9975650000000000    0.0039190000000000 P
   0.4917320000000000    0.4975890000000000    0.5038930000000000 Si
EA123   5.647  3.102  3.101 90.00 90.03 90.01 Sym.group:  129
1.0
   5.6474359999999999   -0.0058580000000000    0.0235360000000000
   0.0028310000000000    3.1019470000000000   -0.0016190000000000
  -0.0143380000000000    0.0016730000000000    3.1010089999999999
Cl P
2 2
direct
   0.0491200000000000    0.8893030000000000    0.6548640000000000 Cl
   0.3445530000000000    0.3894800000000000    0.1569170000000000 Cl
   0.6991170000000000    0.8893890000000000    0.6615680000000000 P
   0.6945690000000000    0.3892620000000000    0.1612970000000000 P
EA44    4.779  2.927  2.927 120.00 90.00 90.00 Sym.group:  186
1.0
   4.7790809999999997    0.0008700000000000   -0.0018400000000000
   0.0005610000000000    1.4653570000000000    2.5338599999999998
   0.0004210000000000   -2.9273020000000001    0.0022770000000000
C Si
2 2
direct
   0.6606140000000000    0.2257710000000000    0.0608910000000000 C
   0.1606130000000000    0.5590180000000000    0.7274750000000000 C
   0.5375470000000000    0.5591000000000000    0.7275160000000001 Si
   0.0375470000000000    0.2256490000000000    0.0608140000000000 Si
EA56    2.543  4.045  2.494 90.00 89.96 90.00 Sym.group:  123
1.0
   2.5430709999999999    0.0003640000000000   -0.0105260000000000
  -0.0005950000000000    4.0454439999999998   -0.0003850000000000
   0.0122430000000000    0.0002370000000000    2.4935969999999998
Al Mg
1 1
direct
   0.0410140000000000    0.6772810000000000    0.1313260000000000 Al
   0.5412470000000000    0.1772920000000000    0.6312200000000000 Mg
EA21    2.552  2.552  2.552 60.00 90.00 120.00 Sym.group:  225
1.0
   1.2773699999999999    1.2758929999999999   -1.8042149999999999
  -1.2757680000000000    1.2766130000000000    1.8047700000000000
   1.2766960000000001    1.2750390000000000    1.8053770000000000
F Li
1 1
direct
   0.7466190000000000    0.4931490000000000    0.7566740000000000 F
   0.2466160000000000    0.4931440000000000    0.2566920000000000 Li
EA11    3.320  3.330  3.323 60.43 119.70 119.61 Sym.group:  225
1.0
   3.3203900000000002    0.0230500000000000   -0.0013930000000000
  -1.6563500000000000    1.6711760000000000    2.3568050000000000
  -1.6336679999999999   -1.6770050000000001    2.3577640000000000
Cl Na
1 1
direct
   0.4963550000000000    0.5034310000000000    0.4894050000000000 Cl
   0.9965030000000000    0.0034120000000000    0.9897200000000000 Na
EA1     2.891  2.880  4.081 89.57 90.09 90.00 Sym.group:  225
1.0
   2.8911319999999998   -0.0003270000000000    0.0019110000000000
   0.0002030000000000    2.8802469999999998   -0.0082450000000000
  -0.0088840000000000    0.0424570000000000    4.0804640000000001
F Na
2 2
direct
   0.3711040000000000    0.8696680000000000    0.9639440000000000 F
   0.8750260000000000    0.3707220000000000    0.4635940000000000 F
   0.8712290000000000    0.3703310000000000    0.9633980000000000 Na
   0.3753950000000000    0.8713330000000000    0.4642500000000000 Na
EA331   2.306  7.981  2.306 81.81 90.98 81.88 Sym.group:  139
1.0
   2.3060179999999999   -0.0191640000000000    0.0109330000000000
   1.1929110000000001    7.8913110000000000    0.0912200000000000
  -0.0476260000000000    0.3131370000000000    2.2843969999999998
Cl O
2 2
direct
   0.9650240000000000    0.5409830000000000    0.7703310000000000 Cl
   0.3100490000000000    0.8480290000000000    0.1187680000000000 Cl
   0.6754660000000000    0.1180990000000000    0.4831730000000000 O
   0.5996020000000000    0.2709490000000000    0.4061410000000000 O
EA115   3.872  3.872  3.872 90.03 119.99 119.98 Sym.group:  227
1.0
   0.0885970000000000   -2.2011989999999999   -3.1837399999999998
   1.8915800000000000    3.3775230000000001    0.0702230000000000
   1.8911380000000000   -1.1273070000000001    3.1854429999999998
Al Li
2 2
direct
   0.6172470000000000    0.8650330000000001    0.1149040000000000 Al
   0.1173490000000000    0.6150020000000000    0.3650230000000000 Al
   0.6173140000000000    0.3650650000000000    0.6149790000000001 Li
   0.1173030000000000    0.1150330000000000    0.8650220000000000 Li
EA7     2.948  2.944  3.616 89.99 66.16 60.06 Sym.group:  166
1.0
   1.4841850000000001    2.5475240000000001    0.0100190000000000
  -1.4640850000000001    2.5535790000000000   -0.0250440000000000
   1.4244509999999999    0.8490500000000000    3.2129509999999999
B Li
2 2
direct
   0.8114250000000000    0.0247860000000000    0.4788280000000000 B
   0.4544910000000000    0.7026990000000000    0.5085790000000000 B
   0.3658470000000000    0.2473590000000000    0.1431600000000000 Li
   0.9000990000000000    0.4801040000000000    0.8442120000000000 Li
EA307   2.968  2.968  4.637 90.00 90.00 60.00 Sym.group:  186
1.0
   2.9680460000000002    0.0000440000000000    0.0000690000000000
   1.4838750000000001    2.5703659999999999   -0.0000850000000000
  -0.0001050000000000    0.0002080000000000    4.6365189999999998
Al N
2 2
direct
   0.3404440000000000    0.3333520000000000    0.1944030000000000 Al
   0.6736060000000000    0.6667860000000000    0.6944030000000000 Al
   0.6737930000000000    0.6666800000000001    0.3048440000000000 N
   0.3402560000000000    0.3334590000000000    0.8048440000000000 N
EA114   2.436  2.439  5.169 77.55 76.80 60.13 Sym.group:  160
1.0
   2.4355069999999999    0.0326110000000000    0.0116820000000000
   1.1858379999999999    2.1292949999999999    0.0868090000000000
   1.1506099999999999    0.4304810000000000    5.0213619999999999
C Li
2 2
direct
   0.5081329999999999    0.2797530000000000    0.7069520000000000 C
   0.1531480000000000    0.9274030000000000    0.7711570000000000 C
   0.3870170000000000    0.1686560000000000    0.0696140000000000 Li
   0.9309630000000000    0.7045960000000000    0.4353600000000000 Li
EA56    2.928  2.929  2.928 90.03 60.02 60.01 Sym.group:  216
1.0
   0.0455560000000000    1.6759340000000000    2.4007429999999998
  -1.4371959999999999    2.5516440000000000    0.0313810000000000
  -1.4453450000000001   -0.8452490000000000    2.4025780000000001
Al N
1 1
direct
   0.6233730000000000    0.5289710000000000    0.0214460000000000 Al
   0.1234450000000000    0.2789120000000000    0.2714300000000000 N
EA121   2.396  2.396  7.158 90.00 89.95 120.00 Sym.group:  191
1.0
   2.3963960000000002   -0.0031500000000000    0.0044340000000000
  -1.1953890000000000    2.0769579999999999    0.0003370000000000
  -0.0075610000000000   -0.0050310000000000    7.1579179999999996
F Si
2 2
direct
   0.2383830000000000    0.2455900000000000    0.2484410000000000 F
   0.2359420000000000    0.2482310000000000    0.7484380000000000 F
   0.2369940000000000    0.2440530000000000    0.9984350000000000 Si
   0.2372740000000000    0.2445330000000000    0.4984360000000000 Si
EA123   2.535  2.527  3.977 89.99 90.07 119.86 Sym.group:  187
1.0
   2.5352350000000001   -0.0039460000000000    0.0074930000000000
  -1.2548630000000001    2.1937220000000002   -0.0008400000000000
  -0.0165430000000000   -0.0073010000000000    3.9769760000000001
Na Li
1 1
direct
   0.6553780000000000    0.8328730000000000    0.9985810000000001 Na
   0.3173680000000000    0.1660210000000000    0.4986180000000000 Li
EA147   2.996  2.999  5.178 73.37 73.35 60.38 Sym.group:  216
1.0
   1.4932460000000001   -2.5971039999999999    0.0180820000000000
   2.9985070000000000    0.0145310000000000    0.0061030000000000
   1.4761340000000001   -0.8287470000000000    4.8930449999999999
B P
2 2
direct
   0.9908850000000000    0.6463530000000000    0.3190910000000000 B
   0.4906340000000000    0.1463590000000000    0.8190930000000000 B
   0.3659650000000000    0.0219840000000000    0.1948480000000000 P
   0.8657210000000000    0.5219900000000000    0.6948470000000000 P
EA114   2.546  2.586  4.018 108.38 72.25 89.09 Sym.group:  139
1.0
   2.5375939999999999   -0.1679290000000000    0.1117830000000000
   0.2128880000000000    2.5775969999999999   -0.0226080000000000
   0.9802280000000000   -1.3202320000000001    3.6662240000000001
N Li
2 2
direct
   0.1015080000000000    0.9211620000000000    0.8257960000000000 N
   0.9305960000000000    0.0943010000000000    0.1707700000000000 N
   0.6756560000000000    0.3464750000000000    0.6766320000000000 Li
   0.3564550000000000    0.6689889999999999    0.3199300000000000 Li
EA157   2.807  2.816  4.033 89.95 89.95 90.03 Sym.group:  129
1.0
   2.8074729999999999   -0.0032640000000000   -0.0067820000000000
   0.0018600000000000    2.8159280000000000   -0.0100890000000000
   0.0134650000000000    0.0178050000000000    4.0326240000000002
H Mg
2 2
direct
   0.5009270000000000    0.9999690000000000    0.5022910000000000 H
   0.0013910000000000    0.4996800000000000    0.5002259999999999 H
   0.5010930000000000    0.4997960000000000    0.7722059999999999 Mg
   0.0011210000000000    0.9999340000000000    0.2303930000000000 Mg
EA183   3.274  4.078  3.274 113.11 89.94 66.91 Sym.group:  123
1.0
   3.2736410000000000    0.0279210000000000    0.0009370000000000
   1.5674539999999999    3.7643650000000002   -0.0583620000000000
   0.0141150000000000   -1.3513850000000001    2.9816490000000000
Li P
2 2
direct
   0.5992670000000000    0.3271760000000000    0.0132770000000000 Li
   0.0992620000000000    0.3271960000000000    0.5133050000000000 Li
   0.3492850000000000    0.8271849999999999    0.7632910000000001 P
   0.8492810000000000    0.8271849999999999    0.2632960000000000 P
EA275   2.813  2.813  6.299 89.87 102.79 60.12 Sym.group:  166
1.0
   1.4122960000000000    2.4327350000000001    0.0061990000000000
  -1.4056450000000000    2.4363750000000000    0.0073130000000000
  -1.4058700000000000   -0.8123250000000000    6.0864279999999997
Be Cl
2 2
direct
   0.0196630000000000    0.5948790000000000    0.4055390000000000 Be
   0.5253679999999999    0.8440730000000000    0.6624949999999999 Be
   0.9806180000000000    0.1164900000000000    0.8455670000000000 Cl
   0.5644380000000000    0.3224570000000000    0.2224670000000000 Cl
EA42    2.373  2.438  5.375 90.00 89.98 118.99 Sym.group:  164
1.0
   2.3728449999999999    0.0017580000000000    0.0018850000000000
  -1.1829810000000001    2.1316980000000001    0.0027840000000000
  -0.0026280000000000   -0.0089390000000000    5.3747319999999998
B F
2 2
direct
   0.3318400000000000    0.6786630000000000    0.4160780000000000 B
   0.6593900000000000    0.3319520000000000    0.2351630000000000 B
   0.3325880000000000    0.6808870000000000    0.6559490000000000 F
   0.6586720000000000    0.3293930000000000    0.9952190000000000 F
EA122   2.299  2.300  5.353 78.11 78.18 91.13 Sym.group:  119
1.0
   2.2980659999999999    0.0132250000000000    0.0445870000000000
  -0.0595190000000000    2.2991299999999999    0.0385930000000000
   0.9902910000000000    1.0422790000000000    5.1564310000000004
Be F
2 2
direct
   0.2011110000000000    0.6964960000000000    0.3515380000000000 Be
   0.5527060000000000    0.0476460000000000    0.6509460000000000 Be
   0.2936260000000000    0.2861760000000000    0.1689330000000000 F
   0.9633400000000000    0.9549150000000000    0.8336710000000001 F
EA162   2.786  5.246  2.786 89.97 60.01 89.97 Sym.group:  156
1.0
   2.7858489999999998    0.0005360000000000    0.0050360000000000
   0.0016580000000000    5.2455730000000003    0.0213140000000000
   1.3884850000000000   -0.0086630000000000    2.4157860000000002
Al B
2 2
direct
   0.6532000000000000    0.0453550000000000    0.6908510000000000 Al
   0.9858230000000000    0.4236990000000000    0.0255270000000000 Al
   0.9867130000000000    0.7988150000000001    0.0247820000000000 B
   0.3200040000000000    0.7423149999999999    0.3582820000000000 B
EA249   2.454  6.556  2.485 100.79 119.58 90.04 Sym.group:  166
1.0
   1.2814310000000000   -0.1711160000000000    2.0857070000000002
   1.0717589999999999    6.4662269999999999   -0.1339620000000000
  -2.4832390000000002   -0.0587060000000000    0.0775350000000000
C S
2 2
direct
   0.3963970000000000    0.1809760000000000    0.8246200000000000 C
   0.7530120000000000    0.2541730000000000    0.5373910000000000 C
   0.3019730000000000    0.9008180000000000    0.6390050000000000 S
   0.8456930000000000    0.5343320000000000    0.7220100000000000 S
EA268   2.874  2.873  6.121 89.71 90.32 119.87 Sym.group:  164
1.0
   2.8744070000000002   -0.0061880000000000    0.0068930000000000
  -1.4253830000000001    2.4946869999999999   -0.0017290000000000
  -0.0491440000000000    0.0120510000000000    6.1205809999999996
Be Cl
2 2
direct
   0.9931480000000000    0.0035690000000000    0.1559510000000000 Be
   0.9977680000000000    0.0010590000000000    0.8496060000000000 Be
   0.3303930000000000    0.6685950000000001    0.6854789999999999 Cl
   0.6605470000000000    0.3360420000000000    0.3201440000000000 Cl
EA97    4.276  2.469  2.469 119.97 73.24 106.76 Sym.group:  216
1.0
   4.2761579999999997    0.0215250000000000    0.0394400000000000
  -0.7002260000000000    1.2684359999999999   -1.9996860000000001
   0.6871410000000000    1.2016739999999999    2.0448279999999999
N B
2 2
direct
   0.6083840000000000    0.6889510000000000    0.8151490000000000 N
   0.1083840000000000    0.1885460000000000    0.3157960000000000 N
   0.9834430000000000    0.8135540000000000    0.6908970000000000 B
   0.4834420000000000    0.3139750000000000    0.1902190000000000 B
EA73    2.789  5.243  2.809 91.06 60.23 105.42 Sym.group:  166
1.0
   1.3985540000000001   -0.3513360000000000    2.3871799999999999
  -1.4309570000000000    5.0436110000000003   -0.0478810000000000
  -1.4091160000000000   -0.4309690000000000    2.3911660000000001
Al B
2 2
direct
   0.8150870000000000    0.2544920000000000    0.2685300000000000 Al
   0.4180680000000000    0.6509380000000000    0.4598690000000000 Al
   0.2867430000000000    0.9585540000000000    0.0297150000000000 B
   0.9464220000000000    0.9468760000000001    0.6986730000000000 B
EA37    2.292  2.292  6.496 80.22 99.77 119.46 Sym.group:  160
1.0
   2.2919470000000000    0.0024120000000000   -0.0190910000000000
  -1.1291789999999999    1.9945290000000000    0.0090090000000000
  -1.0500389999999999    0.6442890000000000    6.3776999999999999
O N
2 2
direct
   0.2241560000000000    0.7810360000000000    0.1617740000000000 O
   0.7211400000000000    0.2779780000000000    0.6617980000000000 O
   0.2821760000000000    0.7230350000000000    0.3399740000000000 N
   0.7791709999999999    0.2199780000000000    0.8400069999999999 N
EA9     2.558  2.558  4.154 90.00 90.00 120.00 Sym.group:  186
1.0
   1.2797879999999999   -2.2145630000000001    0.0001290000000000
   1.2780560000000001    2.2155209999999999   -0.0019060000000000
   0.0026940000000000    0.0021730000000000    4.1543720000000004
O Be
2 2
direct
   0.3187550000000000    0.6586500000000000    0.1303500000000000 O
   0.6521370000000000    0.3252110000000000    0.6303460000000000 O
   0.6520600000000000    0.3252690000000000    0.0078250000000000 Be
   0.3187180000000000    0.6585320000000000    0.5077120000000001 Be
