NUMBER OF TEMPLATES 25
COMPOSITION A 4 B
pairs , SPACEGROUPS 
[Al F] , 160 
[Na C] , 87 
[Al Be] , 123 
[O B] , 119 
[S Cl] , 123 
[O F] , 191 
[Mg O] , 123 
[O Li] , 139 
[Be S] , 156 
[S Mg] , 140 
[Be H] , 87 
[Cl C] , 121 
[H C] , 137 
[Mg C] , 221 
[Be F] , 139 
[Na N] , 97 
[Be Li] , 166 
[C F] , 166 
[Mg S] , 87 
[Li Be] , 87 
[Al Cl] , 129 
[Al N] , 164 
[N Na] , 123 
[P Na] , 166 
[Li Cl] , 129 
RANKING VECTORS ENTHALPIES
0:[-180.85261167 -180.80564611 -180.73199321 -180.69007402 -180.62744363 -180.61252364 -180.6103754  -180.52439125 -180.51518493 -180.48097711 -180.47108555 -180.41666165 -180.41539664 -180.41506863 -180.39695991 -180.37138742 -180.34607656 -180.28395793 -180.05487673 -180.01965067 -179.97838592 -179.51284552 -179.48203845 -179.47261592 -179.3263136 ] 
1:[-1022.4458906  -1022.44454397 -1022.44282462 -1022.44280307 -1022.44089564 -1022.43609525 -1022.36892695 -1022.28349184 -1022.14214065 -1022.11811536 -1022.00644149 -1021.990442 -1021.95088954 -1021.92681363 -1021.90914112 -1021.85099318 -1021.83036406 -1021.83000333 -1021.69957849 -1021.59635521 -1021.57510778 -1021.54723179 -1021.38859598 -1021.27826142 -1020.90220937] 
2:[-122.41052848 -122.37156803 -122.31616897 -122.29402059 -122.28454303 -122.28302632 -122.2783331  -122.21624067 -122.19696691 -122.16282467 -122.11713855 -122.01027722 -121.99047651 -121.92287354 -121.81633054 -121.80199663 -121.79699231 -121.79219238 -121.78940009 -121.78606756 -121.7759939  -121.76387231 -121.71443129 -121.66827155 -121.23036843] 
3:[-372.53879588 -371.80225671 -371.78941432 -371.71737317 -371.64493495 -371.63972478 -371.61551089 -371.57081406 -371.55686951 -371.4863329 -371.36786213 -371.32814606 -371.32609766 -371.30942633 -371.30752937 -371.22487978 -371.22162736 -371.20595678 -371.16364234 -371.04394223 -370.93650409 -370.9025325  -370.87147171 -370.50504987 -370.43888889] 
4:[-324.20832488 -324.19716156 -324.19387612 -324.1719627  -324.15129197 -324.15077272 -324.14788183 -324.14155848 -324.12178601 -324.11832007 -324.11775029 -324.08913164 -324.08743286 -324.07729422 -324.06560741 -324.03373266 -324.01098639 -323.99421559 -323.92697624 -323.90676679 -323.83011571 -323.80036426 -323.59259983 -323.51326217 -322.83901176] 
5:[-489.03220553 -488.98334449 -488.84273962 -488.79013537 -488.77356333 -488.73265385 -488.70440268 -488.64076992 -488.63305038 -488.19934882 -488.18151527 -487.99928374 -487.94080643 -487.91483235 -487.83284841 -487.76605613 -487.75128397 -487.70714244 -487.7011129  -487.63433469 -487.58464559 -487.56792587 -487.51331653 -487.38448394 -486.40600818] 
6:[-1378.71592182 -1378.66343482 -1378.60296545 -1378.60219197 -1378.50200931 -1378.50022071 -1378.48197361 -1378.34301807 -1378.34277139 -1378.2886862  -1378.24011695 -1378.20353873 -1378.11831532 -1378.10829245 -1378.10397381 -1378.01091755 -1377.92599007 -1377.88777611 -1377.88493306 -1377.86547848 -1377.86142647 -1377.61939367 -1377.50417959 -1376.9481694 -1376.57722402] 
7:[-395.52143033 -395.43037308 -395.39758577 -395.18440233 -395.06375363 -395.06146794 -395.01791141 -394.78864733 -394.68736452 -394.59131048 -394.5854132  -394.46292427 -394.45197304 -394.33775171 -394.32152909 -394.27714476 -394.27037656 -394.21886528 -394.14829101 -394.14697405 -394.12483098 -394.04065975 -393.57151464 -393.44930701 -393.41510185] 
8:[-360.99812396 -360.95772833 -360.84862812 -360.78839474 -360.7809153 -360.78003742 -360.76661847 -360.76495407 -360.71105309 -360.69361401 -360.68552297 -360.63590813 -360.57179832 -360.56161616 -360.53997187 -360.50122565 -360.45524534 -360.42558287 -360.35428602 -360.33435257 -360.31293517 -360.28760852 -360.22754934 -359.97951576 -359.46894252] 
9:[-558.85776856 -558.75427339 -558.73725509 -558.66116819 -558.65574815 -558.6275269  -558.60885571 -558.58824619 -558.58145613 -558.55969164 -558.54758041 -558.54251514 -558.53649243 -558.53437457 -558.44116562 -558.39714485 -558.32252256 -558.3215557  -558.30799864 -558.26089716 -558.22165195 -558.18183153 -557.96339401 -557.88980929 -557.38499364] 
10:[-304.74463961 -304.64326077 -304.63860557 -304.61056449 -304.60252566 -304.57427755 -304.55920627 -304.55766692 -304.55029671 -304.5480086 -304.51357966 -304.509735   -304.49872677 -304.49767284 -304.49602513 -304.46885042 -304.42915857 -304.40984134 -304.38997571 -304.32860795 -304.21154358 -303.68125427 -303.67465746 -303.66057485 -303.53659936] 
11:[-384.8165077  -384.80466244 -384.56620263 -384.29255991 -384.09320841 -384.07469309 -384.0503878  -383.95883598 -383.9484091  -383.90944494 -383.90184837 -383.87880128 -383.8745746  -383.82781553 -383.81368108 -383.80294522 -383.67612799 -383.63584548 -383.59452665 -383.51047585 -383.50796678 -383.29572857 -383.27782321 -383.27731901 -382.61234057] 
12:[-44.1864223  -44.17757265 -43.96414466 -43.67265161 -43.6293572 -43.61486049 -43.55644485 -43.47310796 -43.46971947 -43.37512635 -43.37079758 -43.35005576 -43.24973371 -43.21767041 -43.20390387 -43.18541228 -43.16805486 -43.14899179 -43.12061676 -43.11736856 -43.10001827 -43.09203076 -42.90166559 -42.69204253 -42.64472392] 
13:[-1320.60093933 -1320.45507243 -1320.45196845 -1320.44912907 -1320.44725661 -1320.4462699  -1320.44524687 -1320.43890673 -1320.43279262 -1320.42252101 -1320.40008654 -1320.37457718 -1320.37012873 -1320.34802054 -1320.34599464 -1320.32600291 -1320.31573624 -1320.28996422 -1320.28922878 -1319.8066037 -1319.72702594 -1319.56658874 -1319.51480656 -1319.26199493 -1319.05643452] 
14:[-435.6984263  -435.56250537 -435.54637444 -435.4731438  -435.41451113 -435.3597978  -435.33482745 -435.32978198 -435.21724074 -435.14226745 -435.12021182 -435.11583851 -435.09240748 -435.05736359 -434.9794649 -434.91686492 -434.89987189 -434.79954338 -434.54387616 -434.46395344 -434.34001901 -434.33232717 -434.25584938 -434.24997671 -433.88463638] 
15:[-1046.60990856 -1046.60987698 -1046.60873131 -1046.60846183 -1046.57904058 -1046.53571415 -1046.38974741 -1046.3884005 -1046.3687713  -1046.36301041 -1046.34463336 -1046.33867628 -1046.32751517 -1046.30085263 -1046.30062071 -1046.29115898 -1046.27781038 -1046.08871306 -1046.08648076 -1046.00646279 -1045.86335334 -1045.77200724 -1045.64212827 -1045.29096854 -1044.87089568] 
16:[-340.48712376 -340.44641306 -340.44094699 -340.41935654 -340.39148063 -340.36161136 -340.34625571 -340.30100985 -340.28297567 -340.27769122 -340.24326466 -340.17344922 -340.07814217 -340.07294058 -340.02110477 -340.01053913 -339.86943652 -339.78625171 -339.72561507 -339.58385304 -339.49811318 -339.48690712 -339.46379938 -339.35389188 -338.99430148] 
17:[-263.08181179 -262.52064348 -262.42428928 -262.36509832 -262.34986286 -262.28446728 -261.84485239 -261.69216374 -261.38871229 -261.09884243 -260.9474721  -260.92537983 -260.69019781 -260.64586143 -260.62562298 -260.62483869 -260.6072649  -260.5138532  -260.33593492 -260.16310183 -260.00562784 -259.72827719 -259.70571319 -258.99381938 -257.51166595] 
18:[-1347.93303218 -1347.91827493 -1347.85230063 -1347.85063987 -1347.84772065 -1347.84506992 -1347.72647357 -1347.71096136 -1347.6798656  -1347.67786301 -1347.64671896 -1347.64596165 -1347.61489458 -1347.59944663 -1347.49422176 -1347.44904644 -1347.41822861 -1347.37714623 -1347.26811443 -1347.26781472 -1347.26172128 -1347.25863673 -1347.1997183  -1347.07458922 -1346.75542727] 
19:[-229.34913126 -229.32310054 -229.30939438 -229.3078797  -229.29880439 -229.29755794 -229.27955812 -229.25716274 -229.25014689 -229.2424581 -229.21519355 -229.17181786 -229.10330924 -229.10222199 -229.0429837 -229.01246284 -228.99252183 -228.98964093 -228.93906309 -228.90864177 -228.84595232 -228.83165066 -228.79938636 -228.77931965 -228.48300185] 
20:[-135.34987041 -135.24321331 -135.2132943  -135.1932337  -135.16407602 -135.07112492 -135.06777669 -135.06394116 -135.04791838 -135.02237279 -135.01968453 -135.00776831 -134.93962804 -134.89454805 -134.87085049 -134.86570654 -134.76696642 -134.63393007 -134.29795254 -134.28729133 -134.189439   -134.15648562 -134.12511212 -134.11024319 -133.78131913] 
21:[-103.58730491 -103.57552013 -103.5237773  -103.41992452 -103.2064436 -103.16187289 -103.15021056 -103.11163141 -103.09387906 -103.08223114 -103.06220694 -103.04156192 -103.02223196 -102.89286615 -102.82620079 -102.75568356 -102.69797529 -102.63932203 -102.58795805 -102.50686961 -102.3827044  -102.37960347 -102.37564589 -102.3370574  -101.3038897 ] 
22:[-471.21870802 -471.18791649 -471.12013331 -471.07443943 -471.06603822 -471.0285043  -470.89461219 -470.8814021  -470.75268673 -470.68628185 -470.17662203 -470.07930782 -469.98484072 -469.96914794 -469.93220145 -469.80663968 -469.5672531  -469.36047918 -469.3258073  -469.26993393 -469.19534894 -469.03339982 -468.99364218 -468.98839687 -466.51738136] 
23:[-394.9866048  -394.97904263 -394.91205757 -394.89559499 -394.89119932 -394.8833893  -394.85533203 -394.85099065 -394.8505596  -394.8418122 -394.81947615 -394.8041639  -394.80067198 -394.79149616 -394.78957851 -394.76892773 -394.76167527 -394.73538163 -394.57816399 -394.54424115 -394.53144335 -394.46191186 -394.36336273 -393.82382344 -392.45762621] 
24:[-243.00852442 -242.89505137 -242.87058451 -242.8505634  -242.83345144 -242.82194539 -242.819454   -242.81569328 -242.81445943 -242.80970489 -242.8075654  -242.80615512 -242.79863212 -242.78408071 -242.74687175 -242.68165081 -242.65774451 -242.63555277 -242.61665331 -242.5908531 -242.52372816 -242.30424956 -242.24122668 -242.19833295 -242.08857267] 
RANKING VECTORS IDX
0:[ 0. 20. 23. 21. 14. 12. 10. 17. 11.  2. 16. 24.  1. 18. 19.  8.  3. 15.  6. 13.  9.  7.  4. 22.  5.] 
1:[23. 16. 18. 19.  1. 10.  2. 12. 11. 15. 20.  5.  9. 17. 24.  7.  4. 22. 21.  3. 13.  6.  8.  0. 14.] 
2:[20.  2. 18. 21.  1. 23. 19. 16. 24. 15. 11. 17.  9.  0.  7.  3. 22.  4.  6.  8. 10. 12. 14. 13.  5.] 
3:[ 3.  1. 12.  8. 21. 17. 23. 11. 15.  9. 13.  4. 22.  6.  7. 16. 20. 14. 10.  2. 24. 19. 18.  0.  5.] 
4:[17.  1. 23. 12. 18. 22. 10.  4. 20. 21.  8. 19. 24.  3.  0.  2. 16.  5.  7. 14.  9. 11.  6. 15. 13.] 
5:[ 5.  9. 17. 22.  4. 12. 11. 15.  7. 10.  1.  3. 19. 18. 16. 20.  8. 24. 23. 21.  2.  0.  6. 14. 13.] 
6:[20. 21. 23.  6. 24. 13.  2. 18. 19. 11. 15. 10. 12.  9.  3. 16. 17.  4. 22.  7.  8.  0. 14.  1.  5.] 
7:[ 9.  7. 22. 12. 15.  5. 11. 17. 19. 20.  3.  4. 10. 16.  1. 24. 23.  8.  2. 18. 21.  6.  0. 14. 13.] 
8:[17.  8. 20. 24. 16. 23. 11. 14.  0.  2. 19. 15.  1. 18. 21. 12.  6. 10.  4.  9. 22.  7.  3.  5. 13.] 
9:[ 9. 23. 24. 15. 12. 21. 19.  2. 20.  4. 16.  1. 11. 18. 22.  8.  3. 10.  7.  6.  5. 17.  0. 14. 13.] 
10:[10. 23. 20. 21. 14. 15. 18. 19.  1.  2.  0. 11. 17. 12.  6. 13. 16.  8. 24.  3.  9. 22.  4.  7.  5.] 
11:[11. 12. 17. 20.  0. 16. 10. 14. 13. 23. 21.  1.  6. 24.  3.  8.  2. 19. 15. 18.  9.  7. 22.  4.  5.] 
12:[11. 12. 17. 24. 19.  1. 15. 20. 10. 16.  0. 23.  3. 14.  6.  8.  2. 13. 22.  4.  9.  7. 18.  5. 21.] 
13:[24.  9. 13. 11. 15. 18. 19.  2. 17.  6.  1. 23.  7. 20. 12. 21. 16.  4. 22.  3.  8.  0. 14.  5. 10.] 
14:[14.  0. 20. 21.  2. 24. 10. 23.  8. 11. 18. 19. 12. 17. 15. 16.  6.  1. 13.  9.  4.  7.  3. 22.  5.] 
15:[19. 18.  1. 10. 16. 23. 11. 15.  9. 21. 17. 12.  5.  4. 22. 24.  7.  2.  8. 13.  6. 20.  3.  0. 14.] 
16:[16. 19. 18. 21. 23. 20.  0. 10. 15.  1.  2. 24. 12. 17.  8. 14.  3.  9. 11.  5.  7.  4. 22.  6. 13.] 
17:[17. 23.  0. 16. 21.  5.  9.  8. 20.  1. 15.  7. 14. 24.  4. 22.  3. 11. 10. 12.  2. 19. 18.  6. 13.] 
18:[ 2. 20. 19.  1. 18. 24. 21. 15. 23. 17. 11. 16.  6. 12.  9.  0. 10.  8.  4. 22.  3. 14.  7. 13.  5.] 
19:[20. 21. 16.  1. 19.  2. 17. 18.  0. 12. 23. 24.  3. 10. 11. 14. 15.  8.  9.  5.  6.  7.  4. 22. 13.] 
20:[20. 21. 23.  2.  0. 18. 24. 19. 10. 14. 17.  1. 16.  3. 12.  8. 15. 11.  6.  9.  4.  7.  5. 22. 13.] 
21:[21. 20. 23.  6. 10. 18.  2. 13. 11. 15. 12. 19.  3.  1. 16.  9. 24.  8.  0. 14. 17.  4. 22.  7.  5.] 
22:[ 9. 12. 11.  7. 22.  4. 15.  5. 19.  1. 23. 21.  0.  8.  3. 16.  2. 20. 17. 14. 10. 18.  6. 24. 13.] 
23:[16. 23. 12. 21. 18. 19. 15. 22.  4.  9.  2.  5. 20. 10.  3.  1.  7. 24. 17.  0.  8. 14. 11.  6. 13.] 
24:[24.  2.  7.  9. 23. 19. 22. 16. 20. 18.  1. 10.  4.  3. 15. 21. 17.  6.  8. 11. 12.  5. 13.  0. 14.] 
POSCARS
EA185  10.066  2.539  2.539 60.02 82.79 89.93 Sym.group:  160
1.0
   9.7819699999999994   -1.0094700000000001    2.1490849999999999
   0.2775020000000000    2.5227640000000000   -0.0638550000000000
  -0.0095560000000000    1.3324530000000001    2.1612589999999998
Al F
4 1
direct
   0.6237220000000000    0.7491120000000000    0.6101750000000000 Al
   0.1949950000000000    0.6083420000000000    0.8950490000000000 Al
   0.4095080000000000    0.0123340000000000    0.0878830000000000 Al
   0.8400470000000000    0.4860150000000000    0.1349870000000000 Al
   0.0172060000000000    0.5494340000000000    0.0143740000000000 F
EA36    3.808  4.161  4.158 78.18 116.98 116.93 Sym.group:   87
1.0
   3.8082189999999998    0.0174070000000000    0.0211950000000000
  -1.9009490000000000    3.7009750000000001   -0.0223680000000000
  -1.9074100000000000    0.0002350000000000    3.6949489999999998
Na C
4 1
direct
   0.4459780000000000    0.4515080000000000    0.6511830000000000 Na
   0.6639600000000000    0.1065660000000000    0.4336980000000000 Na
   0.2735020000000000    0.8876500000000001    0.8691370000000000 Na
   0.8365380000000000    0.6705690000000000    0.2153930000000000 Na
   0.0551300000000000    0.2791520000000000    0.0425160000000000 C
EA145  17.468  2.492  2.494 90.30 90.00 90.01 Sym.group:  123
1.0
  17.4670379999999987    0.1163720000000000   -0.1285350000000000
  -0.0155920000000000    2.4860030000000002    0.1685950000000000
   0.0196930000000000   -0.1814340000000000    2.4870649999999999
Al Be
8 2
direct
   0.9179520000000000    0.3393930000000000    0.9081030000000000 Al
   0.3720090000000000    0.8411770000000000    0.4080850000000000 Al
   0.1995580000000000    0.8392450000000000    0.4089840000000000 Al
   0.0271050000000000    0.8386790000000000    0.4088580000000000 Al
   0.5902940000000000    0.8416860000000000    0.4078700000000000 Al
   0.4811580000000000    0.3419030000000000    0.9077840000000000 Al
   0.6995530000000000    0.3410680000000000    0.9077870000000000 Al
   0.8088130000000000    0.8403240000000000    0.4076920000000000 Al
   0.2852100000000000    0.3402520000000000    0.9085710000000000 Be
   0.1139040000000000    0.3385970000000000    0.9091800000000000 Be
EA11    2.245  2.244  6.784 99.44 80.57 89.82 Sym.group:  119
1.0
   2.2443740000000001   -0.0034160000000000    0.0298890000000000
   0.0107450000000000    2.2440669999999998   -0.0346750000000000
   1.0213410000000001   -1.0151699999999999    6.6293620000000004
O B
4 1
direct
   0.6253570000000001    0.5203340000000000    0.9944590000000000 O
   0.8957670000000000    0.2501840000000000    0.4533460000000000 O
   0.9844880000000000    0.1612350000000000    0.2745760000000000 O
   0.2549830000000000    0.8902250000000000    0.7330710000000000 O
   0.1901670000000000    0.4553000000000000    0.8637580000000000 B
EA7     3.347  6.454  6.102 89.72 90.05 90.00 Sym.group:  123
1.0
   3.3473980000000001   -0.0000310000000000    0.0000330000000000
   0.0000470000000000    6.4537399999999998   -0.0002590000000000
  -0.0050190000000000    0.0301250000000000    6.1014530000000002
S Cl
8 2
direct
   0.5007850000000000    0.0024370000000000    0.3338450000000000 S
   0.0013400000000000    0.2529800000000000    0.3349790000000000 S
   0.5017280000000000    0.0000580000000000    0.6624650000000000 S
   0.0022140000000000    0.2496000000000000    0.6624090000000000 S
   0.5016980000000000    0.5024250000000000    0.3348910000000000 S
   0.0013060000000000    0.7526389999999999    0.3349990000000000 S
   0.5028400000000000    0.5000400000000000    0.6635130000000000 S
   0.0022470000000000    0.7499680000000000    0.6623740000000000 S
   0.9976060000000000    0.0005360000000000    0.9984720000000000 Cl
   0.0050680000000000    0.5007710000000000    0.9988950000000000 Cl
EA151   3.549  3.330  3.549 89.96 119.33 89.98 Sym.group:  191
1.0
   3.5484360000000001   -0.0223680000000000   -0.0645300000000000
   0.0217500000000000    3.3301150000000002   -0.0150320000000000
  -1.6813680000000000    0.0276820000000000    3.1249790000000002
O F
4 1
direct
   0.4877230000000000    0.5792530000000000    0.1350020000000000 O
   0.1517710000000000    0.5793030000000000    0.4706720000000000 O
   0.1519740000000000    0.2306180000000000    0.4710230000000000 O
   0.4879320000000000    0.2305810000000000    0.1353910000000000 O
   0.8192660000000000    0.9048620000000001    0.8028630000000000 F
EA301   7.703  2.733  2.735 89.19 90.00 89.99 Sym.group:  123
1.0
   7.7034909999999996   -0.0034230000000000    0.0004670000000000
   0.0016840000000000    2.7327780000000002    0.0056340000000000
  -0.0003360000000000    0.0332180000000000    2.7345229999999998
Mg O
4 1
direct
   0.7717320000000000    0.3896880000000000    0.8146540000000000 Mg
   0.2503770000000000    0.3898270000000000    0.8148040000000000 Mg
   0.5110080000000000    0.8897910000000000    0.3152680000000000 Mg
   0.0111080000000000    0.8896950000000000    0.3147660000000000 Mg
   0.5110780000000000    0.3897810000000000    0.8153030000000000 O
EA41    3.106  3.076  4.096 68.05 68.17 90.00 Sym.group:  139
1.0
   3.1054949999999999   -0.0023720000000000    0.0560470000000000
   0.0015390000000000    3.0754760000000001    0.0497130000000000
   1.4605850000000000    1.4734840000000000    3.5321380000000002
O Li
4 1
direct
   0.5882160000000000    0.5362510000000000    0.7165070000000000 O
   0.7617610000000000    0.7125670000000000    0.3630840000000000 O
   0.2636680000000000    0.2127900000000000    0.3622740000000000 O
   0.0900370000000000    0.0364190000000000    0.7157050000000000 O
   0.9261190000000000    0.3744030000000000    0.0393900000000000 Li
EA288   3.130  3.120  9.687 90.05 89.61 119.78 Sym.group:  156
1.0
   3.1290030000000000   -0.0853560000000000   -0.0406910000000000
  -1.4752639999999999    2.7486679999999999   -0.0061660000000000
   0.1946040000000000    0.1163590000000000    9.6841650000000001
Be S
8 2
direct
   0.2693460000000000    0.3289540000000000    0.3379200000000000 Be
   0.6023730000000000    0.9950700000000000    0.4142130000000000 Be
   0.9349950000000000    0.6611390000000000    0.4691700000000000 Be
   0.6018050000000000    0.9933670000000000    0.6087780000000000 Be
   0.9351790000000000    0.6596780000000000    0.6834530000000000 Be
   0.2676420000000000    0.3271000000000000    0.5427280000000000 Be
   0.5995090000000000    0.9921730000000000    0.8100579999999999 Be
   0.9372060000000000    0.6738570000000000    0.0881300000000000 Be
   0.2706660000000000    0.3400400000000000    0.1451440000000000 S
   0.9325990000000000    0.6582740000000000    0.8889540000000000 S
EA32    5.597  5.720  5.716 92.44 60.73 60.71 Sym.group:  140
1.0
   5.5966969999999998    0.0260970000000000    0.0103540000000000
   2.7749560000000000    5.0021339999999999   -0.0278350000000000
   2.7941080000000000   -1.8021630000000000    4.6494580000000001
S Mg
8 2
direct
   0.0006740000000000    0.2926800000000000    0.0218450000000000 S
   0.0014110000000000    0.9761550000000000    0.7049190000000000 S
   0.6854960000000000    0.0227420000000000    0.2912060000000000 S
   0.3180170000000000    0.7061820000000000    0.9750070000000000 S
   0.0010080000000000    0.5225790000000000    0.7914130000000000 S
   0.0017350000000000    0.2062530000000000    0.4746960000000000 S
   0.6846670000000000    0.7926140000000000    0.5214010000000000 S
   0.3172320000000000    0.4760510000000000    0.2051820000000000 S
   0.5015540000000001    0.9993960000000000    0.9980520000000001 Mg
   0.5007680000000000    0.4994840000000000    0.4987070000000000 Mg
EA409   2.163  3.730  3.716 94.57 73.47 106.63 Sym.group:   87
1.0
   2.1632810000000000   -0.0085370000000000    0.0180230000000000
  -1.0534710000000000    3.5781250000000000   -0.0148410000000000
   1.0275479999999999    0.0087280000000000    3.5710880000000000
Be H
4 1
direct
   0.4734490000000000    0.4550800000000000    0.2302470000000000 Be
   0.3027050000000000    0.8397019999999999    0.9544720000000000 Be
   0.1065800000000000    0.2823230000000000    0.7878810000000001 Be
   0.6696010000000000    0.0125650000000000    0.3969140000000000 Be
   0.3880700000000000    0.6474910000000000    0.5922430000000000 H
EA14    3.996  3.998  4.832 65.57 114.42 89.99 Sym.group:  121
1.0
   3.9960369999999998    0.0083480000000000    0.0010340000000000
  -0.0077900000000000    3.9977499999999999   -0.0005510000000000
  -2.0028060000000001    1.9949560000000000    3.9185310000000002
Cl C
4 1
direct
   0.1214290000000000    0.6748230000000000    0.9338730000000000 Cl
   0.6101650000000000    0.1860960000000000    0.9339870000000000 Cl
   0.8691270000000000    0.4160260000000000    0.4519090000000000 Cl
   0.3806290000000000    0.9273830000000000    0.4520610000000000 Cl
   0.4954230000000000    0.3011270000000000    0.1929590000000000 C
EA186   3.562  3.578  2.913 90.03 89.93 90.00 Sym.group:  137
1.0
   3.5617130000000001    0.0004420000000000   -0.0026860000000000
  -0.0004510000000000    3.5779280000000000   -0.0010330000000000
   0.0057460000000000   -0.0007870000000000    2.9133810000000002
H C
8 2
direct
   0.5016890000000001    0.1491090000000000    0.7054430000000000 H
   0.2562710000000000    0.9079560000000000    0.2821280000000000 H
   0.0025380000000000    0.1617390000000000    0.7851500000000000 H
   0.9935960000000000    0.6467880000000000    0.7851230000000000 H
   0.2406580000000000    0.4089140000000000    0.2095740000000000 H
   0.4938240000000000    0.6640300000000000    0.7095870000000000 H
   0.7533290000000000    0.4000340000000000    0.2082350000000000 H
   0.7436340000000000    0.9001780000000000    0.2854570000000000 H
   0.9975570000000000    0.4044000000000000    0.9970350000000000 C
   0.4988170000000000    0.9052120000000000    0.4956340000000000 C
EA30    3.934  3.934  3.934 89.99 90.01 90.01 Sym.group:  221
1.0
   3.9339700000000000   -0.0063210000000000   -0.0018010000000000
   0.0054810000000000    3.9339759999999999    0.0031300000000000
   0.0014510000000000   -0.0027200000000000    3.9339469999999999
Mg C
4 1
direct
   0.9967490000000000    0.6998190000000000    0.1972420000000000 Mg
   0.9968350000000000    0.1999600000000000    0.6954129999999999 Mg
   0.4965360000000000    0.1999700000000000    0.1974380000000000 Mg
   0.4965660000000000    0.6999590000000000    0.6974230000000000 Mg
   0.9965400000000000    0.1997940000000000    0.1951160000000000 C
EA111   2.179  2.178  7.008 98.86 81.16 89.43 Sym.group:  139
1.0
   2.1794859999999998   -0.0013010000000000   -0.0023190000000000
   0.0230540000000000    2.1777970000000000   -0.0122470000000000
   1.0832550000000001   -1.0523130000000001    6.8434160000000004
Be F
4 1
direct
   0.2476840000000000    0.7147400000000000    0.1430060000000000 Be
   0.0585380000000000    0.9055420000000000    0.5227140000000000 Be
   0.4648060000000000    0.5001570000000000    0.7109790000000000 Be
   0.6538640000000000    0.3093430000000000    0.3313280000000000 Be
   0.3542190000000000    0.6070540000000000    0.9269920000000000 F
EA4     4.181  4.201  4.180 111.82 71.33 72.28 Sym.group:   97
1.0
   4.1808090000000000    0.0584040000000000   -0.0092720000000000
   1.2222980000000001    4.0192500000000004   -0.0179570000000000
   1.3738740000000000   -2.0270999999999999    3.3881670000000002
Na N
4 1
direct
   0.1391960000000000    0.1289970000000000    0.1232200000000000 Na
   0.8568540000000000    0.7579910000000000    0.7659580000000000 Na
   0.4923190000000000    0.6328690000000000    0.2789670000000000 Na
   0.5066619999999999    0.2654890000000000    0.6290430000000000 Na
   0.0006690000000000    0.6981270000000001    0.1950580000000000 N
EA73    3.266  3.283  3.839 65.50 114.02 118.88 Sym.group:  166
1.0
   3.2655820000000002    0.0040430000000000   -0.0077950000000000
  -1.5895319999999999    2.8725480000000001   -0.0271330000000000
  -1.5555619999999999    0.9906330000000000    3.3665010000000000
Be Li
4 1
direct
   0.5971370000000000    0.1978840000000000    0.4005350000000000 Be
   0.7906360000000000    0.0036600000000000    0.9823520000000000 Be
   0.3941470000000000    0.4010830000000000    0.7914500000000000 Be
   0.9936430000000001    0.8005540000000000    0.5913450000000000 Be
   0.1938470000000000    0.6007620000000000    0.1913810000000000 Li
EA289   2.440  2.440 11.021 83.86 96.17 119.90 Sym.group:  166
1.0
   2.4378970000000000   -0.0782720000000000   -0.0599920000000000
  -1.1468119999999999    2.1530640000000001    0.0534010000000000
  -0.8972070000000000    0.5868300000000000   10.9691930000000006
C F
8 2
direct
   0.4982820000000000    0.7396760000000000    0.1547390000000000 C
   0.8465480000000000    0.3916380000000000    0.1995140000000000 C
   0.2403610000000000    0.9990770000000000    0.3823490000000000 C
   0.8919250000000000    0.3472140000000000    0.3367700000000000 C
   0.6337170000000000    0.6070480000000000    0.5647980000000000 C
   0.2853090000000000    0.9551470000000000    0.5192160000000000 C
   0.6790410000000000    0.5627750000000000    0.7020510000000000 C
   0.0272390000000000    0.2148300000000000    0.7468330000000000 C
   0.4576300000000000    0.7802180000000000    0.0322550000000000 F
   0.0675780000000000    0.1748210000000000    0.8693120000000000 F
EA26    6.686  6.731  2.913 89.99 89.99 90.41 Sym.group:   87
1.0
   6.6864390000000000    0.0081930000000000   -0.0061650000000000
  -0.0567960000000000    6.7310949999999998   -0.0118870000000000
   0.0029670000000000    0.0057520000000000    2.9126989999999999
Mg S
8 2
direct
   0.7218390000000000    0.0819990000000000    0.5463650000000000 Mg
   0.0831580000000000    0.2785000000000000    0.5462340000000000 Mg
   0.9194870000000001    0.7220600000000000    0.5461180000000000 Mg
   0.2810690000000000    0.9182620000000000    0.5462230000000000 Mg
   0.2221290000000000    0.5823680000000000    0.0462880000000000 Mg
   0.5837730000000000    0.7781560000000000    0.0464360000000000 Mg
   0.4189680000000000    0.2223850000000000    0.0464410000000000 Mg
   0.7806410000000000    0.4179460000000000    0.0464570000000000 Mg
   0.0017200000000000    0.0003120000000000    0.0461540000000000 S
   0.5015630000000000    0.5003420000000000    0.5464920000000000 S
EA56    5.478  2.636  5.476 90.02 90.02 89.99 Sym.group:   87
1.0
   5.4781490000000002    0.0014450000000000    0.0109500000000000
  -0.0001000000000000    2.6364299999999998   -0.0008860000000000
  -0.0130490000000000    0.0001800000000000    5.4758889999999996
Li Be
8 2
direct
   0.2072090000000000    0.2460870000000000    0.3459330000000000 Li
   0.8028189999999999    0.2463420000000000    0.1584730000000000 Li
   0.3024450000000000    0.7461900000000000    0.6556440000000000 Li
   0.8969530000000000    0.7465360000000000    0.4429580000000000 Li
   0.4919650000000000    0.7462230000000000    0.2517630000000000 Li
   0.3961080000000000    0.2460790000000000    0.9404030000000000 Li
   0.9919580000000000    0.2464610000000000    0.7526790000000000 Li
   0.7072980000000000    0.7464250000000000    0.8471890000000000 Li
   0.0995640000000000    0.7461140000000001    0.0492510000000000 Be
   0.5996850000000000    0.2463610000000000    0.5494900000000000 Be
EA133   2.692  2.692 16.886 89.53 90.46 90.51 Sym.group:  129
1.0
   2.6913570000000000   -0.0082470000000000    0.0600760000000000
  -0.0160250000000000    2.6916940000000000    0.0054950000000000
  -0.5127740000000000    0.0996580000000000   16.8781679999999987
Al Cl
8 2
direct
   0.1513880000000000    0.6754940000000000    0.3039260000000000 Al
   0.6297460000000000    0.1953520000000000    0.8033880000000000 Al
   0.6483670000000000    0.1786630000000000    0.2036860000000000 Al
   0.6234060000000000    0.2040270000000000    0.6039660000000000 Al
   0.1434050000000000    0.6834490000000000    0.1045300000000000 Al
   0.1259060000000000    0.7004670000000000    0.7042200000000000 Al
   0.1333490000000000    0.6915990000000000    0.9048090000000000 Al
   0.6384790000000000    0.1867960000000000    0.0031010000000000 Al
   0.1370730000000000    0.6939390000000000    0.5158660000000000 Cl
   0.6381270000000000    0.1897340000000000    0.3920390000000000 Cl
EA101   8.381  4.656  2.635 90.01 89.98 89.52 Sym.group:  164
1.0
   8.3796529999999994    0.0423130000000000   -0.1146980000000000
   0.0154230000000000    4.6561349999999999   -0.0183730000000000
   0.0371330000000000    0.0096710000000000    2.6342770000000000
Al N
8 2
direct
   0.0269860000000000    0.4105420000000000    0.4526660000000000 Al
   0.7860600000000000    0.0795450000000000    0.4526520000000000 Al
   0.5120050000000000    0.4155050000000000    0.4536530000000000 Al
   0.7860390000000000    0.5795400000000001    0.9526400000000000 Al
   0.2710730000000000    0.0845140000000000    0.4536090000000000 Al
   0.0269820000000000    0.9105100000000000    0.9526230000000000 Al
   0.5120060000000000    0.9155170000000000    0.9536360000000000 Al
   0.2710850000000000    0.5845180000000000    0.9536600000000000 Al
   0.6490250000000000    0.7475309999999999    0.4531330000000000 N
   0.6490290000000000    0.2475250000000000    0.9531510000000000 N
EA121   3.373  3.881  3.373 90.01 90.02 89.89 Sym.group:  123
1.0
   3.3725170000000002   -0.0364910000000000    0.0041380000000000
   0.0496120000000000    3.8804230000000000    0.0047660000000000
  -0.0051520000000000   -0.0046410000000000    3.3732880000000001
N Na
4 1
direct
   0.5700780000000000    0.0369290000000000    0.1626050000000000 N
   0.0696280000000000    0.0369480000000000    0.6625470000000000 N
   0.0704310000000000    0.7490210000000000    0.6625550000000000 N
   0.5699950000000000    0.7489790000000000    0.1625300000000000 N
   0.0700510000000000    0.3929910000000000    0.1625380000000000 Na
EA113   3.156  3.157  7.311 102.46 89.97 60.06 Sym.group:  166
1.0
   1.6377010000000001    2.6981780000000000   -0.0140840000000000
  -1.5213790000000000    2.7663259999999998   -0.0177360000000000
   1.5523190000000000   -0.9003750000000000    7.0871769999999996
P Na
4 1
direct
   0.5624160000000000    0.7021460000000000    0.4891300000000000 P
   0.2816390000000000    0.2627410000000000    0.3289050000000000 P
   0.8313460000000000    0.1645080000000000    0.6844970000000000 P
   0.1121990000000000    0.6036990000000000    0.8447230000000000 P
   0.6970810000000000    0.4327690000000000    0.0868090000000000 Na
EA70    9.308  3.060  3.059 90.00 90.07 90.08 Sym.group:  129
1.0
   9.3063160000000007    0.1348920000000000   -0.1109050000000000
  -0.0486610000000000    3.0598820000000000   -0.0116840000000000
   0.0327590000000000    0.0121050000000000    3.0589900000000001
Li Cl
8 2
direct
   0.0491680000000000    0.0945550000000000    0.5478680000000000 Li
   0.4654260000000000    0.5973010000000000    0.0532910000000000 Li
   0.2503260000000000    0.0959060000000000    0.0493670000000000 Li
   0.8500590000000000    0.5980290000000000    0.0508770000000000 Li
   0.2502740000000000    0.5961450000000000    0.5492320000000001 Li
   0.6489910000000000    0.0968970000000000    0.0499590000000000 Li
   0.6489000000000000    0.5968410000000000    0.5506840000000000 Li
   0.4338390000000000    0.0976900000000000    0.5533640000000000 Li
   0.0789730000000000    0.5951460000000000    0.0480550000000000 Cl
   0.8202640000000000    0.0975220000000000    0.5508500000000000 Cl
