NUMBER OF TEMPLATES 51
COMPOSITION A 1 B
pairs , SPACEGROUPS 
[Al F] , 191 
[Cl Mg] , 164 
[Na Si] , 123 
[Mg P] , 123 
[F Na] , 225 
[S Si] , 166 
[Li Na] , 187 
[Be Li] , 129 
[Al Na] , 141 
[Be Cl] , 166 
[Al S] , 139 
[Be S] , 119 
[Al N] , 186 
[Al Mg] , 123 
[C P] , 164 
[Li Mg] , 123 
[Al Si] , 123 
[Al P] , 194 
[C Li] , 160 
[F Li] , 225 
[Al Si] , 141 
[B F] , 164 
[Mg Na] , 123 
[Al B] , 156 
[P Si] , 225 
[N O] , 160 
[F Mg] , 164 
[Cl Na] , 225 
[H Na] , 225 
[Li P] , 123 
[Li N] , 139 
[B S] , 166 
[Cl P] , 129 
[Mg N] , 187 
[H P] , 129 
[B Li] , 166 
[C Li] , 164 
[Al N] , 216 
[Li O] , 187 
[F Si] , 191 
[F Si] , 166 
[C Si] , 216 
[C Cl] , 166 
[H Li] , 225 
[H Si] , 191 
[Cl O] , 139 
[B C] , 139 
[Be O] , 186 
[B N] , 216 
[B P] , 216 
[Al Li] , 227 
RANKING VECTORS ENTHALPIES
0:[-364.23876135 -364.23843142 -364.23802846 -364.17462033 -364.17279885 -364.17127917 -364.16027445 -364.13537568 -364.10967822 -364.06796505 -364.05958141 -364.05255801 -364.04857679 -364.04506249 -364.04162296 -364.02981579 -364.02355082 -363.94196606 -363.93847329 -363.93085844 -363.87154709 -363.80252728 -363.60987079 -363.60089752 -363.59448126 -363.28591303 -363.19475506 -363.17472788 -363.17407963 -363.17384684 -363.17327994 -363.17311791 -363.1728854  -363.17150277 -363.11826019 -362.89163189 -362.85573918 -362.85189268 -362.80480181 -362.80478903 -362.80454829 -362.80199396 -362.79816074 -362.72528073 -362.64779396 -362.64261487 -362.63741436 -362.62659057 -362.61990009 -362.60386893 -362.16838497] 
1:[-1026.85454699 -1026.85441373 -1026.85420428 -1026.7844991 -1026.78278696 -1026.78209065 -1026.78153913 -1026.77799209 -1026.77684117 -1026.77239057 -1026.743345   -1026.69837038 -1026.69007971 -1026.68813711 -1026.68656335 -1026.68649835 -1026.68439181 -1026.68431719 -1026.68197528 -1026.67927517 -1026.64104066 -1026.63201146 -1026.62946511 -1026.5918916 -1026.58203551 -1026.36485006 -1026.30856304 -1026.30821077 -1026.30778578 -1026.22513855 -1026.19249304 -1026.19199196 -1026.19148768 -1026.17948077 -1026.17872793 -1026.07555732 -1026.07535601 -1026.04311032 -1025.98247117 -1025.88195229 -1025.88014191 -1025.76319489 -1025.76310369 -1025.7621025 -1025.75455301 -1025.50371683 -1025.50206188 -1025.4887595 -1025.48869936 -1025.48866666 -1025.03222879] 
2:[-674.56394829 -674.53095805 -674.53005941 -674.52917213 -674.52725541 -674.51883309 -674.51882454 -674.43853852 -674.43784995 -674.4157107 -674.4146977  -674.34784609 -674.34740243 -674.34647173 -674.3111127 -674.3075254  -674.30380428 -674.28673193 -674.28036336 -674.24585603 -674.22841458 -674.22002314 -674.18545108 -674.18372512 -674.12690752 -674.11892448 -674.05099729 -674.02499379 -673.97271171 -673.97154178 -673.93832155 -673.93825297 -673.92227693 -673.7890729  -673.48794469 -673.47590525 -673.40922288 -673.40705871 -673.18313005 -672.96827775 -672.96413779 -672.96389757 -672.96382446 -672.95493578 -672.94630674 -671.93050972 -671.92789511 -671.29804793 -671.29800586 -671.29789325 -671.27867863] 
3:[-897.8134292  -897.80747712 -897.78507395 -897.78377878 -897.78367639 -897.77875269 -897.77835891 -897.77785012 -897.77261313 -897.67886905 -897.65179683 -897.64911297 -897.59961263 -897.59605133 -897.57666688 -897.56893913 -897.50007178 -897.49048829 -897.48755443 -897.46631162 -897.45402771 -897.44324545 -897.43229866 -897.43155401 -897.4311182 -897.43111355 -897.42909378 -897.42003231 -897.37148769 -897.32818399 -897.30229607 -897.29808062 -897.28714598 -897.28694414 -897.24348008 -897.23017802 -897.22473771 -897.09569063 -897.07741337 -896.93513771 -896.90991743 -896.82457693 -896.82443471 -896.81593717 -896.55211057 -896.55177455 -896.46410411 -895.92987756 -895.92982137 -895.9296171 -895.92104097] 
4:[-955.56030206 -955.56029628 -955.55991802 -955.55984853 -955.55901182 -955.5580555  -955.55681194 -955.45453305 -955.45429523 -955.45417043 -955.45402021 -955.45395185 -955.45340743 -955.45312158 -955.45301655 -955.45221428 -955.44504777 -955.40558909 -955.40102894 -955.38417417 -955.35885908 -955.3173861  -955.19993619 -955.16251999 -955.16238163 -955.16122218 -954.9615403  -954.94587239 -954.90497733 -954.90496005 -954.90401231 -954.90390053 -954.901292   -954.85425091 -954.85422275 -954.85147235 -954.85049077 -954.85005198 -954.85001369 -954.84962521 -954.81095195 -954.70921108 -954.6486843  -954.59191618 -954.59191302 -954.59189224 -954.59186641 -953.78938722 -953.78915519 -953.78910169 -952.26820528] 
5:[-203.46023722 -203.45362754 -203.41243439 -203.38044661 -203.38022156 -203.37219651 -203.36648621 -203.35685168 -203.34285767 -203.34015271 -203.29574886 -203.29384947 -203.27037709 -203.27021636 -203.27011859 -203.26923839 -203.26585116 -203.26343303 -203.26291427 -203.261345 -203.26007607 -203.25890417 -203.25785522 -203.2568669  -203.25490902 -203.25445577 -203.24103705 -203.23954316 -203.23557139 -203.22377958 -203.08149876 -203.05099762 -203.04730453 -203.0445242  -203.04147177 -203.04139592 -203.0217416  -203.01605503 -203.00405714 -202.99287005 -202.96825304 -202.92952007 -202.9235102  -202.92197979 -202.70541966 -202.68865282 -202.47413465 -201.91833907 -201.91833597 -201.91826479 -201.90915354] 
6:[-714.89563825 -714.89537394 -714.89471654 -714.8925703  -714.89224272 -714.89104481 -714.89023604 -714.88975234 -714.87779571 -714.87575219 -714.8754269  -714.87491479 -714.87410817 -714.87405071 -714.87402147 -714.87372238 -714.87365671 -714.87321123 -714.87288821 -714.87172554 -714.86510441 -714.86019018 -714.85962339 -714.83987913 -714.83496935 -714.83479246 -714.82507914 -714.82454406 -714.82273264 -714.82158553 -714.82004954 -714.81996624 -714.81622664 -714.7918539  -714.78968875 -714.78577186 -714.77449631 -714.761666   -714.7511232  -714.74664816 -714.74151977 -714.73970108 -714.73962391 -714.72836257 -714.72607114 -714.68519317 -714.51517341 -714.27392308 -714.27326381 -714.27325177 -714.26993487] 
7:[-284.92936437 -284.92641145 -284.92269669 -284.90051855 -284.89967422 -284.8986623  -284.89693969 -284.89480466 -284.89261871 -284.88777029 -284.8859612  -284.88123485 -284.87710189 -284.87630519 -284.87606387 -284.86821872 -284.86572784 -284.85905604 -284.85797911 -284.85514067 -284.85444442 -284.83124328 -284.82414758 -284.81425042 -284.80484773 -284.80253891 -284.79843864 -284.7974398  -284.79598278 -284.79558066 -284.79311401 -284.76446733 -284.75809275 -284.75556379 -284.74023268 -284.72985388 -284.55436418 -284.25139353 -284.24820286 -284.20389499 -284.12687354 -284.11887966 -284.10638756 -284.10059087 -284.10040824 -284.10028976 -283.11106105 -282.55324325 -282.55324078 -282.55319505 -282.54373578] 
8:[-648.25883285 -648.25829038 -648.25394237 -648.25142361 -648.24614845 -648.21872607 -648.10727444 -648.10697655 -648.10531982 -648.09681295 -648.07941453 -648.078219   -648.07077615 -648.06633418 -648.05552359 -648.05493474 -648.05357807 -648.04728747 -648.0199387  -648.01826235 -648.01816979 -648.01706364 -647.99972827 -647.9991563  -647.99797901 -647.99632087 -647.99529706 -647.95515393 -647.93914883 -647.9230797 -647.81508725 -647.81501371 -647.81112938 -647.49194248 -647.17422212 -647.17397665 -647.05235333 -647.04518242 -646.91549564 -646.91418377 -646.91144758 -646.86437096 -646.86405858 -646.86392519 -646.77488222 -645.85193336 -645.84718121 -645.35096235 -645.31613962 -645.31609007 -645.31606421] 
9:[-409.43437692 -409.43177745 -409.41838657 -409.41698223 -409.31403131 -409.31050364 -409.28635918 -409.25933319 -409.25746111 -409.2557458 -409.22723226 -409.13307916 -409.12624303 -409.02891112 -409.02352885 -408.94877887 -408.94556073 -408.87710019 -408.87423243 -408.84886792 -408.83197392 -408.83129902 -408.83021031 -408.82921436 -408.82605146 -408.82587241 -408.82533837 -408.82413798 -408.82182662 -408.82088232 -408.80491485 -408.77825231 -408.77021184 -408.74183026 -408.74051385 -408.73955369 -408.73878097 -408.73722401 -408.6574152  -408.53162174 -408.44068439 -408.44068028 -408.44037947 -408.43435941 -408.36453696 -408.36445426 -408.35766594 -408.29201159 -408.10315122 -407.98263574 -407.84731113] 
10:[-177.85155482 -177.84594982 -177.84047062 -177.79190283 -177.78478309 -177.78357692 -177.78336076 -177.78299901 -177.78152349 -177.77796655 -177.77765666 -177.77599104 -177.7582275  -177.72581892 -177.71370814 -177.70993638 -177.70504188 -177.69430794 -177.69391855 -177.69376726 -177.68695272 -177.51148756 -177.50192582 -177.44248226 -177.42271411 -177.4192362  -177.41649077 -177.4085248  -177.37460806 -177.37130079 -177.36917177 -177.35760799 -177.30367469 -177.18859276 -177.17812913 -177.15309655 -177.15294321 -177.15010242 -177.14853331 -177.10130558 -177.06718757 -177.02004654 -176.97431709 -176.97115932 -176.90604598 -176.83470784 -176.72144267 -176.71039838 -176.71039455 -176.71027767 -176.38017579] 
11:[-337.14753937 -337.14667518 -337.14530887 -337.14530342 -337.14479129 -337.14433945 -337.13729757 -337.13669346 -337.12970586 -337.0831528 -337.08214636 -337.0794321  -337.07521421 -337.06489338 -337.06396473 -337.06339698 -337.04239465 -337.03864745 -337.02482945 -337.02351594 -337.02061773 -336.89489063 -336.8660546  -336.66981769 -336.6678231 -336.5996438  -336.57523189 -336.57174624 -336.56965965 -336.53763136 -336.52066837 -336.48490473 -336.47536603 -336.35941019 -336.22370177 -336.22075916 -336.21631858 -336.2048109  -336.20373171 -336.20183483 -336.2003373  -336.08562305 -336.07132844 -336.06018433 -335.91715491 -335.86401352 -335.83923593 -335.83906444 -335.83405085 -335.81280788 -335.74258182] 
12:[-171.42212305 -171.42146896 -171.42088792 -171.42082119 -171.42016298 -171.41926819 -171.41899083 -171.41894892 -171.41686136 -171.41156543 -171.21239484 -171.07509777 -171.07486113 -171.07471245 -171.00368641 -171.00363316 -170.97475691 -170.97395664 -170.9733948  -170.97322321 -170.97321585 -170.9729275  -170.97012346 -170.74547251 -170.74504782 -170.62438508 -170.62199691 -170.6218471  -170.61288326 -170.48361754 -170.40882099 -170.38172131 -170.30170477 -169.93012292 -169.8817596 -169.84150177 -169.83298724 -169.76910382 -169.76833939 -169.76816183 -169.76733427 -169.76566135 -169.76359334 -169.76203789 -169.14849613 -169.13186684 -168.31039964 -168.02215968 -168.02186496 -168.0195131 -167.87872935] 
13:[-834.59946203 -834.57397404 -834.57055677 -834.56814662 -834.56563543 -834.56429887 -834.5639257  -834.56259031 -834.54391265 -834.52753452 -834.52291866 -834.51902563 -834.51795954 -834.51594779 -834.51158188 -834.50970798 -834.50859739 -834.50301535 -834.50299403 -834.50113351 -834.4751699  -834.4742029  -834.47411788 -834.45500229 -834.44442064 -834.40332921 -834.31602413 -834.24648601 -834.20803449 -834.19170927 -834.15125546 -833.91297246 -833.90019974 -833.90000103 -833.84375057 -833.66625886 -833.64254734 -833.48900552 -833.48839117 -833.48804735 -833.4874847  -833.46222534 -833.45992751 -833.4430062  -832.97889767 -832.4345404  -832.43009693 -831.65479887 -831.65479775 -831.65467919 -831.63309051] 
14:[-172.81364625 -172.75086647 -172.6253521  -172.52733992 -172.48223187 -172.41373787 -172.41206744 -172.39125899 -172.36247401 -172.35433212 -172.35015304 -172.3460479  -172.33451609 -172.31737267 -172.31731302 -172.31729582 -172.31355114 -172.3066467  -172.30518643 -172.305065 -172.29138767 -172.28742973 -172.28481529 -172.28357652 -172.28100326 -172.25695639 -172.23523076 -172.19579688 -172.19469975 -172.15315111 -172.09398246 -172.06062284 -172.01788503 -171.98377444 -171.97558641 -171.97171284 -171.95696968 -171.87463138 -171.55561847 -171.54127246 -171.54090371 -171.53499691 -171.18256856 -171.18030443 -171.17985304 -171.17841855 -171.17706514 -171.1726361  -170.88535587 -170.80950224 -170.55053826] 
15:[-901.54918838 -901.54413334 -901.54131758 -901.53514858 -901.52883233 -901.52413478 -901.52245032 -901.48056886 -901.47978483 -901.47876901 -901.4715911  -901.39793856 -901.38835728 -901.38343007 -901.38339087 -901.38312056 -901.38055175 -901.35706695 -901.35604312 -901.32891009 -901.32646587 -901.32031174 -901.31935397 -901.31923446 -901.31455239 -901.30714057 -901.30151245 -901.29582462 -901.23553903 -901.21238503 -901.1969086  -901.19338855 -901.18586097 -901.18495636 -901.18276082 -901.17919523 -901.17009443 -901.16003977 -901.1598401  -901.15972092 -901.15884404 -901.12860762 -901.07393943 -901.06899326 -901.06892919 -900.84910163 -900.18099361 -899.86145296 -899.86143847 -899.8613385 -899.86017159] 
16:[-84.87389993 -84.87266455 -84.87089141 -84.86345198 -84.86300363 -84.86050838 -84.85888928 -84.85798501 -84.85119597 -84.83063871 -84.79821066 -84.78705158 -84.78357107 -84.77946561 -84.77107769 -84.77054211 -84.76751268 -84.76414242 -84.7576771  -84.68544076 -84.67606286 -84.67459595 -84.67383495 -84.62499593 -84.62204828 -84.59494957 -84.55727524 -84.39463806 -84.38197413 -84.37856159 -84.37836579 -84.27053047 -84.26438753 -84.22117303 -84.21749657 -84.19196688 -84.18190709 -84.17006714 -84.16077056 -84.16045145 -84.16029703 -84.14000379 -84.1344709  -83.6040623  -83.27774656 -83.23540123 -83.2324328  -82.80233313 -82.80233134 -82.80226132 -82.79865461] 
17:[-121.74998379 -121.70778699 -121.70626233 -121.70440136 -121.70319169 -121.67545079 -121.6750488  -121.6749365  -121.64174465 -121.61730484 -121.61488093 -121.60740145 -121.59949221 -121.59819073 -121.59684276 -121.59344161 -121.54287404 -121.50932855 -121.47499483 -121.47171191 -121.42010512 -121.4065187  -121.40137318 -121.39356258 -121.37653614 -121.35985337 -121.35909983 -121.34631592 -121.33723242 -121.32714872 -121.32340031 -121.3185575  -121.31835644 -121.31311912 -121.31217814 -121.31209392 -121.30729314 -121.30213404 -121.30056951 -121.23501907 -121.16794172 -121.16189075 -121.07307879 -120.91304946 -120.91264542 -120.91217778 -120.91088807 -120.89978276 -120.89977654 -120.8996635 -120.46298415] 
18:[-177.51264274 -177.51244205 -177.51233591 -177.51102258 -177.50990961 -177.49934382 -177.46779915 -177.46273834 -177.45844989 -177.45264418 -177.41827319 -177.36661794 -177.19141016 -177.1399891  -177.04669819 -176.88109016 -176.82218902 -176.82082508 -176.82030896 -176.81979285 -176.81874    -176.81633159 -176.598111   -176.59724023 -176.59241071 -176.45542995 -176.45322786 -176.43676932 -176.41554996 -176.28672826 -176.22362643 -176.13487151 -175.99700189 -175.87923546 -175.51936238 -175.51762576 -175.50472487 -175.50466881 -175.50442098 -175.50249258 -175.49963529 -175.46772344 -175.4058909  -175.40309977 -175.40309379 -175.09265495 -175.09183236 -174.37375806 -174.37375683 -174.37372992 -174.34214144] 
19:[-432.96056618 -432.96044377 -432.9602602  -432.96020383 -432.96004852 -432.96001184 -432.95994256 -432.95959884 -432.95958656 -432.95262766 -432.90849909 -432.90792424 -432.78909932 -432.76541953 -432.71830185 -432.70019125 -432.6670681  -432.66706275 -432.66563453 -432.66552708 -432.66534214 -432.6652722  -432.66447453 -432.66395679 -432.66379894 -432.6637315  -432.66346728 -432.66006321 -432.6499244  -432.64898048 -432.64218881 -432.61021596 -432.54990304 -432.54988214 -432.54987636 -432.54987549 -432.54982677 -432.51394754 -432.51364735 -432.51339476 -432.38589551 -432.35574864 -432.3079571  -432.250384   -432.25015624 -432.07018265 -431.64384532 -431.43080177 -431.43067126 -431.43056852 -429.85727029] 
20:[-84.87389993 -84.87266455 -84.87089141 -84.86345198 -84.86300363 -84.86050838 -84.85888928 -84.85798501 -84.85119597 -84.83063871 -84.79821066 -84.78705158 -84.78357107 -84.77946561 -84.77107769 -84.77054211 -84.76751268 -84.76414242 -84.7576771  -84.68544076 -84.67606286 -84.67459595 -84.67383495 -84.62499593 -84.62204828 -84.59494957 -84.55727524 -84.39463806 -84.38197413 -84.37856159 -84.37836579 -84.27053047 -84.26438753 -84.22117303 -84.21749657 -84.19196688 -84.18190709 -84.17006714 -84.16077056 -84.16045145 -84.16029703 -84.14000379 -84.1344709  -83.6040623  -83.27774656 -83.23540123 -83.2324328  -82.80233313 -82.80233134 -82.80226132 -82.79865461] 
21:[-373.07737167 -373.06931706 -373.06816629 -372.44977294 -372.40661126 -372.404762   -372.40322245 -372.3721175  -372.34013623 -372.33739479 -372.3370866  -372.33377686 -372.33251713 -372.33043871 -372.28608447 -372.26933392 -372.15107066 -372.14834246 -372.14565484 -371.95094027 -371.85224702 -371.85062711 -371.84758357 -371.84564706 -371.81320993 -371.72314419 -371.61051245 -371.39420932 -371.30895724 -371.30817856 -371.30624993 -370.76853973 -370.76842937 -370.7681484  -370.76795497 -370.76751727 -370.76691829 -370.7669131  -370.72628435 -370.69062322 -370.68161912 -370.15525482 -370.15520546 -370.15490944 -370.15055924 -370.14215358 -370.1371468  -369.68189665 -369.68126103 -369.68126081 -369.68098686] 
22:[-1423.92502982 -1423.89980148 -1423.89900069 -1423.89708689 -1423.89229157 -1423.89092896 -1423.8843263  -1423.88267893 -1423.87791003 -1423.87079228 -1423.86981048 -1423.86747849 -1423.86204159 -1423.84550272 -1423.83938476 -1423.83477672 -1423.83220923 -1423.83211593 -1423.82266465 -1423.8144159 -1423.79214631 -1423.79093418 -1423.7877692  -1423.78682871 -1423.7856758  -1423.78515631 -1423.78462658 -1423.78383734 -1423.78333203 -1423.7818216  -1423.78108987 -1423.72768126 -1423.72764096 -1423.72336316 -1423.55776562 -1423.40987571 -1423.40528835 -1423.26888462 -1423.2631707  -1423.26283972 -1423.25267085 -1423.24435189 -1423.23160866 -1423.09045452 -1423.06271262 -1422.63111783 -1422.27280962 -1422.01548515 -1422.003897   -1421.98873626 -1421.98864905] 
23:[-68.5776475  -68.48687261 -68.40540323 -68.37843763 -68.30853017 -68.26869505 -68.26310036 -68.24303705 -68.24201383 -68.24065064 -68.2398192  -68.15749834 -68.15449543 -68.07554463 -67.98620959 -67.86635145 -67.86509203 -67.86089081 -67.85955952 -67.8581799 -67.8565736  -67.85617438 -67.85276776 -67.85264925 -67.84921631 -67.84887689 -67.79948273 -67.7620973  -67.71760399 -67.70684769 -67.68749234 -67.68689514 -67.68539033 -67.68493807 -67.66313075 -67.46345113 -67.45082891 -67.4058535  -67.38493824 -67.35688159 -67.23676171 -67.21147387 -67.20347084 -67.07716704 -66.62146422 -66.62129238 -66.60899552 -66.52469629 -66.52062856 -66.5206249 -66.5205588 ] 
24:[-147.59052563 -147.5767674  -147.57664081 -147.57657371 -147.54762042 -147.54250755 -147.53187419 -147.5272872  -147.52707095 -147.52150456 -147.52140209 -147.51183946 -147.49888369 -147.49436504 -147.46528582 -147.45823056 -147.45487904 -147.44643762 -147.44458149 -147.44199479 -147.44156582 -147.37842118 -147.37653416 -147.37248007 -147.36389486 -147.36293062 -147.35889031 -147.34818499 -147.34708155 -147.33709845 -147.33597275 -147.32585807 -147.32456858 -147.32376939 -147.32061564 -147.30387848 -147.30352104 -147.29576473 -147.2830201  -147.25171662 -147.24530746 -147.22296416 -147.12725894 -147.09032182 -146.99316413 -146.94304123 -146.92429442 -146.63160764 -146.63160362 -146.63153197 -146.59995463] 
25:[-361.88412447 -361.86748745 -361.8582179  -361.77943012 -361.62764668 -361.61551914 -360.99587357 -360.71378643 -360.5504387  -360.54843694 -360.48608494 -360.48477509 -360.38205036 -360.37665908 -360.37248269 -360.32014988 -360.23893202 -360.23663884 -360.23316427 -360.20895089 -360.16993827 -360.16048795 -360.15740754 -360.15003074 -360.13026708 -360.12932132 -360.12245363 -360.0721048  -360.07100083 -360.06043075 -360.0596659  -360.05966514 -360.05647289 -360.0543215  -360.05346533 -360.00752804 -359.9616175  -359.93866329 -359.93808524 -359.89187941 -359.83248132 -359.8099403  -359.52294944 -359.52274226 -359.51862434 -359.51187513 -359.48801362 -359.48774046 -359.48579048 -359.43818747 -359.43188581] 
26:[-1140.88295887 -1140.88118655 -1140.88078794 -1140.74799411 -1140.74521522 -1140.74134008 -1140.72965202 -1140.72913642 -1140.72714384 -1140.7222383  -1140.72133631 -1140.72065378 -1140.71272507 -1140.70796282 -1140.70464306 -1140.58013092 -1140.55664107 -1140.25575203 -1140.23974822 -1140.20674065 -1140.20621854 -1140.18215969 -1140.16362641 -1140.15814528 -1140.12290083 -1140.12196492 -1140.11622588 -1140.11532312 -1140.11519889 -1140.10976871 -1140.10476538 -1140.10128343 -1140.07957727 -1140.07001478 -1140.05786373 -1140.05785609 -1140.05646686 -1139.8327467  -1139.83261514 -1139.83203267 -1139.83190127 -1139.83172756 -1139.83165763 -1139.830791 -1139.82606538 -1139.82340971 -1139.8232711  -1139.72689476 -1139.48763103 -1139.27519401 -1138.96973882] 
27:[-841.65237808 -841.65232005 -841.65181454 -841.65130878 -841.65073401 -841.64803574 -841.64440027 -841.54592954 -841.54587974 -841.5458183 -841.54566506 -841.54566185 -841.54539439 -841.54460164 -841.54347414 -841.54257568 -841.54236064 -841.51058811 -841.50988939 -841.43984436 -841.43722164 -841.42277007 -841.23670374 -841.21836221 -841.21794581 -841.21490111 -841.01269534 -840.92846701 -840.92513485 -840.92449802 -840.92447717 -840.91862998 -840.8930908  -840.82512142 -840.8121037 -840.75144224 -840.73376331 -840.73278876 -840.73069051 -840.72802565 -840.72696857 -840.6569699  -840.31436448 -840.3143224  -840.31424627 -840.31421339 -840.25540065 -839.79485107 -839.79478934 -839.79444487 -839.46235123] 
28:[-626.95896352 -626.95895239 -626.95894155 -626.95808117 -626.95552505 -626.95370431 -626.94932014 -626.90031153 -626.90020374 -626.90020272 -626.90002274 -626.89968904 -626.89939226 -626.89801683 -626.89766359 -626.897459   -626.89598973 -626.85016143 -626.84214916 -626.83923535 -626.81595474 -626.78021252 -626.73375392 -626.66427498 -626.66410168 -626.66219533 -626.6087101  -626.5001377  -626.49986688 -626.4992757 -626.49900892 -626.49870588 -626.49299443 -626.47846771 -626.44612398 -626.43188991 -626.43143474 -626.43080986 -626.42896317 -626.42624496 -626.42352596 -626.41907418 -626.37262097 -626.3322854  -626.33228198 -626.33224241 -626.33216884 -626.28823594 -625.65846208 -625.65837619 -625.65772544] 
29:[-189.22545578 -189.19577334 -189.19575985 -189.19468711 -189.1943478 -189.19124137 -189.18690588 -189.01052497 -189.00711516 -188.91677617 -188.91465824 -188.91283416 -188.82339478 -188.79087982 -188.75270789 -188.73083574 -188.71169936 -188.69842476 -188.67037197 -188.67005296 -188.66508353 -188.66268605 -188.62558632 -188.62160255 -188.58828718 -188.57587903 -188.54098974 -188.52510544 -188.52412929 -188.52169695 -188.52083278 -188.44848533 -188.42613202 -188.40738839 -188.2750174 -188.26021478 -188.25920092 -188.2591253  -188.25904659 -188.24564908 -188.21946908 -188.1953994  -188.19531973 -188.17416378 -188.09159438 -187.79228375 -187.7839332  -186.98112952 -186.97017321 -186.97017198 -186.97015594] 
30:[-237.17184506 -237.16858212 -237.15999754 -237.00136182 -237.00077914 -236.77681677 -236.7707081  -236.66811787 -236.62284915 -236.48351122 -236.4565451  -236.45604002 -236.45560377 -236.45557977 -236.45476284 -236.45471104 -236.20627926 -236.19763006 -236.16151049 -236.15367043 -236.11495109 -236.11070559 -236.0997106  -235.93364298 -235.91483565 -235.91421348 -235.91302777 -235.80075873 -235.78944145 -235.78166607 -235.7375521  -235.73456815 -235.69657215 -235.69498922 -235.68860416 -235.68845081 -235.68836314 -235.66539535 -235.65498577 -235.62035792 -235.57581643 -235.50382138 -235.38477104 -235.3800719  -235.27645731 -235.27048599 -235.27041153 -234.7624073  -234.7476656  -234.74766486 -234.74764292] 
31:[-186.94242881 -186.5756847  -186.56396571 -186.52295534 -186.51365259 -186.49152024 -186.45937628 -186.40829896 -186.39893709 -186.39890402 -186.39510584 -186.38757956 -186.37929281 -186.37813809 -186.37500036 -186.37255201 -186.36965879 -186.36790092 -186.36368577 -186.36164171 -186.36092224 -186.35643112 -186.31338665 -186.3133838  -186.31319212 -186.29659618 -186.26900166 -186.22135242 -186.21865992 -186.19568364 -186.18619913 -186.18316511 -186.15068683 -186.06596202 -186.01326076 -185.96049757 -185.78386431 -185.77683893 -185.77673815 -185.72860756 -185.61393543 -185.46596612 -185.46595594 -185.4608447  -185.45428645 -185.45165139 -185.44187061 -185.32749641 -185.26978501 -185.06530035 -184.93540276] 
32:[-312.45885843 -312.45643357 -312.45639419 -312.41605719 -312.32956841 -312.30045302 -312.2864506  -312.27108278 -312.2582008  -312.25804307 -312.25590147 -312.21986671 -312.2193911  -312.21920748 -312.21604174 -312.20672173 -312.20041242 -312.19252859 -312.18456819 -312.06801194 -312.06792414 -312.05330864 -312.02519808 -312.02489664 -312.02472325 -312.01303725 -311.85256899 -311.85108382 -311.85031906 -311.84672761 -311.84554943 -311.84554241 -311.83932225 -311.81016401 -311.79980921 -311.55587166 -311.45422739 -311.44971539 -311.30549701 -311.28796228 -311.27423261 -311.27299299 -311.26898985 -311.25837615 -310.53479827 -310.45861514 -310.41907151 -309.88578231 -309.88577896 -309.88564808 -309.86795122] 
33:[-946.25378227 -946.23359922 -946.02732193 -946.00371766 -946.00282769 -946.00278322 -946.00219454 -946.00210468 -946.00183931 -946.00172002 -945.999115   -945.99412122 -945.99253406 -945.9629758  -945.91236529 -945.9117461  -945.91171147 -945.90864705 -945.90715356 -945.90586414 -945.90218306 -945.88835806 -945.87157227 -945.86738825 -945.85908601 -945.73385722 -945.72518523 -945.65090386 -945.57720918 -945.52620858 -945.48203848 -945.48195038 -945.4809695  -945.48095567 -945.30186277 -945.14628582 -945.09712753 -944.98415332 -944.98414465 -944.98394802 -944.97975801 -944.859071   -944.55521549 -944.4718997  -944.4223248 -944.3980744  -944.36315712 -944.04487555 -943.60494506 -943.60482652 -943.60248469] 
34:[-99.34360644 -99.27956435 -99.26189358 -99.19272625 -99.19251954 -99.1824063  -99.1189473  -99.08446058 -99.06964985 -99.04242863 -99.03951299 -99.03623934 -99.02984292 -98.99903883 -98.99686508 -98.98961033 -98.98250701 -98.98228171 -98.97980567 -98.97979613 -98.97978863 -98.97913579 -98.97643219 -98.95137087 -98.9418078 -98.93778684 -98.93483534 -98.91987561 -98.9134748  -98.88666847 -98.88475757 -98.8768643  -98.8737693  -98.85719552 -98.84676805 -98.83557093 -98.8147509  -98.80987918 -98.78718164 -98.78529316 -98.77857855 -98.73962497 -98.73412015 -98.71598762 -98.71598426 -98.70939107 -98.70442781 -98.55664474 -98.53778524 -98.53759161 -98.53186565] 
35:[-135.9217435  -135.90449089 -135.90444801 -135.8643729  -135.86147907 -135.86103663 -135.85982877 -135.85970841 -135.49640752 -135.48720687 -135.43343764 -135.32647913 -135.32524115 -135.32327277 -135.31336661 -135.3122939  -135.31093895 -135.31063835 -135.30898129 -135.22825634 -135.21408368 -135.20570299 -135.17339898 -135.16272687 -135.13478941 -135.09881231 -135.08216076 -135.03529021 -134.93986762 -134.9257871 -134.92539981 -134.91987316 -134.81722197 -134.80314713 -134.6282714 -134.50241079 -134.50067416 -134.48794426 -133.94134114 -133.9290007 -133.91127694 -133.88913186 -133.87603264 -133.87596793 -133.87592128 -133.37501602 -133.37284185 -132.64263239 -132.60620206 -132.60620093 -132.60618046] 
36:[-177.51264274 -177.51244205 -177.51233591 -177.51102258 -177.50990961 -177.49934382 -177.46779915 -177.46273834 -177.45844989 -177.45264418 -177.41827319 -177.36661794 -177.19141016 -177.1399891  -177.04669819 -176.88109016 -176.82218902 -176.82082508 -176.82030896 -176.81979285 -176.81874    -176.81633159 -176.598111   -176.59724023 -176.59241071 -176.45542995 -176.45322786 -176.43676932 -176.41554996 -176.28672826 -176.22362643 -176.13487151 -175.99700189 -175.87923546 -175.51936238 -175.51762576 -175.50472487 -175.50466881 -175.50442098 -175.50249258 -175.49963529 -175.46772344 -175.4058909  -175.40309977 -175.40309379 -175.09265495 -175.09183236 -174.37375806 -174.37375683 -174.37372992 -174.34214144] 
37:[-171.42212305 -171.42146896 -171.42088792 -171.42082119 -171.42016298 -171.41926819 -171.41899083 -171.41894892 -171.41686136 -171.41156543 -171.21239484 -171.07509777 -171.07486113 -171.07471245 -171.00368641 -171.00363316 -170.97475691 -170.97395664 -170.9733948  -170.97322321 -170.97321585 -170.9729275  -170.97012346 -170.74547251 -170.74504782 -170.62438508 -170.62199691 -170.6218471  -170.61288326 -170.48361754 -170.40882099 -170.38172131 -170.30170477 -169.93012292 -169.8817596 -169.84150177 -169.83298724 -169.76910382 -169.76833939 -169.76816183 -169.76733427 -169.76566135 -169.76359334 -169.76203789 -169.14849613 -169.13186684 -168.31039964 -168.02215968 -168.02186496 -168.0195131 -167.87872935] 
38:[-321.00449173 -321.00429075 -320.91786662 -320.91599923 -320.90792757 -320.79263641 -320.79219327 -320.79086852 -320.79049859 -320.7897556 -320.78920993 -320.78639774 -320.78310441 -320.78279574 -320.73655012 -320.71675602 -320.69429345 -320.68570763 -320.67088474 -320.66858968 -320.61525037 -320.60943827 -320.60448594 -320.59418468 -320.57712609 -320.57566427 -320.57559531 -320.575511   -320.5753923  -320.57519664 -320.57374444 -320.57107643 -320.33800401 -320.27540085 -320.27378945 -320.27340006 -320.2726839  -320.27221449 -320.25376705 -320.1952179 -320.18039055 -320.14485277 -319.96957863 -319.89202835 -319.88884823 -319.88884686 -319.88882544 -319.56015171 -319.56012283 -319.55411889 -318.3474405 ] 
39:[-389.87894334 -389.87885476 -389.8781304  -389.70888481 -389.68329541 -389.67950546 -389.65998013 -389.65707441 -389.6536072  -389.64959387 -389.60509392 -389.60486694 -389.52707754 -389.51092824 -389.50753247 -389.50235374 -389.44648795 -389.43425696 -389.43281752 -389.42216925 -389.3618475  -389.29774687 -389.28610244 -389.13057371 -389.12850339 -389.02184414 -389.0204958  -389.02042346 -389.01849304 -389.01842485 -389.01841396 -389.01801487 -388.99969259 -388.99614382 -388.98222818 -388.95158056 -388.65046586 -388.40875771 -388.36043029 -388.08630299 -388.08456716 -387.91555889 -387.90679468 -387.90578796 -387.90505896 -387.90467964 -387.90448523 -387.41782844 -387.41776246 -387.41516883 -387.41009686] 
40:[-389.87894334 -389.87885476 -389.8781304  -389.70888481 -389.68329541 -389.67950546 -389.65998013 -389.65707441 -389.6536072  -389.64959387 -389.60509392 -389.60486694 -389.52707754 -389.51092824 -389.50753247 -389.50235374 -389.44648795 -389.43425696 -389.43281752 -389.42216925 -389.3618475  -389.29774687 -389.28610244 -389.13057371 -389.12850339 -389.02184414 -389.0204958  -389.02042346 -389.01849304 -389.01842485 -389.01841396 -389.01801487 -388.99969259 -388.99614382 -388.98222818 -388.95158056 -388.65046586 -388.40875771 -388.36043029 -388.08630299 -388.08456716 -387.91555889 -387.90679468 -387.90578796 -387.90505896 -387.90467964 -387.90448523 -387.41782844 -387.41776246 -387.41516883 -387.41009686] 
41:[-136.68756527 -136.68517466 -136.68220471 -136.68092235 -136.68022208 -136.6800797  -136.68002434 -136.67746266 -136.67717113 -136.5330932 -136.53017604 -136.5260775  -136.5138824  -136.5136196  -136.51357499 -136.47994386 -136.44886757 -136.44798338 -136.38295597 -136.33530591 -136.33388179 -136.33357749 -136.20261381 -136.0065814  -135.97891342 -135.93859323 -135.93795667 -135.91511311 -135.88949666 -135.88949594 -135.84058938 -135.82276045 -135.78941344 -135.63722325 -135.49640687 -135.15262836 -135.03494267 -135.03347089 -135.03299031 -135.02265871 -135.01888612 -135.01868216 -135.01476162 -135.00766816 -135.0007175 -134.90076331 -134.87967761 -134.87945094 -134.87767599 -134.63074505 -134.19113666] 
42:[-301.09195054 -301.09194934 -300.95505899 -300.89525044 -300.87906423 -300.87834739 -300.87819147 -300.87799018 -300.8719584  -300.76907298 -300.07317366 -300.07211295 -300.06569125 -299.90866134 -299.62148932 -299.61962172 -299.24978961 -298.90475099 -298.90455875 -298.90433887 -298.90412802 -298.89534655 -298.88756204 -298.87071941 -298.86838827 -298.77861225 -298.68015152 -298.67443601 -298.66789471 -298.66589092 -298.65654231 -298.62844305 -298.62427523 -298.61728611 -298.58333953 -298.57306794 -298.43945129 -298.43785892 -298.43642786 -298.43569097 -298.4345875  -298.43193524 -298.4207391  -298.4104085  -298.40602255 -298.14351655 -298.10506134 -297.69420137 -297.64020078 -297.64020077 -297.64016559] 
43:[-104.52340365 -104.52305936 -104.52285133 -104.52259201 -104.52185266 -104.52075166 -104.52057565 -104.51966633 -104.51815025 -104.45580401 -104.4557728  -104.41489689 -104.36892466 -104.36273694 -104.33634911 -104.33625066 -104.33614362 -104.33490408 -104.33477984 -104.33203932 -104.3319393  -104.33135631 -104.32680454 -104.29301169 -104.29224121 -104.29168514 -104.29153948 -104.29084795 -104.28794452 -104.24976936 -104.24839154 -104.24808814 -104.23891557 -104.20573278 -104.20534451 -104.20534143 -104.20530886 -104.20056836 -104.10983294 -104.10920282 -104.10800463 -104.10740802 -103.98362091 -103.9307258  -103.91132272 -103.82132208 -103.61464383 -103.59911541 -103.19808602 -103.191748 -103.19170027] 
44:[-62.62287527 -62.48794351 -62.48247069 -62.47578354 -62.47427056 -62.46681771 -62.46457179 -62.4589842  -62.43212598 -62.43035103 -62.42922131 -62.42732457 -62.42702457 -62.42522766 -62.42393448 -62.42131872 -62.41721762 -62.39514944 -62.39428638 -62.39352114 -62.3900932  -62.38503522 -62.38346916 -62.37740209 -62.37580848 -62.37089062 -62.36979742 -62.3541385  -62.35372526 -62.35306033 -62.35162332 -62.34790136 -62.34353053 -62.33609344 -62.33064047 -62.32081153 -62.29963562 -62.29962313 -62.29743035 -62.29712072 -62.29454629 -62.28904428 -62.28561777 -62.26411634 -62.25825311 -62.22233827 -62.13917078 -62.13897042 -62.1355837  -62.08907854 -61.9942887 ] 
45:[-442.67262777 -442.671709   -442.64552846 -442.55701558 -442.55477808 -442.55377575 -442.52879628 -442.50679102 -442.50129697 -442.46634581 -442.42336335 -442.38681191 -442.38669334 -442.37224154 -442.29086382 -442.01495901 -442.00674641 -441.99603318 -441.97253316 -441.97019636 -441.96833847 -441.96802136 -441.96741712 -441.96428828 -441.9549534 -441.91632185 -441.91539653 -441.89338811 -441.8550381  -441.84066457 -441.82311561 -441.80657599 -441.76277272 -441.76087418 -441.76080441 -441.76010357 -441.75974811 -441.75883029 -441.75804551 -441.75622746 -441.75396924 -441.75322354 -441.72250583 -441.71021287 -441.70869734 -441.69542957 -441.68493682 -440.91209907 -440.90660422 -440.90652749 -440.90580679] 
46:[-119.79770711 -119.74656643 -119.6598736  -119.65896517 -119.62546118 -119.61976523 -119.47881638 -119.47870682 -119.47867246 -119.47492543 -119.46950854 -119.46915752 -119.46474246 -119.43508445 -119.38296134 -119.37994926 -119.36768936 -119.33492911 -119.11429528 -118.92925082 -118.88810683 -118.88069027 -118.87596673 -118.86712519 -118.84165496 -118.84156023 -118.84101618 -118.80074563 -118.79580563 -118.77875111 -118.65356001 -118.62114238 -118.35111581 -118.33933762 -118.33722869 -118.3286469  -118.14026141 -118.02767834 -118.02753189 -117.88919843 -117.88805208 -117.87091595 -117.83083695 -117.54023457 -117.25123162 -117.25064406 -117.24843402 -117.24530152 -117.24333305 -117.23975193 -116.89610882] 
47:[-414.37249339 -414.37190198 -414.37029717 -414.36984658 -414.36964902 -414.36951236 -414.36835721 -414.36791578 -414.36681629 -414.18967479 -414.18236946 -414.18207648 -414.17461939 -414.14835191 -414.14803802 -414.1469078  -414.14660901 -414.14630788 -414.14528405 -414.14521096 -414.14317887 -414.139643   -414.08076076 -414.04021279 -414.03802741 -413.96144578 -413.95966527 -413.95077033 -413.76632896 -413.76489485 -413.76139091 -413.75419511 -413.6939492  -413.61424446 -413.61011704 -413.58734613 -413.55085158 -413.4487874  -412.81973128 -412.77946012 -412.77945569 -412.77943144 -412.77942273 -412.77941737 -412.77552021 -412.77510324 -412.39198616 -412.38958706 -412.3885482  -411.0458985 -410.92285342] 
48:[-180.52731906 -180.52723124 -180.5256761  -180.52552052 -180.52546917 -180.52289577 -180.50579788 -180.50572557 -180.09384769 -180.09360002 -180.08440598 -180.05867815 -180.00230485 -180.00169864 -179.99776052 -179.99221543 -179.75454064 -179.33535871 -178.93390646 -178.93334982 -178.93173103 -178.92488791 -178.92472705 -178.92392455 -178.9029216 -178.90279682 -178.8766196  -178.72382083 -178.59336397 -178.57927287 -178.5750976  -178.49008627 -178.39365474 -178.23999292 -178.05780803 -178.05633114 -178.02781565 -177.80755167 -177.79227049 -177.57646574 -177.57604486 -177.25262828 -177.15193291 -176.76132423 -176.7561117 -176.75135356 -176.74583096 -176.73955133 -176.36962077 -176.15412087 -176.10432759] 
49:[-131.33084122 -131.32871241 -131.32148721 -131.32001472 -131.31879505 -131.31783314 -131.31255775 -131.31222001 -130.74634655 -130.73576221 -130.73461135 -130.73328799 -130.73261277 -130.72219578 -130.70818451 -130.70578992 -130.70568253 -130.70567774 -130.70492631 -130.7022033 -130.67705375 -130.67695926 -130.67586767 -130.67204217 -130.64611367 -130.64535314 -130.64456523 -130.63002968 -130.5698798  -130.54258916 -130.52684299 -130.44563142 -130.44552954 -130.42192595 -130.40791225 -130.40450273 -130.26539139 -130.25317377 -130.21470007 -130.14954169 -130.03550208 -130.02065216 -130.01971795 -130.01711418 -130.01259852 -130.01218609 -129.95021908 -129.86082404 -129.85402029 -129.82760012 -129.81208929] 
50:[-125.95172405 -125.94910865 -125.94413702 -125.94373683 -125.94255142 -125.93883227 -125.93425911 -125.87158525 -125.86594488 -125.850424 -125.8459821  -125.8439578  -125.83665695 -125.83212234 -125.81035013 -125.77927415 -125.77289761 -125.77287129 -125.75012082 -125.68996082 -125.67959496 -125.66667327 -125.65715393 -125.64806032 -125.6463496 -125.56979083 -125.5480683  -125.54258702 -125.50994245 -125.50940966 -125.50731015 -125.46040854 -125.45673521 -125.32528498 -125.32211768 -125.24744067 -125.24533868 -125.22379742 -125.06344168 -125.05414886 -125.0458104  -125.02622108 -125.02605891 -125.02596236 -124.2739807 -124.27196996 -124.12411615 -123.56731656 -123.54598347 -123.54598005 -123.54593641] 
RANKING VECTORS IDX
0:[44. 39.  0. 40.  9.  5. 35. 23. 18. 14. 42. 47. 25. 12. 26. 36.  1. 31. 32.  7.  6. 34. 30. 45. 21. 20.  8.  3. 15. 22.  2. 13. 29. 16. 10. 50. 38. 33. 41. 49. 37. 11. 48. 17. 19.  4. 43. 24. 28. 27. 46.] 
1:[34. 32.  7. 35.  5. 26.  9.  1. 36. 23. 18.  6. 16. 22. 13.  2.  3. 15. 17. 29. 45. 10. 30. 31. 14. 20. 25. 47. 12. 27. 24. 28.  4. 19. 43. 33. 38.  8. 40. 42. 50. 39.  0. 44. 21. 11. 48. 41. 49. 37. 46.] 
2:[ 3. 13. 22. 16. 15. 29.  2. 42.  5. 35. 40. 32. 34.  7. 20. 50.  6.  8. 17. 45.  1.  9. 31. 14. 18. 25. 23. 21. 36. 26. 39.  0. 44. 11. 38. 33. 10. 30. 46. 43. 24. 28.  4. 19. 27. 47. 12. 49. 41. 37. 48.] 
3:[ 8. 20. 15.  2. 22. 16.  3. 29. 13. 17. 33. 38. 34. 32. 11.  6.  7. 10. 30. 50. 27. 35. 24. 28. 43.  4. 40. 19.  9. 45. 23.  1. 26. 36.  5. 42. 18. 25. 31. 14. 21. 39.  0. 44. 47. 12. 46. 49. 41. 37. 48.] 
4:[ 2. 22. 16.  3. 15. 29. 13. 32. 24. 43. 28. 19.  4. 27.  7. 18. 34. 33. 38. 17.  6. 20. 11. 45. 10. 30. 23.  8. 12. 47. 26. 36.  1.  5. 46. 42. 35. 50.  9. 40. 31. 25. 14. 41. 37. 48. 49. 44. 39.  0. 21.] 
5:[ 9. 35. 23. 36. 26.  1. 18. 40. 30. 10. 27.  5. 24. 28.  4. 46. 17. 19. 16. 38. 43.  3.  6. 15. 33. 29. 22. 13.  7. 42. 14. 11. 44. 31. 39.  0. 32. 34. 21. 25. 20. 47. 50.  8.  2. 45. 12. 41. 49. 37. 48.] 
6:[23. 18. 26. 32.  7. 34. 36.  1.  9.  3. 14.  2. 16. 13. 17.  5. 22. 15. 29.  6. 45. 38. 33. 21. 31. 20. 25.  8. 35. 47. 40. 12. 50.  0. 39. 44. 11. 43. 27. 19. 24. 28.  4. 30. 10. 42. 46. 48. 41. 49. 37.] 
7:[ 5.  9. 42. 40. 20. 35.  8. 50. 32. 18.  7.  6. 17. 38. 34.  1. 14. 36. 33. 23. 26. 25. 47. 45. 29.  2. 21. 13. 22. 16. 15. 39.  0. 44.  3. 31. 11. 30. 10. 46. 19. 43. 27. 24. 28.  4. 12. 41. 49. 37. 48.] 
8:[35. 40. 20.  8. 50. 42. 36. 18. 26. 23.  1. 14. 32. 17.  7. 34.  6. 45. 16. 15. 13. 22. 29.  2.  3.  9.  5. 21. 25. 31. 39.  0. 44. 11. 30. 10. 33. 38. 27. 43. 19. 24. 28.  4. 46. 12. 47. 48. 41. 49. 37.] 
9:[42. 40.  9.  5. 23. 18. 14. 26.  1. 36. 31. 10. 30. 33. 38. 11.  6.  7. 32. 21. 22.  3.  2. 15. 16. 13. 25. 12. 29. 47. 17. 20. 27. 24. 28.  4. 19. 43. 45. 46. 41. 49. 37. 48. 39.  0. 44. 35.  8. 34. 50.] 
10:[ 6. 33. 38. 16.  2. 15. 29. 13.  3. 10. 30. 22. 17. 27. 32. 43.  7. 24. 28.  4. 19. 11. 35.  9. 23. 20. 18.  5. 26. 36.  1. 45. 14. 31. 47. 39.  0. 44.  8. 40. 25. 12. 42. 21. 50. 34. 48. 41. 49. 37. 46.] 
11:[48. 11. 41. 49. 37. 25. 47. 12. 17.  7. 32. 43. 19. 24. 28.  4. 27. 31. 26.  1. 36. 23. 18. 30. 10.  6. 33. 38.  9. 46. 40. 14.  5. 20. 13. 16.  3. 22. 29.  2. 15. 42. 21.  8. 45. 44. 39.  0. 34. 35. 50.] 
12:[32. 34.  7. 19. 43. 24. 28.  4. 18. 27. 17. 26.  1. 36. 47. 12. 25. 48. 11. 41. 49. 37. 23. 33. 38. 45. 10. 30.  6. 31.  5. 42. 20. 14. 46.  9. 35.  2.  3. 13. 22. 29. 15. 16.  8. 40. 21. 39.  0. 44. 50.] 
13:[42.  3. 29. 16. 13. 15.  2. 22. 20.  6. 50. 38.  8. 33.  1. 36. 18. 26. 40. 35.  7. 34. 32.  5.  9. 14. 45. 31. 21. 25. 30. 44. 39.  0. 11. 17. 23. 10. 24. 28.  4. 27. 19. 43. 46. 47. 12. 49. 41. 37. 48.] 
14:[21. 42. 31. 23. 40. 30. 10. 14. 18. 12. 47. 25. 27. 28. 11.  4. 24. 37. 41. 49.  7. 48. 35. 19. 43. 36.  9. 38. 33. 45. 32. 17. 46.  6.  1. 26.  5. 20. 34. 39.  0. 44. 15. 13. 22.  3. 29. 16.  8. 50.  2.] 
15:[16. 29. 15.  3. 13.  2. 22. 32.  7. 20. 34.  5. 50. 35.  8.  9. 40. 33. 38. 17.  6. 18. 36. 23. 26.  1. 31. 11. 42. 14. 47. 25. 30. 19. 10. 43. 45. 24. 28.  4. 27. 21. 44. 39.  0. 46. 12. 41. 49. 37. 48.] 
16:[ 3.  8. 20. 13. 22.  2. 15. 16. 29.  9.  6.  7. 18. 34. 36. 32.  5. 26.  1. 50. 40. 35. 45. 31. 25. 42. 21. 44. 11. 39.  0. 33. 38. 10. 30. 17. 43. 19. 24. 28.  4. 23. 27. 14. 46. 47. 12. 41. 49. 37. 48.] 
17:[17. 32. 43. 34. 19. 24. 28.  4. 27. 22.  3. 16. 15.  2. 13. 29. 20.  7. 38. 33.  6. 10. 30.  8. 14.  9. 26. 36. 50.  1. 18. 39.  0. 44.  5. 45. 31. 40. 35. 25. 21. 42. 23. 11. 47. 12. 48. 41. 49. 37. 46.] 
18:[26. 21. 36.  1. 23. 18.  5.  9. 40. 35. 14. 42. 17. 10. 31.  3.  2. 29. 13. 22. 16. 15. 32. 34.  7. 20. 11. 46. 30.  8.  6. 50. 45. 25. 19. 43. 24. 28.  4. 38. 33. 27. 44. 39.  0. 12. 47. 41. 49. 37. 48.] 
19:[32. 24. 43. 28. 34. 19.  4. 18. 27.  7. 33. 38. 17.  6. 11. 23. 47. 12.  1. 26.  2. 22. 29. 16. 13.  3. 36. 15. 10. 30. 45. 20. 25. 48. 41. 49. 37. 40.  5. 42. 31. 46. 14. 35.  9.  8. 50. 44. 39.  0. 21.] 
20:[ 3.  8. 20. 13. 22.  2. 15. 16. 29.  9.  6.  7. 18. 34. 36. 32.  5. 26.  1. 50. 40. 35. 45. 31. 25. 42. 21. 44. 11. 39.  0. 33. 38. 10. 30. 17. 43. 19. 24. 28.  4. 23. 27. 14. 46. 47. 12. 41. 49. 37. 48.] 
21:[21. 32. 34. 42. 44.  0. 39. 35. 25.  5.  9. 47. 14. 12. 23. 18. 26. 36.  1. 17. 10. 30. 40. 31.  7. 45. 46.  6. 33. 38. 11.  3. 29. 16. 15.  2. 13. 22.  8. 20. 50. 28.  4. 24. 43. 19. 27. 37. 41. 49. 48.] 
22:[ 9. 18.  1. 36. 23. 26. 14.  5. 17.  6.  7. 34. 32. 42. 50.  8. 40. 35. 20. 21. 45. 25.  2. 47. 16. 29. 31.  3. 13. 15. 22. 39.  0. 44. 11. 30. 10. 19. 28.  4. 43. 24. 27. 38. 33. 46. 12. 37. 48. 41. 49.] 
23:[35.  9. 23. 18.  5. 33. 38. 21. 36. 26.  1. 10. 30. 31. 17.  3. 16. 15.  2. 22.  7. 32. 13. 20. 29. 34. 14. 45. 27. 43. 24. 28. 19.  4.  6. 42. 46. 11.  8. 40. 25. 12. 47. 50. 39.  0. 44. 48. 41. 49. 37.] 
24:[27. 24. 28.  4. 19. 43. 33. 38. 11. 39.  0. 44. 10. 30. 17. 46. 22. 15. 29. 16.  3.  7.  8.  9.  5. 23. 42. 32. 18. 34. 36. 26. 40. 35. 21.  1. 20. 25.  6. 13.  2. 50. 45. 14. 31. 12. 47. 41. 49. 37. 48.] 
25:[25. 32. 34. 21. 30. 40. 46. 10. 36. 23. 42. 31. 35.  5.  9. 18. 39.  0. 44. 22. 13.  7.  2. 29.  1. 26. 45. 43. 19. 11. 28.  4. 27. 20. 24. 14. 47. 38. 33. 17.  6. 12. 41. 49. 48. 37. 16. 15.  3.  8. 50.] 
26:[32.  7. 34. 26. 36.  1. 40.  5. 10. 30. 45. 23. 18. 42.  9. 14. 31. 46. 17. 47. 25.  6. 33. 38. 27.  4. 20. 19. 43. 12. 24. 28. 48. 11. 41. 49. 37. 29. 15. 44.  2. 13. 22.  3. 16. 39.  0.  8. 35. 50. 21.] 
27:[ 3. 16. 29. 13. 15.  2. 22. 24. 19. 43. 28.  4. 32. 27. 18.  7. 34. 33. 38. 20. 17.  6. 11. 30. 10. 45.  8. 23.  9. 50. 40. 42. 35.  5. 14. 46. 26.  1. 36. 12. 47. 25. 48. 41. 49. 37. 31. 39.  0. 44. 21.] 
28:[ 2. 15. 22.  3. 16. 29. 13. 32.  7. 24. 43. 28.  4. 27. 19. 34. 18. 33. 38. 17.  6. 20. 11. 45. 10. 30. 23. 21. 12. 26. 36. 47.  1.  8.  5. 40. 42. 35. 50. 46. 31.  9. 25. 41. 49. 48. 37. 14. 39.  0. 44.] 
29:[ 3. 22. 13. 15. 16. 29.  2.  6. 20.  7. 34. 32. 42.  8. 35. 45. 25. 40. 50. 11. 38. 33. 30. 10.  9.  5. 23. 17. 26. 31. 36. 18.  1. 14. 43. 19. 24. 28.  4. 27. 46. 39.  0. 44. 21. 12. 47. 48. 41. 49. 37.] 
30:[30. 10. 45. 33. 38. 42.  5. 14. 46.  3.  2. 29. 22. 13. 16. 15. 17. 20.  6. 11. 40. 35.  9.  8. 34. 32.  7. 50. 25. 23.  1. 26. 19. 43. 24. 28.  4. 27. 36. 18. 31. 21. 12. 47. 44. 39.  0. 48. 41. 49. 37.] 
31:[31. 35. 40. 11.  9. 32.  5. 21.  4. 24. 28. 27. 43. 14. 12. 19. 47. 23.  7. 30. 10. 18. 41. 49. 37. 36. 48. 38. 33. 17.  1. 26. 46.  6. 42. 20. 44. 39.  0. 34. 45. 13. 22. 15. 29.  3. 16. 25.  8. 50.  2.] 
32:[ 7. 32. 34.  9. 23. 18. 21. 45. 36.  1. 26. 42. 40. 35.  8. 20. 25. 50.  5. 39.  0. 44.  6. 14. 31. 17. 29. 15.  2. 16. 13. 22.  3. 10. 30. 11. 38. 33. 19. 43. 24. 28.  4. 27. 46. 12. 47. 41. 49. 37. 48.] 
33:[33. 38. 27. 24. 28. 43.  4.  7. 34. 32. 19. 10. 30. 17. 15.  2. 22. 16. 29. 13.  3.  6. 40.  5. 42. 11. 20. 45. 14. 46. 47. 12.  1. 26.  9. 25. 31. 41. 49. 37. 48.  8. 35. 23. 18. 36. 50. 21. 39.  0. 44.] 
34:[45. 32.  7. 35. 40. 34. 21. 12. 47. 44. 39.  0. 25. 29. 16.  3.  5. 30. 22. 23. 13. 46. 10. 31.  9.  8. 20. 50. 18. 26.  1. 36.  6. 42. 15.  2. 11. 14. 38. 33. 17. 19. 43. 28.  4. 27. 24. 48. 41. 49. 37.] 
35:[40.  5.  9. 35. 42. 20. 50.  8. 17. 14. 18.  3.  2. 29. 13. 16. 22. 15. 23. 34. 45. 30.  7. 32. 10. 33.  6. 11.  1. 21. 36. 26. 31. 25. 46. 39.  0. 44. 38. 27. 43. 19. 24. 28.  4. 47. 12. 48. 41. 49. 37.] 
36:[26. 21. 36.  1. 23. 18.  5.  9. 40. 35. 14. 42. 17. 10. 31.  3.  2. 29. 13. 22. 16. 15. 32. 34.  7. 20. 11. 46. 30.  8.  6. 50. 45. 25. 19. 43. 24. 28.  4. 38. 33. 27. 44. 39.  0. 12. 47. 41. 49. 37. 48.] 
37:[32. 34.  7. 19. 43. 24. 28.  4. 18. 27. 17. 26.  1. 36. 47. 12. 25. 48. 11. 41. 49. 37. 23. 33. 38. 45. 10. 30.  6. 31.  5. 42. 20. 14. 46.  9. 35.  2.  3. 13. 22. 29. 15. 16.  8. 40. 21. 39.  0. 44. 50.] 
38:[33. 38. 10. 30. 45. 29.  2. 16. 13. 15. 22. 42.  3.  5. 11. 18. 14. 17. 40.  9. 20.  6. 27. 46. 32. 24. 28. 43.  7.  4. 34. 19. 23.  1. 12. 26. 47. 36. 25.  8. 31. 35. 50. 48. 41. 49. 37. 39.  0. 44. 21.] 
39:[39.  0. 44. 21. 12. 47. 34. 32. 25. 42. 35. 40.  5.  1. 36. 26. 18. 23. 31.  9. 14. 17.  6.  8.  7.  3. 29.  2. 15. 13. 22. 16. 45. 30. 20. 50. 11. 10. 46. 33. 38. 24. 43. 27.  4. 19. 28. 41. 49. 37. 48.] 
40:[39.  0. 44. 21. 12. 47. 34. 32. 25. 42. 35. 40.  5.  1. 36. 26. 18. 23. 31.  9. 14. 17.  6.  8.  7.  3. 29.  2. 15. 13. 22. 16. 45. 30. 20. 50. 11. 10. 46. 33. 38. 24. 43. 27.  4. 19. 28. 41. 49. 37. 48.] 
41:[25. 48. 12. 11. 47. 41. 49. 37. 18.  7. 43. 19. 24. 28.  4. 27. 38. 33. 23.  1. 26. 36. 21. 31. 45. 10. 30. 40.  9.  5. 42. 17.  6. 14. 20. 32. 35. 13. 22.  2.  3. 15. 16. 29. 46.  8. 39.  0. 44. 34. 50.] 
42:[ 5.  9. 18. 23. 21. 26. 36.  1. 14. 42.  7. 32. 34. 45. 30. 10. 31. 24. 28.  4. 19. 43. 46. 27. 25. 20. 38. 33. 39.  0. 44. 17. 40. 35. 11.  6. 15.  3. 13. 22. 16. 29.  2. 47. 12. 50.  8. 48. 41. 49. 37.] 
43:[34. 43. 27. 19.  7. 24. 28. 32.  4. 38. 33. 17.  6. 11. 16. 29. 18. 15.  3. 13.  2. 22. 23. 47. 21. 36. 26. 12.  1. 20. 10. 30. 45. 48. 41. 49. 37. 25. 31. 40. 42.  5. 46.  9. 14.  8. 35. 50. 44. 39.  0.] 
44:[42.  5.  9. 39.  0. 44. 30. 10.  7.  1. 36.  6. 26. 32. 40. 21. 35. 28.  4. 20. 24.  8. 25. 38. 31. 46. 33. 47. 27. 12. 19. 17. 23. 18. 45. 11. 22. 13.  3. 43. 29.  2. 16. 34. 14. 15. 41. 49. 37. 48. 50.] 
45:[47. 25. 45. 32.  7. 34. 14. 40. 42. 30. 21. 39.  0. 44. 20. 10. 35. 27. 24. 28. 33. 38.  4. 43. 19.  6.  9. 17. 11. 18. 23. 12. 31.  2. 22. 29. 13. 15. 26.  1. 16.  3.  5. 50.  8. 46. 36. 48. 41. 49. 37.] 
46:[46. 42. 21. 36. 40.  5. 41. 49. 11. 37. 47. 12. 48.  9.  1. 26. 14. 31. 23. 18. 10. 30. 32.  7. 28.  4. 24. 27. 43. 19. 17. 35.  6. 38. 33. 34. 39.  0. 44. 20.  8. 45. 25.  2. 13. 22. 29. 15.  3. 16. 50.] 
47:[47. 12. 25. 48. 41. 49. 18. 37. 11. 23. 36. 26.  1. 34.  7. 24. 32. 43. 19. 28.  4. 27. 17. 31. 35.  5. 40. 42. 30. 10. 45.  9. 14. 38. 33.  6. 20. 46.  8. 15. 29. 13.  2. 22. 16.  3. 44.  0. 39. 50. 21.] 
48:[11. 48. 37. 41. 49. 18. 47. 12. 26.  1. 23. 31. 40.  9. 35.  5. 42. 14. 43.  7. 19. 28.  4. 24. 27. 17. 46. 34. 45. 10. 30.  8. 44. 20. 38. 33.  6. 32. 36. 39.  0. 21. 25.  3. 29. 16. 15. 22.  2. 50. 13.] 
49:[25. 11. 48. 41. 47. 12. 49. 37. 14.  1. 36. 26. 43. 23. 10. 30.  4. 24. 19. 28. 38. 33. 42. 40. 27.  9.  5. 31. 18. 17. 21. 39.  0. 44. 32.  7. 20. 34. 45. 35.  8. 29. 15. 13.  3. 16. 46.  6. 50. 22.  2.] 
50:[29.  2. 22. 13. 16.  3. 15. 32. 34.  7. 40. 35.  8. 50. 20. 33. 38.  6. 17. 18. 42. 36. 26.  1. 23. 14.  9.  5. 10. 30. 45. 25. 31. 11. 21. 39.  0. 44. 19. 43. 27. 24. 28.  4. 12. 47. 46. 48. 41. 49. 37.] 
POSCARS
EA38    2.493  4.344  3.535 90.06 90.01 89.98 Sym.group:  191
1.0
   2.4929779999999999    0.0120400000000000    0.0011120000000000
  -0.0193490000000000    4.3433999999999999    0.0228970000000000
  -0.0021150000000000   -0.0226460000000000    3.5351050000000002
Al F
2 2
direct
   0.1352800000000000    0.3769140000000000    0.3730740000000000 Al
   0.6352830000000000    0.8769150000000000    0.3735150000000000 Al
   0.6350260000000000    0.8773110000000000    0.8734630000000000 F
   0.1346930000000000    0.3773080000000000    0.8731260000000000 F
EA88    2.997  2.995  6.979 90.01 90.09 119.93 Sym.group:  164
1.0
   2.9968309999999998   -0.0235090000000000    0.0037260000000000
  -1.4738770000000001    2.6074269999999999    0.0030110000000000
  -0.0203500000000000   -0.0214480000000000    6.9790400000000004
Cl Mg
2 2
direct
   0.0072470000000000    0.9945030000000000    0.0901720000000000 Cl
   0.3412810000000000    0.6617450000000000    0.7858309999999999 Cl
   0.3416280000000000    0.6614900000000000    0.2944480000000000 Mg
   0.0067290000000000    0.9948920000000000    0.5815460000000000 Mg
EA51    4.796  2.354  4.879 90.01 119.41 90.00 Sym.group:  123
1.0
   4.7943530000000001    0.0034510000000000   -0.1058000000000000
  -0.0016520000000000    2.3544399999999999   -0.0011250000000000
  -2.3010370000000000   -0.0006120000000000    4.3019639999999999
Na Si
2 2
direct
   0.7457680000000000    0.7559950000000000    0.7465190000000000 Na
   0.2459260000000000    0.7541940000000000    0.7466760000000000 Na
   0.2460550000000000    0.2547740000000000    0.2466200000000000 Si
   0.7464430000000000    0.2548220000000000    0.2467900000000000 Si
EA54    2.761  3.165  2.761 90.01 90.06 90.05 Sym.group:  123
1.0
   2.7611260000000000   -0.0058660000000000    0.0104370000000000
   0.0041570000000000    3.1652330000000002   -0.0010700000000000
  -0.0132800000000000    0.0004560000000000    2.7611740000000000
Mg P
1 1
direct
   0.4719270000000000    0.5237270000000001    0.5175190000000000 Mg
   0.9723230000000000    0.0236670000000000    0.0171820000000000 P
EA1     2.891  2.880  4.081 89.57 90.09 90.00 Sym.group:  225
1.0
   2.8911319999999998   -0.0003270000000000    0.0019110000000000
   0.0002030000000000    2.8802469999999998   -0.0082450000000000
  -0.0088840000000000    0.0424570000000000    4.0804640000000001
F Na
2 2
direct
   0.3711040000000000    0.8696680000000000    0.9639440000000000 F
   0.8750260000000000    0.3707220000000000    0.4635940000000000 F
   0.8712290000000000    0.3703310000000000    0.9633980000000000 Na
   0.3753950000000000    0.8713330000000000    0.4642500000000000 Na
EA237   3.077  3.077  6.387 103.80 103.81 60.08 Sym.group:  166
1.0
   1.5414200000000000    2.6636389999999999    0.0010510000000000
  -1.5398769999999999    2.6643400000000002   -0.0072570000000000
  -0.0179460000000000   -1.7529170000000001    6.1412370000000003
S Si
2 2
direct
   0.8843330000000000    0.1459110000000000    0.9263890000000000 S
   0.1010140000000000    0.3622070000000000    0.5762550000000000 S
   0.7013260000000000    0.9626040000000000    0.3776210000000000 Si
   0.2840180000000000    0.5455179999999999    0.1250220000000000 Si
EA123   2.535  2.527  3.977 89.99 90.07 119.86 Sym.group:  187
1.0
   2.5352350000000001   -0.0039460000000000    0.0074930000000000
  -1.2548630000000001    2.1937220000000002   -0.0008400000000000
  -0.0165430000000000   -0.0073010000000000    3.9769760000000001
Na Li
1 1
direct
   0.6553780000000000    0.8328730000000000    0.9985810000000001 Na
   0.3173680000000000    0.1660210000000000    0.4986180000000000 Li
EA43    2.375  2.385  5.000 89.99 90.04 90.00 Sym.group:  129
1.0
   2.3750279999999999    0.0002990000000000    0.0165700000000000
  -0.0002360000000000    2.3852609999999999   -0.0065260000000000
  -0.0383010000000000    0.0145730000000000    4.9994470000000000
Be Li
2 2
direct
   0.0068570000000000    0.5065260000000000    0.6047220000000000 Be
   0.5064880000000000    0.0065580000000000    0.3984820000000000 Be
   0.0061030000000000    0.5066880000000000    0.1389080000000000 Li
   0.5072530000000000    0.0064070000000000    0.8642900000000000 Li
EA114   4.141  4.141  4.162 60.89 119.12 88.62 Sym.group:  141
1.0
   2.0541250000000000    3.5947680000000002    0.0624260000000000
  -2.0546489999999999    1.2305200000000001    3.3777879999999998
   0.0434070000000000   -2.4165770000000002    3.3888379999999998
Al Na
2 2
direct
   0.6281440000000000    0.2378450000000000    0.7580070000000000 Al
   0.3775850000000000    0.9872760000000000    0.2580290000000000 Al
   0.1281480000000000    0.7376060000000000    0.7579740000000000 Na
   0.8776800000000000    0.4874720000000000    0.2579760000000000 Na
EA275   2.813  2.813  6.299 89.87 102.79 60.12 Sym.group:  166
1.0
   1.4122960000000000    2.4327350000000001    0.0061990000000000
  -1.4056450000000000    2.4363750000000000    0.0073130000000000
  -1.4058700000000000   -0.8123250000000000    6.0864279999999997
Be Cl
2 2
direct
   0.0196630000000000    0.5948790000000000    0.4055390000000000 Be
   0.5253679999999999    0.8440730000000000    0.6624949999999999 Be
   0.9806180000000000    0.1164900000000000    0.8455670000000000 Cl
   0.5644380000000000    0.3224570000000000    0.2224670000000000 Cl
EA273   3.267  5.262  3.275 72.09 89.92 72.14 Sym.group:  139
1.0
   3.2572770000000002   -0.2366790000000000   -0.0918090000000000
   1.9823670000000000    3.8341449999999999    3.0104280000000001
   0.0149660000000000   -1.0586789999999999    3.0996350000000001
Al S
2 2
direct
   0.8955780000000000    0.9574260000000000    0.0383110000000000 Al
   0.6404490000000000    0.4558070000000000    0.7833750000000000 Al
   0.1248000000000000    0.4889460000000000    0.2676990000000000 S
   0.4112270000000000    0.9242870000000000    0.5539870000000000 S
EA231   4.336  3.143  3.143 90.00 89.99 90.00 Sym.group:  119
1.0
   4.3364339999999997    0.0001780000000000   -0.0005190000000000
  -0.0000800000000000    3.1427200000000002    0.0032470000000000
   0.0009940000000000   -0.0031540000000000    3.1431719999999999
Be S
2 2
direct
   0.1191090000000000    0.0092710000000000    0.2522740000000000 Be
   0.6191480000000000    0.5094050000000000    0.7523470000000000 Be
   0.3691760000000000    0.5092680000000001    0.2524190000000000 S
   0.8691770000000000    0.0093890000000000    0.7523570000000001 S
EA307   2.968  2.968  4.637 90.00 90.00 60.00 Sym.group:  186
1.0
   2.9680460000000002    0.0000440000000000    0.0000690000000000
   1.4838750000000001    2.5703659999999999   -0.0000850000000000
  -0.0001050000000000    0.0002080000000000    4.6365189999999998
Al N
2 2
direct
   0.3404440000000000    0.3333520000000000    0.1944030000000000 Al
   0.6736060000000000    0.6667860000000000    0.6944030000000000 Al
   0.6737930000000000    0.6666800000000001    0.3048440000000000 N
   0.3402560000000000    0.3334590000000000    0.8048440000000000 N
EA56    2.543  4.045  2.494 90.00 89.96 90.00 Sym.group:  123
1.0
   2.5430709999999999    0.0003640000000000   -0.0105260000000000
  -0.0005950000000000    4.0454439999999998   -0.0003850000000000
   0.0122430000000000    0.0002370000000000    2.4935969999999998
Al Mg
1 1
direct
   0.0410140000000000    0.6772810000000000    0.1313260000000000 Al
   0.5412470000000000    0.1772920000000000    0.6312200000000000 Mg
EA18    2.822  2.833  4.690 90.32 90.23 60.73 Sym.group:  164
1.0
   1.4439240000000000   -2.4244420000000000    0.0032630000000000
   2.8324150000000001    0.0742730000000000   -0.0098110000000000
  -0.0105710000000000    0.0217840000000000    4.6904250000000003
C P
2 2
direct
   0.9990000000000000    0.9942210000000000    0.3454370000000000 C
   0.9988210000000000    0.9991910000000001    0.6608760000000000 C
   0.3326470000000000    0.3291990000000000    0.1795880000000000 P
   0.6651750000000000    0.6642130000000001    0.8267250000000000 P
EA7     3.625  3.625  3.332 90.00 90.00 90.00 Sym.group:  123
1.0
   3.6252330000000001   -0.0011210000000000    0.0003220000000000
   0.0011950000000000    3.6252190000000000    0.0016460000000000
  -0.0002880000000000   -0.0015150000000000    3.3316040000000000
Mg Li
2 2
direct
   0.6201150000000000    0.6232880000000000    0.6368300000000000 Mg
   0.1202830000000000    0.1232430000000000    0.6365030000000000 Mg
   0.1199110000000000    0.6231380000000000    0.1366970000000000 Li
   0.6202810000000000    0.1232470000000000    0.1366900000000000 Li
EA122   3.658  3.658  3.371 90.00 90.00 92.66 Sym.group:  123
1.0
   3.6567090000000002   -0.0867660000000000   -0.0089370000000000
  -0.0832930000000000    3.6570149999999999    0.0165820000000000
   0.0077750000000000   -0.0150320000000000    3.3704790000000000
Al Si
2 2
direct
   0.7587080000000000    0.2476840000000000    0.4975030000000000 Al
   0.2581390000000000    0.7474740000000000    0.4974190000000000 Al
   0.2589800000000000    0.2473450000000000    0.9974730000000001 Si
   0.7578530000000000    0.7477740000000000    0.9974440000000000 Si
EA40    3.302  3.304  5.255 90.00 90.00 119.97 Sym.group:  194
1.0
   3.3019690000000002    0.0002330000000000   -0.0010690000000000
  -1.6505240000000001    2.8620000000000001   -0.0003000000000000
   0.0014970000000000    0.0013480000000000    5.2548159999999999
Al P
2 2
direct
   0.9987549999999999    0.0054590000000000    0.9985550000000000 Al
   0.9988020000000000    0.0054790000000000    0.4985540000000000 Al
   0.6655219999999999    0.3390830000000000    0.7485600000000000 P
   0.3320310000000000    0.6718530000000000    0.2485520000000000 P
EA114   2.436  2.439  5.169 77.55 76.80 60.13 Sym.group:  160
1.0
   2.4355069999999999    0.0326110000000000    0.0116820000000000
   1.1858379999999999    2.1292949999999999    0.0868090000000000
   1.1506099999999999    0.4304810000000000    5.0213619999999999
C Li
2 2
direct
   0.5081329999999999    0.2797530000000000    0.7069520000000000 C
   0.1531480000000000    0.9274030000000000    0.7711570000000000 C
   0.3870170000000000    0.1686560000000000    0.0696140000000000 Li
   0.9309630000000000    0.7045960000000000    0.4353600000000000 Li
EA21    2.552  2.552  2.552 60.00 90.00 120.00 Sym.group:  225
1.0
   1.2773699999999999    1.2758929999999999   -1.8042149999999999
  -1.2757680000000000    1.2766130000000000    1.8047700000000000
   1.2766960000000001    1.2750390000000000    1.8053770000000000
F Li
1 1
direct
   0.7466190000000000    0.4931490000000000    0.7566740000000000 F
   0.2466160000000000    0.4931440000000000    0.2566920000000000 Li
EA9     3.535  3.538  4.372 66.13 113.84 89.99 Sym.group:  141
1.0
   3.5016240000000001    0.4839560000000000   -0.0003920000000000
  -0.4839390000000000    3.5051120000000000    0.0003880000000000
  -1.9923460000000000    1.5102000000000000    3.5864750000000001
Al Si
2 2
direct
   0.7532250000000000    0.7507960000000000    0.4994310000000000 Al
   0.0030600000000000    0.0009340000000000    0.9991090000000000 Al
   0.5033750000000000    0.5006130000000000    0.9997300000000000 Si
   0.2529090000000000    0.2511170000000000    0.4988110000000000 Si
EA42    2.373  2.438  5.375 90.00 89.98 118.99 Sym.group:  164
1.0
   2.3728449999999999    0.0017580000000000    0.0018850000000000
  -1.1829810000000001    2.1316980000000001    0.0027840000000000
  -0.0026280000000000   -0.0089390000000000    5.3747319999999998
B F
2 2
direct
   0.3318400000000000    0.6786630000000000    0.4160780000000000 B
   0.6593900000000000    0.3319520000000000    0.2351630000000000 B
   0.3325880000000000    0.6808870000000000    0.6559490000000000 F
   0.6586720000000000    0.3293930000000000    0.9952190000000000 F
EA116   3.716  3.714  4.013 89.99 89.98 90.02 Sym.group:  123
1.0
   3.7163780000000002   -0.0053910000000000    0.0154880000000000
   0.0039180000000000    3.7143590000000000    0.0157850000000000
  -0.0152380000000000   -0.0163190000000000    4.0129180000000000
Na Mg
2 2
direct
   0.3733960000000000    0.8768629999999999    0.9967110000000000 Na
   0.8733960000000000    0.3768490000000000    0.9966699999999999 Na
   0.3732840000000000    0.3770070000000000    0.4963710000000000 Mg
   0.8732600000000000    0.8769950000000000    0.4963460000000000 Mg
EA162   2.786  5.246  2.786 89.97 60.01 89.97 Sym.group:  156
1.0
   2.7858489999999998    0.0005360000000000    0.0050360000000000
   0.0016580000000000    5.2455730000000003    0.0213140000000000
   1.3884850000000000   -0.0086630000000000    2.4157860000000002
Al B
2 2
direct
   0.6532000000000000    0.0453550000000000    0.6908510000000000 Al
   0.9858230000000000    0.4236990000000000    0.0255270000000000 Al
   0.9867130000000000    0.7988150000000001    0.0247820000000000 B
   0.3200040000000000    0.7423149999999999    0.3582820000000000 B
EA21    3.181  3.224  3.224 119.21 119.52 60.48 Sym.group:  225
1.0
   3.1807430000000001    0.0060770000000000   -0.0043340000000000
   1.5832590000000000    2.8086280000000001    0.0022880000000000
  -1.5833900000000001   -0.9159920000000000    2.6552099999999998
P Si
1 1
direct
   0.9917700000000000    0.9975650000000000    0.0039190000000000 P
   0.4917320000000000    0.4975890000000000    0.5038930000000000 Si
EA37    2.292  2.292  6.496 80.22 99.77 119.46 Sym.group:  160
1.0
   2.2919470000000000    0.0024120000000000   -0.0190910000000000
  -1.1291789999999999    1.9945290000000000    0.0090090000000000
  -1.0500389999999999    0.6442890000000000    6.3776999999999999
O N
2 2
direct
   0.2241560000000000    0.7810360000000000    0.1617740000000000 O
   0.7211400000000000    0.2779780000000000    0.6617980000000000 O
   0.2821760000000000    0.7230350000000000    0.3399740000000000 N
   0.7791709999999999    0.2199780000000000    0.8400069999999999 N
EA272   2.821  2.821  5.546 89.92 90.16 119.84 Sym.group:  164
1.0
   2.8214020000000000    0.0030940000000000    0.0052530000000000
  -1.4062340000000000    2.4455480000000001    0.0005210000000000
  -0.0261630000000000   -0.0068980000000000    5.5460919999999998
F Mg
2 2
direct
   0.3251680000000000    0.6632720000000000    0.6423250000000000 F
   0.6577290000000000    0.3290550000000000    0.3590160000000000 F
   0.3229400000000000    0.6630130000000000    0.1933900000000000 Mg
   0.6598600000000000    0.3292440000000000    0.8079980000000000 Mg
EA11    3.320  3.330  3.323 60.43 119.70 119.61 Sym.group:  225
1.0
   3.3203900000000002    0.0230500000000000   -0.0013930000000000
  -1.6563500000000000    1.6711760000000000    2.3568050000000000
  -1.6336679999999999   -1.6770050000000001    2.3577640000000000
Cl Na
1 1
direct
   0.4963550000000000    0.5034310000000000    0.4894050000000000 Cl
   0.9965030000000000    0.0034120000000000    0.9897200000000000 Na
EA9     2.754  2.763  3.898 89.91 90.24 90.00 Sym.group:  225
1.0
   2.7536130000000001    0.0003320000000000    0.0059160000000000
  -0.0002510000000000    2.7629459999999999   -0.0025380000000000
  -0.0248570000000000    0.0096260000000000    3.8976380000000002
H Na
2 2
direct
   0.3749810000000000    0.3733480000000000    0.1248950000000000 H
   0.8862890000000000    0.8732330000000000    0.6259860000000000 H
   0.8751960000000000    0.8737360000000000    0.1259200000000000 Na
   0.3859780000000000    0.3737420000000000    0.6251810000000000 Na
EA183   3.274  4.078  3.274 113.11 89.94 66.91 Sym.group:  123
1.0
   3.2736410000000000    0.0279210000000000    0.0009370000000000
   1.5674539999999999    3.7643650000000002   -0.0583620000000000
   0.0141150000000000   -1.3513850000000001    2.9816490000000000
Li P
2 2
direct
   0.5992670000000000    0.3271760000000000    0.0132770000000000 Li
   0.0992620000000000    0.3271960000000000    0.5133050000000000 Li
   0.3492850000000000    0.8271849999999999    0.7632910000000001 P
   0.8492810000000000    0.8271849999999999    0.2632960000000000 P
EA114   2.546  2.586  4.018 108.38 72.25 89.09 Sym.group:  139
1.0
   2.5375939999999999   -0.1679290000000000    0.1117830000000000
   0.2128880000000000    2.5775969999999999   -0.0226080000000000
   0.9802280000000000   -1.3202320000000001    3.6662240000000001
N Li
2 2
direct
   0.1015080000000000    0.9211620000000000    0.8257960000000000 N
   0.9305960000000000    0.0943010000000000    0.1707700000000000 N
   0.6756560000000000    0.3464750000000000    0.6766320000000000 Li
   0.3564550000000000    0.6689889999999999    0.3199300000000000 Li
EA197   2.847  2.845  5.780 75.79 75.77 60.12 Sym.group:  166
1.0
   2.8470230000000001    0.0280920000000000    0.0087170000000000
   1.3929590000000001    2.4807440000000001    0.0406380000000000
   1.3965620000000001    0.7523430000000000    5.5580829999999999
B S
2 2
direct
   0.9827570000000000    0.6458840000000000    0.2853540000000000 B
   0.0785050000000000    0.7424670000000000    0.9946940000000000 B
   0.7925930000000000    0.4566900000000000    0.8509330000000001 S
   0.2686690000000000    0.9316610000000000    0.4291140000000000 S
EA123   5.647  3.102  3.101 90.00 90.03 90.01 Sym.group:  129
1.0
   5.6474359999999999   -0.0058580000000000    0.0235360000000000
   0.0028310000000000    3.1019470000000000   -0.0016190000000000
  -0.0143380000000000    0.0016730000000000    3.1010089999999999
Cl P
2 2
direct
   0.0491200000000000    0.8893030000000000    0.6548640000000000 Cl
   0.3445530000000000    0.3894800000000000    0.1569170000000000 Cl
   0.6991170000000000    0.8893890000000000    0.6615680000000000 P
   0.6945690000000000    0.3892620000000000    0.1612970000000000 P
EA111   3.064  3.065  4.052 89.99 90.03 60.00 Sym.group:  187
1.0
   3.0644469999999999    0.0054710000000000    0.0071540000000000
   1.5274850000000000    2.6566920000000001   -0.0020150000000000
  -0.0114100000000000    0.0102490000000000    4.0519959999999999
N Mg
2 2
direct
   0.9948500000000000    0.0043460000000000    0.8350550000000000 N
   0.9939829999999999    0.0049470000000000    0.3959230000000000 N
   0.3279030000000000    0.3378790000000000    0.1154070000000000 Mg
   0.6611650000000000    0.6712720000000000    0.6155530000000000 Mg
EA125   3.047  3.111  3.202 89.76 90.52 90.00 Sym.group:  129
1.0
   3.0467860000000000   -0.0000550000000000    0.0033390000000000
  -0.0000940000000000    3.1108709999999999   -0.0101860000000000
  -0.0328360000000000    0.0237280000000000    3.2015600000000002
H P
2 2
direct
   0.2426430000000000    0.7489150000000000    0.5106240000000000 H
   0.7460620000000000    0.2478020000000000    0.4908810000000000 H
   0.2442380000000000    0.7486159999999999    0.9688870000000001 P
   0.7444740000000000    0.2483850000000000    0.0326210000000000 P
EA7     2.948  2.944  3.616 89.99 66.16 60.06 Sym.group:  166
1.0
   1.4841850000000001    2.5475240000000001    0.0100190000000000
  -1.4640850000000001    2.5535790000000000   -0.0250440000000000
   1.4244509999999999    0.8490500000000000    3.2129509999999999
B Li
2 2
direct
   0.8114250000000000    0.0247860000000000    0.4788280000000000 B
   0.4544910000000000    0.7026990000000000    0.5085790000000000 B
   0.3658470000000000    0.2473590000000000    0.1431600000000000 Li
   0.9000990000000000    0.4801040000000000    0.8442120000000000 Li
EA105   2.428  2.428  5.036 90.05 90.04 60.01 Sym.group:  164
1.0
   1.2154870000000000   -2.1018800000000000    0.0020810000000000
   2.4280529999999998    0.0019900000000000    0.0042800000000000
  -0.0133960000000000    0.0014390000000000    5.0355910000000002
C Li
2 2
direct
   0.0379250000000000    0.6681760000000000    0.9610740000000000 C
   0.7046490000000000    0.3349480000000000    0.0347930000000000 C
   0.7042840000000000    0.3343490000000000    0.6734100000000000 Li
   0.0382670000000000    0.6689450000000000    0.3224520000000000 Li
EA56    2.928  2.929  2.928 90.03 60.02 60.01 Sym.group:  216
1.0
   0.0455560000000000    1.6759340000000000    2.4007429999999998
  -1.4371959999999999    2.5516440000000000    0.0313810000000000
  -1.4453450000000001   -0.8452490000000000    2.4025780000000001
Al N
1 1
direct
   0.6233730000000000    0.5289710000000000    0.0214460000000000 Al
   0.1234450000000000    0.2789120000000000    0.2714300000000000 N
EA5     2.791  2.792  3.569 89.82 89.86 60.04 Sym.group:  187
1.0
   1.4297830000000000    2.3968550000000000   -0.0448400000000000
  -1.3630290000000000    2.4357240000000000   -0.0493280000000000
  -0.0070970000000000    0.0812810000000000    3.5685330000000000
O Li
2 2
direct
   0.3330630000000000    0.0810250000000000    0.5309900000000000 O
   0.3322780000000000    0.0798410000000000    0.9545490000000000 O
   0.9994960000000001    0.7465440000000000    0.7427790000000000 Li
   0.6655300000000000    0.4143290000000000    0.2427620000000000 Li
EA121   2.396  2.396  7.158 90.00 89.95 120.00 Sym.group:  191
1.0
   2.3963960000000002   -0.0031500000000000    0.0044340000000000
  -1.1953890000000000    2.0769579999999999    0.0003370000000000
  -0.0075610000000000   -0.0050310000000000    7.1579179999999996
F Si
2 2
direct
   0.2383830000000000    0.2455900000000000    0.2484410000000000 F
   0.2359420000000000    0.2482310000000000    0.7484380000000000 F
   0.2369940000000000    0.2440530000000000    0.9984350000000000 Si
   0.2372740000000000    0.2445330000000000    0.4984360000000000 Si
EA149   3.816  3.816  3.815 119.47 119.30 60.57 Sym.group:  166
1.0
   3.8158040000000000    0.0208480000000000   -0.0326990000000000
   1.8569860000000000    3.3334999999999999    0.0002790000000000
  -1.8335300000000001   -1.1268659999999999    3.1495129999999998
F Si
2 2
direct
   0.0133080000000000    0.0040340000000000    0.9902650000000000 F
   0.7500190000000000    0.7423340000000000    0.2529320000000000 F
   0.5726640000000000    0.5633440000000000    0.4307920000000000 Si
   0.1905480000000000    0.1831800000000000    0.8124420000000000 Si
EA157   2.927  2.927  5.064 106.78 73.22 119.98 Sym.group:  216
1.0
   2.9268130000000001   -0.0061000000000000    0.0118420000000000
  -1.4573590000000001    2.5381730000000000   -0.0117750000000000
   1.4405770000000000   -0.8361280000000000    4.7824660000000003
C Si
2 2
direct
   0.1811680000000000    0.8183610000000000    0.1865780000000000 C
   0.6810480000000000    0.3187240000000000    0.6865980000000000 C
   0.8062030000000000    0.1933240000000000    0.3113380000000000 Si
   0.3060940000000000    0.6936730000000000    0.8113290000000000 Si
EA104   2.393  7.779  2.394 90.76 62.10 81.30 Sym.group:  166
1.0
   2.3920650000000001    0.0650340000000000    0.0412650000000000
   0.9647100000000000    7.7172099999999997    0.1542300000000000
   1.0897640000000000   -0.2104310000000000    2.1206930000000002
C Cl
2 2
direct
   0.9111640000000000    0.3648850000000000    0.1786930000000000 C
   0.5753700000000000    0.3649480000000000    0.8429700000000000 C
   0.0196780000000000    0.6956360000000000    0.6201170000000000 Cl
   0.4567960000000000    0.0341320000000000    0.3925650000000000 Cl
EA5     2.359  2.360  4.082 106.80 90.01 60.03 Sym.group:  225
1.0
   1.1935640000000001   -2.0350649999999999   -0.0041010000000000
   2.3600629999999998    0.0172160000000000    0.0214400000000000
  -1.2097329999999999   -0.7161810000000000    3.8327450000000001
H Li
2 2
direct
   0.6184950000000000    0.7575160000000000    0.3815790000000000 H
   0.1190320000000000    0.7566050000000000    0.8816970000000000 H
   0.8690400000000000    0.2571020000000000    0.6313450000000000 Li
   0.3686920000000000    0.2571480000000000    0.1312920000000000 Li
EA52    3.213  2.318  2.318 120.00 89.99 90.01 Sym.group:  191
1.0
   3.2133159999999998    0.0024550000000000   -0.0044090000000000
  -0.0041960000000000    1.1843830000000000   -1.9923780000000000
   0.0022070000000000    1.1333370000000000    2.0218630000000002
H Si
1 1
direct
   0.3412390000000000    0.2445300000000000    0.9988190000000000 H
   0.8412180000000000    0.2504320000000000    0.0009270000000000 Si
EA331   2.306  7.981  2.306 81.81 90.98 81.88 Sym.group:  139
1.0
   2.3060179999999999   -0.0191640000000000    0.0109330000000000
   1.1929110000000001    7.8913110000000000    0.0912200000000000
  -0.0476260000000000    0.3131370000000000    2.2843969999999998
Cl O
2 2
direct
   0.9650240000000000    0.5409830000000000    0.7703310000000000 Cl
   0.3100490000000000    0.8480290000000000    0.1187680000000000 Cl
   0.6754660000000000    0.1180990000000000    0.4831730000000000 O
   0.5996020000000000    0.2709490000000000    0.4061410000000000 O
EA1     3.706  2.687  2.687 89.98 68.77 111.23 Sym.group:  139
1.0
   3.7063630000000001   -0.0127100000000000    0.0119180000000000
  -0.9640260000000000    2.5075820000000002   -0.0154630000000000
   0.9661270000000000    0.3877260000000000    2.4767039999999998
C B
2 2
direct
   0.2250170000000000    0.1202560000000000    0.8870150000000000 C
   0.7720690000000000    0.8942380000000000    0.1136900000000000 C
   0.4985170000000000    0.2574860000000000    0.2503560000000000 B
   0.4985700000000000    0.7570080000000000    0.7503500000000000 B
EA9     2.558  2.558  4.154 90.00 90.00 120.00 Sym.group:  186
1.0
   1.2797879999999999   -2.2145630000000001    0.0001290000000000
   1.2780560000000001    2.2155209999999999   -0.0019060000000000
   0.0026940000000000    0.0021730000000000    4.1543720000000004
O Be
2 2
direct
   0.3187550000000000    0.6586500000000000    0.1303500000000000 O
   0.6521370000000000    0.3252110000000000    0.6303460000000000 O
   0.6520600000000000    0.3252690000000000    0.0078250000000000 Be
   0.3187180000000000    0.6585320000000000    0.5077120000000001 Be
EA97    4.276  2.469  2.469 119.97 73.24 106.76 Sym.group:  216
1.0
   4.2761579999999997    0.0215250000000000    0.0394400000000000
  -0.7002260000000000    1.2684359999999999   -1.9996860000000001
   0.6871410000000000    1.2016739999999999    2.0448279999999999
N B
2 2
direct
   0.6083840000000000    0.6889510000000000    0.8151490000000000 N
   0.1083840000000000    0.1885460000000000    0.3157960000000000 N
   0.9834430000000000    0.8135540000000000    0.6908970000000000 B
   0.4834420000000000    0.3139750000000000    0.1902190000000000 B
EA147   2.996  2.999  5.178 73.37 73.35 60.38 Sym.group:  216
1.0
   1.4932460000000001   -2.5971039999999999    0.0180820000000000
   2.9985070000000000    0.0145310000000000    0.0061030000000000
   1.4761340000000001   -0.8287470000000000    4.8930449999999999
B P
2 2
direct
   0.9908850000000000    0.6463530000000000    0.3190910000000000 B
   0.4906340000000000    0.1463590000000000    0.8190930000000000 B
   0.3659650000000000    0.0219840000000000    0.1948480000000000 P
   0.8657210000000000    0.5219900000000000    0.6948470000000000 P
EA115   3.872  3.872  3.872 90.03 119.99 119.98 Sym.group:  227
1.0
   0.0885970000000000   -2.2011989999999999   -3.1837399999999998
   1.8915800000000000    3.3775230000000001    0.0702230000000000
   1.8911380000000000   -1.1273070000000001    3.1854429999999998
Al Li
2 2
direct
   0.6172470000000000    0.8650330000000001    0.1149040000000000 Al
   0.1173490000000000    0.6150020000000000    0.3650230000000000 Al
   0.6173140000000000    0.3650650000000000    0.6149790000000001 Li
   0.1173030000000000    0.1150330000000000    0.8650220000000000 Li
