NUMBER OF TEMPLATES 28
COMPOSITION A 1 B
pairs , SPACEGROUPS 
[Al N] , 186 
[Al O] , 166 
[Al N] , 216 
[F Li] , 225 
[Li Na] , 187 
[Li Mg] , 123 
[Be Cl] , 164 
[Be S] , 119 
[Al P] , 194 
[Cl P] , 129 
[H Na] , 225 
[Al F] , 191 
[N O] , 160 
[N P] , 131 
[C F] , 164 
[C H] , 164 
[P Si] , 225 
[Al S] , 139 
[C Cl] , 166 
[Cl Mg] , 164 
[Al Li] , 227 
[Al Si] , 141 
[C Si] , 216 
[H P] , 129 
[Mg Na] , 123 
[Be O] , 186 
[B C] , 139 
[B Be] , 164 
RANKING VECTORS ENTHALPIES
0:[-171.42212305 -171.42146896 -171.42082119 -171.41926819 -171.41899083 -171.21239484 -171.07509916 -171.07486113 -171.00368641 -171.00363316 -170.97475691 -170.9733948  -170.97322321 -170.9729275  -170.62199691 -170.61288326 -170.38172131 -170.30170477 -169.96020261 -169.8817596 -169.86649562 -169.79984101 -169.76733427 -169.76359334 -168.31077543 -168.31054515 -168.02186496 -167.87872935] 
1:[-254.87313889 -254.62626843 -254.37412279 -254.37325385 -254.36794425 -254.27990493 -254.27767118 -254.22833403 -254.08217808 -253.95440565 -253.9286016  -253.92652194 -253.88760722 -253.88519372 -253.87489188 -253.84392321 -253.78400608 -253.71928622 -253.6651164  -253.46222984 -253.46124071 -253.45740121 -253.11211232 -253.09992375 -252.9152524 -251.87131601 -251.66854346 -251.66605852] 
2:[-171.42212305 -171.42146896 -171.42082119 -171.41926819 -171.41899083 -171.21239484 -171.07509916 -171.07486113 -171.00368641 -171.00363316 -170.97475691 -170.9733948  -170.97322321 -170.9729275  -170.62199691 -170.61288326 -170.38172131 -170.30170477 -169.96020261 -169.8817596 -169.86649562 -169.79984101 -169.76733427 -169.76359334 -168.31077543 -168.31054515 -168.02186496 -167.87872935] 
3:[-432.96056618 -432.96044377 -432.96020383 -432.96004852 -432.96001184 -432.78909932 -432.76541953 -432.71830185 -432.6670681  -432.66706275 -432.66660013 -432.6665441  -432.66563453 -432.6652722  -432.66437085 -432.66006321 -432.6499244  -432.61021596 -432.54990304 -432.54987636 -432.54982677 -432.51339476 -432.49284868 -432.35574864 -432.24482355 -432.11901423 -431.64384532 -431.43056852] 
4:[-714.8925703  -714.89104481 -714.88975234 -714.8870512  -714.87995155 -714.87402147 -714.87365671 -714.87321123 -714.87172554 -714.84262143 -714.84134057 -714.83479246 -714.82507914 -714.82158553 -714.81996624 -714.81622664 -714.80378248 -714.7918539  -714.77449631 -714.77169443 -714.74664816 -714.74151977 -714.73970108 -714.72607114 -714.68519317 -714.51517341 -714.27326381 -714.26993487] 
5:[-901.54131758 -901.52245032 -901.48056886 -901.47876901 -901.4715911 -901.38835728 -901.32891009 -901.32646587 -901.30746541 -901.30714057 -901.29582462 -901.24870606 -901.23553903 -901.2114962  -901.1969086 -901.19338855 -901.18495636 -901.18276082 -901.16003977 -901.1598401 -901.13163625 -901.13033788 -901.06892919 -901.01819869 -900.84910163 -900.18099361 -899.86145296 -899.8613385 ] 
6:[-409.43437692 -409.25884211 -409.25746111 -409.25250457 -409.13307916 -409.06871411 -409.01550705 -408.94877887 -408.94556073 -408.87423243 -408.86025657 -408.84901333 -408.83197392 -408.82921436 -408.82533837 -408.82413798 -408.82088232 -408.80491485 -408.77825231 -408.74183026 -408.74051385 -408.73878097 -408.53162174 -408.44068439 -408.44037947 -408.36445426 -407.98263574 -407.84731113] 
7:[-337.14667518 -337.14530887 -337.14479129 -337.14433945 -337.13729757 -337.13669346 -337.12970586 -337.08214636 -337.07521421 -337.06489338 -337.06396473 -337.02653756 -337.02429451 -337.02351594 -336.6678231 -336.60497552 -336.5996438  -336.53763136 -336.35941019 -336.25671849 -336.2048109  -336.2003373  -336.19625175 -336.0910905  -336.08562305 -335.83906444 -335.83405085 -335.74258182] 
8:[-121.74998379 -121.70778699 -121.70440136 -121.70319169 -121.67545079 -121.6750488  -121.61730484 -121.59949221 -121.54287404 -121.51669463 -121.42010512 -121.4065187  -121.33723242 -121.32714872 -121.31835644 -121.23741757 -121.23501907 -121.19934977 -121.16701162 -121.16683186 -121.16189075 -121.07441206 -120.91304946 -120.91264542 -120.91217778 -120.89978276 -120.8996635  -120.46298415] 
9:[-312.45643357 -312.45639419 -312.29271199 -312.27165575 -312.25821812 -312.25804307 -312.21986671 -312.20672173 -312.20041242 -312.19252859 -312.06792414 -312.02519808 -312.02332796 -312.01303725 -311.9574342 -311.85108382 -311.84554241 -311.81016401 -311.74052606 -311.55587166 -311.30549701 -311.27423261 -311.27299299 -310.53479827 -310.45861514 -310.41907151 -309.88578231 -309.88564808] 
10:[-626.95895239 -626.95894155 -626.90031153 -626.90020272 -626.89968904 -626.89766359 -626.897459   -626.83923535 -626.81595474 -626.78021252 -626.73375392 -626.66410168 -626.49986688 -626.4993921  -626.4993315 -626.49905519 -626.49870588 -626.49299443 -626.43143474 -626.42896317 -626.42624496 -626.3783887  -626.37262097 -626.3322854  -626.33216884 -626.23165691 -626.22288803 -625.65837619] 
11:[-364.23802846 -364.05958141 -364.05255801 -364.04857679 -364.04506249 -364.03668902 -364.02355082 -364.0158293  -363.93847329 -363.92973247 -363.87154709 -363.80252728 -363.72063004 -363.59484559 -363.59423454 -363.28591303 -363.17407963 -363.17384684 -363.11826019 -362.89163189 -362.80480181 -362.80454829 -362.80199396 -362.72528073 -362.64779396 -362.62659057 -362.61990009 -362.16838497] 
12:[-361.88412447 -361.86748745 -361.8582179  -361.77991794 -361.77968243 -361.09937825 -360.99587357 -360.71378643 -360.53888077 -360.48608494 -360.23663884 -360.20895089 -360.20542378 -360.13045928 -360.13026708 -360.07100083 -360.06043075 -360.0596659  -360.0543215  -360.05346533 -359.9616175  -359.89187941 -359.83248132 -359.8099403  -359.52294944 -359.51187513 -359.48774046 -359.43188581] 
13:[-232.04054282 -231.91656804 -231.91334781 -231.75138549 -231.7014749 -231.63293347 -231.61583857 -231.35799593 -231.33320564 -231.31677125 -231.2690489  -231.26268428 -231.2624685  -231.24925007 -231.22420956 -231.21094772 -231.19104626 -231.09291307 -230.98135093 -230.97750526 -230.87049074 -230.86352104 -230.76956667 -230.75107134 -230.66897692 -230.66890712 -230.64246034 -230.39473385] 
14:[-414.63787073 -414.63776585 -414.63689335 -414.63687678 -413.73603404 -413.73408083 -413.53262398 -412.98631974 -412.68271915 -412.68224282 -412.64029641 -412.44398118 -412.11494111 -412.07403349 -411.89939196 -411.86626658 -411.69217865 -411.67172404 -411.66722141 -411.48894935 -411.43419854 -411.43184028 -411.42763968 -410.8263844  -410.82613454 -410.82612547 -410.15539372 -410.15539052] 
15:[-88.37504288 -88.37498626 -88.36963553 -88.3605551  -88.2851077 -87.48268848 -87.48199149 -87.06490829 -86.88421409 -86.74714674 -86.72998022 -86.63551958 -86.59108109 -86.58301606 -86.57464465 -86.47592515 -86.42280705 -86.2029635  -86.19247183 -86.16203644 -85.83177494 -85.81342776 -85.78716924 -85.71809611 -85.71761251 -85.67749902 -85.6760759  -85.62148054] 
16:[-147.5767674  -147.57664081 -147.54762042 -147.52707095 -147.52140209 -147.49888369 -147.46528582 -147.45823056 -147.45487904 -147.44643762 -147.43488252 -147.36199506 -147.35889031 -147.34818499 -147.33709845 -147.32925409 -147.32023571 -147.30387848 -147.30352104 -147.29576473 -147.2830201  -147.22296416 -147.16256572 -146.94304123 -146.92429442 -146.68160989 -146.63160764 -146.63153197] 
17:[-177.85155482 -177.78357692 -177.77796655 -177.77599104 -177.7582275 -177.71370814 -177.69430794 -177.69391855 -177.68695272 -177.51148756 -177.42200132 -177.4192362  -177.37166406 -177.36917177 -177.25075924 -177.19885471 -177.17812913 -177.15294321 -177.06718757 -177.02228872 -177.02004654 -176.97431709 -176.97044366 -176.90604598 -176.83470784 -176.71039838 -176.71027767 -176.38017579] 
18:[-300.87918812 -300.87913862 -300.87809849 -300.87799018 -300.76907298 -300.07211295 -300.06569125 -299.61962172 -299.28931661 -298.90475099 -298.90455875 -298.90412802 -298.88756204 -298.86838827 -298.77861225 -298.66589092 -298.62844305 -298.61505876 -298.58333953 -298.57306794 -298.55016499 -298.43945129 -298.43569097 -298.4104085  -298.40602255 -298.14351655 -297.64020078 -297.64016559] 
19:[-1026.85454699 -1026.85441373 -1026.77907424 -1026.77799209 -1026.69837038 -1026.68813711 -1026.68431719 -1026.68197528 -1026.63201146 -1026.59990006 -1026.36485006 -1026.30856304 -1026.30821077 -1026.30778578 -1026.19249304 -1026.19199196 -1026.17948077 -1026.1445542  -1026.03948234 -1025.88195229 -1025.88014191 -1025.76310369 -1025.75001984 -1025.74611604 -1025.50371683 -1025.4887595  -1025.48866666 -1025.03222879] 
20:[-125.94413702 -125.93425911 -125.87158525 -125.86594488 -125.83212234 -125.81035013 -125.77287129 -125.75012082 -125.67959496 -125.6558159 -125.65480624 -125.64806032 -125.50994245 -125.50519636 -125.48043663 -125.46040854 -125.32528498 -125.31437847 -125.24533868 -125.22279407 -125.06344168 -125.02622108 -125.02605891 -124.2739807  -124.27196996 -124.12411615 -123.54598347 -123.54593641] 
21:[-84.87089141 -84.86300363 -84.85888928 -84.79821066 -84.77946561 -84.77054211 -84.7576771  -84.68544076 -84.63974532 -84.62204828 -84.60149574 -84.59494957 -84.55635923 -84.55593942 -84.43497148 -84.38197413 -84.37836579 -84.22117303 -84.19196688 -84.17006714 -84.16077056 -84.16045145 -84.13242136 -83.27774656 -83.23540123 -83.2324328  -82.80233313 -82.80226132] 
22:[-136.68756527 -136.68220471 -136.68092235 -136.68022208 -136.6800797 -136.67746266 -136.5260775  -136.5138824  -136.5136196  -136.33530591 -136.33410148 -136.20272975 -136.20265074 -136.18150926 -135.93859323 -135.84058938 -135.83790584 -135.82276045 -135.78941344 -135.49640687 -135.22115035 -135.15262836 -135.03299031 -135.01868216 -135.0007175 -134.87945094 -134.63074505 -134.19113666] 
23:[-99.27956435 -99.1824063  -99.11945507 -99.09069654 -99.08446058 -99.06964985 -99.03623934 -99.02984292 -99.01565325 -98.97980567 -98.97913579 -98.97643219 -98.93483534 -98.92801375 -98.91987561 -98.88606809 -98.88556027 -98.88475757 -98.8737693  -98.85719552 -98.84676805 -98.8147509  -98.77857855 -98.73962497 -98.71598762 -98.70442781 -98.53778524 -98.53186565] 
24:[-1423.90060161 -1423.89900069 -1423.87791003 -1423.87079228 -1423.86747849 -1423.86204159 -1423.84550272 -1423.83938476 -1423.82266465 -1423.82009988 -1423.81338026 -1423.81119999 -1423.79093418 -1423.78682871 -1423.7818216  -1423.78108987 -1423.7739265  -1423.72764096 -1423.58834835 -1423.55776562 -1423.40528835 -1423.26888462 -1423.2631707  -1423.24435189 -1422.63111783 -1422.27280962 -1422.01548515 -1421.98873626] 
25:[-414.37249339 -414.37190198 -414.37029717 -414.36964902 -414.36791578 -414.36681629 -414.18438958 -414.18082774 -414.17461939 -414.14835191 -414.1469078  -414.14660901 -414.14528405 -414.14521096 -414.08076076 -413.95077033 -413.80853577 -413.76489485 -413.58734613 -413.55085158 -413.4487874  -413.37779012 -413.36231139 -412.77946012 -412.77941737 -412.38958706 -411.0458985  -410.9227007 ] 
26:[-119.79770711 -119.74656643 -119.65993783 -119.65513992 -119.47881638 -119.47867246 -119.47492543 -119.46950854 -119.46915752 -119.38636821 -119.38296134 -119.15851988 -118.88810683 -118.87596673 -118.84165496 -118.84101618 -118.77875111 -118.65356001 -118.62663222 -118.57835228 -118.35111581 -118.3286469  -118.02767834 -117.88919843 -117.83083695 -117.25064406 -117.24530152 -116.89610882] 
27:[-227.62667475 -227.62609122 -227.62578313 -227.57734614 -227.51354713 -227.4174937  -227.40279081 -227.39660749 -227.25847143 -227.25808246 -227.25630361 -227.14388359 -227.10740491 -227.05214673 -227.01673458 -226.93989061 -226.86365516 -226.7633474  -226.66253471 -226.64510143 -226.4826733  -226.42547649 -226.42268712 -226.35938474 -226.35824826 -226.32381253 -225.35365914 -225.35346768] 
RANKING VECTORS IDX
0:[ 9. 23.  3. 16. 10.  8. 27. 19. 25.  0. 12.  7. 22.  2. 17.  4. 18. 21. 13. 26.  6.  1. 24.  5. 14. 15. 11. 20.] 
1:[ 1. 17. 23.  9. 18. 19. 27.  6. 13. 12.  0. 25. 22.  2.  7.  4. 26. 21.  8. 10. 16.  3. 24.  5. 11. 20. 15. 14.] 
2:[ 9. 23.  3. 16. 10.  8. 27. 19. 25.  0. 12.  7. 22.  2. 17.  4. 18. 21. 13. 26.  6.  1. 24.  5. 14. 15. 11. 20.] 
3:[ 9. 16. 10. 23.  3.  8.  4.  7. 25.  0. 14. 27. 19. 24. 15.  5. 17. 21. 12. 22.  2. 18. 13. 26.  1.  6. 20. 11.] 
4:[ 9. 23. 19. 15. 27.  8. 24.  5.  4. 14.  6. 21. 12. 25.  0. 20. 13. 11.  7.  1.  3. 16. 10. 17. 18. 26. 22.  2.] 
5:[ 5. 24.  9. 21. 23. 20.  8.  4. 27. 19.  7.  6. 18.  1. 25. 12.  3. 17. 16. 10. 14. 15. 11. 13. 26.  0. 22.  2.] 
6:[18. 27. 19.  6. 17.  1. 13.  7.  4.  9. 15. 14. 24.  5. 12.  0. 25.  8. 21. 16. 10.  3. 26. 22.  2. 11. 23. 20.] 
7:[ 7. 22.  2. 12. 25.  0.  8.  9.  3. 16. 10. 14. 27. 19. 17.  6.  4. 26. 21.  1. 24.  5. 13. 15. 18. 11. 23. 20.] 
8:[ 8.  9. 23.  3. 16. 10. 24.  5. 21.  1.  4. 17. 20. 19. 11. 13. 12.  6. 14. 15. 18. 27.  7. 25.  0. 22.  2. 26.] 
9:[ 9. 23.  6. 14. 27. 19. 18. 21. 12. 20. 11.  4.  1.  8. 13.  5. 24. 17. 15.  7.  3. 16. 10. 26.  0. 25. 22.  2.] 
10:[ 5. 24.  9. 16. 10.  3. 23.  8.  4. 21.  7. 17.  0. 15. 27. 14. 25. 19. 18. 20. 26. 13. 12. 22.  2.  1.  6. 11.] 
11:[11. 18. 25. 12.  0. 27. 19.  1.  9.  6.  4. 23. 13. 14. 15. 21.  5. 24. 17. 20. 22.  2.  7.  8.  3. 16. 10. 26.] 
12:[12.  9. 23. 14. 15.  6. 26. 17.  1. 18. 11. 24. 13. 27. 19.  3.  7. 10. 21. 16. 25.  8.  4.  0. 22.  2.  5. 20.] 
13:[ 6. 27. 19. 26. 17. 25. 12.  7. 11. 21.  8. 16. 10.  3.  4. 23.  1. 13. 18. 15.  0.  9.  5. 24. 22.  2. 14. 20.] 
14:[27. 19. 14. 15. 23.  9. 18.  8.  0. 25. 12. 26.  1. 11. 17.  6. 13. 24.  5.  4. 21.  7. 20.  3. 16. 10. 22.  2.] 
15:[15. 14. 27. 19. 18. 23.  9.  6. 17. 13.  8. 11. 26. 25. 12. 21. 20. 24.  5.  1.  7.  0.  4. 22.  2. 16. 10.  3.] 
16:[16. 10.  3.  7. 11. 17.  8. 26. 24.  5.  1. 13. 18.  9. 23. 27. 14. 19. 21. 12.  4. 20.  6.  0. 25. 15. 22.  2.] 
17:[ 4.  5. 17. 24.  8.  9. 16. 10.  3.  7.  1. 21. 27. 19.  6. 13. 25. 11. 12. 15.  0. 18. 14. 20. 23. 22.  2. 26.] 
18:[15. 14. 27. 19. 18.  9. 23. 17.  6. 16. 10.  3. 26. 12. 21. 11.  8.  1.  7.  4. 13.  5. 24. 25.  0. 20. 22.  2.] 
19:[23.  9. 27. 19.  4. 24.  5.  8. 17.  6. 21. 12. 25.  0. 16. 10.  3.  1. 13. 18. 20. 11. 14. 15.  7. 22.  2. 26.] 
20:[24.  5.  9. 23. 20. 21.  4.  8. 18. 27. 14. 19. 17.  6.  1. 12.  7. 15. 11. 13.  3. 16. 10.  0. 25. 26. 22.  2.] 
21:[21. 24.  5.  4. 23.  9. 19. 20.  6. 12.  1. 18. 14. 15. 13.  7. 11. 17.  8.  3. 16. 10. 27. 26. 25.  0. 22.  2.] 
22:[12.  0.  7. 25. 22.  2.  3. 16. 10. 19. 27. 14. 15.  6. 17. 18. 13.  8.  4. 21.  1.  9. 24.  5. 26. 11. 23. 20.] 
23:[ 9. 23. 14.  6.  0. 25. 11. 12.  1. 24. 26. 17. 21. 13. 20. 15. 27. 19.  4. 18.  5.  7.  8.  3. 10. 16. 22.  2.] 
24:[27. 19.  8.  4. 23.  9. 18. 20. 21.  1. 14. 15. 12. 25.  5. 24.  6. 11. 13.  7. 17.  3. 10. 16. 26.  0.  2. 22.] 
25:[25.  0. 12. 22.  2.  7. 14. 27. 19. 23. 16.  9.  3. 10.  8. 18.  6. 17.  4. 21. 26.  1. 13.  5. 24. 11. 20. 15.] 
26:[26. 18. 14. 15. 22.  7.  2. 25.  0. 27. 19.  6. 17.  9. 10. 16.  3.  8. 13.  1.  4. 23. 11. 21. 12. 24.  5. 20.] 
27:[27. 14. 15.  8. 18.  5. 24. 17. 21.  9. 23.  4.  6. 19. 13. 20. 12. 26.  7.  1. 11.  0. 25. 16. 10.  3. 22.  2.] 
POSCARS
EA307   2.968  2.968  4.637 90.00 90.00 60.00 Sym.group:  186
1.0
   2.9680460000000002    0.0000440000000000    0.0000690000000000
   1.4838750000000001    2.5703659999999999   -0.0000850000000000
  -0.0001050000000000    0.0002080000000000    4.6365189999999998
Al N
2 2
direct
   0.3404440000000000    0.3333520000000000    0.1944030000000000 Al
   0.6736060000000000    0.6667860000000000    0.6944030000000000 Al
   0.6737930000000000    0.6666800000000001    0.3048440000000000 N
   0.3402560000000000    0.3334590000000000    0.8048440000000000 N
EA16    2.634  2.632  5.796 77.11 89.87 119.64 Sym.group:  166
1.0
   2.5643349999999998   -0.5950740000000000    0.0862310000000000
  -0.7559740000000000    2.5187360000000001    0.1038400000000000
   0.0878040000000000    1.1436679999999999    5.6817510000000002
Al O
2 2
direct
   0.8713770000000000    0.2547800000000000    0.2520090000000000 Al
   0.3712730000000000    0.2545730000000000    0.7520200000000000 Al
   0.9803200000000000    0.4741660000000000    0.9259300000000000 O
   0.7625100000000000    0.0352760000000000    0.5780880000000000 O
EA56    2.928  2.929  2.928 90.03 60.02 60.01 Sym.group:  216
1.0
   0.0455560000000000    1.6759340000000000    2.4007429999999998
  -1.4371959999999999    2.5516440000000000    0.0313810000000000
  -1.4453450000000001   -0.8452490000000000    2.4025780000000001
Al N
1 1
direct
   0.6233730000000000    0.5289710000000000    0.0214460000000000 Al
   0.1234450000000000    0.2789120000000000    0.2714300000000000 N
EA21    2.552  2.552  2.552 60.00 90.00 120.00 Sym.group:  225
1.0
   1.2773699999999999    1.2758929999999999   -1.8042149999999999
  -1.2757680000000000    1.2766130000000000    1.8047700000000000
   1.2766960000000001    1.2750390000000000    1.8053770000000000
F Li
1 1
direct
   0.7466190000000000    0.4931490000000000    0.7566740000000000 F
   0.2466160000000000    0.4931440000000000    0.2566920000000000 Li
EA123   2.535  2.527  3.977 89.99 90.07 119.86 Sym.group:  187
1.0
   2.5352350000000001   -0.0039460000000000    0.0074930000000000
  -1.2548630000000001    2.1937220000000002   -0.0008400000000000
  -0.0165430000000000   -0.0073010000000000    3.9769760000000001
Na Li
1 1
direct
   0.6553780000000000    0.8328730000000000    0.9985810000000001 Na
   0.3173680000000000    0.1660210000000000    0.4986180000000000 Li
EA7     3.625  3.625  3.332 90.00 90.00 90.00 Sym.group:  123
1.0
   3.6252330000000001   -0.0011210000000000    0.0003220000000000
   0.0011950000000000    3.6252190000000000    0.0016460000000000
  -0.0002880000000000   -0.0015150000000000    3.3316040000000000
Mg Li
2 2
direct
   0.6201150000000000    0.6232880000000000    0.6368300000000000 Mg
   0.1202830000000000    0.1232430000000000    0.6365030000000000 Mg
   0.1199110000000000    0.6231380000000000    0.1366970000000000 Li
   0.6202810000000000    0.1232470000000000    0.1366900000000000 Li
EA268   2.874  2.873  6.121 89.71 90.32 119.87 Sym.group:  164
1.0
   2.8744070000000002   -0.0061880000000000    0.0068930000000000
  -1.4253830000000001    2.4946869999999999   -0.0017290000000000
  -0.0491440000000000    0.0120510000000000    6.1205809999999996
Be Cl
2 2
direct
   0.9931480000000000    0.0035690000000000    0.1559510000000000 Be
   0.9977680000000000    0.0010590000000000    0.8496060000000000 Be
   0.3303930000000000    0.6685950000000001    0.6854789999999999 Cl
   0.6605470000000000    0.3360420000000000    0.3201440000000000 Cl
EA231   4.336  3.143  3.143 90.00 89.99 90.00 Sym.group:  119
1.0
   4.3364339999999997    0.0001780000000000   -0.0005190000000000
  -0.0000800000000000    3.1427200000000002    0.0032470000000000
   0.0009940000000000   -0.0031540000000000    3.1431719999999999
Be S
2 2
direct
   0.1191090000000000    0.0092710000000000    0.2522740000000000 Be
   0.6191480000000000    0.5094050000000000    0.7523470000000000 Be
   0.3691760000000000    0.5092680000000001    0.2524190000000000 S
   0.8691770000000000    0.0093890000000000    0.7523570000000001 S
EA40    3.302  3.304  5.255 90.00 90.00 119.97 Sym.group:  194
1.0
   3.3019690000000002    0.0002330000000000   -0.0010690000000000
  -1.6505240000000001    2.8620000000000001   -0.0003000000000000
   0.0014970000000000    0.0013480000000000    5.2548159999999999
Al P
2 2
direct
   0.9987549999999999    0.0054590000000000    0.9985550000000000 Al
   0.9988020000000000    0.0054790000000000    0.4985540000000000 Al
   0.6655219999999999    0.3390830000000000    0.7485600000000000 P
   0.3320310000000000    0.6718530000000000    0.2485520000000000 P
EA123   5.647  3.102  3.101 90.00 90.03 90.01 Sym.group:  129
1.0
   5.6474359999999999   -0.0058580000000000    0.0235360000000000
   0.0028310000000000    3.1019470000000000   -0.0016190000000000
  -0.0143380000000000    0.0016730000000000    3.1010089999999999
Cl P
2 2
direct
   0.0491200000000000    0.8893030000000000    0.6548640000000000 Cl
   0.3445530000000000    0.3894800000000000    0.1569170000000000 Cl
   0.6991170000000000    0.8893890000000000    0.6615680000000000 P
   0.6945690000000000    0.3892620000000000    0.1612970000000000 P
EA9     2.754  2.763  3.898 89.91 90.24 90.00 Sym.group:  225
1.0
   2.7536130000000001    0.0003320000000000    0.0059160000000000
  -0.0002510000000000    2.7629459999999999   -0.0025380000000000
  -0.0248570000000000    0.0096260000000000    3.8976380000000002
H Na
2 2
direct
   0.3749810000000000    0.3733480000000000    0.1248950000000000 H
   0.8862890000000000    0.8732330000000000    0.6259860000000000 H
   0.8751960000000000    0.8737360000000000    0.1259200000000000 Na
   0.3859780000000000    0.3737420000000000    0.6251810000000000 Na
EA38    2.493  4.344  3.535 90.06 90.01 89.98 Sym.group:  191
1.0
   2.4929779999999999    0.0120400000000000    0.0011120000000000
  -0.0193490000000000    4.3433999999999999    0.0228970000000000
  -0.0021150000000000   -0.0226460000000000    3.5351050000000002
Al F
2 2
direct
   0.1352800000000000    0.3769140000000000    0.3730740000000000 Al
   0.6352830000000000    0.8769150000000000    0.3735150000000000 Al
   0.6350260000000000    0.8773110000000000    0.8734630000000000 F
   0.1346930000000000    0.3773080000000000    0.8731260000000000 F
EA37    2.292  2.292  6.496 80.22 99.77 119.46 Sym.group:  160
1.0
   2.2919470000000000    0.0024120000000000   -0.0190910000000000
  -1.1291789999999999    1.9945290000000000    0.0090090000000000
  -1.0500389999999999    0.6442890000000000    6.3776999999999999
O N
2 2
direct
   0.2241560000000000    0.7810360000000000    0.1617740000000000 O
   0.7211400000000000    0.2779780000000000    0.6617980000000000 O
   0.2821760000000000    0.7230350000000000    0.3399740000000000 N
   0.7791709999999999    0.2199780000000000    0.8400069999999999 N
EA457   2.538  4.866  2.529 89.78 90.08 90.74 Sym.group:  131
1.0
   2.5343619999999998   -0.0775900000000000   -0.1045540000000000
   0.0872620000000000    4.8646839999999996    0.0205710000000000
   0.1004480000000000   -0.0026590000000000    2.5265949999999999
N P
2 2
direct
   0.3688340000000000    0.2693370000000000    0.7484910000000000 N
   0.3826040000000000    0.7683140000000001    0.7478790000000000 N
   0.3758940000000000    0.5188230000000000    0.2481900000000000 P
   0.8756720000000000    0.0188370000000000    0.7481139999999999 P
EA12    2.446  2.445  4.951 90.04 90.14 60.01 Sym.group:  164
1.0
   1.2238709999999999    2.1174430000000002    0.0050860000000000
  -1.2220370000000000    2.1179109999999999    0.0011470000000000
  -0.0159580000000000   -0.0163780000000000    4.9512000000000000
C F
2 2
direct
   0.5732030000000000    0.5824680000000000    0.4103930000000000 C
   0.2392400000000000    0.2492650000000000    0.3130770000000000 C
   0.5750720000000000    0.5818719999999999    0.6815540000000000 F
   0.2371290000000000    0.2495140000000000    0.0419140000000000 F
EA54    2.431  2.432  3.419 89.93 89.92 60.01 Sym.group:  164
1.0
   2.4311050000000001   -0.0018390000000000   -0.0004700000000000
   1.2170589999999999    2.1050010000000001   -0.0004580000000000
   0.0054850000000000    0.0025470000000000    3.4190719999999999
C H
2 2
direct
   0.3421560000000000    0.8341480000000000    0.8283880000000000 C
   0.6756470000000000    0.1676600000000000    0.6961030000000000 C
   0.6762980000000000    0.1681510000000000    0.3806000000000000 H
   0.3415220000000000    0.8336330000000000    0.1438910000000000 H
EA21    3.181  3.224  3.224 119.21 119.52 60.48 Sym.group:  225
1.0
   3.1807430000000001    0.0060770000000000   -0.0043340000000000
   1.5832590000000000    2.8086280000000001    0.0022880000000000
  -1.5833900000000001   -0.9159920000000000    2.6552099999999998
P Si
1 1
direct
   0.9917700000000000    0.9975650000000000    0.0039190000000000 P
   0.4917320000000000    0.4975890000000000    0.5038930000000000 Si
EA273   3.267  5.262  3.275 72.09 89.92 72.14 Sym.group:  139
1.0
   3.2572770000000002   -0.2366790000000000   -0.0918090000000000
   1.9823670000000000    3.8341449999999999    3.0104280000000001
   0.0149660000000000   -1.0586789999999999    3.0996350000000001
Al S
2 2
direct
   0.8955780000000000    0.9574260000000000    0.0383110000000000 Al
   0.6404490000000000    0.4558070000000000    0.7833750000000000 Al
   0.1248000000000000    0.4889460000000000    0.2676990000000000 S
   0.4112270000000000    0.9242870000000000    0.5539870000000000 S
EA104   2.393  7.779  2.394 90.76 62.10 81.30 Sym.group:  166
1.0
   2.3920650000000001    0.0650340000000000    0.0412650000000000
   0.9647100000000000    7.7172099999999997    0.1542300000000000
   1.0897640000000000   -0.2104310000000000    2.1206930000000002
C Cl
2 2
direct
   0.9111640000000000    0.3648850000000000    0.1786930000000000 C
   0.5753700000000000    0.3649480000000000    0.8429700000000000 C
   0.0196780000000000    0.6956360000000000    0.6201170000000000 Cl
   0.4567960000000000    0.0341320000000000    0.3925650000000000 Cl
EA88    2.997  2.995  6.979 90.01 90.09 119.93 Sym.group:  164
1.0
   2.9968309999999998   -0.0235090000000000    0.0037260000000000
  -1.4738770000000001    2.6074269999999999    0.0030110000000000
  -0.0203500000000000   -0.0214480000000000    6.9790400000000004
Cl Mg
2 2
direct
   0.0072470000000000    0.9945030000000000    0.0901720000000000 Cl
   0.3412810000000000    0.6617450000000000    0.7858309999999999 Cl
   0.3416280000000000    0.6614900000000000    0.2944480000000000 Mg
   0.0067290000000000    0.9948920000000000    0.5815460000000000 Mg
EA115   3.872  3.872  3.872 90.03 119.99 119.98 Sym.group:  227
1.0
   0.0885970000000000   -2.2011989999999999   -3.1837399999999998
   1.8915800000000000    3.3775230000000001    0.0702230000000000
   1.8911380000000000   -1.1273070000000001    3.1854429999999998
Al Li
2 2
direct
   0.6172470000000000    0.8650330000000001    0.1149040000000000 Al
   0.1173490000000000    0.6150020000000000    0.3650230000000000 Al
   0.6173140000000000    0.3650650000000000    0.6149790000000001 Li
   0.1173030000000000    0.1150330000000000    0.8650220000000000 Li
EA9     3.535  3.538  4.372 66.13 113.84 89.99 Sym.group:  141
1.0
   3.5016240000000001    0.4839560000000000   -0.0003920000000000
  -0.4839390000000000    3.5051120000000000    0.0003880000000000
  -1.9923460000000000    1.5102000000000000    3.5864750000000001
Al Si
2 2
direct
   0.7532250000000000    0.7507960000000000    0.4994310000000000 Al
   0.0030600000000000    0.0009340000000000    0.9991090000000000 Al
   0.5033750000000000    0.5006130000000000    0.9997300000000000 Si
   0.2529090000000000    0.2511170000000000    0.4988110000000000 Si
EA157   2.927  2.927  5.064 106.78 73.22 119.98 Sym.group:  216
1.0
   2.9268130000000001   -0.0061000000000000    0.0118420000000000
  -1.4573590000000001    2.5381730000000000   -0.0117750000000000
   1.4405770000000000   -0.8361280000000000    4.7824660000000003
C Si
2 2
direct
   0.1811680000000000    0.8183610000000000    0.1865780000000000 C
   0.6810480000000000    0.3187240000000000    0.6865980000000000 C
   0.8062030000000000    0.1933240000000000    0.3113380000000000 Si
   0.3060940000000000    0.6936730000000000    0.8113290000000000 Si
EA125   3.047  3.111  3.202 89.76 90.52 90.00 Sym.group:  129
1.0
   3.0467860000000000   -0.0000550000000000    0.0033390000000000
  -0.0000940000000000    3.1108709999999999   -0.0101860000000000
  -0.0328360000000000    0.0237280000000000    3.2015600000000002
H P
2 2
direct
   0.2426430000000000    0.7489150000000000    0.5106240000000000 H
   0.7460620000000000    0.2478020000000000    0.4908810000000000 H
   0.2442380000000000    0.7486159999999999    0.9688870000000001 P
   0.7444740000000000    0.2483850000000000    0.0326210000000000 P
EA116   3.716  3.714  4.013 89.99 89.98 90.02 Sym.group:  123
1.0
   3.7163780000000002   -0.0053910000000000    0.0154880000000000
   0.0039180000000000    3.7143590000000000    0.0157850000000000
  -0.0152380000000000   -0.0163190000000000    4.0129180000000000
Na Mg
2 2
direct
   0.3733960000000000    0.8768629999999999    0.9967110000000000 Na
   0.8733960000000000    0.3768490000000000    0.9966699999999999 Na
   0.3732840000000000    0.3770070000000000    0.4963710000000000 Mg
   0.8732600000000000    0.8769950000000000    0.4963460000000000 Mg
EA9     2.558  2.558  4.154 90.00 90.00 120.00 Sym.group:  186
1.0
   1.2797879999999999   -2.2145630000000001    0.0001290000000000
   1.2780560000000001    2.2155209999999999   -0.0019060000000000
   0.0026940000000000    0.0021730000000000    4.1543720000000004
O Be
2 2
direct
   0.3187550000000000    0.6586500000000000    0.1303500000000000 O
   0.6521370000000000    0.3252110000000000    0.6303460000000000 O
   0.6520600000000000    0.3252690000000000    0.0078250000000000 Be
   0.3187180000000000    0.6585320000000000    0.5077120000000001 Be
EA1     3.706  2.687  2.687 89.98 68.77 111.23 Sym.group:  139
1.0
   3.7063630000000001   -0.0127100000000000    0.0119180000000000
  -0.9640260000000000    2.5075820000000002   -0.0154630000000000
   0.9661270000000000    0.3877260000000000    2.4767039999999998
C B
2 2
direct
   0.2250170000000000    0.1202560000000000    0.8870150000000000 C
   0.7720690000000000    0.8942380000000000    0.1136900000000000 C
   0.4985170000000000    0.2574860000000000    0.2503560000000000 B
   0.4985700000000000    0.7570080000000000    0.7503500000000000 B
EA245   2.766  2.767  3.637 90.04 90.12 61.32 Sym.group:  164
1.0
   2.7660790000000000   -0.0258580000000000   -0.0020680000000000
   1.3504849999999999    2.4147609999999999   -0.0082960000000000
  -0.0049130000000000    0.0122750000000000    3.6371820000000001
B Be
2 2
direct
   0.0054240000000000    0.9968560000000000    0.3645330000000000 B
   0.6704410000000000    0.6611390000000000    0.1543400000000000 B
   0.0075860000000000    0.9983230000000000    0.8967300000000000 Be
   0.6683190000000000    0.6596810000000000    0.6221790000000000 Be
