NUMBER OF TEMPLATES 25
COMPOSITION A 1 B
pairs , SPACEGROUPS 
[H Li] , 225 
[Be Cl] , 166 
[B N] , 216 
[C H] , 164 
[Li P] , 123 
[Cl P] , 129 
[B Li] , 166 
[B N] , 186 
[Al O] , 166 
[Al Si] , 141 
[Al S] , 139 
[Be F] , 119 
[F Na] , 225 
[Be O] , 186 
[B S] , 166 
[Na S] , 123 
[B C] , 139 
[F Mg] , 164 
[N P] , 131 
[Cl Mg] , 164 
[C P] , 164 
[Al Mg] , 123 
[B Be] , 164 
[C H] , 166 
[Mg Na] , 123 
RANKING VECTORS ENTHALPIES
0:[-104.52305936 -104.51966633 -104.51815025 -104.33719314 -104.33625066 -104.33203932 -104.33135631 -104.31640649 -104.29367736 -104.29309914 -104.29305794 -104.29301169 -104.29153948 -104.28794452 -104.24976936 -104.24839154 -104.20573278 -104.10983294 -104.05900763 -103.98362091 -103.9307258  -103.91132272 -103.86917597 -103.61464383 -103.60883806] 
1:[-409.41838657 -409.29648369 -409.28635918 -409.25933319 -409.25884211 -409.25746111 -409.22723226 -409.13307916 -409.06871411 -409.01550705 -408.87423243 -408.86025657 -408.84820598 -408.83197392 -408.82587241 -408.82182662 -408.82106652 -408.82088232 -408.82074908 -408.77825231 -408.73955369 -408.73722401 -408.53162174 -408.43435941 -408.29201159] 
2:[-180.52723124 -180.50580575 -180.50579788 -180.09384769 -180.09360002 -180.08898087 -180.05867815 -180.00169864 -179.99776052 -179.33535871 -179.00609469 -178.93390646 -178.92472705 -178.8766196  -178.83417799 -178.57927287 -178.55009471 -178.23999292 -177.83709374 -177.80755167 -177.79386708 -176.7561117  -176.74972407 -176.73955133 -176.10432759] 
3:[-88.37504288 -88.37308147 -88.36963553 -88.36231441 -88.3605551 -88.35997309 -87.95717818 -87.48199149 -86.98828392 -86.88421409 -86.74714674 -86.63371122 -86.59108109 -86.5847281  -86.58301606 -86.47592515 -86.31619794 -86.21223557 -86.20728417 -86.2029635 -86.16203644 -86.13868065 -85.69717286 -85.67774118 -85.63241736] 
4:[-189.19577334 -189.19575985 -189.19388391 -189.19124137 -189.00711516 -188.91283416 -188.75632946 -188.75270789 -188.63277723 -188.62160255 -188.58828718 -188.5248282  -188.52412929 -188.52169695 -188.42613202 -188.40813705 -188.40738839 -188.2750174  -188.25904659 -188.21946908 -187.98231641 -187.98135778 -187.78398086 -187.7839332  -186.98112952] 
5:[-312.45643357 -312.41605719 -312.29884409 -312.25821812 -312.25804307 -312.25590147 -312.22053315 -312.21920748 -312.20672173 -312.02489664 -312.02472325 -312.02332796 -311.9574342  -311.85256899 -311.84735695 -311.84554943 -311.84554241 -311.81016401 -311.76324408 -311.74052606 -311.28796228 -311.26898985 -310.53479827 -310.41907151 -309.86795122] 
6:[-135.92321726 -135.90444801 -135.8643729  -135.86103663 -135.48720687 -135.32327277 -135.31336661 -135.31181832 -135.31093895 -135.16272687 -135.13478941 -134.93986762 -134.92328817 -134.91987316 -134.91820684 -134.90839139 -134.87282739 -134.81722197 -134.77905893 -134.6282714 -133.91127694 -133.87592128 -133.37501602 -132.6861635  -132.64263239] 
7:[-180.52723124 -180.50580575 -180.50579788 -180.09384769 -180.09360002 -180.08898087 -180.05867815 -180.00169864 -179.99776052 -179.33535871 -179.00609469 -178.93390646 -178.92472705 -178.8766196  -178.83417799 -178.57927287 -178.55009471 -178.23999292 -177.83709374 -177.80755167 -177.79386708 -176.7561117  -176.74972407 -176.73955133 -176.10432759] 
8:[-254.87313889 -254.62626843 -254.38927973 -254.37325385 -254.37136384 -254.30300746 -254.28389728 -254.27990493 -254.27767118 -254.23488596 -254.08217808 -253.92652194 -253.92403302 -253.88478302 -253.78910371 -253.78400608 -253.71928622 -253.47303534 -253.4617     -253.11211232 -253.10547149 -253.09923114 -253.09790848 -251.66854346 -251.66505489] 
9:[-84.87089141 -84.86345198 -84.86300363 -84.85787621 -84.85119597 -84.83063871 -84.77054211 -84.76414242 -84.7576771  -84.67459595 -84.62499593 -84.60149574 -84.56314966 -84.56301055 -84.55593942 -84.5434905  -84.43497148 -84.22117303 -84.18190709 -84.16029703 -84.13242136 -83.6040623  -83.27774656 -83.23540123 -82.79865461] 
10:[-177.79125015 -177.78336076 -177.78299901 -177.77796655 -177.77599104 -177.71370814 -177.70993638 -177.69376726 -177.50192582 -177.44248226 -177.42200132 -177.4192362  -177.37460806 -177.37166406 -177.36917177 -177.30367469 -177.19885471 -177.18859276 -177.17830631 -177.17812913 -177.10078049 -177.0435007  -177.02228872 -176.72144267 -176.38017579] 
11:[-523.52535917 -523.50720415 -523.46388473 -523.4638007  -523.46000012 -523.44045663 -523.38795569 -523.33215738 -523.29354578 -523.09937745 -522.60902972 -522.60099078 -522.58377538 -522.58376043 -522.57285774 -522.56408696 -522.39116112 -522.18721488 -522.15672496 -521.87249778 -521.86842404 -521.764327   -521.76428821 -521.7639234  -521.7637898 ] 
12:[-955.56029628 -955.55859969 -955.5580555  -955.55716565 -955.55681194 -955.45453305 -955.45417043 -955.45340743 -955.3173861  -955.16238163 -954.90496005 -954.90470397 -954.90461938 -954.90401231 -954.90258331 -954.901292   -954.85422275 -954.85414059 -954.85049077 -954.85001369 -954.81095195 -954.75472796 -954.6486843  -954.59189224 -954.55595314] 
13:[-414.37379937 -414.37249339 -414.36984658 -414.18207648 -414.18082774 -414.17461939 -414.14660901 -414.14630788 -414.14317887 -414.04021279 -414.03802741 -413.76489485 -413.75419511 -413.6939492  -413.55085158 -413.4487874  -413.37779012 -413.36231139 -412.77945569 -412.77945394 -412.77943144 -412.77941737 -412.64073069 -410.9325836  -410.9227007 ] 
14:[-186.94242881 -186.5756847  -186.51365259 -186.49152024 -186.39893709 -186.37929281 -186.37813809 -186.37020972 -186.36965879 -186.36092224 -186.26900166 -186.18619913 -186.18548594 -186.18316511 -186.15068683 -186.1115148  -186.11047627 -186.09963543 -185.96049757 -185.939378 -185.625096   -185.46596612 -185.46595594 -185.45428645 -185.44808803] 
15:[-767.90402286 -767.90345114 -767.90341669 -767.90269336 -767.65232681 -767.54982464 -767.45436825 -767.43261754 -767.4302301  -767.31018833 -767.23717575 -767.22467631 -767.19243405 -767.04306922 -767.04116226 -766.80280673 -766.71880232 -766.64768226 -766.62608779 -766.62576193 -766.62537151 -766.44672399 -766.19558656 -766.19436259 -765.5583053 ] 
16:[-119.79770711 -119.65513992 -119.64914547 -119.46950854 -119.46876622 -119.46474246 -119.43508445 -119.38636821 -119.38296134 -119.37994926 -119.36768936 -119.33492911 -118.88810683 -118.87596673 -118.84156023 -118.79580563 -118.62663222 -118.62114238 -118.57835228 -118.15053064 -117.88919843 -117.25123162 -117.25064406 -117.24843402 -117.23945935] 
17:[-1140.88295887 -1140.74799411 -1140.74465249 -1140.74134008 -1140.72714384 -1140.70464306 -1140.58013092 -1140.55664107 -1140.452609   -1140.25575203 -1140.21352376 -1140.20674065 -1140.12196492 -1140.11622588 -1140.11519889 -1140.07957727 -1140.02842914 -1140.00170232 -1139.83289786 -1139.8327467 -1139.83172756 -1139.83165763 -1139.48763103 -1138.97141415 -1138.97005644] 
18:[-232.23218966 -232.17857727 -231.91798716 -231.91656804 -231.91334781 -231.82183411 -231.75138549 -231.7097187  -231.7014749  -231.63302658 -231.63293347 -231.45997045 -231.31677125 -231.26213699 -231.2360371 -231.19104626 -231.09291307 -230.97750526 -230.86352104 -230.76849375 -230.76525321 -230.75329324 -230.75107134 -230.66424565 -230.41221739] 
19:[-1026.85441373 -1026.7844991  -1026.78209065 -1026.78153913 -1026.77907424 -1026.77799209 -1026.68813711 -1026.68687254 -1026.68656335 -1026.67927517 -1026.63201146 -1026.5918916 -1026.58203551 -1026.36485006 -1026.30821077 -1026.30433026 -1026.30023896 -1026.19148768 -1026.17872793 -1026.1445542 -1026.03948234 -1025.75855668 -1025.74611604 -1025.50206188 -1025.03222879] 
20:[-172.81744624 -172.79845665 -172.6253521  -172.41206744 -172.39125899 -172.35015304 -172.34878062 -172.31729582 -172.28742973 -172.28481529 -172.28100326 -172.25667174 -172.23523076 -172.09398246 -172.01788503 -171.97558641 -171.97171284 -171.87463138 -171.71755043 -171.48112473 -171.41509543 -171.18030443 -171.17985304 -171.17706514 -171.17231722] 
21:[-834.57055677 -834.56678417 -834.56563543 -834.56259031 -834.54391265 -834.51487743 -834.51158188 -834.50301535 -834.50113351 -834.47411788 -834.44442064 -834.40332921 -834.24648601 -834.2461636  -834.21077997 -834.20270108 -834.20049257 -834.11093051 -833.97886466 -833.48900552 -833.4874847  -833.4430062  -832.97889767 -832.4345404  -831.63309051] 
22:[-227.63864378 -227.62667475 -227.62578313 -227.62529306 -227.42173378 -227.41803878 -227.40806215 -227.40279081 -227.39660749 -227.25847143 -227.25808246 -227.24666945 -227.16264217 -227.15899068 -227.13214107 -227.05214673 -227.02429604 -227.01673458 -226.7633474  -226.64510143 -226.42476855 -226.42268712 -226.35781858 -226.31428877 -225.33693507] 
23:[-88.37504288 -88.37308147 -88.36963553 -88.36231441 -88.3605551 -88.35997309 -87.95717818 -87.48199149 -86.98828392 -86.88421409 -86.74714674 -86.63371122 -86.59108109 -86.5847281  -86.58301606 -86.47592515 -86.31619794 -86.21223557 -86.20728417 -86.2029635 -86.16203644 -86.13868065 -85.69717286 -85.67774118 -85.63241736] 
24:[-1423.92502982 -1423.90060161 -1423.89900069 -1423.89092896 -1423.8843263  -1423.86204159 -1423.83211593 -1423.82266465 -1423.82009988 -1423.81631599 -1423.81119999 -1423.78748509 -1423.78682871 -1423.78515631 -1423.78508041 -1423.78462658 -1423.78333203 -1423.78108987 -1423.72963463 -1423.58834835 -1423.40528835 -1423.26283972 -1423.25267085 -1422.63111783 -1422.003897  ] 
RANKING VECTORS IDX
0:[ 0.  5. 12. 15.  4. 21. 24. 11.  3. 22.  7. 13. 17. 19.  9. 10.  2. 14. 18. 16.  1. 20.  8.  6. 23.] 
1:[ 1. 11. 20. 17. 22. 19. 14. 10.  8. 18.  5.  3. 23. 24. 21.  4.  7. 13. 15.  9. 12.  0. 16.  2.  6.] 
2:[ 2.  7. 13. 17. 19. 22. 14.  1.  6. 20. 11.  0. 12. 16.  8. 10. 18.  9. 23.  5.  3.  4. 15. 24. 21.] 
3:[ 3. 17. 22. 23. 19.  1. 20.  5.  6. 10. 18. 14. 16.  7. 13.  9.  4. 21. 15. 24.  8. 11.  2. 12.  0.] 
4:[24. 21. 15.  4.  9.  5. 18.  6.  8. 10.  1. 22. 17. 14. 19. 11. 20.  0. 12. 16. 23.  3.  7. 13.  2.] 
5:[ 5.  1. 11. 22. 19. 17.  7.  6.  9. 20. 14.  8. 18.  4. 15. 21. 24. 10. 23.  3.  0. 12. 16. 13.  2.] 
6:[23.  1.  6.  9. 20.  4. 21. 15. 24.  5. 10. 19.  3. 17. 22. 11. 18. 14.  8. 16.  0. 12. 13.  7.  2.] 
7:[ 2.  7. 13. 17. 19. 22. 14.  1.  6. 20. 11.  0. 12. 16.  8. 10. 18.  9. 23.  5.  3.  4. 15. 24. 21.] 
8:[ 8. 10.  1.  5.  6. 14. 17. 19. 22. 20. 18. 13.  7.  2. 11. 16.  9.  0. 12. 24. 21.  4. 15.  3. 23.] 
9:[ 9. 21. 24. 15.  4.  1.  5. 17. 19.  6. 14.  8.  7. 11.  3. 23. 18. 10.  0. 12. 22. 20. 16. 13.  2.] 
10:[15.  4. 21. 10. 24.  5.  0. 12.  6.  1.  8.  9. 17. 22. 19. 20. 18. 14.  7. 13. 23. 11.  3.  2. 16.] 
11:[ 1.  6. 22. 19. 17. 20. 11. 14.  8. 10.  3. 23.  7. 13. 18.  5. 16.  9.  2.  0. 12. 21. 24. 15.  4.] 
12:[24. 11.  4. 15. 21.  5.  0. 12.  9. 10. 13.  3. 22. 17.  7. 19. 16. 23.  6.  1. 14. 18. 20.  2.  8.] 
13:[ 7. 13.  2. 17. 22. 19.  5.  0. 12. 14.  6. 10.  1. 20.  9. 16.  8. 18.  4. 15. 21. 24. 11. 23.  3.] 
14:[14.  6.  1.  5. 12.  0. 20.  7. 13. 10.  2. 19. 22. 17. 16. 18. 11.  3.  9.  8. 23. 21. 24.  4. 15.] 
15:[ 4. 15. 21. 24.  9. 10.  6.  1. 23.  5. 20.  8. 18.  0. 12. 11. 14. 19. 17. 22.  3. 16.  7. 13.  2.] 
16:[16.  3. 23. 13.  7.  2.  1. 22. 19. 17. 20. 14. 10.  5. 12.  0. 18.  6.  8. 11.  9. 21. 24.  4. 15.] 
17:[ 5. 17. 22. 19. 10.  1. 20. 14. 11. 16.  7. 13. 12.  9.  0.  2.  8. 18. 15.  4. 21. 24.  6.  3. 23.] 
18:[ 1.  6. 17. 22. 19. 20. 16. 14. 10.  7. 13. 11.  9. 12.  0.  8. 18.  3.  5. 15.  4. 21. 24.  2. 23.] 
19:[ 5.  6. 17.  1. 22. 19. 24. 15. 21.  4. 10. 14. 20.  9. 13. 11.  7. 12.  0.  8. 18. 23.  3.  2. 16.] 
20:[ 3. 23. 14. 10. 20. 13.  7. 12.  2.  6.  0. 22.  1.  5. 16. 19. 17.  9. 18. 11.  8. 21. 24.  4. 15.] 
21:[ 4. 15. 21. 24.  9. 22. 19. 17.  6.  5.  1. 20. 14. 11. 23.  7.  3.  8. 18. 10. 12.  0. 16. 13.  2.] 
22:[23. 22.  3. 17.  4. 15. 21. 24. 10.  9.  5. 20.  1.  6. 11. 19. 14. 18. 16.  8.  7. 13. 12.  0.  2.] 
23:[ 3. 17. 22. 23. 19.  1. 20.  5.  6. 10. 18. 14. 16.  7. 13.  9.  4. 21. 15. 24.  8. 11.  2. 12.  0.] 
24:[ 1. 22. 19. 17. 20.  5.  6.  9.  8. 23.  3.  7. 13.  4. 15. 14. 21. 24. 11. 18. 10. 12.  0. 16.  2.] 
POSCARS
EA5     2.359  2.360  4.082 106.80 90.01 60.03 Sym.group:  225
1.0
   1.1935640000000001   -2.0350649999999999   -0.0041010000000000
   2.3600629999999998    0.0172160000000000    0.0214400000000000
  -1.2097329999999999   -0.7161810000000000    3.8327450000000001
H Li
2 2
direct
   0.6184950000000000    0.7575160000000000    0.3815790000000000 H
   0.1190320000000000    0.7566050000000000    0.8816970000000000 H
   0.8690400000000000    0.2571020000000000    0.6313450000000000 Li
   0.3686920000000000    0.2571480000000000    0.1312920000000000 Li
EA275   2.813  2.813  6.299 89.87 102.79 60.12 Sym.group:  166
1.0
   1.4122960000000000    2.4327350000000001    0.0061990000000000
  -1.4056450000000000    2.4363750000000000    0.0073130000000000
  -1.4058700000000000   -0.8123250000000000    6.0864279999999997
Be Cl
2 2
direct
   0.0196630000000000    0.5948790000000000    0.4055390000000000 Be
   0.5253679999999999    0.8440730000000000    0.6624949999999999 Be
   0.9806180000000000    0.1164900000000000    0.8455670000000000 Cl
   0.5644380000000000    0.3224570000000000    0.2224670000000000 Cl
EA97    4.276  2.469  2.469 119.97 73.24 106.76 Sym.group:  216
1.0
   4.2761579999999997    0.0215250000000000    0.0394400000000000
  -0.7002260000000000    1.2684359999999999   -1.9996860000000001
   0.6871410000000000    1.2016739999999999    2.0448279999999999
N B
2 2
direct
   0.6083840000000000    0.6889510000000000    0.8151490000000000 N
   0.1083840000000000    0.1885460000000000    0.3157960000000000 N
   0.9834430000000000    0.8135540000000000    0.6908970000000000 B
   0.4834420000000000    0.3139750000000000    0.1902190000000000 B
EA54    2.431  2.432  3.419 89.93 89.92 60.01 Sym.group:  164
1.0
   2.4311050000000001   -0.0018390000000000   -0.0004700000000000
   1.2170589999999999    2.1050010000000001   -0.0004580000000000
   0.0054850000000000    0.0025470000000000    3.4190719999999999
C H
2 2
direct
   0.3421560000000000    0.8341480000000000    0.8283880000000000 C
   0.6756470000000000    0.1676600000000000    0.6961030000000000 C
   0.6762980000000000    0.1681510000000000    0.3806000000000000 H
   0.3415220000000000    0.8336330000000000    0.1438910000000000 H
EA183   3.274  4.078  3.274 113.11 89.94 66.91 Sym.group:  123
1.0
   3.2736410000000000    0.0279210000000000    0.0009370000000000
   1.5674539999999999    3.7643650000000002   -0.0583620000000000
   0.0141150000000000   -1.3513850000000001    2.9816490000000000
Li P
2 2
direct
   0.5992670000000000    0.3271760000000000    0.0132770000000000 Li
   0.0992620000000000    0.3271960000000000    0.5133050000000000 Li
   0.3492850000000000    0.8271849999999999    0.7632910000000001 P
   0.8492810000000000    0.8271849999999999    0.2632960000000000 P
EA123   5.647  3.102  3.101 90.00 90.03 90.01 Sym.group:  129
1.0
   5.6474359999999999   -0.0058580000000000    0.0235360000000000
   0.0028310000000000    3.1019470000000000   -0.0016190000000000
  -0.0143380000000000    0.0016730000000000    3.1010089999999999
Cl P
2 2
direct
   0.0491200000000000    0.8893030000000000    0.6548640000000000 Cl
   0.3445530000000000    0.3894800000000000    0.1569170000000000 Cl
   0.6991170000000000    0.8893890000000000    0.6615680000000000 P
   0.6945690000000000    0.3892620000000000    0.1612970000000000 P
EA7     2.948  2.944  3.616 89.99 66.16 60.06 Sym.group:  166
1.0
   1.4841850000000001    2.5475240000000001    0.0100190000000000
  -1.4640850000000001    2.5535790000000000   -0.0250440000000000
   1.4244509999999999    0.8490500000000000    3.2129509999999999
B Li
2 2
direct
   0.8114250000000000    0.0247860000000000    0.4788280000000000 B
   0.4544910000000000    0.7026990000000000    0.5085790000000000 B
   0.3658470000000000    0.2473590000000000    0.1431600000000000 Li
   0.9000990000000000    0.4801040000000000    0.8442120000000000 Li
EA14    2.461  2.461  4.073 90.00 90.00 120.00 Sym.group:  186
1.0
   2.4611839999999998    0.0001860000000000   -0.0017710000000000
  -1.2306960000000000    2.1314380000000002    0.0008860000000000
   0.0031600000000000    0.0000000000000000    4.0726279999999999
N B
2 2
direct
   0.6728370000000000    0.3458740000000000    0.1324850000000000 N
   0.3397440000000000    0.6799690000000000    0.6324850000000000 N
   0.3395030000000000    0.6792210000000000    0.0064780000000000 B
   0.6730610000000000    0.3466200000000000    0.5064770000000000 B
EA16    2.634  2.632  5.796 77.11 89.87 119.64 Sym.group:  166
1.0
   2.5643349999999998   -0.5950740000000000    0.0862310000000000
  -0.7559740000000000    2.5187360000000001    0.1038400000000000
   0.0878040000000000    1.1436679999999999    5.6817510000000002
Al O
2 2
direct
   0.8713770000000000    0.2547800000000000    0.2520090000000000 Al
   0.3712730000000000    0.2545730000000000    0.7520200000000000 Al
   0.9803200000000000    0.4741660000000000    0.9259300000000000 O
   0.7625100000000000    0.0352760000000000    0.5780880000000000 O
EA9     3.535  3.538  4.372 66.13 113.84 89.99 Sym.group:  141
1.0
   3.5016240000000001    0.4839560000000000   -0.0003920000000000
  -0.4839390000000000    3.5051120000000000    0.0003880000000000
  -1.9923460000000000    1.5102000000000000    3.5864750000000001
Al Si
2 2
direct
   0.7532250000000000    0.7507960000000000    0.4994310000000000 Al
   0.0030600000000000    0.0009340000000000    0.9991090000000000 Al
   0.5033750000000000    0.5006130000000000    0.9997300000000000 Si
   0.2529090000000000    0.2511170000000000    0.4988110000000000 Si
EA273   3.267  5.262  3.275 72.09 89.92 72.14 Sym.group:  139
1.0
   3.2572770000000002   -0.2366790000000000   -0.0918090000000000
   1.9823670000000000    3.8341449999999999    3.0104280000000001
   0.0149660000000000   -1.0586789999999999    3.0996350000000001
Al S
2 2
direct
   0.8955780000000000    0.9574260000000000    0.0383110000000000 Al
   0.6404490000000000    0.4558070000000000    0.7833750000000000 Al
   0.1248000000000000    0.4889460000000000    0.2676990000000000 S
   0.4112270000000000    0.9242870000000000    0.5539870000000000 S
EA122   2.299  2.300  5.353 78.11 78.18 91.13 Sym.group:  119
1.0
   2.2980659999999999    0.0132250000000000    0.0445870000000000
  -0.0595190000000000    2.2991299999999999    0.0385930000000000
   0.9902910000000000    1.0422790000000000    5.1564310000000004
Be F
2 2
direct
   0.2011110000000000    0.6964960000000000    0.3515380000000000 Be
   0.5527060000000000    0.0476460000000000    0.6509460000000000 Be
   0.2936260000000000    0.2861760000000000    0.1689330000000000 F
   0.9633400000000000    0.9549150000000000    0.8336710000000001 F
EA1     2.891  2.880  4.081 89.57 90.09 90.00 Sym.group:  225
1.0
   2.8911319999999998   -0.0003270000000000    0.0019110000000000
   0.0002030000000000    2.8802469999999998   -0.0082450000000000
  -0.0088840000000000    0.0424570000000000    4.0804640000000001
F Na
2 2
direct
   0.3711040000000000    0.8696680000000000    0.9639440000000000 F
   0.8750260000000000    0.3707220000000000    0.4635940000000000 F
   0.8712290000000000    0.3703310000000000    0.9633980000000000 Na
   0.3753950000000000    0.8713330000000000    0.4642500000000000 Na
EA9     2.558  2.558  4.154 90.00 90.00 120.00 Sym.group:  186
1.0
   1.2797879999999999   -2.2145630000000001    0.0001290000000000
   1.2780560000000001    2.2155209999999999   -0.0019060000000000
   0.0026940000000000    0.0021730000000000    4.1543720000000004
O Be
2 2
direct
   0.3187550000000000    0.6586500000000000    0.1303500000000000 O
   0.6521370000000000    0.3252110000000000    0.6303460000000000 O
   0.6520600000000000    0.3252690000000000    0.0078250000000000 Be
   0.3187180000000000    0.6585320000000000    0.5077120000000001 Be
EA197   2.847  2.845  5.780 75.79 75.77 60.12 Sym.group:  166
1.0
   2.8470230000000001    0.0280920000000000    0.0087170000000000
   1.3929590000000001    2.4807440000000001    0.0406380000000000
   1.3965620000000001    0.7523430000000000    5.5580829999999999
B S
2 2
direct
   0.9827570000000000    0.6458840000000000    0.2853540000000000 B
   0.0785050000000000    0.7424670000000000    0.9946940000000000 B
   0.7925930000000000    0.4566900000000000    0.8509330000000001 S
   0.2686690000000000    0.9316610000000000    0.4291140000000000 S
EA120   2.598  2.598  7.015 89.99 90.00 90.12 Sym.group:  123
1.0
   2.5977730000000001    0.0045990000000000    0.0007530000000000
  -0.0099900000000000    2.5976319999999999   -0.0048070000000000
  -0.0022590000000000    0.0136650000000000    7.0149210000000002
Na S
2 2
direct
   0.2562920000000000    0.7504700000000000    0.2723070000000000 Na
   0.2587670000000000    0.7522600000000000    0.7722890000000000 Na
   0.7580800000000000    0.2533620000000000    0.0222570000000000 S
   0.7573110000000000    0.2499810000000000    0.5222440000000000 S
EA1     3.706  2.687  2.687 89.98 68.77 111.23 Sym.group:  139
1.0
   3.7063630000000001   -0.0127100000000000    0.0119180000000000
  -0.9640260000000000    2.5075820000000002   -0.0154630000000000
   0.9661270000000000    0.3877260000000000    2.4767039999999998
C B
2 2
direct
   0.2250170000000000    0.1202560000000000    0.8870150000000000 C
   0.7720690000000000    0.8942380000000000    0.1136900000000000 C
   0.4985170000000000    0.2574860000000000    0.2503560000000000 B
   0.4985700000000000    0.7570080000000000    0.7503500000000000 B
EA272   2.821  2.821  5.546 89.92 90.16 119.84 Sym.group:  164
1.0
   2.8214020000000000    0.0030940000000000    0.0052530000000000
  -1.4062340000000000    2.4455480000000001    0.0005210000000000
  -0.0261630000000000   -0.0068980000000000    5.5460919999999998
F Mg
2 2
direct
   0.3251680000000000    0.6632720000000000    0.6423250000000000 F
   0.6577290000000000    0.3290550000000000    0.3590160000000000 F
   0.3229400000000000    0.6630130000000000    0.1933900000000000 Mg
   0.6598600000000000    0.3292440000000000    0.8079980000000000 Mg
EA457   2.538  4.866  2.529 89.78 90.08 90.74 Sym.group:  131
1.0
   2.5343619999999998   -0.0775900000000000   -0.1045540000000000
   0.0872620000000000    4.8646839999999996    0.0205710000000000
   0.1004480000000000   -0.0026590000000000    2.5265949999999999
N P
2 2
direct
   0.3688340000000000    0.2693370000000000    0.7484910000000000 N
   0.3826040000000000    0.7683140000000001    0.7478790000000000 N
   0.3758940000000000    0.5188230000000000    0.2481900000000000 P
   0.8756720000000000    0.0188370000000000    0.7481139999999999 P
EA88    2.997  2.995  6.979 90.01 90.09 119.93 Sym.group:  164
1.0
   2.9968309999999998   -0.0235090000000000    0.0037260000000000
  -1.4738770000000001    2.6074269999999999    0.0030110000000000
  -0.0203500000000000   -0.0214480000000000    6.9790400000000004
Cl Mg
2 2
direct
   0.0072470000000000    0.9945030000000000    0.0901720000000000 Cl
   0.3412810000000000    0.6617450000000000    0.7858309999999999 Cl
   0.3416280000000000    0.6614900000000000    0.2944480000000000 Mg
   0.0067290000000000    0.9948920000000000    0.5815460000000000 Mg
EA18    2.822  2.833  4.690 90.32 90.23 60.73 Sym.group:  164
1.0
   1.4439240000000000   -2.4244420000000000    0.0032630000000000
   2.8324150000000001    0.0742730000000000   -0.0098110000000000
  -0.0105710000000000    0.0217840000000000    4.6904250000000003
C P
2 2
direct
   0.9990000000000000    0.9942210000000000    0.3454370000000000 C
   0.9988210000000000    0.9991910000000001    0.6608760000000000 C
   0.3326470000000000    0.3291990000000000    0.1795880000000000 P
   0.6651750000000000    0.6642130000000001    0.8267250000000000 P
EA56    2.543  4.045  2.494 90.00 89.96 90.00 Sym.group:  123
1.0
   2.5430709999999999    0.0003640000000000   -0.0105260000000000
  -0.0005950000000000    4.0454439999999998   -0.0003850000000000
   0.0122430000000000    0.0002370000000000    2.4935969999999998
Al Mg
1 1
direct
   0.0410140000000000    0.6772810000000000    0.1313260000000000 Al
   0.5412470000000000    0.1772920000000000    0.6312200000000000 Mg
EA245   2.766  2.767  3.637 90.04 90.12 61.32 Sym.group:  164
1.0
   2.7660790000000000   -0.0258580000000000   -0.0020680000000000
   1.3504849999999999    2.4147609999999999   -0.0082960000000000
  -0.0049130000000000    0.0122750000000000    3.6371820000000001
B Be
2 2
direct
   0.0054240000000000    0.9968560000000000    0.3645330000000000 B
   0.6704410000000000    0.6611390000000000    0.1543400000000000 B
   0.0075860000000000    0.9983230000000000    0.8967300000000000 Be
   0.6683190000000000    0.6596810000000000    0.6221790000000000 Be
EA128   2.434  2.435  3.699 70.87 109.14 119.97 Sym.group:  166
1.0
   2.4335160000000000    0.0063920000000000   -0.0327730000000000
  -1.2215300000000000    2.1059269999999999    0.0282300000000000
  -1.1679610000000000    0.6774920000000000    3.4434990000000001
C H
2 2
direct
   0.6287880000000000    0.1051270000000000    0.8125530000000000 C
   0.2516170000000000    0.4822160000000000    0.6810370000000000 C
   0.1471790000000000    0.5860860000000000    0.3666050000000000 H
   0.7332090000000000    0.0006370000000000    0.1269880000000000 H
EA116   3.716  3.714  4.013 89.99 89.98 90.02 Sym.group:  123
1.0
   3.7163780000000002   -0.0053910000000000    0.0154880000000000
   0.0039180000000000    3.7143590000000000    0.0157850000000000
  -0.0152380000000000   -0.0163190000000000    4.0129180000000000
Na Mg
2 2
direct
   0.3733960000000000    0.8768629999999999    0.9967110000000000 Na
   0.8733960000000000    0.3768490000000000    0.9966699999999999 Na
   0.3732840000000000    0.3770070000000000    0.4963710000000000 Mg
   0.8732600000000000    0.8769950000000000    0.4963460000000000 Mg
