NUMBER OF TEMPLATES 25
COMPOSITION A 3 B
pairs , SPACEGROUPS 
[Mg Cl] , 187 
[Al Si] , 123 
[Mg Si] , 221 
[B H] , 166 
[Be Li] , 139 
[B F] , 164 
[Na N] , 225 
[Na H] , 164 
[Al F] , 166 
[Na Mg] , 123 
[Na Si] , 139 
[Si Na] , 191 
[Al S] , 123 
[Cl Al] , 148 
[Li O] , 164 
[Si H] , 166 
[Li Mg] , 123 
[Mg Na] , 123 
[O Be] , 187 
[Al Li] , 139 
[C N] , 160 
[F P] , 148 
[Al Mg] , 221 
[Na P] , 225 
[Be O] , 160 
RANKING VECTORS ENTHALPIES
0:[-1318.58285781 -1318.51091268 -1318.50778639 -1318.43546317 -1318.24750153 -1318.22165909 -1318.20739203 -1318.20728538 -1318.2054244  -1318.19704865 -1318.19625096 -1318.19290944 -1318.14949393 -1318.13646139 -1318.11137272 -1318.03333272 -1317.95150962 -1317.93776963 -1317.89267017 -1317.7636068 -1317.76358555 -1317.76020559 -1317.39316028 -1317.13091794 -1316.71296415] 
1:[-71.86180349 -71.84434806 -71.83815342 -71.83542287 -71.83496041 -71.83479034 -71.8317177  -71.82664462 -71.81273562 -71.80927224 -71.78840387 -71.78807159 -71.6837731  -71.6837492  -71.63975588 -71.63254007 -71.63203756 -71.59857628 -71.58132637 -71.5699485 -71.52590306 -71.47218577 -71.434045   -71.27661586 -70.36275623] 
2:[-1235.75192269 -1235.75119507 -1235.75083412 -1235.75074574 -1235.74975541 -1235.6685314  -1235.66749761 -1235.59232793 -1235.58585149 -1235.5811864  -1235.55068346 -1235.54589721 -1235.49173122 -1235.49122371 -1235.42019358 -1235.41946098 -1235.35080241 -1235.31059766 -1235.2582825  -1235.25421701 -1235.15450673 -1235.06529924 -1234.89058827 -1234.70119208 -1234.21795794] 
3:[-61.94086124 -61.90962396 -61.8440393  -61.52597285 -61.44457357 -61.42916939 -61.42061807 -61.40975085 -61.27174604 -61.24261646 -61.2236062  -61.223521   -61.2233761  -61.21222691 -61.18964047 -61.18854291 -61.18848588 -61.17667697 -61.16008227 -61.15951682 -61.15017948 -61.14412825 -61.12741312 -61.11764972 -61.0381724 ] 
4:[-331.22479064 -331.22429802 -331.22125539 -331.2176933  -331.21683505 -331.206953   -331.20101776 -331.1643259  -331.1624803  -331.15297512 -331.15088199 -331.14552758 -331.14497443 -331.10980541 -331.08181281 -331.06191338 -331.06145745 -331.0356107  -331.0058767  -330.92430684 -330.83255748 -330.77330552 -330.72388131 -330.68919893 -329.37438465] 
5:[-225.47088201 -225.43429741 -224.89146584 -224.83386775 -224.66869421 -224.57633823 -224.55640328 -224.54085375 -224.50379045 -224.49564931 -224.43052426 -224.04904821 -223.9666494  -223.94438773 -223.94291991 -223.93349301 -223.47804128 -223.47545402 -223.47457791 -223.4705659 -223.46995425 -223.4284741  -223.08371692 -223.08325231 -222.51121742] 
6:[-999.17390123 -999.17319733 -999.17193463 -999.1711673  -999.16667093 -999.05204047 -998.9548862  -998.90476742 -998.84161575 -998.84118707 -998.84060794 -998.83431005 -998.82698508 -998.54866909 -998.52372613 -998.51094746 -998.47452209 -998.42220765 -998.26285309 -998.26186418 -997.89190973 -997.66747254 -997.56458842 -997.29222331 -997.23411625] 
7:[-932.15542073 -932.14648832 -932.13270047 -932.10755403 -932.01773011 -931.88408566 -931.80634851 -931.80623399 -931.80617056 -931.80587609 -931.76408544 -931.73233918 -931.73204001 -931.73024392 -931.7282906 -931.72354281 -931.72178478 -931.71589653 -931.66335334 -931.57057443 -931.57056337 -931.49638605 -931.45324355 -931.25315336 -931.17293512] 
8:[-211.33004777 -211.30571084 -211.18762682 -211.18653731 -211.15644024 -211.15011193 -211.12047027 -211.11674313 -211.03456221 -210.92051012 -210.90217094 -210.90191241 -210.89892089 -210.84981602 -210.81409912 -210.73807971 -210.71025492 -210.71015708 -210.70990341 -210.66511666 -210.66456289 -210.41681681 -210.38077362 -210.16013121 -210.13551191] 
9:[-1330.70780934 -1330.70138959 -1330.67130487 -1330.66216363 -1330.64348622 -1330.64244349 -1330.64100118 -1330.63708627 -1330.63624697 -1330.63315481 -1330.62622369 -1330.6218893 -1330.6205264  -1330.61797141 -1330.61603075 -1330.61337923 -1330.60901832 -1330.60874786 -1330.60815083 -1330.58750428 -1330.56029312 -1330.52850474 -1330.48069725 -1330.27525198 -1329.60613275] 
10:[-956.12574467 -956.11714984 -956.11407292 -956.10917948 -956.10886312 -956.10770369 -956.08062701 -956.03688759 -956.03672854 -955.95395423 -955.9530533  -955.95037892 -955.94819275 -955.90938551 -955.86945673 -955.85023066 -955.83996604 -955.69801037 -955.64615638 -955.63277321 -955.59621215 -955.52260467 -955.2835924  -955.16465046 -954.68157318] 
11:[-392.78461306 -392.59188187 -392.58553201 -392.58535241 -392.58529307 -392.58013957 -392.56042395 -392.54369004 -392.53639443 -392.52176561 -392.51938714 -392.50255225 -392.48805519 -392.47115831 -392.45029871 -392.44369044 -392.42508802 -392.40114497 -392.39727062 -392.37327114 -392.32288346 -392.04476792 -392.0291639  -391.98266352 -391.08710055] 
12:[-118.21935153 -118.09904557 -118.05313497 -118.02243892 -118.01831518 -117.9926929  -117.98886473 -117.98083276 -117.94625153 -117.94528457 -117.92973697 -117.89832405 -117.8728392  -117.8540402  -117.84638452 -117.83355943 -117.8188033  -117.81807665 -117.79891812 -117.78051401 -117.70948106 -117.64991865 -117.47456098 -117.44293131 -116.62842478] 
13:[-346.69797686 -346.06063734 -346.001575   -345.91274019 -345.81423149 -345.79629529 -345.79384158 -345.79355795 -345.78962539 -345.77999047 -345.72574965 -345.69728481 -345.46007891 -345.37282504 -345.35634432 -345.35119322 -345.34534834 -345.32186457 -345.30987878 -345.27562902 -345.27107232 -345.24375919 -345.09007464 -345.06636444 -344.72494035] 
14:[-257.71687484 -257.4839141  -257.45619896 -257.44445818 -257.44441841 -257.44311778 -257.44285597 -257.43862573 -257.37009018 -257.36618864 -257.26937317 -257.21673142 -257.10138963 -257.09859282 -257.09735052 -257.05319377 -256.87799977 -256.8620526  -256.85255738 -256.84202832 -256.61596989 -256.52087326 -255.89869477 -255.33126595 -255.29284621] 
15:[-86.62534365 -86.6238306  -86.61074178 -86.58059175 -86.5796458 -86.57951144 -86.56473581 -86.56212715 -86.52793036 -86.52275361 -86.51517362 -86.45234132 -86.43601901 -86.41475129 -86.39820485 -86.3842928  -86.37621607 -86.36579098 -86.35697291 -86.35134972 -86.34426322 -86.3392193  -86.3008777  -86.2819966  -85.92973758] 
16:[-546.92638945 -546.92354902 -546.92219099 -546.91757194 -546.91748199 -546.91746251 -546.91463955 -546.91097916 -546.91086461 -546.90169262 -546.90166006 -546.89608945 -546.8915537  -546.88992122 -546.83433874 -546.82351488 -546.81905808 -546.75340288 -546.71807677 -546.70295027 -546.68016437 -546.67526316 -546.64129752 -546.18161488 -546.12568801] 
17:[-1517.1278041  -1517.10252634 -1517.07326337 -1517.07264491 -1517.07162933 -1517.06981579 -1517.06832556 -1517.0635422 -1517.0592033  -1517.05691143 -1517.05101522 -1517.03358123 -1517.02576311 -1517.0188981  -1517.01045796 -1517.01003842 -1517.00430679 -1516.95893594 -1516.93920251 -1516.8422694 -1516.78617405 -1516.77142891 -1516.64911794 -1516.37040863 -1515.45021132] 
18:[-429.27289557 -428.70320259 -428.62182583 -428.54302006 -428.51620998 -428.48120818 -428.42911225 -428.34312731 -428.28518567 -428.18380553 -428.09418826 -428.04483063 -427.91298543 -427.90618227 -427.90603561 -427.90298578 -427.69087715 -427.69069999 -427.61692511 -427.61071627 -427.60108492 -427.51865182 -427.38816135 -426.89177471 -426.8869113 ] 
19:[-92.28317136 -92.28301491 -92.28283249 -92.26820952 -92.26291992 -92.25317563 -92.25040042 -92.24541177 -92.23481634 -92.22797068 -92.19873863 -92.19485463 -92.1843241  -92.16974941 -92.1355273 -92.05276111 -92.00692155 -91.9974804  -91.92580887 -91.89719317 -91.87341685 -91.86338215 -91.73963606 -91.63107963 -91.07682   ] 
20:[-191.29072715 -190.95050634 -190.87227663 -190.57459119 -190.50167276 -190.38886647 -189.91441556 -189.70976482 -189.69166259 -189.18081183 -189.01165686 -188.76106533 -188.61717939 -188.28509683 -187.39716059 -187.21166861 -187.21129294 -187.21041351 -187.19031384 -187.18813091 -187.18453531 -187.17325958 -187.17323504 -186.82976032 -186.82973229] 
21:[-547.31641182 -546.93301733 -546.70987337 -546.48341237 -546.48339849 -546.45266967 -546.42358779 -546.39415156 -546.39236393 -546.37447426 -546.37431291 -546.37427505 -546.29035805 -546.25576221 -546.21205609 -546.18680912 -546.16308383 -546.14843685 -545.97568424 -545.92869214 -545.70727953 -545.61488738 -545.46740684 -544.967639   -544.6836204 ] 
22:[-446.68993484 -446.68962113 -446.68256518 -446.67529853 -446.66458681 -446.654316   -446.61281608 -446.60742293 -446.60189725 -446.57758782 -446.57687326 -446.56391118 -446.54092616 -446.47176928 -446.46833705 -446.44212987 -446.41922211 -446.40745922 -446.36256954 -446.33876939 -446.24279973 -446.02966018 -445.93031715 -445.68149999 -445.03313198] 
23:[-975.27466073 -975.27403284 -975.27402716 -975.26637639 -975.26503847 -975.2520572  -974.97595124 -974.93421521 -974.9332493  -974.93282189 -974.91744045 -974.91052655 -974.90674397 -974.7635674  -974.56765087 -974.55934151 -974.44332826 -974.43053232 -974.26337724 -974.23579627 -974.11905803 -974.01443709 -973.57830301 -973.28774124 -972.9571601 ] 
24:[-395.31078056 -395.19089508 -395.17643348 -395.10054026 -395.10044294 -394.75225193 -394.62567771 -394.59941203 -394.45187452 -394.4472129 -394.37853074 -394.35191361 -394.27561546 -394.27148277 -394.27056933 -394.26660193 -394.22861823 -394.01905506 -394.01125665 -393.90525681 -393.90039957 -393.87143731 -393.79418291 -393.46624221 -393.46321202] 
RANKING VECTORS IDX
0:[ 0.  7.  9. 24. 13. 20. 10. 19.  4. 17. 16.  1. 21.  8. 12.  5. 22.  2. 11. 23.  6. 15. 14.  3. 18.] 
1:[13. 19. 17.  1.  2. 22. 16.  4.  9. 10.  7.  0.  6. 20. 15.  5. 21. 24. 23.  8.  3. 14. 11. 12. 18.] 
2:[16. 22.  1. 17.  2. 10. 19.  6. 15. 23.  3.  9.  7.  0. 14. 21. 11. 24. 20.  5.  8. 13. 12.  4. 18.] 
3:[ 5.  3. 14. 21. 15.  8. 18. 12. 24. 20. 10.  4. 19.  7. 17. 16. 22. 13.  1.  2.  0.  6. 11. 23.  9.] 
4:[19. 24.  4. 23. 15.  6. 10.  0. 16.  9.  1.  7. 17.  5.  8. 22.  2. 21. 13.  3. 11. 20. 12. 14. 18.] 
5:[ 5.  3. 24. 13. 15. 14.  0. 21.  8. 20. 12.  7.  9.  1. 16. 17. 10.  4. 11.  6. 23. 19.  2. 22. 18.] 
6:[15.  4.  6. 23. 10. 14. 13.  3.  1.  2. 22. 16. 17. 20.  7. 21. 19.  9. 11. 18. 12.  5. 24.  8.  0.] 
7:[ 9.  7.  0. 13. 14. 24. 17. 22.  1.  2. 16.  4. 19. 15. 18. 20.  6. 10. 23. 12.  8. 11.  3. 21.  5.] 
8:[ 8.  3. 20.  7.  0. 24. 12.  5. 21.  9. 13. 16. 17.  1. 15. 14.  6. 10. 23. 19.  4. 22.  2. 11. 18.] 
9:[ 0.  7.  5. 11. 17. 20. 16.  9. 13. 23. 24. 10. 19.  6. 15.  4.  1.  2. 22. 21.  8.  3. 12. 14. 18.] 
10:[19. 23. 10.  6. 15. 21. 11. 16. 17.  2.  1. 13. 22.  9.  0.  7. 20. 14.  8. 12. 24.  4.  5.  3. 18.] 
11:[11. 13. 22. 17.  1.  2. 19.  0. 16.  4.  7.  9. 24. 10. 21. 15.  6. 23.  5. 20.  8.  3. 14. 12. 18.] 
12:[ 9.  0.  7. 13. 12.  1. 16. 17. 10. 21. 19.  4.  6.  8. 24.  5.  2. 22. 14. 15. 23. 20.  3. 11. 18.] 
13:[13. 14.  7.  0.  9.  4.  6. 19. 21. 15. 23. 10. 24.  1. 17. 22.  2.  8. 16.  3. 12. 20. 18.  5. 11.] 
14:[14.  7. 20.  1.  2. 22. 17. 16. 13. 21.  9. 18. 19.  4. 10.  0. 24. 23.  6. 15. 12. 11.  8.  5.  3.] 
15:[ 5. 13. 15. 21.  0.  8. 20.  7.  9. 14. 24.  4. 10. 19. 23. 12.  6. 22.  1.  2. 17. 16.  3. 18. 11.] 
16:[10. 19. 17.  1.  2. 22. 15. 16.  4.  9.  6. 23. 13. 21.  7.  0. 11. 24.  5. 14.  8. 20. 12. 18.  3.] 
17:[24.  0.  6.  3. 15. 19.  4.  9.  5.  7.  1. 17. 16. 23. 22.  2. 10. 21.  8. 11. 12. 13. 14. 20. 18.] 
18:[18. 24. 21. 20. 10. 13. 14.  7.  0. 12.  9. 19. 15.  1. 17. 16. 22.  2.  4. 23.  6. 11.  8.  5.  3.] 
19:[ 1. 22.  2. 23. 17. 16. 10. 19.  9.  4.  7.  0.  6. 15. 21.  3. 20.  5. 24.  8. 13. 11. 12. 14. 18.] 
20:[20. 21. 24. 14.  5.  3.  8. 13. 15. 11. 18.  0.  7. 12.  9.  1. 16. 17. 10. 19.  4. 23.  6.  2. 22.] 
21:[21. 13. 14.  6. 15. 23. 19. 10.  4. 17. 22.  2.  8.  1. 16.  9. 12. 20. 18. 24.  0. 11.  7.  3.  5.] 
22:[ 1. 22.  2. 17.  9. 19. 16.  7.  0. 15.  6. 23. 10.  4. 21.  5. 11. 20. 24.  8. 13. 14. 12.  3. 18.] 
23:[15.  4. 19. 23.  6. 10. 21. 17.  1.  2. 16. 22. 14. 11.  9. 13.  0.  7. 24. 12. 20.  8. 18.  5.  3.] 
24:[24.  7.  0. 20. 13.  9. 10.  8. 19. 12. 21. 14. 18. 16. 17.  1.  4.  5.  3.  2. 22. 11. 15. 23.  6.] 
POSCARS
EA118   2.829  2.828  7.683 90.01 89.99 119.57 Sym.group:  187
1.0
   2.8284129999999998   -0.0275620000000000   -0.0084040000000000
  -1.3715029999999999    2.4735459999999998    0.0028320000000000
   0.0245550000000000    0.0040440000000000    7.6829460000000003
Mg Cl
3 1
direct
   0.8673650000000001    0.4301320000000000    0.2446240000000000 Mg
   0.2061160000000000    0.0936600000000000    0.9758930000000000 Mg
   0.2041800000000000    0.0918820000000000    0.5133340000000000 Mg
   0.5397130000000000    0.7572650000000000    0.7445820000000000 Cl
EA198   3.656  3.657  3.458 90.00 90.00 90.00 Sym.group:  123
1.0
   3.6553079999999998    0.0008300000000000   -0.0552610000000000
  -0.0007190000000000    3.6573180000000001    0.0090670000000000
   0.0522590000000000   -0.0086020000000000    3.4578419999999999
Al Si
3 1
direct
   0.3193290000000000    0.4019020000000000    0.8863200000000000 Al
   0.8192900000000000    0.4020560000000000    0.3863060000000000 Al
   0.3192610000000000    0.9019900000000000    0.3863200000000000 Al
   0.8193150000000000    0.9017750000000000    0.8863060000000000 Si
EA296   5.245  5.244  5.244 89.99 60.01 119.99 Sym.group:  221
1.0
   5.2449009999999996   -0.0300790000000000    0.0167660000000000
  -2.5950970000000000    4.5570339999999998   -0.0002680000000000
   2.6164529999999999    1.4913190000000001    4.2932790000000001
Mg Si
6 2
direct
   0.0053760000000000    0.2509490000000000    0.2495350000000000 Mg
   0.0026160000000000    0.7492280000000000    0.7506320000000000 Mg
   0.5037660000000000    0.2499260000000000    0.7489000000000000 Mg
   0.5041750000000000    0.7501850000000000    0.2513050000000000 Mg
   0.0027100000000000    0.2493520000000000    0.7507320000000000 Mg
   0.0052910000000000    0.7508250000000000    0.2494090000000000 Mg
   0.5041060000000001    0.2500960000000000    0.2501130000000000 Si
   0.5040510000000000    0.7500590000000000    0.7500760000000000 Si
EA111   2.693  6.894  2.692 89.85 60.11 78.83 Sym.group:  166
1.0
   2.6925100000000000   -0.0017580000000000   -0.0028130000000000
   1.3401719999999999    6.7623980000000001   -0.0024410000000000
   1.3436260000000000   -0.2583390000000000    2.3177859999999999
B H
6 2
direct
   0.5899090000000000    0.6477900000000000    0.4933120000000000 B
   0.5339420000000000    0.2428000000000000    0.0149790000000000 B
   0.2713740000000000    0.1349750000000000    0.6470890000000000 B
   0.6866110000000000    0.0110360000000000    0.9412790000000000 B
   0.4372330000000000    0.8795490000000000    0.5669780000000000 B
   0.8524690000000000    0.7556110000000000    0.8611900000000000 B
   0.7060999999999999    0.4758850000000000    0.4312770000000000 H
   0.4145130000000000    0.4146950000000000    0.0765070000000000 H
EA18    3.248  3.248  3.339 61.02 61.03 89.82 Sym.group:  139
1.0
   3.2480790000000002    0.0045190000000000   -0.0058990000000000
   0.0058190000000000    3.2482050000000000   -0.0068860000000000
   1.6198720000000000    1.6200829999999999    2.4296650000000000
Be Li
3 1
direct
   0.9642360000000000    0.4716470000000000    0.0702960000000000 Be
   0.4635920000000000    0.9720680000000000    0.0704490000000000 Be
   0.7139160000000000    0.7218610000000000    0.5703680000000000 Be
   0.2139200000000000    0.2218540000000000    0.5703730000000000 Li
EA305   2.664  2.663  8.355 89.97 89.97 60.01 Sym.group:  164
1.0
   2.6639260000000000   -0.0003200000000000   -0.0025270000000000
   1.3312330000000001    2.3064499999999999   -0.0011720000000000
   0.0115810000000000    0.0030820000000000    8.3544920000000005
B F
6 2
direct
   0.2007370000000000    0.1660160000000000    0.7932810000000000 B
   0.8692550000000000    0.8322900000000000    0.6801440000000000 B
   0.2030480000000000    0.1658360000000000    0.5904550000000000 B
   0.8668600000000000    0.8327020000000001    0.8829669999999999 B
   0.8697210000000000    0.8331060000000000    0.4905710000000000 B
   0.2000360000000000    0.1658390000000000    0.9828360000000000 B
   0.2019460000000000    0.1654020000000000    0.1383110000000000 F
   0.8680330000000001    0.8331760000000000    0.3351170000000000 F
EA22    3.717  3.716  3.722 60.10 119.90 89.94 Sym.group:  225
1.0
   3.7168899999999998   -0.0019600000000000    0.0024240000000000
   0.0059910000000000    3.7157220000000000   -0.0021250000000000
  -1.8562719999999999    1.8596320000000000    2.6358690000000000
Na N
3 1
direct
   0.2515260000000000    0.2506690000000000    0.5003290000000000 Na
   0.7520360000000000    0.7506070000000000    0.5006850000000000 Na
   0.0016780000000000    0.0007130000000000    0.0001440000000000 Na
   0.5018600000000000    0.5006720000000000    0.0005370000000000 N
EA43    2.670  2.639  6.865 90.33 89.74 119.52 Sym.group:  164
1.0
   1.4526889999999999   -2.2407970000000001    0.0049070000000000
   1.2194680000000000    2.3401369999999999    0.0040710000000000
  -0.0288820000000000   -0.0410790000000000    6.8647250000000000
Na H
3 1
direct
   0.6943530000000000    0.2231150000000000    0.1750140000000000 Na
   0.3755450000000000    0.5579390000000000    0.8223100000000000 Na
   0.0363030000000000    0.8894339999999999    0.4987130000000000 Na
   0.0347670000000000    0.8907020000000000    0.9986790000000000 H
EA45    2.522  7.996  2.523 81.25 119.72 98.73 Sym.group:  166
1.0
   1.3194550000000000   -0.1798700000000000    2.1420859999999999
  -1.0865490000000000    7.9216199999999999   -0.0948340000000000
  -2.5211690000000000    0.0426920000000000    0.0838500000000000
Al F
3 1
direct
   0.2403200000000000    0.2044950000000000    0.1986550000000000 Al
   0.6647700000000000    0.4795850000000000    0.7699070000000000 Al
   0.0889900000000000    0.7546210000000000    0.3478020000000000 Al
   0.1681640000000000    0.9795300000000000    0.2715610000000000 F
EA118   2.968  2.965  6.243 90.00 89.91 90.07 Sym.group:  123
1.0
   2.9681750000000000    0.0005150000000000   -0.0120780000000000
  -0.0041840000000000    2.9654929999999999   -0.0011710000000000
   0.0349160000000000    0.0023020000000000    6.2425139999999999
Na Mg
3 1
direct
   0.9999800000000000    0.9970840000000000    0.5025140000000000 Na
   0.4992660000000000    0.4974060000000000    0.2638810000000000 Na
   0.5006540000000000    0.4969220000000000    0.7414849999999999 Na
   0.9998780000000000    0.9972120000000000    0.0026170000000000 Mg
EA117   3.686  3.819  4.492 115.05 113.77 90.23 Sym.group:  139
1.0
   3.6835429999999998    0.1437160000000000    0.0188630000000000
  -0.1644540000000000    3.8152990000000000   -0.0003170000000000
  -1.7533550000000000   -1.9791099999999999    3.6315640000000000
Na Si
3 1
direct
   0.6949160000000000    0.6942930000000000    0.0041610000000000 Na
   0.4442080000000000    0.9416679999999999    0.4990780000000000 Na
   0.9449760000000000    0.4471550000000000    0.5097550000000000 Na
   0.1948900000000000    0.1945280000000000    0.0045180000000000 Si
EA292   4.792  4.792  4.690 90.00 90.00 60.00 Sym.group:  191
1.0
   4.7919330000000002    0.0011640000000000   -0.0024310000000000
   2.3948969999999998    4.1505530000000004   -0.0012420000000000
   0.0021320000000000    0.0000750000000000    4.6895829999999998
Si Na
6 2
direct
   0.0004400000000000    0.5013780000000000    0.6862680000000000 Si
   0.5004700000000000    0.0010760000000000    0.6868430000000000 Si
   0.5007120000000000    0.5008140000000000    0.6881260000000000 Si
   0.5012130000000000    0.0008690000000000    0.1868420000000000 Si
   0.5007030000000000    0.5007370000000000    0.1881250000000000 Si
   0.0005630000000000    0.5014280000000000    0.1862670000000000 Si
   0.0010560000000000    0.0011960000000000    0.9371720000000000 Na
   0.0009610000000000    0.0011540000000000    0.4371810000000000 Na
EA255   4.468  4.468  2.491 90.05 90.03 89.99 Sym.group:  123
1.0
   4.4678649999999998   -0.0009370000000000    0.0023130000000000
   0.0013610000000000    4.4678690000000003    0.0049230000000000
  -0.0024130000000000   -0.0049830000000000    2.4912660000000000
Al S
3 1
direct
   0.0421480000000000    0.6911100000000000    0.5145990000000000 Al
   0.0355200000000000    0.1913820000000000    0.0128100000000000 Al
   0.5423990000000000    0.6843800000000000    0.0160920000000000 Al
   0.5358320000000000    0.1846910000000000    0.0132800000000000 S
EA137   5.147  5.147  5.590 117.41 90.01 120.00 Sym.group:  148
1.0
   2.6573030000000002   -4.4082229999999996    0.0528200000000000
   2.4891310000000000    4.5046239999999997   -0.0942770000000000
  -2.5085440000000001   -1.4543210000000000    4.7792729999999999
Cl Al
6 2
direct
   0.0614710000000000    0.7189140000000001    0.4315130000000000 Cl
   0.9190360000000000    0.0750940000000000    0.9659160000000000 Cl
   0.4202330000000000    0.3985410000000000    0.4315890000000000 Cl
   0.7406260000000000    0.0779020000000000    0.4318570000000000 Cl
   0.2394280000000000    0.7544540000000000    0.9661840000000000 Cl
   0.5981910000000000    0.4340810000000000    0.9662590000000000 Cl
   0.1632790000000000    0.2431980000000000    0.6987610000000000 Al
   0.4963830000000000    0.9097960000000000    0.6990120000000000 Al
EA1     2.916  2.915  7.106 89.98 90.02 119.98 Sym.group:  164
1.0
   1.4623340000000000   -2.5226600000000001    0.0014090000000000
   1.4541970000000000    2.5268380000000001   -0.0016330000000000
   0.0004350000000000    0.0075920000000000    7.1064179999999997
Li O
6 2
direct
   0.6699640000000000    0.9604210000000000    0.1676180000000000 Li
   0.0035520000000000    0.6270070000000000    0.0086470000000000 Li
   0.3364680000000000    0.2936960000000000    0.8397130000000000 Li
   0.3359180000000000    0.2939730000000000    0.3415060000000000 Li
   0.6691660000000000    0.9605629999999999    0.6694080000000000 Li
   0.0022710000000000    0.6273800000000000    0.5005140000000000 Li
   0.6700790000000000    0.9603640000000000    0.9220110000000000 O
   0.3356900000000000    0.2939890000000000    0.5870980000000000 O
EA186   3.504  3.501  3.504 109.09 109.12 70.91 Sym.group:  166
1.0
   3.5032969999999999    0.0440030000000000   -0.0319580000000000
   1.1028420000000001    3.3221720000000001   -0.0318940000000000
  -1.1081960000000000   -0.8085170000000000    3.2239810000000002
Si H
3 1
direct
   0.2281920000000000    0.9756089999999999    0.7083220000000000 Si
   0.9345180000000000    0.6828610000000001    0.0007900000000000 Si
   0.6420480000000000    0.3901260000000000    0.2944580000000000 Si
   0.4274450000000000    0.1829280000000000    0.4937710000000000 H
EA189   2.900  3.661  3.672 90.08 90.05 90.08 Sym.group:  123
1.0
   2.8998930000000001   -0.0010510000000000   -0.0006150000000000
  -0.0037780000000000    3.6611400000000001    0.0078060000000000
  -0.0023180000000000   -0.0127030000000000    3.6721309999999998
Li Mg
3 1
direct
   0.9081780000000000    0.2291460000000000    0.9279440000000000 Li
   0.9087340000000000    0.7319550000000000    0.4280560000000000 Li
   0.4089830000000000    0.2309890000000000    0.4278420000000000 Li
   0.4081690000000000    0.7291400000000000    0.9282960000000000 Mg
EA110   5.547  5.548  3.591 90.00 89.99 90.01 Sym.group:  123
1.0
   5.5473450000000000    0.0195260000000000    0.0119280000000000
  -0.0201120000000000    5.5482909999999999   -0.0033120000000000
  -0.0068280000000000    0.0019650000000000    3.5909749999999998
Mg Na
6 2
direct
   0.0064400000000000    0.2477770000000000    0.9991570000000000 Mg
   0.5067440000000000    0.7474720000000000    0.9991770000000000 Mg
   0.2569850000000000    0.4978090000000000    0.4991600000000000 Mg
   0.7568600000000000    0.4973330000000000    0.4991590000000000 Mg
   0.7564130000000000    0.9972630000000000    0.4991570000000000 Mg
   0.2562590000000000    0.9979120000000000    0.4991340000000000 Mg
   0.5064990000000000    0.2473100000000000    0.9991560000000000 Na
   0.0068950000000000    0.7475880000000000    0.9991000000000000 Na
EA193   2.487  2.490  5.228 90.00 89.91 119.91 Sym.group:  187
1.0
   2.4873400000000001   -0.0044590000000000   -0.0142020000000000
  -1.2379819999999999    2.1608250000000000   -0.0001040000000000
   0.0380280000000000    0.0216920000000000    5.2280379999999997
O Be
3 1
direct
   0.6637100000000000    0.2912760000000000    0.8361680000000000 O
   0.3303410000000000    0.6277410000000000    0.2212700000000000 O
   0.6643740000000000    0.2915900000000000    0.6065220000000000 O
   0.9970950000000000    0.9617520000000001    0.2222290000000000 Be
EA177   4.251  4.252  5.159 90.00 90.00 75.05 Sym.group:  139
1.0
   4.2154579999999999    0.5472930000000000   -0.0052450000000000
   0.5589560000000000    4.2148469999999998    0.0066010000000000
   0.0078940000000000   -0.0094680000000000    5.1587009999999998
Al Li
6 2
direct
   0.0010910000000000    0.4990050000000000    0.7501610000000000 Al
   0.0011200000000000    0.4990300000000000    0.2504570000000000 Al
   0.5013290000000000    0.9987460000000000    0.7504430000000000 Al
   0.5013069999999999    0.9987150000000000    0.2501470000000000 Al
   0.5013890000000000    0.4983640000000000    0.0002660000000000 Al
   0.0010260000000000    0.9993800000000000    0.5003410000000000 Al
   0.5003830000000000    0.4998140000000000    0.4999400000000000 Li
   0.0020690000000000    0.9979560000000000    0.0006490000000000 Li
EA95    2.373  2.373  8.911 82.47 89.97 119.99 Sym.group:  160
1.0
   2.3725350000000001   -0.0336700000000000   -0.0071800000000000
  -1.1565369999999999    2.0716329999999998    0.0160510000000000
   0.0489850000000000    1.2963789999999999    8.8161459999999998
C N
6 2
direct
   0.5548920000000001    0.7312220000000000    0.4105940000000000 C
   0.6111420000000000    0.8435170000000000    0.2390030000000000 C
   0.7067110000000000    0.0331810000000000    0.9501900000000000 C
   0.2970490000000000    0.2150450000000000    0.1809280000000000 C
   0.3541080000000000    0.3281690000000000    0.0085820000000000 C
   0.7642800000000000    0.1480480000000000    0.7752320000000000 C
   0.8702280000000000    0.3620270000000000    0.4650060000000000 N
   0.4491640000000000    0.5177619999999999    0.7201100000000000 N
EA250   4.111  4.113  4.100 94.76 94.83 94.63 Sym.group:  148
1.0
   4.1110970000000000    0.0022630000000000   -0.0198340000000000
  -0.3344760000000000    4.0995119999999998   -0.0433880000000000
  -0.3254540000000000   -0.3246420000000000    4.0743809999999998
F P
6 2
direct
   0.5926410000000000    0.1641030000000000    0.2918080000000000 F
   0.4030230000000000    0.8392050000000000    0.7123280000000000 F
   0.2867760000000000    0.5947590000000000    0.1640870000000000 F
   0.7089500000000000    0.4087220000000000    0.8401100000000000 F
   0.8348540000000000    0.7116540000000000    0.4074860000000000 F
   0.1606750000000000    0.2915180000000000    0.5964050000000000 F
   0.2185440000000000    0.2212390000000000    0.2219280000000000 P
   0.7771740000000000    0.7821820000000000    0.7819650000000000 P
EA27    5.199  5.199  5.198 90.23 119.94 119.79 Sym.group:  221
1.0
   5.1961139999999997   -0.1626340000000000    0.0358440000000000
  -2.4738859999999998    2.7106680000000001   -3.6819389999999999
  -2.5381490000000002    2.6473810000000002    3.6838940000000000
Al Mg
6 2
direct
   0.2527550000000000    0.1257330000000000    0.5020970000000000 Al
   0.7527690000000000    0.6257790000000000    0.5021580000000000 Al
   0.2527910000000000    0.6257600000000000    0.5021620000000000 Al
   0.7527910000000000    0.1256950000000000    0.0021050000000000 Al
   0.2527530000000000    0.1257050000000000    0.0021000000000000 Al
   0.2528040000000000    0.6257260000000000    0.0021480000000000 Al
   0.7527600000000000    0.1257660000000000    0.5020820000000000 Mg
   0.7527650000000000    0.6256420000000000    0.0021430000000000 Mg
EA116   4.096  4.095  4.099 60.09 60.09 90.09 Sym.group:  225
1.0
   4.0959519999999996    0.0070610000000000   -0.0055870000000000
  -0.0135790000000000    4.0946309999999997    0.0019490000000000
   2.0443020000000001    2.0494849999999998    2.9018890000000002
Na P
3 1
direct
   0.7443610000000001    0.6901700000000000    0.0603990000000000 Na
   0.2448690000000000    0.1903020000000000    0.0600230000000000 Na
   0.4945900000000000    0.9402199999999999    0.5602090000000000 Na
   0.9946650000000000    0.4402530000000000    0.5601770000000000 P
EA50    2.325  2.337  5.624 101.95 78.12 119.17 Sym.group:  160
1.0
   1.1538839999999999    2.0183399999999998   -0.0068750000000000
  -2.3369849999999999    0.0238200000000000   -0.0025830000000000
   1.1653640000000001    0.6859080000000000    5.4589270000000001
Be O
3 1
direct
   0.5895020000000000    0.0465390000000000    0.4783490000000000 Be
   0.8375490000000000    0.8004210000000000    0.7570350000000000 Be
   0.3921720000000000    0.2453210000000000    0.0743110000000000 Be
   0.6856810000000000    0.9497940000000000    0.1980460000000000 O
