NUMBER OF PAIRS 28
COMPOSITION A 1 B
NUMBER OF TEMPLATES 3
RELAXED COUPLES
[C Na] 
[B Be] 
[Mg Na] 
[Li Mg] 
[C O] 
[Be C] 
[B Li] 
[N Na] 
[B Na] 
[Li N] 
[B N] 
[Mg O] 
[Be Na] 
[C Mg] 
[Be N] 
[B C] 
[B Mg] 
[Mg N] 
[C N] 
[Li O] 
[B O] 
[C Li] 
[Na O] 
[Be O] 
[Li Na] 
[Be Li] 
[N O] 
[Be Mg] 
RANKING VECTORS ENTHALPIES
0:[ 0.97385691  0.86536639  1.29697701  0.45184202  0.89596201  0.63919233  0.44353515  0.12434127  0.53244329 -1.09039902 -0.58596518 -3.42920054  0.58564459  1.14569075 -1.24685422  0.12945951  0.65836283 -0.99855074  1.78663013 -2.60917028 -0.10704816  0.73019011 -2.54671133 -2.90806902  0.41451643  0.6663331   0.20871809  0.78836731] 
1:[ 1.68433329  0.48606852  0.0523963  -0.01893204  1.91553311  1.34513922 -0.01024936 -0.112047    0.98392618 -0.63013742  0.25457531 -4.22160295  0.49643039  0.9613513  -0.7769987   1.55828925  0.7421608  -1.27180153  2.44440371 -2.63055952 -0.35209833  0.94459928 -2.33808879 -3.03941688  0.05687062 -0.01202743  1.37154146  0.57289472] 
2:[ 1.23224722  0.20793399  0.14039601 -0.23269565  2.30183371  1.35251319 -0.23872378 -0.50565437  0.64910493 -0.92268435  1.54167387 -3.98352026  0.69783393  0.6417176  -0.12884198  2.6812168   0.25649341 -1.38015573  3.60216437 -2.8057762   0.31125568  0.35210325 -2.71317417 -2.23564202  0.05618135  0.07612176  1.71823903  0.32246325] 
R(T) IDX
0:[ 0.  1.  2.  3.  4.  5.  6.  7.  8.  9. 10. 11. 12. 13. 14. 15. 16. 17. 18. 19. 20. 21. 22. 23. 24. 25. 26. 27.] 
1:[ 0.  1.  2.  3.  4.  5.  6.  7.  8.  9. 10. 11. 12. 13. 14. 15. 16. 17. 18. 19. 20. 21. 22. 23. 24. 25. 26. 27.] 
2:[ 0.  1.  2.  3.  4.  5.  6.  7.  8.  9. 10. 11. 12. 13. 14. 15. 16. 17. 18. 19. 20. 21. 22. 23. 24. 25. 26. 27.] 
R(P) IDX
0:[0. 0. 0. 0. 0. 0. 0. 0. 0. 0. 0. 0. 0. 0. 0. 0. 0. 0. 0. 0. 0. 0. 0. 0. 0. 0. 0. 0.] 
1:[1. 1. 1. 1. 1. 1. 1. 1. 1. 1. 1. 1. 1. 1. 1. 1. 1. 1. 1. 1. 1. 1. 1. 1. 1. 1. 1. 1.] 
2:[2. 2. 2. 2. 2. 2. 2. 2. 2. 2. 2. 2. 2. 2. 2. 2. 2. 2. 2. 2. 2. 2. 2. 2. 2. 2. 2. 2.] 
