NUMBER OF PAIRS 28
COMPOSITION A 1 B
NUMBER OF TEMPLATES 3
RELAXED COUPLES
[C Na] 
[Li O] 
[Be C] 
[C Li] 
[N Na] 
[B O] 
[Li Na] 
[Be N] 
[Na O] 
[B Mg] 
[B Be] 
[Mg O] 
[Li N] 
[B C] 
[Be Li] 
[C O] 
[N O] 
[B Li] 
[Be Mg] 
[B Na] 
[Li Mg] 
[B N] 
[Be O] 
[Be Na] 
[Mg N] 
[C Mg] 
[C N] 
[Mg Na] 
RANKING VECTORS ENTHALPIES
0:[ 1.23224722 -2.8057762   1.35251319  0.35210325 -0.50565437  0.31125568  0.05618135 -0.12884198 -2.71317417  0.25649341  0.20793399 -3.98352026 -0.92268435  2.6812168   0.07612176  2.30183371  1.71823903 -0.23872378  0.32246325  0.64910493 -0.23269565  1.54167387 -2.23564202  0.69783393 -1.38015573  0.6417176   3.60216437  0.14039601] 
1:[ 2.5002557  -2.59070747  1.3648013   1.66432663  0.55323244 -0.20839774  0.18982503 -0.8864137  -2.14304694  1.07939892  1.27058015 -4.65673253 -0.15617367  1.08545176  0.77103051  1.65231973  1.14236073  1.19604482  1.32509125  2.06213634  0.15013794 -0.63424402 -3.60444235  1.81264927 -1.47494792  1.05565753  1.95143169  0.66280941] 
2:[ 3.74034559 -1.90709293  1.965678    2.82695819  1.70002124 -0.75227947  0.65538167 -0.67148804 -1.12263496  2.4889747   2.29319198 -3.91268197  0.77001625  0.46236623  2.32825407  2.21812663  1.67781415  2.4294513  2.83116498  3.30626704  1.45350408 -2.23650979 -3.82724503  3.02886399 -0.45096881  2.28526134  1.55754185  1.92695091] 
R(T) IDX
0:[ 0.  1.  2.  3.  4.  5.  6.  7.  8.  9. 10. 11. 12. 13. 14. 15. 16. 17. 18. 19. 20. 21. 22. 23. 24. 25. 26. 27.] 
1:[ 0.  1.  2.  3.  4.  5.  6.  7.  8.  9. 10. 11. 12. 13. 14. 15. 16. 17. 18. 19. 20. 21. 22. 23. 24. 25. 26. 27.] 
2:[ 0.  1.  2.  3.  4.  5.  6.  7.  8.  9. 10. 11. 12. 13. 14. 15. 16. 17. 18. 19. 20. 21. 22. 23. 24. 25. 26. 27.] 
R(P) IDX
0:[0. 0. 0. 0. 0. 0. 0. 0. 0. 0. 0. 0. 0. 0. 0. 0. 0. 0. 0. 0. 0. 0. 0. 0. 0. 0. 0. 0.] 
1:[1. 1. 1. 1. 1. 1. 1. 1. 1. 1. 1. 1. 1. 1. 1. 1. 1. 1. 1. 1. 1. 1. 1. 1. 1. 1. 1. 1.] 
2:[2. 2. 2. 2. 2. 2. 2. 2. 2. 2. 2. 2. 2. 2. 2. 2. 2. 2. 2. 2. 2. 2. 2. 2. 2. 2. 2. 2.] 
