NUMBER OF TEMPLATES 25
COMPOSITION A 2 B
pairs , SPACEGROUPS 
[P C] , 166 
[C S] , 166 
[B S] , 141 
[O Na] , 123 
[Be Si] , 216 
[Al P] , 140 
[Na B] , 191 
[B Be] , 216 
[P Cl] , 164 
[C F] , 164 
[Al O] , 166 
[Be Na] , 164 
[Al F] , 187 
[Cl Be] , 137 
[C B] , 141 
[Al Li] , 155 
[Li Be] , 164 
[Si P] , 141 
[Mg H] , 164 
[Na Si] , 191 
[Al Li] , 189 
[Li Mg] , 139 
[N Al] , 166 
[N O] , 160 
[Li H] , 141 
RANKING VECTORS ENTHALPIES
0:[-176.53387528 -176.51968015 -176.49037448 -176.45837198 -176.18688791 -176.16696238 -176.16361415 -176.07902354 -176.00293933 -175.982998 -175.98090897 -175.91285444 -175.87474984 -175.86631922 -175.8522385 -175.78390893 -175.54367105 -175.50708104 -175.42641102 -175.33980459 -175.30257036 -175.21004123 -175.20383102 -175.06486928 -175.01176252] 
1:[-206.21971185 -206.20448895 -205.92101037 -205.87318109 -205.87310096 -205.87128944 -205.47821471 -205.14227835 -205.0881535  -205.08153135 -205.06110363 -204.95066172 -204.83939142 -204.61802454 -204.52063481 -204.44429767 -204.42284769 -204.35853251 -204.22770811 -204.19423569 -204.16081044 -204.14976795 -204.06210144 -203.24261001 -203.13400801] 
2:[-150.67871313 -150.66563969 -150.1801219  -150.05434166 -150.04026302 -150.0097734  -150.00953434 -149.95604839 -149.95491145 -149.86259396 -149.85809708 -149.85667969 -149.85429715 -149.81090061 -149.79870538 -149.79521333 -149.72508927 -149.62732153 -149.59818341 -149.58882897 -149.56126862 -149.44895297 -149.2083779  -149.06183205 -149.03071316] 
3:[-710.79304119 -710.7565593  -710.66310773 -710.50630897 -710.45741631 -710.38197281 -710.22610396 -710.22216932 -710.18286629 -710.14062233 -710.01912795 -710.01864654 -709.99002031 -709.9370625  -709.92478507 -709.9177946  -709.90000151 -709.85824245 -709.59938878 -709.59929317 -709.50632764 -709.48566103 -709.27741878 -709.22410539 -708.88140836] 
4:[-288.23715661 -288.23391456 -288.22641951 -288.22590316 -288.22043964 -288.21786728 -288.21763335 -288.21573826 -288.21134146 -288.2017872 -288.19765171 -288.14950595 -288.12824154 -288.12087963 -288.07473752 -288.00546331 -287.93100852 -287.92975524 -287.89430616 -287.84004631 -287.83743553 -287.66170339 -287.66156435 -287.59048146 -287.50925687] 
5:[-100.68221946 -100.62601122 -100.60164067 -100.57739467 -100.57461056 -100.51086683 -100.50341873 -100.49180516 -100.43823103 -100.43498187 -100.43085508 -100.42012934 -100.41396292 -100.41278356 -100.4047123 -100.30308377 -100.2693151  -100.23100757 -100.18924997 -100.18647201 -100.17784084 -100.17677424 -100.11380497  -99.79668946  -99.79223094] 
6:[-851.14287333 -851.01636538 -851.01521959 -851.01162241 -851.01136808 -850.76594838 -850.76231171 -850.7374169  -850.4783835  -850.44420442 -850.44366844 -850.23423341 -850.20287992 -850.19542361 -850.1877066 -850.09094218 -850.06806841 -850.0625986  -849.91170674 -849.79357797 -849.78441628 -849.7590014  -849.53343182 -848.63358453 -848.61399057] 
7:[-177.95721653 -177.94671181 -177.92202794 -177.7380302  -177.73614775 -177.73456808 -177.60949753 -177.60771917 -177.52715155 -177.39566188 -177.31575503 -177.24273799 -177.22142681 -177.16998708 -177.16342733 -177.13697445 -177.12575397 -177.10928866 -177.05624743 -177.01546516 -177.00334469 -176.90847196 -176.80865209 -176.77518978 -176.61053995] 
8:[-269.68927934 -269.62317517 -269.56851306 -269.52580616 -269.52201063 -269.51502834 -269.34783014 -269.34337464 -269.34121724 -269.32141685 -269.30358042 -269.29806672 -269.2937858  -269.2733055  -269.27330219 -269.23900858 -269.22883646 -269.22734271 -269.17676129 -269.17407468 -269.1243084  -269.12121456 -269.07734838 -268.8599812  -268.85522776] 
9:[-330.45276997 -330.42987279 -329.63287965 -329.62959598 -329.62467162 -329.61513943 -329.53208011 -329.50011844 -328.65325614 -328.62138645 -328.49021881 -328.38257277 -328.35799018 -328.17810355 -328.07119947 -327.99507305 -327.74211431 -327.72429743 -327.56551938 -327.34852503 -327.18135597 -327.09677083 -327.08550355 -326.96300862 -326.67824181] 
10:[-189.39345493 -189.13735495 -189.11494661 -189.04457955 -189.04267457 -189.04095135 -188.97259705 -188.91556025 -188.78730484 -188.75354919 -188.74904329 -188.51582496 -188.47586105 -188.4342282  -188.30496669 -188.21169005 -188.16772417 -187.99168411 -187.73588784 -187.29247268 -187.16853773 -186.92236715 -186.92121366 -186.62781874 -186.62460577] 
11:[-663.82015016 -663.78521666 -663.77330602 -663.76558066 -663.71844565 -663.70001014 -663.65793711 -663.65340719 -663.64211916 -663.63606396 -663.61005062 -663.51798377 -663.49705455 -663.48281201 -663.45271983 -663.44095964 -663.29089682 -663.28204958 -663.28185072 -662.96117414 -662.95611695 -662.78263731 -662.54178542 -662.51923811 -662.38424073] 
12:[-262.37913539 -262.30181315 -262.29508112 -262.15835166 -262.0374095 -262.03300982 -261.94144963 -261.85393944 -261.79606431 -261.77138681 -261.73646557 -261.71365988 -261.70730782 -261.66065753 -261.62612149 -261.62549035 -261.59633121 -261.59378856 -261.56867909 -261.50441726 -261.22940037 -261.03992025 -261.03780638 -260.27218009 -260.27197666] 
13:[-420.85471992 -420.7493599  -420.73945898 -420.64515812 -420.62843728 -420.6157242  -420.40592131 -420.40571157 -420.24432012 -420.04393171 -420.02437762 -419.90179079 -419.68356435 -419.57443583 -419.56735606 -419.48201549 -419.33171598 -419.31168696 -419.21612231 -419.21560776 -419.1978286  -418.5388087  -418.52913052 -418.36134361 -418.3583615 ] 
14:[-133.79457503 -133.79401377 -133.77887292 -133.76465849 -133.75714763 -133.73373799 -133.20802089 -132.85694842 -132.68121737 -132.65146957 -132.43830673 -132.14103286 -132.08233065 -132.01327233 -131.99825942 -131.8469789  -131.74499502 -131.50689643 -131.46705403 -131.26490815 -131.26117742 -131.2395111  -130.97819938 -130.97418848 -130.82773089] 
15:[-103.43076622 -103.4294512  -103.39928875 -103.37907288 -103.37893097 -103.35892363 -103.34187674 -103.33798958 -103.28857162 -103.17888847 -103.15699996 -103.1504105  -103.14687111 -103.07930028 -103.05489838 -103.02304917 -103.00302874 -102.98345595 -102.89403439 -102.8516577 -102.84002916 -102.83196558 -102.8115354  -102.58000563 -102.57667395] 
16:[-254.0585492  -254.05178648 -254.04563936 -254.02813121 -254.02262451 -254.01228321 -254.0047572  -254.00470245 -253.99754392 -253.96350206 -253.94328601 -253.91385166 -253.90919623 -253.8934554  -253.88774657 -253.87606918 -253.87598031 -253.85481852 -253.83841124 -253.81461726 -253.80892629 -253.75521389 -253.75131299 -253.02133605 -253.00442509] 
17:[-135.33044232 -135.32580952 -135.278594   -135.27631406 -135.26456324 -135.23603614 -135.20867226 -135.16842988 -135.15871017 -135.14585468 -135.14049146 -135.12732617 -135.11936986 -135.10921963 -135.06735611 -135.05289391 -135.04428147 -135.04370094 -135.04105019 -134.92993812 -134.92955301 -134.80893237 -134.74631742 -134.651676   -134.35129028] 
18:[-1078.60069859 -1078.60030685 -1078.55968174 -1078.55809218 -1078.54383077 -1078.51898368 -1078.49523474 -1078.47605201 -1078.46379858 -1078.44673096 -1078.42501894 -1078.42031754 -1078.38813513 -1078.3310839  -1078.2516495  -1078.23328132 -1078.07477608 -1077.93574589 -1077.82172839 -1077.70197321 -1077.46946763 -1077.28583625 -1077.27784114 -1076.95238813 -1076.90263594] 
19:[-862.40092452 -862.39833835 -862.14369895 -862.13964544 -862.12865933 -862.08118806 -862.06995581 -862.02964359 -861.99628432 -861.99297677 -861.98233508 -861.89752414 -861.8735849  -861.85719451 -861.82003153 -861.78750479 -861.77628776 -861.58796313 -861.58079115 -861.53293048 -861.45363265 -861.19760264 -861.18663524 -861.01251048 -860.34279528] 
20:[-103.43076622 -103.4294512  -103.39928875 -103.37907288 -103.37893097 -103.35892363 -103.34187674 -103.33798958 -103.28857162 -103.17888847 -103.15699996 -103.1504105  -103.14687111 -103.07930028 -103.05489838 -103.02304917 -103.00302874 -102.98345595 -102.89403439 -102.8516577 -102.84002916 -102.83196558 -102.8115354  -102.58000563 -102.57667395] 
21:[-665.13537273 -665.10051375 -665.08418822 -665.08300061 -665.07386893 -665.05162171 -665.04894245 -665.04753422 -665.04069793 -665.02056816 -665.0157415  -665.00081762 -664.9337355  -664.92091591 -664.90330899 -664.85776626 -664.8280484  -664.81958584 -664.81681779 -664.79945725 -664.7415038  -664.71718935 -664.36796368 -664.35628213 -664.16329064] 
22:[-206.99684253 -206.74284475 -206.6306288  -206.41094839 -206.30183296 -206.13909876 -206.12224394 -206.10140727 -206.06416594 -206.04619633 -205.88622634 -205.86306959 -205.83631584 -205.83230844 -205.76570179 -205.64896423 -205.64262523 -205.27924073 -204.97301257 -204.97224289 -204.9354765  -204.93278821 -204.72452448 -204.45208062 -204.25198193] 
23:[-334.22766496 -333.71987137 -333.63835567 -333.18516818 -333.10816873 -333.09831963 -333.08290331 -333.02197546 -332.97561841 -332.94356048 -332.9341668  -332.89099339 -332.76906248 -332.75884617 -332.58345975 -332.57204716 -332.56921237 -332.31879913 -332.19116414 -332.15424655 -332.14051735 -331.79870268 -331.77887859 -331.65160507 -331.63316458] 
24:[-133.77780627 -133.77666953 -133.7736875  -133.76753695 -133.76285652 -133.76096023 -133.75785158 -133.74910272 -133.74536582 -133.73597082 -133.71504143 -133.70337903 -133.69640071 -133.68781522 -133.59855687 -133.47675831 -133.47013173 -133.46176382 -133.36615944 -133.26554533 -133.03047293 -133.02288227 -132.96407488 -132.96405884 -132.89022404] 
RANKING VECTORS IDX
0:[ 0.  9.  1. 13.  8. 10. 16. 18.  2. 24. 17. 14. 23. 20. 15. 22. 12. 21.  5. 11.  3. 19.  6.  4.  7.] 
1:[ 1.  9. 11. 19.  6.  8. 22. 16.  2. 14.  0. 21. 17. 18.  5. 10. 23. 12.  3. 15. 20. 13. 24.  4.  7.] 
2:[14.  2. 10. 17. 24.  8. 16.  1.  9. 11. 21. 18.  0. 12. 22. 23.  3. 20.  5. 13. 19. 15.  6.  7.  4.] 
3:[ 3.  5. 23. 22. 17.  0.  8. 16. 24. 13. 21. 18. 15. 14.  2.  6. 19. 20.  7.  4. 10.  9. 11.  1. 12.] 
4:[15.  8. 23.  7.  6. 11. 21. 19. 20.  4. 18. 16. 13.  5. 10.  0.  1.  9. 12.  3. 22. 17. 14.  2. 24.] 
5:[21. 15. 20.  5. 11. 16.  8.  0. 17. 24. 10. 13. 18. 23. 12. 22.  1.  9. 14.  2. 19.  6.  3.  4.  7.] 
6:[ 5.  8. 16.  0.  9.  6. 19.  1. 15. 20. 21. 23.  3. 18. 11. 22. 24. 17. 12.  7.  4. 13. 10.  2. 14.] 
7:[ 7.  4. 23. 19. 16.  6.  2. 14. 22.  3. 21.  1.  5. 18. 11. 13.  8. 15. 20.  0.  9. 10. 24. 17. 12.] 
8:[ 8. 18.  0.  3. 19.  6.  9.  1. 21. 22. 20. 12. 16.  2. 14. 13. 10. 23. 11. 15. 24. 17.  5.  7.  4.] 
9:[ 9.  1. 18. 19.  6.  8. 16.  0. 14.  2. 17. 24. 21. 10. 13. 12.  3. 23. 20.  5. 15.  4.  7. 22. 11.] 
10:[10. 13.  8. 11.  0. 18. 17. 24.  2. 22. 14. 21. 20.  5. 12. 15. 23.  3. 16.  1.  9. 19.  6.  7.  4.] 
11:[16.  8. 11. 18. 12. 10.  1.  5. 21. 15.  9. 13.  0.  6. 20. 19.  2. 17. 24. 23. 22. 14.  7.  4.  3.] 
12:[ 8.  0. 12. 10. 18. 11. 13.  1.  9.  5. 22. 24. 17. 20. 15. 14. 16.  2. 21. 23.  3. 19.  6.  4.  7.] 
13:[18. 11. 13. 24. 17. 22.  2. 14. 23. 20.  5. 21.  8.  0.  3. 10.  1.  9. 12. 15. 16.  4.  7. 19.  6.] 
14:[14. 17.  9.  1.  2. 24.  0.  8. 10. 22. 18. 21. 13. 23.  3. 16.  5. 19. 20. 15.  6. 12.  4.  7. 11.] 
15:[21. 20. 15. 11. 18.  5.  8. 16.  0. 22.  3.  6. 19. 10.  1. 13. 12.  9. 23. 24. 17.  2. 14.  4.  7.] 
16:[19.  6. 16. 15. 20. 18. 11. 22.  8. 10. 21.  3. 12.  0.  9. 17. 24.  1.  5. 13. 23.  2. 14.  4.  7.] 
17:[17. 24.  2. 23. 12. 21. 15. 20. 10. 18. 16.  9.  5.  8. 22. 11.  6.  1. 19. 13.  0.  3.  7.  4. 14.] 
18:[18. 11. 17. 24. 10.  8. 13. 20.  9.  5.  1. 22.  0. 21. 14. 23.  3. 12. 15. 16.  2. 19.  6.  4.  7.] 
19:[19.  6. 16.  8. 21. 15. 20. 11. 22. 18.  3.  5.  0.  1. 10. 23. 12. 17. 24.  9. 13.  4.  7. 14.  2.] 
20:[21. 20. 15. 11. 18.  5.  8. 16.  0. 22.  3.  6. 19. 10.  1. 13. 12.  9. 23. 24. 17.  2. 14.  4.  7.] 
21:[21. 15. 19.  6. 23. 16. 17. 24. 20. 11. 18.  8.  5.  0. 22. 10.  3.  9.  1. 12. 13. 14.  4.  7.  2.] 
22:[22.  5.  3. 16.  8. 23.  2. 13. 21. 14. 17. 24.  0. 15. 20. 18. 11. 10. 19.  6.  4.  7.  9.  1. 12.] 
23:[23.  1.  9. 22.  3.  8.  5. 16. 11. 14.  2. 10. 24. 18. 12.  0. 21. 15. 17. 20. 13.  6. 19.  7.  4.] 
24:[ 0. 11. 18.  8. 24. 17. 22.  5. 21. 16. 20. 23.  3. 13.  1.  2.  9. 14. 10. 15.  4.  7.  6. 19. 12.] 
POSCARS
EA153   7.562  2.949  2.949 60.00 101.10 101.10 Sym.group:  166
1.0
   7.5599660000000002   -0.1381710000000000   -0.0767490000000000
  -0.5143600000000000    2.9037899999999999    0.0420390000000000
  -0.5167220000000000    1.3689100000000001    2.5605889999999998
P C
4 2
direct
   0.0522110000000000    0.7552830000000000    0.9768540000000000 P
   0.4362060000000000    0.5499000000000001    0.7712340000000000 P
   0.2205550000000000    0.1436890000000000    0.3651540000000000 P
   0.8365570000000000    0.3490680000000000    0.5707700000000000 P
   0.5365930000000000    0.9161859999999999    0.1375190000000000 C
   0.7361700000000000    0.9827820000000000    0.2044840000000000 C
EA179   2.453  2.453  8.479 98.27 98.29 61.12 Sym.group:  166
1.0
   2.4531660000000000   -0.0031120000000000   -0.0240100000000000
   1.1876730000000000    2.1467040000000002   -0.0002580000000000
  -1.1420079999999999   -0.7602080000000000    8.3673110000000008
C S
4 2
direct
   0.5808790000000000    0.3100860000000000    0.6524070000000000 C
   0.6418920000000000    0.3693340000000000    0.8333270000000000 C
   0.8957560000000000    0.6252870000000000    0.5944250000000000 C
   0.3270010000000000    0.0541450000000000    0.8913090000000000 C
   0.8249510000000000    0.5554720000000000    0.3816380000000000 S
   0.3974250000000000    0.1242700000000000    0.1040960000000000 S
EA108   2.865  6.384  2.865 77.04 90.02 102.96 Sym.group:  141
1.0
   2.8651409999999999   -0.0140380000000000    0.0102970000000000
  -1.4012990000000001    6.2277870000000002    0.0105780000000000
  -0.0078370000000000    0.6522010000000000    2.7899259999999999
B S
4 2
direct
   0.7052840000000000    0.7688390000000001    0.2056640000000000 B
   0.0229090000000000    0.4040580000000000    0.8877950000000000 B
   0.9548870000000000    0.2688600000000000    0.4551430000000000 B
   0.2726950000000000    0.9040820000000001    0.1370120000000000 B
   0.6139720000000000    0.5864460000000000    0.7967590000000000 S
   0.3638460000000000    0.0864740000000000    0.5459480000000000 S
EA119   2.503  2.508  3.672 90.06 90.09 90.31 Sym.group:  123
1.0
   2.5000599999999999    0.1120280000000000    0.0081620000000000
  -0.1259160000000000    2.5045850000000001    0.0049610000000000
  -0.0170730000000000   -0.0119300000000000    3.6721200000000001
O Na
2 1
direct
   0.0549750000000000    0.9411570000000000    0.9987670000000000 O
   0.0544740000000000    0.9405850000000000    0.3468100000000000 O
   0.5547620000000000    0.4406430000000000    0.6725710000000000 Na
EA87    3.259  3.262  4.800 90.00 90.00 90.02 Sym.group:  216
1.0
   3.2589910000000000    0.0060430000000000    0.0105240000000000
  -0.0072080000000000    3.2618909999999999   -0.0027240000000000
  -0.0153590000000000    0.0038780000000000    4.7995640000000002
Be Si
4 2
direct
   0.9953040000000000    0.5055120000000000    0.7497310000000000 Be
   0.4953100000000000    0.0055240000000000    0.2497090000000000 Be
   0.9953700000000000    0.0055030000000000    0.9996100000000000 Be
   0.4953940000000000    0.5054820000000000    0.4996110000000000 Be
   0.9954280000000000    0.5055390000000000    0.2494980000000000 Si
   0.4953990000000000    0.0055100000000000    0.7495370000000000 Si
EA1     4.609  4.605  4.613 81.95 115.50 64.57 Sym.group:  140
1.0
   4.6087049999999996   -0.0009520000000000    0.0024770000000000
   1.9783750000000000    4.1581000000000001    0.0026510000000000
  -1.9877880000000001    1.6585820000000000    3.8181150000000001
Al P
4 2
direct
   0.4995570000000000    0.5818840000000000    0.2633290000000000 Al
   0.4995940000000000    0.2358550000000000    0.9059890000000000 Al
   0.8512700000000000    0.7324320000000000    0.7610730000000000 Al
   0.1479010000000000    0.0841680000000000    0.4093770000000000 Al
   0.9963220000000000    0.6602280000000000    0.3333340000000000 P
   0.0028990000000000    0.1569450000000000    0.8366150000000000 P
EA11    3.954  3.949  2.137 90.00 90.00 119.91 Sym.group:  191
1.0
   3.9536419999999999   -0.0050200000000000    0.0025890000000000
  -1.9646290000000000    3.4252150000000001   -0.0010560000000000
  -0.0014310000000000   -0.0000350000000000    2.1366869999999998
Na B
2 1
direct
   0.3191000000000000    0.6585060000000000    0.8244250000000000 Na
   0.6521230000000000    0.3251110000000000    0.8271440000000000 Na
   0.9856290000000000    0.9918160000000000    0.3264240000000000 B
EA101   4.973  2.881  2.881 60.02 106.83 90.00 Sym.group:  216
1.0
   4.9729789999999996   -0.0128860000000000    0.0208210000000000
   0.0075870000000000    2.8809380000000000    0.0193110000000000
  -0.8402300000000000    1.4257979999999999    2.3580739999999998
B Be
4 2
direct
   0.1339030000000000    0.0910250000000000    0.3194680000000000 B
   0.0083030000000000    0.4663170000000000    0.5689680000000000 B
   0.6339060000000000    0.5917030000000000    0.3190760000000000 B
   0.5083040000000000    0.9668330000000001    0.5686690000000000 B
   0.2576600000000000    0.7162290000000000    0.0688290000000000 Be
   0.7576600000000000    0.2170040000000000    0.0683800000000000 Be
EA187   3.082  3.082  9.121 89.70 90.32 119.90 Sym.group:  164
1.0
   3.0824129999999998   -0.0002510000000000    0.0005820000000000
  -1.5362089999999999    2.6721729999999999   -0.0010000000000000
  -0.0528140000000000    0.0274400000000000    9.1204630000000009
P Cl
4 2
direct
   0.8061410000000000    0.6942350000000000    0.0317620000000000 P
   0.8004390000000000    0.6990300000000000    0.6080470000000000 P
   0.4687040000000000    0.0309960000000000    0.7374540000000001 P
   0.1378910000000000    0.3622820000000000    0.9023550000000000 P
   0.4727790000000000    0.0274150000000000    0.2096270000000000 Cl
   0.1328110000000000    0.3649650000000000    0.4301780000000000 Cl
EA117   2.441  6.940  2.439 89.93 60.03 89.99 Sym.group:  164
1.0
   2.4405880000000000   -0.0032440000000000    0.0317050000000000
   0.0102660000000000    6.9404120000000002   -0.0051650000000000
   1.1909360000000000    0.0028260000000000    2.1287370000000001
C F
4 2
direct
   0.0209080000000000    0.8044960000000000    0.7718980000000000 C
   0.6883740000000000    0.0914460000000000    0.4366490000000000 C
   0.3551190000000000    0.1622560000000000    0.1031540000000000 C
   0.6877950000000000    0.8753150000000000    0.4382620000000000 C
   0.3542960000000000    0.3551080000000000    0.1038270000000000 F
   0.0194920000000000    0.6116549999999999    0.7733680000000001 F
EA401   2.618  2.618  9.952 82.49 89.99 119.99 Sym.group:  166
1.0
   1.3094520000000001   -2.2668180000000002   -0.0125980000000000
   1.3085249999999999    2.2669410000000001    0.0141830000000000
   1.2962110000000000    0.6923120000000000    9.8430269999999993
Al O
4 2
direct
   0.5997220000000000    0.8680920000000000    0.0466240000000000 Al
   0.8373969999999999    0.3370320000000000    0.3331320000000000 Al
   0.0729280000000000    0.8148460000000000    0.6196430000000001 Al
   0.3359670000000000    0.3430230000000000    0.8331340000000000 Al
   0.1372780000000000    0.9375300000000000    0.4331060000000000 O
   0.5374660000000000    0.7367540000000000    0.2331520000000000 O
EA51    2.188  2.188  5.972 90.22 89.67 119.93 Sym.group:  164
1.0
   2.1879900000000001   -0.0076470000000000    0.0018420000000000
  -1.0849240000000000    1.8999870000000001   -0.0015950000000000
   0.0292190000000000   -0.0049000000000000    5.9719040000000003
Be Na
2 1
direct
   0.6642650000000000    0.6673140000000000    0.1995130000000000 Be
   0.9937110000000000    0.3343270000000000    0.4673260000000000 Be
   0.3320110000000000    0.0014090000000000    0.8331960000000000 Na
EA330  11.415  2.522  2.522 60.02 89.97 90.02 Sym.group:  187
1.0
  11.4146859999999997   -0.0000130000000000   -0.0038610000000000
  -0.0003210000000000    1.2623780000000000    2.1833990000000001
   0.0022490000000000   -1.2603400000000000    2.1845170000000000
Al F
4 2
direct
   0.2933500000000000    0.3053070000000000    0.9160239999999999 Al
   0.7933570000000000    0.9790680000000000    0.5791240000000000 Al
   0.6031290000000000    0.3097230000000000    0.9165300000000000 Al
   0.9835810000000000    0.3149590000000000    0.9101900000000001 Al
   0.1388780000000000    0.3012400000000000    0.9157350000000000 F
   0.4478170000000000    0.3102180000000000    0.9110590000000000 F
EA249   2.946  8.359  2.946 89.90 90.00 90.00 Sym.group:  137
1.0
   2.9458820000000001    0.0006500000000000   -0.0004470000000000
  -0.0012380000000000    8.3589470000000006   -0.0185290000000000
   0.0004390000000000    0.0116050000000000    2.9458139999999999
Cl Be
4 2
direct
   0.9966600000000000    0.1938790000000000    0.4175250000000000 Cl
   0.4936380000000000    0.4696000000000000    0.9173249999999999 Cl
   0.4968560000000000    0.9695930000000000    0.9177710000000000 Cl
   0.9937290000000000    0.6938590000000000    0.4142680000000000 Cl
   0.9971340000000000    0.8317510000000000    0.9130120000000000 Be
   0.4967950000000000    0.3317620000000000    0.4183360000000000 Be
EA145   5.959  2.427  2.427 89.86 78.32 78.32 Sym.group:  141
1.0
   5.9586899999999998   -0.0047310000000000   -0.0069140000000000
   0.4931810000000000    2.3764759999999998   -0.0035760000000000
   0.4939800000000000   -0.0929830000000000    2.3744980000000000
C B
4 2
direct
   0.9645359999999999    0.7461320000000000    0.6428100000000000 C
   0.6036820000000001    0.4260490000000000    0.3227530000000000 C
   0.1036820000000000    0.6751250000000000    0.0736340000000000 C
   0.4645370000000000    0.9952240000000000    0.3937210000000000 C
   0.2841100000000000    0.0862570000000000    0.9825610000000000 B
   0.7841080000000000    0.3350040000000000    0.7339070000000000 B
EA150   4.299  4.300  4.777 63.32 63.31 60.05 Sym.group:  155
1.0
   4.2992970000000001    0.0083500000000000    0.0025360000000000
   2.1394660000000001    3.7301720000000000    0.0004900000000000
   2.1403390000000000    1.2443050000000000    4.0848040000000001
Al Li
4 2
direct
   0.0352760000000000    0.8617240000000000    0.2463610000000000 Al
   0.2049710000000000    0.3628750000000000    0.7476520000000000 Al
   0.5338050000000000    0.6920080000000000    0.7445090000000000 Al
   0.8613170000000000    0.0355760000000000    0.7463109999999999 Al
   0.7021670000000000    0.5312610000000000    0.2403010000000000 Li
   0.3658670000000000    0.1950160000000000    0.2514690000000000 Li
EA108   4.417  3.424  3.436 60.13 90.24 90.01 Sym.group:  164
1.0
   4.4142180000000000    0.0061850000000000    0.1652410000000000
  -0.0053740000000000    3.4236659999999999   -0.0005000000000000
  -0.1283580000000000    1.7117739999999999    2.9767969999999999
Li Be
4 2
direct
   0.5640970000000000    0.5892970000000000    0.4930420000000000 Li
   0.3918010000000000    0.9224880000000000    0.8266970000000000 Li
   0.9330820000000000    0.9232020000000000    0.8252840000000000 Li
   0.7607420000000000    0.2563880000000000    0.1589370000000000 Li
   0.2296500000000000    0.2560660000000000    0.1595500000000000 Be
   0.0951640000000000    0.5896230000000000    0.4924290000000000 Be
EA106   4.415  4.414  4.701 117.97 117.99 90.01 Sym.group:  141
1.0
   4.4145009999999996    0.0022120000000000    0.0030450000000000
  -0.0027590000000000    4.4144530000000000    0.0072210000000000
  -2.2077840000000002   -2.2116579999999999    3.5116510000000001
Si P
4 2
direct
   0.7500920000000000    0.7541580000000000    0.3414340000000000 Si
   0.1603350000000000    0.6639090000000000    0.1617590000000000 Si
   0.4998990000000000    0.0039160000000000    0.8413160000000000 Si
   0.4103150000000000    0.4143130000000000    0.6618690000000000 Si
   0.8302070000000000    0.3341850000000000    0.5015340000000000 P
   0.0800380000000000    0.0839050000000000    0.0016570000000000 P
EA157   2.728  2.719  4.467 89.53 90.60 119.78 Sym.group:  164
1.0
   2.7274699999999998   -0.0184590000000000    0.0064640000000000
  -1.3344790000000000    2.3693059999999999   -0.0056770000000000
  -0.0573660000000000    0.0208810000000000    4.4667599999999998
Mg H
2 1
direct
   0.0559830000000000    0.0479370000000000    0.1694330000000000 Mg
   0.3925780000000000    0.7182539999999999    0.6941120000000000 Mg
   0.7268520000000001    0.3826200000000000    0.4296680000000000 H
EA252   4.198  7.226  2.441 89.77 90.06 90.00 Sym.group:  191
1.0
   4.1975160000000002    0.0011000000000000    0.0108280000000000
  -0.0013600000000000    7.2257720000000001   -0.0844990000000000
  -0.0088560000000000    0.0381900000000000    2.4402159999999999
Na Si
4 2
direct
   0.9980000000000000    0.3338990000000000    0.6718290000000000 Na
   0.4977330000000000    0.1658450000000000    0.6718220000000000 Na
   0.4979320000000000    0.8335250000000000    0.6717680000000000 Na
   0.9980670000000000    0.6659350000000001    0.6723510000000000 Na
   0.9978240000000000    0.9998130000000000    0.1707730000000000 Si
   0.4980160000000000    0.4996880000000000    0.1715450000000000 Si
EA23    4.293  4.107  4.294 89.93 119.97 90.10 Sym.group:  189
1.0
   4.2924189999999998   -0.0536670000000000   -0.0167830000000000
   0.0445790000000000    4.1070209999999996    0.0320740000000000
  -2.1305779999999999   -0.0006050000000000    3.7285960000000000
Al Li
4 2
direct
   0.2508240000000000    0.8334220000000000    0.7486340000000000 Al
   0.5900240000000000    0.3344200000000000    0.7492420000000000 Al
   0.9145340000000000    0.3335130000000000    0.4113040000000000 Al
   0.2524320000000000    0.3323990000000000    0.0870530000000000 Al
   0.9177390000000000    0.8335550000000000    0.0821670000000000 Li
   0.5844440000000000    0.8333300000000000    0.4152850000000000 Li
EA121   2.727  2.727  4.497 72.63 107.38 90.67 Sym.group:  139
1.0
   2.7272989999999999   -0.0087960000000000    0.0246410000000000
  -0.0229080000000000    2.7272449999999999   -0.0241560000000000
  -1.3754100000000000    1.3673850000000001    4.0576129999999999
Li Mg
2 1
direct
   0.7904340000000000    0.1142240000000000    0.5781220000000000 Li
   0.4322150000000000    0.4724260000000000    0.8532700000000000 Li
   0.1115440000000000    0.7930310000000000    0.2157290000000000 Mg
EA106   4.663  3.763  2.732 89.99 89.90 112.24 Sym.group:  166
1.0
   4.6628059999999998   -0.0151620000000000   -0.0081960000000000
  -1.4129769999999999    3.4880059999999999    0.0017240000000000
   0.0096680000000000    0.0031580000000000    2.7321949999999999
N Al
4 2
direct
   0.3976640000000000    0.0397100000000000    0.2545230000000000 N
   0.8976790000000000    0.5396620000000000    0.7542400000000000 N
   0.2721460000000000    0.2984130000000000    0.2554230000000000 N
   0.7721260000000000    0.7984450000000000    0.7551320000000000 N
   0.8349040000000000    0.1690540000000000    0.2546890000000000 Al
   0.3349030000000000    0.6690630000000000    0.7549700000000000 Al
EA41    2.852  2.837  2.849 86.10 86.12 93.92 Sym.group:  160
1.0
   2.8520029999999998   -0.0015010000000000    0.0217260000000000
  -0.1924640000000000    2.8307199999999999   -0.0134330000000000
   0.1711230000000000    0.2194400000000000    2.8358140000000001
N O
2 1
direct
   0.1152700000000000    0.7649350000000000    0.0272890000000000 N
   0.8701680000000001    0.5211730000000000    0.2720110000000000 N
   0.6148169999999999    0.2663370000000000    0.5271880000000000 O
EA4     3.296  4.024  3.296 65.85 90.02 65.90 Sym.group:  141
1.0
   3.2959679999999998    0.0185800000000000   -0.0063580000000000
   1.6226280000000000    3.6818979999999999    0.0319420000000000
  -0.0035490000000000    1.4496860000000000    2.9604219999999999
Li H
4 2
direct
   0.6219140000000000    0.7399070000000000    0.8894550000000000 Li
   0.3527640000000000    0.2831200000000000    0.1175150000000000 Li
   0.8737030000000000    0.2399410000000000    0.6389480000000000 Li
   0.1011800000000000    0.7830830000000000    0.3681000000000000 Li
   0.1108790000000000    0.7615320000000000    0.8790090000000000 H
   0.8642430000000000    0.2615140000000000    0.1279720000000000 H
