NUMBER OF TEMPLATES 25
COMPOSITION A 1 B
pairs , SPACEGROUPS 
[Na Si] , 123 
[H Si] , 191 
[C P] , 164 
[Li O] , 187 
[H Na] , 225 
[Be Li] , 129 
[Li P] , 123 
[B P] , 216 
[S Si] , 166 
[Cl Na] , 225 
[F P] , 129 
[Be F] , 119 
[Al B] , 156 
[H Li] , 225 
[C S] , 164 
[B C] , 139 
[Li Mg] , 123 
[Al F] , 191 
[Al P] , 194 
[Mg N] , 187 
[F Si] , 191 
[H Si] , 123 
[Na S] , 123 
[Li N] , 139 
[Mg O] , 225 
RANKING VECTORS ENTHALPIES
0:[-674.52836178 -674.52725541 -674.51883309 -674.51882454 -674.43784995 -674.34647173 -674.33838775 -674.28036336 -674.18372512 -674.09524379 -674.05099729 -674.02214886 -673.93832155 -673.93825297 -673.92227693 -673.87602632 -673.48794469 -673.47590525 -673.40705871 -673.18313005 -672.96827775 -672.96389757 -672.96379092 -672.94630674 -671.29804793] 
1:[-62.49708792 -62.48794351 -62.47578354 -62.47427056 -62.46681771 -62.46457179 -62.43212598 -62.42531113 -62.39514944 -62.39514944 -62.37740209 -62.37089062 -62.36979742 -62.35372526 -62.34790136 -62.34353053 -62.29712072 -62.29454629 -62.28904428 -62.28561719 -62.26910646 -62.25825311 -62.25329966 -62.22233827 -62.13897042] 
2:[-172.82178607 -172.52733992 -172.41373787 -172.39125899 -172.33451609 -172.31737267 -172.31736452 -172.305065   -172.29138767 -172.28100326 -172.19579688 -172.19469975 -172.06062284 -172.01788503 -171.95696968 -171.55192582 -171.54127246 -171.54090371 -171.53499691 -171.48112473 -171.43976484 -171.18256856 -171.17706514 -171.17231722 -170.55053826] 
3:[-321.00449173 -321.00429075 -320.91599923 -320.84248178 -320.79263641 -320.79219327 -320.7903342  -320.7897556  -320.78279574 -320.69429345 -320.68570763 -320.60448594 -320.59418468 -320.57783857 -320.57559531 -320.57558816 -320.575511   -320.5753923  -320.33800401 -320.27602613 -319.88884686 -319.61980197 -319.56015171 -319.56012283 -319.55411889] 
4:[-626.95896352 -626.95895239 -626.95875631 -626.95370431 -626.95067465 -626.90049097 -626.90020374 -626.90002274 -626.89968904 -626.89926597 -626.89801683 -626.85016143 -626.84214916 -626.83923535 -626.66219533 -626.6087101  -626.4981476  -626.44612398 -626.42624496 -626.33228198 -626.28823594 -625.65846208 -625.65837619 -625.65772544 -625.56993626] 
5:[-284.92936437 -284.88823834 -284.8859612  -284.87710189 -284.87630519 -284.86572784 -284.85797911 -284.85514067 -284.80484773 -284.80253891 -284.79864668 -284.79311401 -284.78919393 -284.76446733 -284.75809275 -284.75556379 -284.68529979 -284.40629588 -284.25139353 -284.20389499 -284.11887966 -284.10638756 -284.10040824 -284.10038976 -282.55324078] 
6:[-189.19468711 -189.19388391 -189.19124137 -189.18690588 -188.91677617 -188.9142138  -188.66508353 -188.66268605 -188.62558632 -188.57587903 -188.54098974 -188.52510544 -188.40813705 -188.40738839 -188.2750174 -188.2698923  -188.2591253  -188.25911173 -188.24564908 -188.21946908 -188.1953994  -188.19531973 -188.17416378 -187.98588073 -186.97017198] 
7:[-131.31255775 -130.74634655 -130.73261277 -130.72219578 -130.70578992 -130.7022033  -130.70146907 -130.67705375 -130.67695926 -130.64641718 -130.64611367 -130.64456523 -130.54258916 -130.5270642  -130.44563142 -130.44552954 -130.42192595 -130.40450273 -130.2559555  -130.24997145 -130.02065216 -130.01971795 -130.01646249 -129.95021908 -129.81208929] 
8:[-203.41243439 -203.34285767 -203.29574886 -203.29384947 -203.27021636 -203.27020648 -203.26923839 -203.26585116 -203.26156158 -203.261345 -203.26007607 -203.2568669  -203.25490902 -203.25445577 -203.23557139 -203.08149876 -203.04730453 -203.04147177 -203.04139592 -203.03737448 -203.02070966 -203.01738431 -203.00274381 -202.70541966 -201.91833597] 
9:[-841.65208587 -841.65181454 -841.65171251 -841.65073401 -841.64803574 -841.5458183  -841.54574237 -841.54566506 -841.54460164 -841.54454604 -841.54257568 -841.51058811 -841.50988939 -841.43722164 -841.21836221 -840.92846701 -840.82512142 -840.8121037  -840.75144224 -840.31424627 -839.79485107 -839.79478934 -839.79444487 -839.49974882 -839.45597532] 
10:[-426.06556743 -426.05352912 -425.90215072 -425.74881625 -425.74840254 -425.74206943 -425.62979369 -425.59387996 -425.49084414 -425.45418477 -425.45400957 -425.45365921 -425.44972994 -425.44937057 -425.35541996 -425.3295501  -424.44885996 -424.44856765 -424.39546909 -424.38988639 -423.97931268 -423.97603983 -423.97538422 -423.97474308 -423.43077885] 
11:[-523.52463793 -523.46410359 -523.44045663 -523.38795569 -523.11725142 -523.00899424 -522.92240423 -522.91366499 -522.60847046 -522.57589239 -522.57375575 -522.57281243 -522.41139788 -522.41083318 -522.39116112 -522.16301988 -521.88999734 -521.88653692 -521.87249778 -521.86843564 -521.86843477 -521.76426359 -521.7639234  -521.7637898  -521.76360538] 
12:[-68.40540323 -68.30853017 -68.26869505 -68.26310036 -68.24039934 -68.15449543 -68.01547547 -67.98620959 -67.86089081 -67.85955952 -67.85842554 -67.8565736  -67.8506298  -67.84921631 -67.79948273 -67.71760399 -67.70684769 -67.68689514 -67.68675769 -67.45082891 -66.62146422 -66.62129238 -66.60899552 -66.54637507 -66.5206249 ] 
13:[-104.52305936 -104.52285825 -104.52285133 -104.52185266 -104.52057565 -104.52049635 -104.45580401 -104.4557728  -104.41489689 -104.33719314 -104.33625066 -104.33490408 -104.3319393  -104.32680454 -104.31640649 -104.28953422 -104.24808814 -104.20534143 -104.10740802 -103.98362091 -103.91132272 -103.19808602 -103.191748   -103.19170027 -103.13061766] 
14:[-228.33538186 -227.46078125 -227.42877755 -227.41814693 -227.39539769 -227.37140093 -227.36584711 -227.36584711 -227.25102496 -227.16856707 -227.0673821  -227.05154165 -227.0214247  -227.01801133 -227.0155494 -226.88566225 -226.88517839 -226.59875491 -226.58227523 -226.58197211 -226.52490684 -226.28346307 -226.27763166 -226.27748112 -225.81423533] 
15:[-119.79770711 -119.65743974 -119.61976523 -119.47870682 -119.36768936 -119.11429528 -118.88069027 -118.86908312 -118.86712519 -118.84165496 -118.84165106 -118.80074563 -118.79580563 -118.65356001 -118.33933762 -118.33722869 -118.15053064 -118.14026141 -118.09097757 -118.02767834 -118.02753189 -117.54023457 -117.24843402 -117.24530152 -117.23945935] 
16:[-901.54827982 -901.54413334 -901.54131758 -901.52413478 -901.47978483 -901.4679044  -901.39793856 -901.35706695 -901.35604312 -901.32891009 -901.31923446 -901.21238503 -901.18586097 -901.17919523 -901.15984651 -901.1598401  -901.15884404 -901.13475909 -901.10745317 -901.07393943 -901.06899326 -901.06892919 -900.84910163 -900.78116896 -899.86143847] 
17:[-364.23876135 -364.23843142 -364.23802846 -364.17127917 -364.13537568 -364.07916658 -364.06796505 -363.93085844 -363.80240616 -363.80213565 -363.60987079 -363.59386696 -363.17407963 -363.17353178 -363.17327994 -363.1728854  -362.85573918 -362.85189268 -362.80478903 -362.72528073 -362.64266407 -362.63741436 -362.61990009 -362.60386893 -362.16838497] 
18:[-121.74998379 -121.70626233 -121.70310834 -121.6750488  -121.67502562 -121.64174465 -121.60698165 -121.59949221 -121.59819073 -121.59344161 -121.50932855 -121.47499483 -121.47171191 -121.40137318 -121.37653614 -121.3185575  -121.31835644 -121.31311912 -121.31217814 -121.22503718 -121.16826407 -121.07307879 -121.01745327 -120.89977654 -120.46298415] 
19:[-946.25378227 -946.23359922 -946.02732193 -946.00282769 -946.00278322 -946.00247193 -946.00224191 -946.00210468 -945.99253406 -945.9629758 -945.91282075 -945.91236529 -945.9117461  -945.90715356 -945.90316807 -945.86738825 -945.57720918 -945.52620858 -944.98414465 -944.4718997 -944.04993884 -943.60494506 -943.60482652 -943.60248469 -943.59802765] 
20:[-389.87894334 -389.87885476 -389.8781304  -389.70936105 -389.70409577 -389.65997448 -389.65454864 -389.52707754 -389.43425696 -389.3618475 -389.29774687 -389.12850339 -389.0204958  -389.02042346 -389.01856237 -389.01849304 -388.99614382 -388.36043029 -388.08630299 -388.08456716 -387.90679468 -387.90578796 -387.90448523 -387.90447476 -387.41776246] 
21:[-62.49708792 -62.48794351 -62.47578354 -62.47427056 -62.46681771 -62.46457179 -62.43212598 -62.42531113 -62.39514944 -62.39514944 -62.37740209 -62.37089062 -62.36979742 -62.35372526 -62.34790136 -62.34353053 -62.29712072 -62.29454629 -62.28904428 -62.28561719 -62.26910646 -62.25825311 -62.25329966 -62.22233827 -62.13897042] 
22:[-767.90402286 -767.90367092 -767.90345114 -767.90290211 -767.60209356 -767.55900083 -767.55152882 -767.54928639 -767.43356072 -767.30822553 -767.30816827 -767.23717575 -767.06574586 -767.04306922 -767.04126779 -767.04115821 -766.80280673 -766.71665872 -766.70312467 -766.69624676 -766.69351442 -766.69252472 -766.57062961 -766.44672399 -765.56191832] 
23:[-237.17184506 -237.00136182 -237.00077914 -236.7707081  -236.66811787 -236.62284915 -236.47934971 -236.4565451  -236.45604002 -236.45471104 -236.45350946 -236.20627926 -235.91595197 -235.91302777 -235.78166607 -235.73629961 -235.69498922 -235.68845081 -235.68843551 -235.66539535 -235.42235793 -235.27645731 -235.27048599 -235.27041153 -234.74766486] 
24:[-1031.63857323 -1031.63820166 -1031.6378839  -1031.63721418 -1031.63669936 -1031.63377781 -1031.45571022 -1031.3263837 -1031.32042131 -1031.11829188 -1030.98850275 -1030.96549789 -1030.96549213 -1030.96408081 -1030.96379247 -1030.95738514 -1030.89388431 -1030.60940158 -1030.40951109 -1030.07780603 -1028.43111404 -1028.43101719 -1028.43087432 -1028.25284425 -1027.19551693] 
RANKING VECTORS IDX
0:[22. 16.  6.  0.  8.  5. 10. 18.  2. 11. 12. 14. 20. 17.  1. 21.  3. 19. 23. 15. 13.  4. 24.  9.  7.] 
1:[11.  8. 20. 17.  1. 23.  5. 14.  4. 24.  3. 15. 19.  9. 18. 12. 13.  6.  0. 22. 21.  2. 10. 16.  7.] 
2:[14. 12. 23.  2.  9.  4. 24.  7.  5. 13.  3. 19. 18. 15.  8. 21. 20. 17.  1. 11. 10. 16.  6. 22.  0.] 
3:[19.  3. 23. 11.  6.  0. 22. 16.  8.  2. 18.  9. 15. 10.  4. 24. 13.  5. 12. 14.  7. 21. 20. 17.  1.] 
4:[ 0. 16. 11.  6. 22. 10.  5. 13.  4. 24.  9. 19.  3. 18. 23. 12. 14.  8. 15.  7.  2. 20. 17.  1. 21.] 
5:[ 8. 10.  5. 18.  3.  2. 19. 12.  6.  0. 14. 16. 22. 20. 17.  1. 11. 21. 23. 15. 13.  9.  4. 24.  7.] 
6:[16. 22.  6.  0.  5. 10.  3. 19. 23.  8. 12. 18. 11.  2. 13. 21.  4. 24.  9. 15. 20. 17.  1. 14.  7.] 
7:[ 7.  2. 13. 12. 23.  4. 24.  3. 19. 11.  9.  8. 18. 14. 20. 17.  1.  5. 10. 21.  6. 16. 22. 15.  0.] 
8:[12. 23.  9.  8.  4. 24. 15. 18. 22.  3. 13. 16. 19.  6.  5.  2.  1. 20. 17. 11. 10. 21. 14.  0.  7.] 
9:[11.  6. 22. 16.  0. 13. 24.  4.  9. 10.  5. 19.  3. 18. 23. 12.  8.  2. 15.  7. 20. 17.  1. 21. 14.] 
10:[10. 14. 21. 20. 17.  1. 12. 11.  2.  0.  6.  8. 22. 16.  5. 23.  3. 19. 15. 18.  9. 24.  4. 13.  7.] 
11:[ 8. 12.  2. 11.  5. 23.  3. 19. 14.  1. 20. 17. 21. 10. 15.  7. 18.  9. 13.  4. 24.  0. 22.  6. 16.] 
12:[12.  8. 19.  3. 14. 23. 11. 18. 16.  0. 22.  5. 10.  6.  2.  9. 13.  4. 24. 15. 20. 17.  1. 21.  7.] 
13:[13. 10.  9.  5.  4. 24.  3. 19. 18. 22.  6. 16.  0. 12. 11. 14. 23.  7.  8. 15.  2.  1. 20. 17. 21.] 
14:[14.  9. 13.  5.  8. 23.  4. 24. 15.  2. 11. 12. 19.  3. 18. 21. 10.  1. 20. 17.  7. 16.  6. 22.  0.] 
15:[15. 14.  8.  7.  2. 12. 23. 10.  5.  4. 24.  9. 13. 18.  3. 19. 11. 20. 21. 17.  1.  0.  6. 16. 22.] 
16:[22.  6. 16.  0.  5. 10.  8. 19.  3. 18. 12.  2. 23. 13. 24.  4.  9. 14. 11.  1. 20. 17. 15. 21.  7.] 
17:[ 1. 20. 17.  8. 12. 11.  2.  5. 10. 21. 23. 14. 16. 22.  0.  6.  3. 19.  7. 18. 24. 13.  4.  9. 15.] 
18:[18. 13. 10.  4. 24.  9. 22. 16.  0.  6.  5.  3. 19. 23.  2. 20. 17.  1.  8. 11. 14. 12. 21.  7. 15.] 
19:[19.  3.  9.  4. 13. 10. 24.  5. 23. 18. 11. 16.  0.  6. 22.  8.  2. 15.  7. 12. 14. 20. 17.  1. 21.] 
20:[20. 17.  1. 14. 11. 10. 21.  8. 12.  2. 18.  5.  6.  0. 22. 16. 23. 15. 19.  3. 13.  9.  4. 24.  7.] 
21:[11.  8. 20. 17.  1. 23.  5. 14.  4. 24.  3. 15. 19.  9. 18. 12. 13.  6.  0. 22. 21.  2. 10. 16.  7.] 
22:[ 6. 16. 22.  0. 18. 19.  3. 23.  8. 10.  5.  2.  9. 13.  4. 24. 11. 12. 21. 20.  1. 17. 14. 15.  7.] 
23:[23. 19.  3.  8.  2. 15. 11.  0.  6. 16. 22. 18. 10.  5. 12. 14. 13.  4. 24.  9. 21.  1. 20. 17.  7.] 
24:[10.  5. 13.  4. 24.  9. 18. 19.  3. 12. 23.  0. 16. 11. 22.  6.  7.  8. 15.  2.  1. 20. 17. 21. 14.] 
POSCARS
EA51    4.796  2.354  4.879 90.01 119.41 90.00 Sym.group:  123
1.0
   4.7943530000000001    0.0034510000000000   -0.1058000000000000
  -0.0016520000000000    2.3544399999999999   -0.0011250000000000
  -2.3010370000000000   -0.0006120000000000    4.3019639999999999
Na Si
2 2
direct
   0.7457680000000000    0.7559950000000000    0.7465190000000000 Na
   0.2459260000000000    0.7541940000000000    0.7466760000000000 Na
   0.2460550000000000    0.2547740000000000    0.2466200000000000 Si
   0.7464430000000000    0.2548220000000000    0.2467900000000000 Si
EA52    3.213  2.318  2.318 120.00 89.99 90.01 Sym.group:  191
1.0
   3.2133159999999998    0.0024550000000000   -0.0044090000000000
  -0.0041960000000000    1.1843830000000000   -1.9923780000000000
   0.0022070000000000    1.1333370000000000    2.0218630000000002
H Si
1 1
direct
   0.3412390000000000    0.2445300000000000    0.9988190000000000 H
   0.8412180000000000    0.2504320000000000    0.0009270000000000 Si
EA18    2.822  2.833  4.690 90.32 90.23 60.73 Sym.group:  164
1.0
   1.4439240000000000   -2.4244420000000000    0.0032630000000000
   2.8324150000000001    0.0742730000000000   -0.0098110000000000
  -0.0105710000000000    0.0217840000000000    4.6904250000000003
C P
2 2
direct
   0.9990000000000000    0.9942210000000000    0.3454370000000000 C
   0.9988210000000000    0.9991910000000001    0.6608760000000000 C
   0.3326470000000000    0.3291990000000000    0.1795880000000000 P
   0.6651750000000000    0.6642130000000001    0.8267250000000000 P
EA5     2.791  2.792  3.569 89.82 89.86 60.04 Sym.group:  187
1.0
   1.4297830000000000    2.3968550000000000   -0.0448400000000000
  -1.3630290000000000    2.4357240000000000   -0.0493280000000000
  -0.0070970000000000    0.0812810000000000    3.5685330000000000
O Li
2 2
direct
   0.3330630000000000    0.0810250000000000    0.5309900000000000 O
   0.3322780000000000    0.0798410000000000    0.9545490000000000 O
   0.9994960000000001    0.7465440000000000    0.7427790000000000 Li
   0.6655300000000000    0.4143290000000000    0.2427620000000000 Li
EA9     2.754  2.763  3.898 89.91 90.24 90.00 Sym.group:  225
1.0
   2.7536130000000001    0.0003320000000000    0.0059160000000000
  -0.0002510000000000    2.7629459999999999   -0.0025380000000000
  -0.0248570000000000    0.0096260000000000    3.8976380000000002
H Na
2 2
direct
   0.3749810000000000    0.3733480000000000    0.1248950000000000 H
   0.8862890000000000    0.8732330000000000    0.6259860000000000 H
   0.8751960000000000    0.8737360000000000    0.1259200000000000 Na
   0.3859780000000000    0.3737420000000000    0.6251810000000000 Na
EA43    2.375  2.385  5.000 89.99 90.04 90.00 Sym.group:  129
1.0
   2.3750279999999999    0.0002990000000000    0.0165700000000000
  -0.0002360000000000    2.3852609999999999   -0.0065260000000000
  -0.0383010000000000    0.0145730000000000    4.9994470000000000
Be Li
2 2
direct
   0.0068570000000000    0.5065260000000000    0.6047220000000000 Be
   0.5064880000000000    0.0065580000000000    0.3984820000000000 Be
   0.0061030000000000    0.5066880000000000    0.1389080000000000 Li
   0.5072530000000000    0.0064070000000000    0.8642900000000000 Li
EA183   3.274  4.078  3.274 113.11 89.94 66.91 Sym.group:  123
1.0
   3.2736410000000000    0.0279210000000000    0.0009370000000000
   1.5674539999999999    3.7643650000000002   -0.0583620000000000
   0.0141150000000000   -1.3513850000000001    2.9816490000000000
Li P
2 2
direct
   0.5992670000000000    0.3271760000000000    0.0132770000000000 Li
   0.0992620000000000    0.3271960000000000    0.5133050000000000 Li
   0.3492850000000000    0.8271849999999999    0.7632910000000001 P
   0.8492810000000000    0.8271849999999999    0.2632960000000000 P
EA147   2.996  2.999  5.178 73.37 73.35 60.38 Sym.group:  216
1.0
   1.4932460000000001   -2.5971039999999999    0.0180820000000000
   2.9985070000000000    0.0145310000000000    0.0061030000000000
   1.4761340000000001   -0.8287470000000000    4.8930449999999999
B P
2 2
direct
   0.9908850000000000    0.6463530000000000    0.3190910000000000 B
   0.4906340000000000    0.1463590000000000    0.8190930000000000 B
   0.3659650000000000    0.0219840000000000    0.1948480000000000 P
   0.8657210000000000    0.5219900000000000    0.6948470000000000 P
EA237   3.077  3.077  6.387 103.80 103.81 60.08 Sym.group:  166
1.0
   1.5414200000000000    2.6636389999999999    0.0010510000000000
  -1.5398769999999999    2.6643400000000002   -0.0072570000000000
  -0.0179460000000000   -1.7529170000000001    6.1412370000000003
S Si
2 2
direct
   0.8843330000000000    0.1459110000000000    0.9263890000000000 S
   0.1010140000000000    0.3622070000000000    0.5762550000000000 S
   0.7013260000000000    0.9626040000000000    0.3776210000000000 Si
   0.2840180000000000    0.5455179999999999    0.1250220000000000 Si
EA11    3.320  3.330  3.323 60.43 119.70 119.61 Sym.group:  225
1.0
   3.3203900000000002    0.0230500000000000   -0.0013930000000000
  -1.6563500000000000    1.6711760000000000    2.3568050000000000
  -1.6336679999999999   -1.6770050000000001    2.3577640000000000
Cl Na
1 1
direct
   0.4963550000000000    0.5034310000000000    0.4894050000000000 Cl
   0.9965030000000000    0.0034120000000000    0.9897200000000000 Na
EA351   3.101  4.005  3.168 89.75 90.00 89.84 Sym.group:  129
1.0
   3.1013400000000000   -0.0014890000000000    0.0003730000000000
   0.0128550000000000    4.0047420000000002   -0.0016520000000000
  -0.0004820000000000    0.0152050000000000    3.1680720000000000
F P
2 2
direct
   0.7378749999999999    0.9171750000000000    0.2530480000000000 F
   0.2378290000000000    0.0927400000000000    0.7519990000000000 F
   0.7508330000000000    0.5162980000000000    0.2485800000000000 P
   0.2511700000000000    0.4936080000000000    0.7513919999999999 P
EA122   2.299  2.300  5.353 78.11 78.18 91.13 Sym.group:  119
1.0
   2.2980659999999999    0.0132250000000000    0.0445870000000000
  -0.0595190000000000    2.2991299999999999    0.0385930000000000
   0.9902910000000000    1.0422790000000000    5.1564310000000004
Be F
2 2
direct
   0.2011110000000000    0.6964960000000000    0.3515380000000000 Be
   0.5527060000000000    0.0476460000000000    0.6509460000000000 Be
   0.2936260000000000    0.2861760000000000    0.1689330000000000 F
   0.9633400000000000    0.9549150000000000    0.8336710000000001 F
EA162   2.786  5.246  2.786 89.97 60.01 89.97 Sym.group:  156
1.0
   2.7858489999999998    0.0005360000000000    0.0050360000000000
   0.0016580000000000    5.2455730000000003    0.0213140000000000
   1.3884850000000000   -0.0086630000000000    2.4157860000000002
Al B
2 2
direct
   0.6532000000000000    0.0453550000000000    0.6908510000000000 Al
   0.9858230000000000    0.4236990000000000    0.0255270000000000 Al
   0.9867130000000000    0.7988150000000001    0.0247820000000000 B
   0.3200040000000000    0.7423149999999999    0.3582820000000000 B
EA5     2.359  2.360  4.082 106.80 90.01 60.03 Sym.group:  225
1.0
   1.1935640000000001   -2.0350649999999999   -0.0041010000000000
   2.3600629999999998    0.0172160000000000    0.0214400000000000
  -1.2097329999999999   -0.7161810000000000    3.8327450000000001
H Li
2 2
direct
   0.6184950000000000    0.7575160000000000    0.3815790000000000 H
   0.1190320000000000    0.7566050000000000    0.8816970000000000 H
   0.8690400000000000    0.2571020000000000    0.6313450000000000 Li
   0.3686920000000000    0.2571480000000000    0.1312920000000000 Li
EA234   2.476  6.391  2.456 90.00 60.28 89.97 Sym.group:  164
1.0
   2.4750260000000002   -0.0062980000000000    0.0572400000000000
   0.0189790000000000    6.3906120000000000    0.0264730000000000
   1.1678649999999999   -0.0125390000000000    2.1603850000000002
C S
2 2
direct
   0.5648450000000000    0.5029420000000000    0.8426000000000000 C
   0.2307140000000000    0.4300220000000000    0.5095570000000000 C
   0.2308010000000000    0.1483580000000000    0.5094280000000000 S
   0.5649220000000000    0.7846050000000000    0.8424650000000000 S
EA1     3.706  2.687  2.687 89.98 68.77 111.23 Sym.group:  139
1.0
   3.7063630000000001   -0.0127100000000000    0.0119180000000000
  -0.9640260000000000    2.5075820000000002   -0.0154630000000000
   0.9661270000000000    0.3877260000000000    2.4767039999999998
C B
2 2
direct
   0.2250170000000000    0.1202560000000000    0.8870150000000000 C
   0.7720690000000000    0.8942380000000000    0.1136900000000000 C
   0.4985170000000000    0.2574860000000000    0.2503560000000000 B
   0.4985700000000000    0.7570080000000000    0.7503500000000000 B
EA7     3.625  3.625  3.332 90.00 90.00 90.00 Sym.group:  123
1.0
   3.6252330000000001   -0.0011210000000000    0.0003220000000000
   0.0011950000000000    3.6252190000000000    0.0016460000000000
  -0.0002880000000000   -0.0015150000000000    3.3316040000000000
Mg Li
2 2
direct
   0.6201150000000000    0.6232880000000000    0.6368300000000000 Mg
   0.1202830000000000    0.1232430000000000    0.6365030000000000 Mg
   0.1199110000000000    0.6231380000000000    0.1366970000000000 Li
   0.6202810000000000    0.1232470000000000    0.1366900000000000 Li
EA38    2.493  4.344  3.535 90.06 90.01 89.98 Sym.group:  191
1.0
   2.4929779999999999    0.0120400000000000    0.0011120000000000
  -0.0193490000000000    4.3433999999999999    0.0228970000000000
  -0.0021150000000000   -0.0226460000000000    3.5351050000000002
Al F
2 2
direct
   0.1352800000000000    0.3769140000000000    0.3730740000000000 Al
   0.6352830000000000    0.8769150000000000    0.3735150000000000 Al
   0.6350260000000000    0.8773110000000000    0.8734630000000000 F
   0.1346930000000000    0.3773080000000000    0.8731260000000000 F
EA40    3.302  3.304  5.255 90.00 90.00 119.97 Sym.group:  194
1.0
   3.3019690000000002    0.0002330000000000   -0.0010690000000000
  -1.6505240000000001    2.8620000000000001   -0.0003000000000000
   0.0014970000000000    0.0013480000000000    5.2548159999999999
Al P
2 2
direct
   0.9987549999999999    0.0054590000000000    0.9985550000000000 Al
   0.9988020000000000    0.0054790000000000    0.4985540000000000 Al
   0.6655219999999999    0.3390830000000000    0.7485600000000000 P
   0.3320310000000000    0.6718530000000000    0.2485520000000000 P
EA111   3.064  3.065  4.052 89.99 90.03 60.00 Sym.group:  187
1.0
   3.0644469999999999    0.0054710000000000    0.0071540000000000
   1.5274850000000000    2.6566920000000001   -0.0020150000000000
  -0.0114100000000000    0.0102490000000000    4.0519959999999999
N Mg
2 2
direct
   0.9948500000000000    0.0043460000000000    0.8350550000000000 N
   0.9939829999999999    0.0049470000000000    0.3959230000000000 N
   0.3279030000000000    0.3378790000000000    0.1154070000000000 Mg
   0.6611650000000000    0.6712720000000000    0.6155530000000000 Mg
EA121   2.396  2.396  7.158 90.00 89.95 120.00 Sym.group:  191
1.0
   2.3963960000000002   -0.0031500000000000    0.0044340000000000
  -1.1953890000000000    2.0769579999999999    0.0003370000000000
  -0.0075610000000000   -0.0050310000000000    7.1579179999999996
F Si
2 2
direct
   0.2383830000000000    0.2455900000000000    0.2484410000000000 F
   0.2359420000000000    0.2482310000000000    0.7484380000000000 F
   0.2369940000000000    0.2440530000000000    0.9984350000000000 Si
   0.2372740000000000    0.2445330000000000    0.4984360000000000 Si
EA102   2.273  2.273  3.114 89.90 90.05 89.41 Sym.group:  123
1.0
   2.2733240000000001    0.0070960000000000    0.0007800000000000
   0.0162690000000000    2.2732549999999998   -0.0015950000000000
  -0.0039550000000000    0.0079020000000000    3.1143250000000000
H Si
1 1
direct
   0.9982839999999999    0.9926500000000000    0.4958050000000000 H
   0.0220810000000000    0.9761200000000000    0.9958360000000001 Si
EA120   2.598  2.598  7.015 89.99 90.00 90.12 Sym.group:  123
1.0
   2.5977730000000001    0.0045990000000000    0.0007530000000000
  -0.0099900000000000    2.5976319999999999   -0.0048070000000000
  -0.0022590000000000    0.0136650000000000    7.0149210000000002
Na S
2 2
direct
   0.2562920000000000    0.7504700000000000    0.2723070000000000 Na
   0.2587670000000000    0.7522600000000000    0.7722890000000000 Na
   0.7580800000000000    0.2533620000000000    0.0222570000000000 S
   0.7573110000000000    0.2499810000000000    0.5222440000000000 S
EA114   2.546  2.586  4.018 108.38 72.25 89.09 Sym.group:  139
1.0
   2.5375939999999999   -0.1679290000000000    0.1117830000000000
   0.2128880000000000    2.5775969999999999   -0.0226080000000000
   0.9802280000000000   -1.3202320000000001    3.6662240000000001
N Li
2 2
direct
   0.1015080000000000    0.9211620000000000    0.8257960000000000 N
   0.9305960000000000    0.0943010000000000    0.1707700000000000 N
   0.6756560000000000    0.3464750000000000    0.6766320000000000 Li
   0.3564550000000000    0.6689889999999999    0.3199300000000000 Li
EA23    2.797  2.797  2.797 60.00 120.00 90.00 Sym.group:  225
1.0
   2.7970839999999999   -0.0019080000000000   -0.0005040000000000
   0.0019740000000000    2.7972070000000002    0.0004340000000000
  -1.3971169999999999    1.3991499999999999    1.9785990000000000
O Mg
1 1
direct
   0.6095090000000000    0.4019480000000000    0.1968680000000000 O
   0.1094800000000000    0.9018730000000000    0.1968580000000000 Mg
