NUMBER OF TEMPLATES 20
COMPOSITION A 3 B
pairs , SPACEGROUPS 
[N Al] , 123 
[O Be] , 187 
[Al Mg] , 221 
[C P] , 164 
[Cl Al] , 148 
[Al F] , 166 
[Li Mg] , 123 
[S H] , 107 
[Li N] , 194 
[Mg S] , 148 
[Li Cl] , 160 
[Na Cl] , 123 
[Mg H] , 155 
[Li F] , 160 
[Li Si] , 225 
[Al Na] , 123 
[Na P] , 225 
[C F] , 166 
[Al Be] , 123 
[Li H] , 162 
RANKING VECTORS ENTHALPIES
0:[-224.75540966 -224.6997954  -224.3298202  -224.07340495 -224.00381455 -223.85750571 -223.57593769 -223.56953484 -223.5442562  -223.4982358 -223.43185721 -223.38566623 -223.29762356 -223.17858164 -223.08850258 -223.06765853 -223.04946013 -222.90777413 -222.90437406 -222.78895865] 
1:[-429.27289557 -429.2343124  -428.74325171 -428.64070853 -428.57888167 -428.52013128 -428.51434017 -428.48120818 -428.44935416 -428.39183449 -428.3679554  -428.10903348 -428.10735609 -428.0983598  -427.90298578 -427.69087715 -427.61399476 -427.61071627 -427.38816135 -427.20864591] 
2:[-446.68962113 -446.6749006  -446.66176459 -446.65962715 -446.61281608 -446.57131811 -446.56391118 -446.55609224 -446.51751104 -446.46902579 -446.27293466 -446.24279973 -446.11312608 -446.0874245  -446.01169548 -445.9034619  -445.90202937 -445.55764891 -445.03313198 -444.25895227] 
3:[-167.43594421 -167.40628769 -166.93043837 -166.86015699 -166.6805839 -166.50548727 -166.41572292 -166.36767906 -165.83747384 -165.81475734 -165.64088879 -165.60555258 -165.1367091  -164.76414616 -164.75665208 -164.73657175 -164.4194106  -164.41623077 -164.40778759 -164.08638766] 
4:[-346.69797686 -346.69314406 -346.67579772 -346.60053141 -346.06162471 -346.03385383 -345.84470356 -345.84266328 -345.80266247 -345.79679239 -345.7608434  -345.75798391 -345.72574965 -345.64626813 -345.35119322 -345.30987878 -345.18479642 -345.09007464 -345.00452948 -344.99073468] 
5:[-211.22397339 -211.19820439 -211.14730214 -210.93125541 -210.92053625 -210.90217094 -210.90191241 -210.88054682 -210.87968218 -210.87914019 -210.86753825 -210.79917322 -210.78955591 -210.74899193 -210.71029501 -210.70990341 -210.69499968 -210.41681681 -210.13551191 -210.07244787] 
6:[-546.93180751 -546.93073817 -546.92948359 -546.91778113 -546.91746251 -546.91453155 -546.91097916 -546.90899354 -546.89608945 -546.8915537 -546.87050447 -546.85164047 -546.73291598 -546.69521574 -546.68804349 -546.64622418 -546.5673791  -546.4273266  -546.18161488 -545.7012974 ] 
7:[-225.49479439 -224.99750888 -224.9458818  -224.85354828 -224.82742703 -224.80573197 -224.7878763  -224.76203057 -224.75808898 -224.75669834 -224.70279986 -224.69816765 -224.69732544 -224.68811923 -224.66325766 -224.54591835 -224.40911659 -224.39194963 -224.37332971 -224.33745319] 
8:[-215.73916763 -215.73841678 -215.73604549 -215.70992899 -215.70118902 -215.50885575 -215.50619588 -215.20492785 -215.20465598 -215.03536262 -214.99113115 -214.89574966 -214.83823551 -214.83252133 -214.83233136 -214.76225545 -214.45132083 -214.36720379 -214.00631925 -213.98329249] 
9:[-1282.32896263 -1282.32832108 -1282.32239168 -1282.12315244 -1282.11980633 -1282.08118464 -1282.06068014 -1282.02743917 -1282.00919582 -1281.82088047 -1281.80516115 -1281.75936481 -1281.74695101 -1281.72511    -1281.65432952 -1281.46582764 -1281.39745812 -1281.19548219 -1280.7614752  -1280.65234602] 
10:[-255.6629968  -255.66138939 -255.6611159  -255.64625657 -255.64332778 -255.64013457 -255.55743443 -255.51322072 -255.43145715 -255.42033265 -255.31225289 -255.29084327 -255.17161808 -255.15777129 -255.10665028 -255.06288465 -255.03067457 -254.89562081 -254.85254334 -254.594453  ] 
11:[-1039.56431567 -1039.54268594 -1039.53458337 -1039.47544736 -1039.4433824  -1039.34499428 -1039.28135505 -1039.23860928 -1039.16685204 -1039.13744643 -1039.13420831 -1039.12650218 -1039.12613412 -1039.12353374 -1038.86164928 -1038.85881485 -1038.74594099 -1038.65121976 -1038.58942995 -1038.57786664] 
12:[-1211.54666993 -1211.53309793 -1211.53231474 -1211.53168111 -1211.51395682 -1211.41844552 -1211.32596931 -1211.32426352 -1211.31836113 -1211.24478338 -1211.15957872 -1211.09667089 -1210.96361756 -1210.91289842 -1210.86944457 -1210.80016092 -1210.76917184 -1210.76488618 -1210.72364335 -1210.72362742] 
13:[-312.50223946 -312.44494981 -312.44410072 -312.43543505 -312.43355918 -312.42574992 -312.4111142  -312.38068131 -312.33207321 -312.32637294 -312.2483957  -312.21273474 -312.08220726 -312.03720945 -312.0345 -312.00045343 -311.82506148 -311.66323792 -311.5530651  -311.55029597] 
14:[-172.69147892 -172.68092259 -172.66882778 -172.55742905 -172.44725542 -172.44462076 -172.444421   -172.44253744 -172.43187505 -172.42841596 -172.24394696 -172.12652501 -172.12478664 -172.08869933 -172.06418371 -171.85828063 -171.84037206 -171.79248423 -171.76808615 -171.04704737] 
15:[-353.40612784 -353.40585065 -353.36743438 -353.3657067  -353.32679741 -353.32241171 -353.2995808  -353.2762126  -353.25983928 -353.20545331 -353.1877697  -353.18388896 -353.01393346 -352.95691576 -352.76326223 -352.69515926 -352.69309181 -352.31864481 -351.86614306 -351.05785153] 
16:[-975.27410385 -975.27261694 -975.26637639 -974.93516389 -974.91945544 -974.91744045 -974.91052655 -974.57216546 -974.57197759 -974.56242612 -974.55934151 -974.4566873  -974.40267584 -974.37754843 -974.199367 -973.99769754 -973.92154568 -973.66950112 -973.57830301 -973.21148862] 
17:[-288.30729838 -288.23254309 -287.40802436 -286.64473708 -286.50945117 -286.50869374 -286.37855944 -286.09330106 -285.93130833 -285.42540634 -285.27646053 -285.24632238 -285.12411515 -285.09518377 -284.9754629 -284.55850485 -284.549186   -284.3372177  -283.94933957 -283.71650868] 
18:[-138.30148944 -138.3007591  -138.29102975 -138.20162507 -138.19809045 -138.17657748 -138.15257564 -138.06479793 -138.06045787 -137.99438025 -137.99217531 -137.96972175 -137.92635578 -137.90653073 -137.87672194 -137.59436958 -137.47807946 -137.44296291 -137.12765846 -137.02741311] 
19:[-148.40883331 -148.4080886  -148.40096984 -148.38855356 -148.38625663 -148.37884928 -148.37665875 -148.36369275 -148.35290319 -148.35145303 -148.18525001 -148.1795689  -148.17510198 -148.15906845 -147.93720719 -147.93087202 -147.77543552 -147.76339967 -147.71678352 -147.7122614 ] 
RANKING VECTORS IDX
0:[ 0.  9.  1.  4.  7. 12. 10.  8. 11. 18. 13. 19. 15.  6.  3.  2. 17. 16. 14.  5.] 
1:[ 1.  0. 19.  3.  7. 10.  9.  4.  8. 13. 12. 11. 15. 18.  6.  2. 14. 16.  5. 17.] 
2:[ 2.  9. 15. 18.  6. 14. 16. 11. 13.  7.  3.  4.  5. 19.  8. 12. 17. 10.  1.  0.] 
3:[17.  3. 10. 13.  9.  4.  8. 19.  5.  7. 12.  0.  1. 11. 18. 15. 14. 16.  6.  2.] 
4:[ 4.  9. 19. 12.  8. 13. 10. 18. 15.  7. 14. 11. 16.  0.  2.  6.  5.  1. 17.  3.] 
5:[ 5. 10. 13.  3. 15.  4.  6. 19. 18. 11. 12.  9. 17.  7. 14. 16.  8.  2.  1.  0.] 
6:[ 9. 12. 18. 11.  2.  7.  6. 14. 16.  4. 15. 13.  5. 10. 19.  3.  8. 17.  1.  0.] 
7:[ 5.  7. 17.  0. 13.  3.  1.  4. 18.  9. 15.  8. 10. 19. 12. 11.  6.  2. 14. 16.] 
8:[ 7. 14. 16.  8. 13.  9.  4.  2.  6. 19.  1. 12. 15. 18. 11. 10.  3.  0. 17.  5.] 
9:[18. 15. 11.  9.  4. 13.  6.  2. 19. 12.  7.  8. 14. 16. 17. 10.  5.  0.  1.  3.] 
10:[15. 11. 18.  9.  6.  2.  4. 10. 13. 12.  8. 19. 17.  3.  7. 16. 14.  0.  1.  5.] 
11:[11. 15. 18.  9.  2. 10. 13.  8. 12. 16.  7.  4. 19. 14.  6. 17.  3.  5.  1.  0.] 
12:[12.  4. 19.  9. 13. 17. 15. 18. 11.  0.  8.  1.  3.  5.  7.  6.  2. 10. 16. 14.] 
13:[10.  9.  4. 13. 18. 15. 19. 12. 11.  0. 17.  3.  8.  2.  1.  6.  5.  7. 14. 16.] 
14:[16. 14.  7.  6. 11. 18.  9.  2.  4. 15.  8. 12. 19. 10. 13.  3. 17.  5.  1.  0.] 
15:[18. 15.  2.  9.  7. 16. 14.  6. 11. 13.  3.  5.  4. 19.  8. 12. 17. 10.  1.  0.] 
16:[ 7. 14. 16.  9.  8.  6.  2. 11. 15. 18.  4. 12. 13.  5. 19. 17. 10.  3.  1.  0.] 
17:[ 3. 17. 19. 10. 12. 13.  4.  9.  5.  1.  7.  8. 18. 15. 11. 16. 14.  6.  2.  0.] 
18:[11. 15. 18.  9.  6.  2. 13. 14. 16.  8.  7. 12.  4. 19. 10.  3. 17.  5.  1.  0.] 
19:[ 9.  4. 19. 18. 10. 13. 12. 11.  0. 15.  8.  1. 17.  3.  2.  6.  7.  5. 16. 14.] 
POSCARS
EA82    2.575  2.610  4.900 90.44 90.73 90.00 Sym.group:  123
1.0
   2.5752860000000002   -0.0004130000000000    0.0039580000000000
   0.0004330000000000    2.6095799999999998   -0.0000060000000000
  -0.0700260000000000   -0.0377300000000000    4.8991009999999999
N Al
3 1
direct
   0.8702320000000000    0.8723020000000000    0.9903480000000000 N
   0.3720030000000000    0.3745410000000000    0.3772520000000000 N
   0.8736429999999999    0.8746610000000000    0.7641310000000000 N
   0.8720030000000000    0.8745570000000000    0.3772450000000000 Al
EA193   2.487  2.490  5.228 90.00 89.91 119.91 Sym.group:  187
1.0
   2.4873400000000001   -0.0044590000000000   -0.0142020000000000
  -1.2379819999999999    2.1608250000000000   -0.0001040000000000
   0.0380280000000000    0.0216920000000000    5.2280379999999997
O Be
3 1
direct
   0.6637100000000000    0.2912760000000000    0.8361680000000000 O
   0.3303410000000000    0.6277410000000000    0.2212700000000000 O
   0.6643740000000000    0.2915900000000000    0.6065220000000000 O
   0.9970950000000000    0.9617520000000001    0.2222290000000000 Be
EA27    5.199  5.199  5.198 90.23 119.94 119.79 Sym.group:  221
1.0
   5.1961139999999997   -0.1626340000000000    0.0358440000000000
  -2.4738859999999998    2.7106680000000001   -3.6819389999999999
  -2.5381490000000002    2.6473810000000002    3.6838940000000000
Al Mg
6 2
direct
   0.2527550000000000    0.1257330000000000    0.5020970000000000 Al
   0.7527690000000000    0.6257790000000000    0.5021580000000000 Al
   0.2527910000000000    0.6257600000000000    0.5021620000000000 Al
   0.7527910000000000    0.1256950000000000    0.0021050000000000 Al
   0.2527530000000000    0.1257050000000000    0.0021000000000000 Al
   0.2528040000000000    0.6257260000000000    0.0021480000000000 Al
   0.7527600000000000    0.1257660000000000    0.5020820000000000 Mg
   0.7527650000000000    0.6256420000000000    0.0021430000000000 Mg
EA327   2.430  2.430 10.306 90.04 90.04 60.00 Sym.group:  164
1.0
   2.4299750000000002    0.0029530000000000    0.0154170000000000
   1.2122100000000000    2.1059139999999998    0.0157600000000000
  -0.0723080000000000   -0.0447310000000000   10.3060500000000008
C P
6 2
direct
   0.5403620000000000    0.2428460000000000    0.0702420000000000 C
   0.5382980000000001    0.2420360000000000    0.6357650000000000 C
   0.2055110000000000    0.9087170000000000    0.8290190000000000 C
   0.8734459999999999    0.5760280000000000    0.0235170000000000 C
   0.8724390000000000    0.5754950000000000    0.8769880000000000 C
   0.2050950000000000    0.9087620000000000    0.6824890000000000 C
   0.5406110000000000    0.2447010000000000    0.2480930000000000 P
   0.5403720000000000    0.2419160000000000    0.4579140000000000 P
EA137   5.147  5.147  5.590 117.41 90.01 120.00 Sym.group:  148
1.0
   2.6573030000000002   -4.4082229999999996    0.0528200000000000
   2.4891310000000000    4.5046239999999997   -0.0942770000000000
  -2.5085440000000001   -1.4543210000000000    4.7792729999999999
Cl Al
6 2
direct
   0.0614710000000000    0.7189140000000001    0.4315130000000000 Cl
   0.9190360000000000    0.0750940000000000    0.9659160000000000 Cl
   0.4202330000000000    0.3985410000000000    0.4315890000000000 Cl
   0.7406260000000000    0.0779020000000000    0.4318570000000000 Cl
   0.2394280000000000    0.7544540000000000    0.9661840000000000 Cl
   0.5981910000000000    0.4340810000000000    0.9662590000000000 Cl
   0.1632790000000000    0.2431980000000000    0.6987610000000000 Al
   0.4963830000000000    0.9097960000000000    0.6990120000000000 Al
EA45    2.522  7.996  2.523 81.25 119.72 98.73 Sym.group:  166
1.0
   1.3194550000000000   -0.1798700000000000    2.1420859999999999
  -1.0865490000000000    7.9216199999999999   -0.0948340000000000
  -2.5211690000000000    0.0426920000000000    0.0838500000000000
Al F
3 1
direct
   0.2403200000000000    0.2044950000000000    0.1986550000000000 Al
   0.6647700000000000    0.4795850000000000    0.7699070000000000 Al
   0.0889900000000000    0.7546210000000000    0.3478020000000000 Al
   0.1681640000000000    0.9795300000000000    0.2715610000000000 F
EA189   2.900  3.661  3.672 90.08 90.05 90.08 Sym.group:  123
1.0
   2.8998930000000001   -0.0010510000000000   -0.0006150000000000
  -0.0037780000000000    3.6611400000000001    0.0078060000000000
  -0.0023180000000000   -0.0127030000000000    3.6721309999999998
Li Mg
3 1
direct
   0.9081780000000000    0.2291460000000000    0.9279440000000000 Li
   0.9087340000000000    0.7319550000000000    0.4280560000000000 Li
   0.4089830000000000    0.2309890000000000    0.4278420000000000 Li
   0.4081690000000000    0.7291400000000000    0.9282960000000000 Mg
EA2     3.768  3.749  3.766 108.79 109.00 110.48 Sym.group:  107
1.0
   1.1982489999999999   -1.8385670000000001   -3.0631460000000001
   1.1596070000000001    3.5647400000000000   -0.0719440000000000
   1.4112130000000001   -1.6733359999999999    3.0643660000000001
S H
3 1
direct
   0.3439790000000000    0.3512090000000000    0.0017120000000000 S
   0.3158530000000000    0.8223350000000000    0.5021450000000000 S
   0.8155240000000000    0.3221430000000000    0.5016010000000000 S
   0.0248190000000000    0.0256390000000000    0.0030680000000000 H
EA60    3.146  5.569  3.146 90.00 119.97 89.99 Sym.group:  194
1.0
   3.1463049999999999   -0.0001700000000000    0.0001140000000000
   0.0012890000000000    5.5691100000000002   -0.0002810000000000
  -1.5714640000000000    0.0006360000000000    2.7253440000000002
Li N
6 2
direct
   0.3902400000000000    0.3765880000000000    0.3918910000000000 Li
   0.3879020000000000    0.8760590000000000    0.3927290000000000 Li
   0.0557030000000000    0.2088120000000000    0.7250770000000000 Li
   0.7218930000000000    0.7090180000000000    0.0591940000000000 Li
   0.7217410000000000    0.0459530000000000    0.0591890000000000 Li
   0.0567810000000000    0.5457140000000000    0.7256570000000000 Li
   0.7235350000000000    0.3775120000000000    0.0585240000000000 N
   0.0546020000000000    0.8773550000000000    0.7260730000000000 N
EA72    5.184  5.184  5.459 117.48 62.16 119.40 Sym.group:  148
1.0
   5.1834069999999999    0.0202250000000000    0.0387030000000000
  -2.5627909999999998    4.5066660000000001   -0.0064280000000000
   2.5204930000000001   -1.4579130000000000    4.6171790000000001
Mg S
6 2
direct
   0.9079640000000000    0.8987520000000000    0.4647820000000000 Mg
   0.5962160000000000    0.6026650000000000    0.0352470000000000 Mg
   0.5263220000000000    0.0994040000000000    0.4750460000000000 Mg
   0.9778840000000000    0.4021800000000000    0.0248660000000000 Mg
   0.0945560000000000    0.4710040000000000    0.4755280000000000 Mg
   0.4095520000000000    0.0306020000000000    0.0244910000000000 Mg
   0.0570620000000000    0.9409800000000000    0.8283430000000001 S
   0.4469920000000000    0.5606310000000000    0.6717919999999999 S
EA172   2.988  2.994  9.528 98.94 90.39 118.82 Sym.group:  160
1.0
   2.9793430000000001   -0.2293830000000000   -0.0157910000000000
  -1.2378499999999999    2.7263480000000002    0.0031160000000000
  -0.1473770000000000   -1.7040360000000001    9.3730480000000007
Li Cl
6 2
direct
   0.4741630000000000    0.2503150000000000    0.1499850000000000 Li
   0.8792660000000000    0.0808770000000000    0.3839260000000000 Li
   0.1782560000000000    0.6744430000000000    0.2776130000000000 Li
   0.5830200000000000    0.4938540000000000    0.4997930000000000 Li
   0.9705310000000000    0.2370420000000000    0.6329210000000000 Li
   0.3842710000000000    0.0814710000000000    0.8892500000000000 Li
   0.6743500000000000    0.6559199999999999    0.7539630000000000 Cl
   0.0952890000000000    0.5085960000000000    0.0274240000000000 Cl
EA25    4.358  4.358  5.426 89.95 89.97 89.74 Sym.group:  123
1.0
   4.3579410000000003   -0.0084760000000000    0.0003470000000000
   0.0284910000000000    4.3581430000000001   -0.0037910000000000
   0.0025530000000000    0.0093220000000000    5.4260109999999999
Na Cl
6 2
direct
   0.7495390000000000    0.7499530000000000    0.8863550000000000 Na
   0.2492800000000000    0.2494980000000000    0.8868710000000000 Na
   0.2489800000000000    0.7494810000000000    0.6187250000000000 Na
   0.7502529999999999    0.2507260000000000    0.1544940000000000 Na
   0.2497470000000000    0.7502770000000000    0.1546400000000000 Na
   0.7499580000000000    0.2499070000000000    0.6186570000000000 Na
   0.7496170000000000    0.7502500000000000    0.3867020000000000 Cl
   0.2500310000000000    0.2498790000000000    0.3868280000000000 Cl
EA117   5.139  4.753  4.750 119.96 62.48 117.53 Sym.group:  155
1.0
   2.9475129999999998   -2.3496320000000002    3.4931109999999999
  -0.0164260000000000    4.7534140000000003   -0.0210150000000000
  -2.1922530000000000   -2.3643489999999998    3.4881959999999999
Mg H
6 2
direct
   0.2129970000000000    0.2512070000000000    0.6587990000000000 Mg
   0.7132400000000000    0.7405920000000000    0.8167900000000000 Mg
   0.2133730000000000    0.9131110000000000    0.9896620000000000 Mg
   0.2129670000000000    0.5820800000000000    0.3281720000000000 Mg
   0.7131250000000000    0.4238000000000000    0.1581220000000000 Mg
   0.7129860000000000    0.0820470000000000    0.4996440000000000 Mg
   0.4733820000000000    0.0019890000000000    0.2381270000000000 H
   0.9527960000000000    0.1623410000000000    0.0784630000000000 H
EA461   2.370  2.378  6.254 79.25 79.25 60.29 Sym.group:  160
1.0
   1.1861610000000000   -2.0519140000000000   -0.0014570000000000
   2.3775270000000002    0.0131660000000000   -0.0111830000000000
   1.1990989999999999   -0.6582090000000000    6.1025679999999998
Li F
3 1
direct
   0.1620430000000000    0.8175460000000000    0.6258640000000000 Li
   0.9183680000000000    0.5940960000000000    0.3065120000000000 Li
   0.3761920000000000    0.0294630000000000    0.9845739999999999 Li
   0.7694970000000000    0.4235700000000000    0.8048020000000000 F
EA28    3.597  6.311  3.657 88.97 60.55 73.45 Sym.group:  225
1.0
   1.8077070000000000    0.4377700000000000    3.0783909999999999
   1.8470290000000000    6.0324150000000003    0.1577050000000000
  -1.8473470000000001    0.5534210000000001    3.1066460000000000
Li Si
6 2
direct
   0.8810890000000000    0.9373170000000000    0.8096800000000000 Li
   0.8806010000000000    0.4373940000000000    0.3089500000000000 Li
   0.1309080000000000    0.5611960000000000    0.6849890000000000 Li
   0.1315640000000000    0.0613750000000000    0.1842660000000000 Li
   0.3815370000000000    0.6852070000000000    0.0605880000000000 Li
   0.3818720000000000    0.1852070000000000    0.5591090000000000 Li
   0.6312750000000000    0.8112870000000000    0.4351710000000000 Si
   0.6312460000000000    0.3113000000000000    0.9339990000000000 Si
EA120   7.851  2.601  2.481 90.02 90.00 90.03 Sym.group:  123
1.0
   7.8504889999999996    0.0027390000000000    0.0516550000000000
  -0.0025020000000000    2.5997270000000001    0.0679150000000000
  -0.0162450000000000   -0.0656700000000000    2.4805400000000000
Al Na
3 1
direct
   0.1125450000000000    0.8364960000000000    0.0126570000000000 Al
   0.6469870000000000    0.8350800000000000    0.0129990000000000 Al
   0.8797870000000000    0.3358040000000000    0.5128730000000000 Al
   0.3796720000000000    0.3355470000000000    0.5130430000000000 Na
EA116   4.096  4.095  4.099 60.09 60.09 90.09 Sym.group:  225
1.0
   4.0959519999999996    0.0070610000000000   -0.0055870000000000
  -0.0135790000000000    4.0946309999999997    0.0019490000000000
   2.0443020000000001    2.0494849999999998    2.9018890000000002
Na P
3 1
direct
   0.7443610000000001    0.6901700000000000    0.0603990000000000 Na
   0.2448690000000000    0.1903020000000000    0.0600230000000000 Na
   0.4945900000000000    0.9402199999999999    0.5602090000000000 Na
   0.9946650000000000    0.4402530000000000    0.5601770000000000 P
EA421   2.441  2.441  9.044 97.49 97.70 60.05 Sym.group:  166
1.0
   2.4404210000000002    0.0263450000000000   -0.0126750000000000
   1.1958730000000000    2.1279390000000000   -0.0421010000000000
  -1.1598180000000000   -0.5240660000000000    8.9535909999999994
C F
6 2
direct
   0.0677500000000000    0.7396820000000000    0.6030700000000000 C
   0.2387960000000000    0.8964950000000000    0.1041810000000000 C
   0.4197060000000000    0.0903880000000000    0.6578920000000000 C
   0.8294400000000000    0.4935540000000000    0.8815600000000000 C
   0.4770630000000000    0.1426080000000000    0.8256920000000000 C
   0.8868200000000001    0.5457820000000000    0.0493590000000000 C
   0.2895180000000000    0.9448990000000000    0.2539940000000000 F
   0.0173660000000000    0.6913899999999999    0.4532580000000000 F
EA171   2.509  2.508 13.424 90.00 90.00 88.96 Sym.group:  123
1.0
   2.5036360000000002   -0.1662780000000000   -0.0014410000000000
   0.2114110000000000    2.4992489999999998   -0.0004310000000000
   0.0079900000000000    0.0016470000000000   13.4242869999999996
Al Be
6 2
direct
   0.2579760000000000    0.5985130000000000    0.0597730000000000 Al
   0.7578780000000001    0.0985190000000000    0.1997860000000000 Al
   0.7575750000000000    0.0980200000000000    0.9197620000000000 Al
   0.7574250000000000    0.0980990000000000    0.4197920000000000 Al
   0.2576760000000000    0.5981490000000000    0.5597860000000000 Al
   0.7576490000000000    0.0979840000000000    0.6997760000000000 Al
   0.2575120000000000    0.5978599999999999    0.8097640000000000 Be
   0.2575620000000000    0.5982360000000000    0.3097950000000000 Be
EA33    3.961  3.961  3.868 89.97 89.62 60.01 Sym.group:  162
1.0
   3.9607239999999999    0.0001430000000000   -0.0028020000000000
   1.9795590000000001    3.4305530000000002   -0.0018280000000000
   0.0285870000000000   -0.0124190000000000    3.8680219999999998
Li H
6 2
direct
   0.3347190000000000    0.0052410000000000    0.2498340000000000 Li
   0.6604650000000000    0.3421820000000000    0.2491500000000000 Li
   0.9979330000000000    0.6679550000000000    0.2493650000000000 Li
   0.6641899999999999    0.0034180000000000    0.7540530000000000 Li
   0.3383000000000000    0.6665960000000000    0.7547170000000000 Li
   0.0008560000000000    0.3408890000000000    0.7545610000000000 Li
   0.6660020000000000    0.6712770000000000    0.0024830000000000 H
   0.3328290000000000    0.3374860000000000    0.0014690000000000 H
