NUMBER OF TEMPLATES 12
COMPOSITION A 4 B
pairs , SPACEGROUPS 
[C S] , 164 
[Mg C] , 221 
[P Na] , 166 
[Al F] , 160 
[C Na] , 191 
[P Na] , 156 
[Na S] , 194 
[Na H] , 221 
[Al Cl] , 156 
[Be Li] , 166 
[Li N] , 166 
[Li H] , 156 
RANKING VECTORS ENTHALPIES
0:[-188.53347532 -188.22093723 -188.16654411 -188.1576274  -188.14270689 -187.58375434 -187.37208799 -187.21919223 -186.25410281 -186.08801254 -185.08633899 -185.08384973] 
1:[-1320.59261414 -1320.46074021 -1320.45196845 -1320.44915443 -1320.40159387 -1320.39274732 -1320.37457718 -1320.31573624 -1320.28986122 -1320.26205533 -1319.56658874 -1319.21715122] 
2:[-394.9866048  -394.98053866 -394.97904263 -394.9492039  -394.84227561 -394.82806558 -394.56221664 -394.54424115 -394.50490135 -394.2394705 -392.45833418 -392.45762621] 
3:[-180.91385825 -180.85261167 -180.73199321 -180.69166599 -180.68142644 -180.47108555 -180.47033431 -180.46835623 -180.19484895 -180.0925926 -180.01965067 -179.33047505] 
4:[-377.10364681 -377.03034241 -376.9777506  -376.97338929 -376.94619947 -376.89291685 -376.82532658 -376.82464201 -375.09426869 -373.49881317 -371.16210451 -371.15944968] 
5:[-394.9866048  -394.98053866 -394.97904263 -394.9492039  -394.84227561 -394.82806558 -394.56221664 -394.54424115 -394.50490135 -394.2394705 -392.45833418 -392.45762621] 
6:[-1050.04846365 -1050.03704097 -1050.02791982 -1049.96149302 -1049.87190682 -1049.70100232 -1049.65096767 -1049.49912328 -1049.21870208 -1048.985217   -1048.98495683 -1048.19526715] 
7:[-993.23577135 -993.22309455 -993.19699215 -993.18724577 -993.1289285 -993.1218471  -993.10639352 -993.05709622 -993.04866972 -992.97646828 -992.73001311 -992.60271701] 
8:[-135.33811561 -135.25024714 -135.2132943  -135.19035416 -135.16407602 -134.98359523 -134.97358295 -134.93962804 -134.81556549 -133.98776979 -133.78131913 -133.77778549] 
9:[-340.48712376 -340.48593818 -340.4001671  -340.39148063 -340.38262782 -340.36979112 -340.34625571 -340.00218932 -339.70837655 -339.70360763 -338.99614625 -338.99430148] 
10:[-211.01502959 -210.87997005 -210.8579947  -210.84686264 -210.7698823 -210.74811045 -210.50447847 -210.42047672 -210.4170574  -209.67971106 -209.61875532 -209.45124605] 
11:[-157.195806   -157.19534871 -157.16361557 -157.14472268 -157.1378645 -157.13590959 -157.13015997 -157.07979696 -157.06436878 -156.97294333 -156.64840067 -156.44142569] 
RANKING VECTORS IDX
0:[ 0.  3.  2.  5.  4. 10.  8. 11.  9.  6.  1.  7.] 
1:[ 8.  7.  1.  0.  6. 10.  2.  9. 11.  5.  3.  4.] 
2:[ 9. 10.  2.  5.  4. 11.  8.  3.  6.  0.  7.  1.] 
3:[ 8.  3.  2. 11.  5.  9. 10.  6.  0.  7.  1.  4.] 
4:[ 4. 10.  5. 11.  9.  2.  8.  0.  3.  6.  1.  7.] 
5:[ 9. 10.  2.  5.  4. 11.  8.  3.  6.  0.  7.  1.] 
6:[ 9.  6. 10.  5.  4.  2.  3. 11.  8.  1.  7.  0.] 
7:[ 8. 11.  5.  2.  1.  7.  9. 10.  6.  0.  3.  4.] 
8:[ 8. 11.  2.  5.  3. 10.  0.  9.  6.  4.  1.  7.] 
9:[ 9. 10.  5.  2.  8. 11.  3.  6.  0.  4.  7.  1.] 
10:[10.  6.  9.  2.  5. 11.  4.  1.  7.  0.  8.  3.] 
11:[11.  8.  5.  2.  1. 10.  7.  9.  0.  6.  3.  4.] 
POSCARS
EA254  12.320  2.456  2.455 119.57 90.00 89.97 Sym.group:  164
1.0
  12.3194569999999999    0.0695660000000000   -0.0268600000000000
  -0.0128420000000000    2.4557419999999999   -0.0292580000000000
   0.0113480000000000   -1.1860630000000001    2.1495419999999998
C S
8 2
direct
   0.1516060000000000    0.4225370000000000    0.3408460000000000 C
   0.0293830000000000    0.4227590000000000    0.3412600000000000 C
   0.3535980000000000    0.0891740000000000    0.6726560000000000 C
   0.4758140000000000    0.0889540000000000    0.6724240000000000 C
   0.9899100000000000    0.0890450000000000    0.6750090000000000 C
   0.5152840000000000    0.4226860000000000    0.3387140000000000 C
   0.3135050000000000    0.7555269999999999    0.0063890000000000 C
   0.1917010000000000    0.7561810000000000    0.0070930000000000 C
   0.8458490000000000    0.0892640000000000    0.6760890000000001 S
   0.6593380000000000    0.4229290000000000    0.3381620000000000 S
EA30    3.934  3.934  3.934 89.99 90.01 90.01 Sym.group:  221
1.0
   3.9339700000000000   -0.0063210000000000   -0.0018010000000000
   0.0054810000000000    3.9339759999999999    0.0031300000000000
   0.0014510000000000   -0.0027200000000000    3.9339469999999999
Mg C
4 1
direct
   0.9967490000000000    0.6998190000000000    0.1972420000000000 Mg
   0.9968350000000000    0.1999600000000000    0.6954129999999999 Mg
   0.4965360000000000    0.1999700000000000    0.1974380000000000 Mg
   0.4965660000000000    0.6999590000000000    0.6974230000000000 Mg
   0.9965400000000000    0.1997940000000000    0.1951160000000000 C
EA113   3.156  3.157  7.311 102.46 89.97 60.06 Sym.group:  166
1.0
   1.6377010000000001    2.6981780000000000   -0.0140840000000000
  -1.5213790000000000    2.7663259999999998   -0.0177360000000000
   1.5523190000000000   -0.9003750000000000    7.0871769999999996
P Na
4 1
direct
   0.5624160000000000    0.7021460000000000    0.4891300000000000 P
   0.2816390000000000    0.2627410000000000    0.3289050000000000 P
   0.8313460000000000    0.1645080000000000    0.6844970000000000 P
   0.1121990000000000    0.6036990000000000    0.8447230000000000 P
   0.6970810000000000    0.4327690000000000    0.0868090000000000 Na
EA185  10.066  2.539  2.539 60.02 82.79 89.93 Sym.group:  160
1.0
   9.7819699999999994   -1.0094700000000001    2.1490849999999999
   0.2775020000000000    2.5227640000000000   -0.0638550000000000
  -0.0095560000000000    1.3324530000000001    2.1612589999999998
Al F
4 1
direct
   0.6237220000000000    0.7491120000000000    0.6101750000000000 Al
   0.1949950000000000    0.6083420000000000    0.8950490000000000 Al
   0.4095080000000000    0.0123340000000000    0.0878830000000000 Al
   0.8400470000000000    0.4860150000000000    0.1349870000000000 Al
   0.0172060000000000    0.5494340000000000    0.0143740000000000 F
EA203   2.462  6.293  2.462 90.08 60.00 90.13 Sym.group:  191
1.0
   2.4617279999999999   -0.0036910000000000    0.0007240000000000
  -0.0043360000000000    6.2925519999999997    0.0061490000000000
   1.2301489999999999   -0.0046600000000000    2.1323859999999999
C Na
4 1
direct
   0.6616400000000000    0.4983250000000000    0.4828040000000000 C
   0.3307430000000000    0.1033020000000000    0.1509050000000000 C
   0.3283090000000000    0.4983710000000000    0.1494810000000000 C
   0.6640750000000000    0.1033480000000000    0.4842280000000000 C
   0.9965070000000000    0.8009390000000000    0.8166790000000000 Na
EA182   3.062  3.061  7.492 89.83 89.81 60.59 Sym.group:  156
1.0
   3.0621139999999998    0.0005050000000000    0.0055690000000000
   1.5023370000000000    2.6665120000000000    0.0019630000000000
   0.0107210000000000    0.0133820000000000    7.4917280000000002
P Na
4 1
direct
   0.7988710000000000    0.0774450000000000    0.8446030000000000 P
   0.4653990000000000    0.7438200000000000    0.6544810000000000 P
   0.1301750000000000    0.4087990000000000    0.4901960000000000 P
   0.1339380000000000    0.4121250000000000    0.0087620000000000 P
   0.7948940000000000    0.0731880000000000    0.2474540000000000 Na
EA71    3.970  3.971  9.561 90.00 90.00 119.96 Sym.group:  194
1.0
   1.9943759999999999   -3.4326690000000002   -0.0003750000000000
   1.9785960000000000    3.4425500000000002    0.0022820000000000
  -0.0051830000000000   -0.0038500000000000    9.5610130000000009
Na S
8 2
direct
   0.0020310000000000    0.5022260000000000    0.9518770000000000 Na
   0.6678990000000000    0.8346200000000000    0.0617330000000000 Na
   0.3345980000000000    0.1662890000000000    0.5616449999999999 Na
   0.0004970000000000    0.5000850000000000    0.4518880000000000 Na
   0.3340460000000000    0.1664980000000000    0.1987680000000000 Na
   0.6685960000000000    0.8335450000000000    0.7059730000000000 Na
   0.6670520000000000    0.8331250000000000    0.3423010000000000 Na
   0.3355870000000000    0.1676700000000000    0.8421310000000000 Na
   0.0006600000000000    0.5000660000000000    0.2023890000000000 S
   0.0020000000000000    0.5000640000000000    0.7012850000000000 S
EA78    3.836  3.835  3.832 89.84 89.77 89.39 Sym.group:  221
1.0
   3.8355969999999999   -0.0107230000000000   -0.0183210000000000
   0.0512210000000000    3.8342470000000000   -0.0144550000000000
   0.0335100000000000    0.0248960000000000    3.8319700000000001
Na H
4 1
direct
   0.0017320000000000    0.4983190000000000    0.4981070000000000 Na
   0.4997510000000000    0.5006310000000000    0.9992010000000000 Na
   0.5008720000000000    0.9972220000000001    0.5001210000000000 Na
   0.9991430000000000    0.0008360000000000    0.9995900000000000 Na
   0.5023180000000000    0.4964970000000000    0.4997180000000000 H
EA138   2.664 20.036  2.662 90.01 60.02 90.02 Sym.group:  156
1.0
   1.3344750000000001    0.0025090000000000    2.3050860000000002
   0.0042840000000000   20.0355479999999986   -0.0343500000000000
  -1.3294800000000000    0.0038120000000000    2.3067370000000000
Al Cl
8 2
direct
   0.8962320000000000    0.1556440000000000    0.6280780000000000 Al
   0.5616360000000000    0.0516400000000000    0.2936040000000000 Al
   0.2303040000000000    0.2598490000000000    0.9624500000000000 Al
   0.8953470000000000    0.3646870000000000    0.6310440000000000 Al
   0.5599090000000000    0.8479960000000000    0.2931240000000000 Al
   0.8958040000000000    0.9489090000000000    0.6253690000000000 Al
   0.2248660000000000    0.5676960000000000    0.9632730000000000 Al
   0.5593250000000000    0.4675750000000000    0.2979270000000000 Al
   0.8902710000000000    0.6502329999999999    0.6298370000000000 Cl
   0.2264440000000000    0.7654220000000000    0.9594500000000000 Cl
EA73    3.266  3.283  3.839 65.50 114.02 118.88 Sym.group:  166
1.0
   3.2655820000000002    0.0040430000000000   -0.0077950000000000
  -1.5895319999999999    2.8725480000000001   -0.0271330000000000
  -1.5555619999999999    0.9906330000000000    3.3665010000000000
Be Li
4 1
direct
   0.5971370000000000    0.1978840000000000    0.4005350000000000 Be
   0.7906360000000000    0.0036600000000000    0.9823520000000000 Be
   0.3941470000000000    0.4010830000000000    0.7914500000000000 Be
   0.9936430000000001    0.8005540000000000    0.5913450000000000 Be
   0.1938470000000000    0.6007620000000000    0.1913810000000000 Li
EA116   7.803  3.134  3.136 119.95 78.47 101.55 Sym.group:  166
1.0
   7.8028370000000002    0.0117160000000000    0.0005320000000000
  -0.6319360000000001    3.0696260000000000   -0.0014660000000000
   0.6289430000000000   -1.4679789999999999    2.6991700000000001
Li N
8 2
direct
   0.8703860000000000    0.9589450000000000    0.0510620000000000 Li
   0.5056530000000000    0.5038340000000000    0.5049560000000000 Li
   0.0233090000000000    0.3422960000000000    0.6626270000000000 Li
   0.1408010000000000    0.7146709999999999    0.2891890000000000 Li
   0.6363560000000000    0.2144710000000000    0.7963720000000000 Li
   0.3880550000000000    0.7973010000000000    0.2087070000000000 Li
   0.2574330000000000    0.0867510000000000    0.9172270000000000 Li
   0.7528930000000000    0.5865480000000000    0.4244750000000000 Li
   0.2630260000000000    0.4218280000000000    0.5819670000000000 N
   0.6306710000000000    0.8793650000000000    0.1316600000000000 N
EA315   2.277  2.281  7.737 90.10 89.94 60.18 Sym.group:  156
1.0
   1.1708209999999999    1.9531010000000000    0.0048610000000000
  -1.1141479999999999    1.9903240000000000   -0.0134140000000000
  -0.0409490000000000    0.0143760000000000    7.7372899999999998
Li H
4 1
direct
   0.2574130000000000    0.0662880000000000    0.1285490000000000 Li
   0.9279830000000000    0.7324680000000000    0.3789400000000000 Li
   0.2589790000000000    0.0968620000000000    0.6272030000000000 Li
   0.5944970000000001    0.3954300000000000    0.8780620000000000 Li
   0.9255030000000000    0.7313480000000000    0.0034470000000000 H
