NUMBER OF TEMPLATES 13
COMPOSITION A 4 B
pairs , SPACEGROUPS 
[Al Be] , 123 
[Be H] , 87 
[Al Be] , 139 
[Cl Si] , 215 
[C Mg] , 164 
[P H] , 123 
[O B] , 119 
[O Mg] , 140 
[Mg H] , 121 
[Be Li] , 166 
[Na C] , 87 
[Mg Si] , 87 
[H C] , 160 
RANKING VECTORS ENTHALPIES
0:[-122.44479421 -122.37156803 -122.28454303 -122.27160423 -122.21624067 -122.13947587 -122.09781    -121.94647731 -121.89420152 -121.80199663 -121.7759939  -121.40198136 -121.10347652] 
1:[-304.74463961 -304.55506699 -304.55029671 -304.5480086  -304.54757612 -304.51712005 -304.4679396  -304.42915857 -304.40482551 -304.33416236 -304.32860795 -304.20872494 -303.65654177] 
2:[-122.44479421 -122.37156803 -122.28454303 -122.27160423 -122.21624067 -122.13947587 -122.09781    -121.94647731 -121.89420152 -121.80199663 -121.7759939  -121.40198136 -121.10347652] 
3:[-375.51619773 -375.49951737 -375.11046912 -375.05338423 -375.01600544 -375.00624379 -374.96025589 -374.93370332 -374.67293443 -374.62570871 -374.53060699 -374.32770389 -374.25095991] 
4:[-451.6357631  -451.24964359 -450.27126323 -450.01503912 -450.01194397 -450.01047687 -449.99076784 -449.75011682 -449.6218347  -449.53247992 -449.36528096 -449.36173412 -449.21108767] 
5:[-150.23229304 -150.10832352 -150.10283721 -150.10247082 -150.07551613 -150.04210002 -149.90231894 -149.88313296 -149.86706003 -149.85951352 -149.74818717 -149.73150348 -149.55773729] 
6:[-372.53879588 -371.92275584 -371.80225671 -371.79083716 -371.66564505 -371.56526537 -371.55779716 -371.54090331 -371.40432928 -371.22487978 -371.16364234 -371.04394223 -370.63934381] 
7:[-679.54650614 -679.37014175 -678.90560236 -678.80017962 -678.76485851 -678.75237485 -678.72977457 -678.71718518 -678.6075412  -678.55991966 -678.46052733 -677.60188916 -677.47100153] 
8:[-1291.21673436 -1291.20678124 -1291.16199287 -1291.13382246 -1291.10650763 -1291.09872722 -1291.03793862 -1290.99668462 -1290.99486618 -1290.99266186 -1290.89495035 -1290.79028482 -1290.330084  ] 
9:[-340.48712376 -340.42169157 -340.39451411 -340.30100985 -340.27769122 -340.24676336 -340.24326466 -339.86943652 -339.71615042 -339.43891487 -339.37715598 -339.27890837 -339.18853131] 
10:[-1022.44454397 -1022.44089564 -1022.43609525 -1022.43006106 -1022.36892695 -1022.14206849 -1021.89523567 -1021.61286214 -1021.59635521 -1021.55722975 -1021.46922255 -1021.45205646 -1021.3733211 ] 
11:[-1310.56527407 -1310.55785626 -1310.55674908 -1310.51929758 -1310.51083249 -1310.48779974 -1310.37767206 -1310.11310071 -1310.10797949 -1310.08797123 -1310.01025213 -1309.61798778 -1309.33425536] 
12:[-44.18604056 -44.16973507 -44.04991567 -43.61486049 -43.61157759 -43.4723488  -43.46971947 -43.40302665 -43.37512635 -43.24973371 -43.16805486 -43.10022048 -43.01506365] 
RANKING VECTORS IDX
0:[ 2.  0. 10. 11.  9.  4.  8.  7. 12.  6.  1.  3.  5.] 
1:[ 1. 11. 10.  0.  2.  3.  8.  9.  4. 12.  6.  7.  5.] 
2:[ 2.  0. 10. 11.  9.  4.  8.  7. 12.  6.  1.  3.  5.] 
3:[ 8.  3.  1. 12.  9. 10.  7. 11.  2.  4.  0.  6.  5.] 
4:[ 4.  9.  2. 10.  6.  7. 12.  3.  0.  8.  1. 11.  5.] 
5:[ 5.  7.  6. 12. 11. 10.  8.  9.  2.  1.  4.  0.  3.] 
6:[ 6.  4. 10. 11.  5.  8.  3. 12.  7.  9.  1.  0.  2.] 
7:[ 7.  6.  8. 12.  1.  4.  2. 11.  9.  0. 10.  3.  5.] 
8:[ 8.  3.  4.  0.  1.  2.  9.  6. 10. 11.  7. 12.  5.] 
9:[ 9.  2. 11.  1. 10.  4.  0.  6.  8.  7.  5.  3. 12.] 
10:[ 9. 10.  1. 11.  0.  8. 12.  4.  6.  3.  2.  7.  5.] 
11:[10.  1. 11.  0.  2.  9.  4. 12.  8.  6.  7.  5.  3.] 
12:[ 8. 12.  3. 10. 11.  5.  1.  4.  9.  6.  0.  7.  2.] 
POSCARS
EA145  17.468  2.492  2.494 90.30 90.00 90.01 Sym.group:  123
1.0
  17.4670379999999987    0.1163720000000000   -0.1285350000000000
  -0.0155920000000000    2.4860030000000002    0.1685950000000000
   0.0196930000000000   -0.1814340000000000    2.4870649999999999
Al Be
8 2
direct
   0.9179520000000000    0.3393930000000000    0.9081030000000000 Al
   0.3720090000000000    0.8411770000000000    0.4080850000000000 Al
   0.1995580000000000    0.8392450000000000    0.4089840000000000 Al
   0.0271050000000000    0.8386790000000000    0.4088580000000000 Al
   0.5902940000000000    0.8416860000000000    0.4078700000000000 Al
   0.4811580000000000    0.3419030000000000    0.9077840000000000 Al
   0.6995530000000000    0.3410680000000000    0.9077870000000000 Al
   0.8088130000000000    0.8403240000000000    0.4076920000000000 Al
   0.2852100000000000    0.3402520000000000    0.9085710000000000 Be
   0.1139040000000000    0.3385970000000000    0.9091800000000000 Be
EA409   2.163  3.730  3.716 94.57 73.47 106.63 Sym.group:   87
1.0
   2.1632810000000000   -0.0085370000000000    0.0180230000000000
  -1.0534710000000000    3.5781250000000000   -0.0148410000000000
   1.0275479999999999    0.0087280000000000    3.5710880000000000
Be H
4 1
direct
   0.4734490000000000    0.4550800000000000    0.2302470000000000 Be
   0.3027050000000000    0.8397019999999999    0.9544720000000000 Be
   0.1065800000000000    0.2823230000000000    0.7878810000000001 Be
   0.6696010000000000    0.0125650000000000    0.3969140000000000 Be
   0.3880700000000000    0.6474910000000000    0.5922430000000000 H
EA191   2.447  5.039  9.015 98.07 82.71 89.27 Sym.group:  139
1.0
   2.4472920000000000    0.0051640000000000    0.0037820000000000
   0.0539020000000000    5.0388359999999999   -0.0555960000000000
   1.1329780000000000   -1.1793400000000001    8.8654100000000007
Al Be
8 2
direct
   0.8568460000000000    0.9820160000000000    0.3185840000000000 Al
   0.2491610000000000    0.2857210000000000    0.5354000000000000 Al
   0.6402540000000000    0.5904140000000000    0.7528120000000000 Al
   0.8557270000000000    0.4814870000000000    0.3186670000000000 Al
   0.2501180000000000    0.7862410000000000    0.5353110000000000 Al
   0.4651460000000000    0.6773880000000000    0.1011780000000000 Al
   0.4660610000000000    0.1769860000000000    0.0995060000000000 Al
   0.6396050000000000    0.0908130000000000    0.7544770000000000 Al
   0.0527000000000000    0.3867100000000000    0.9269990000000000 Be
   0.0524940000000000    0.8811210000000000    0.9269940000000000 Be
EA36    4.160  4.156  4.158 90.00 89.98 89.99 Sym.group:  215
1.0
   4.1597350000000004   -0.0031990000000000    0.0017860000000000
   0.0042630000000000    4.1564569999999996   -0.0004640000000000
  -0.0005550000000000    0.0002020000000000    4.1575920000000002
Cl Si
4 1
direct
   0.7635350000000000    0.7707190000000000    0.7675320000000000 Cl
   0.2269030000000000    0.2341380000000000    0.7669840000000000 Cl
   0.7640190000000000    0.2338390000000000    0.2308110000000000 Cl
   0.2273210000000000    0.7705600000000000    0.2300640000000000 Cl
   0.4954750000000000    0.5025300000000000    0.4988480000000000 Si
EA149   2.489  2.489  5.829 89.99 90.00 60.00 Sym.group:  164
1.0
   2.4893719999999999    0.0003590000000000    0.0020700000000000
   1.2443610000000001    2.1561430000000001   -0.0020840000000000
  -0.0049820000000000    0.0094280000000000    5.8286239999999996
C Mg
4 1
direct
   0.3367050000000000    0.3343970000000000    0.7871250000000000 C
   0.6702080000000000    0.6673890000000000    0.2190720000000000 C
   0.0034070000000000    0.0010340000000000    0.8748660000000000 C
   0.0035350000000000    0.0007560000000000    0.1313260000000000 C
   0.0031870000000000    0.0008440000000000    0.5030300000000000 Mg
EA103   3.139  3.138  9.946 90.02 89.75 89.99 Sym.group:  123
1.0
   3.1348479999999999   -0.0134860000000000   -0.1663710000000000
   0.0077610000000000    3.1361210000000002   -0.1186910000000000
   0.5716270000000000    0.3711950000000000    9.9227139999999991
P H
8 2
direct
   0.2038770000000000    0.1963170000000000    0.7145940000000000 P
   0.7044740000000000    0.6960930000000000    0.4879800000000000 P
   0.2040270000000000    0.1964760000000000    0.9437090000000000 P
   0.7039380000000000    0.6963060000000000    0.7146070000000000 P
   0.2041870000000000    0.1958610000000000    0.2588880000000000 P
   0.2045010000000000    0.1960760000000000    0.4880140000000000 P
   0.7040480000000000    0.6964270000000000    0.9437170000000000 P
   0.7041590000000000    0.6959379999999999    0.2588670000000000 P
   0.2043130000000000    0.1961070000000000    0.1012970000000000 H
   0.7039100000000000    0.6962290000000000    0.1012870000000000 H
EA11    2.245  2.244  6.784 99.44 80.57 89.82 Sym.group:  119
1.0
   2.2443740000000001   -0.0034160000000000    0.0298890000000000
   0.0107450000000000    2.2440669999999998   -0.0346750000000000
   1.0213410000000001   -1.0151699999999999    6.6293620000000004
O B
4 1
direct
   0.6253570000000001    0.5203340000000000    0.9944590000000000 O
   0.8957670000000000    0.2501840000000000    0.4533460000000000 O
   0.9844880000000000    0.1612350000000000    0.2745760000000000 O
   0.2549830000000000    0.8902250000000000    0.7330710000000000 O
   0.1901670000000000    0.4553000000000000    0.8637580000000000 B
EA105   4.619  4.675  4.619 60.41 90.00 119.59 Sym.group:  140
1.0
   4.6186720000000001   -0.0042250000000000    0.0022380000000000
  -2.3049960000000000    4.0676040000000002   -0.0419290000000000
   0.0009300000000000    2.6609090000000002    3.7749630000000001
O Mg
8 2
direct
   0.7468750000000000    0.8082780000000001    0.7534710000000000 O
   0.9395570000000000    0.1939290000000000    0.5607380000000000 O
   0.2555430000000000    0.1941590000000000    0.2448430000000000 O
   0.0628340000000000    0.8085250000000000    0.4375920000000000 O
   0.5627480000000000    0.8084340000000000    0.2534680000000000 O
   0.4396530000000000    0.1940090000000000    0.7448590000000000 O
   0.7555410000000000    0.1941450000000000    0.0606200000000000 O
   0.2469080000000000    0.8083040000000000    0.9377440000000000 O
   0.2512120000000000    0.5012110000000000    0.7491409999999999 Mg
   0.7512240000000000    0.5012920000000000    0.2491450000000000 Mg
EA265   3.936  3.937  4.643 115.05 64.95 89.95 Sym.group:  121
1.0
   3.9359489999999999   -0.0176720000000000    0.0031050000000000
   0.0213020000000000    3.9371100000000001   -0.0051690000000000
   1.9544900000000001   -1.9720759999999999    3.7219289999999998
Mg H
4 1
direct
   0.2162550000000000    0.0595880000000000    0.8499610000000000 Mg
   0.7325540000000000    0.5759570000000001    0.8499400000000000 Mg
   0.4724070000000000    0.3196000000000000    0.3373590000000000 Mg
   0.9886720000000000    0.8032600000000000    0.3372440000000000 Mg
   0.6023269999999999    0.1899270000000000    0.5940110000000000 H
EA73    3.266  3.283  3.839 65.50 114.02 118.88 Sym.group:  166
1.0
   3.2655820000000002    0.0040430000000000   -0.0077950000000000
  -1.5895319999999999    2.8725480000000001   -0.0271330000000000
  -1.5555619999999999    0.9906330000000000    3.3665010000000000
Be Li
4 1
direct
   0.5971370000000000    0.1978840000000000    0.4005350000000000 Be
   0.7906360000000000    0.0036600000000000    0.9823520000000000 Be
   0.3941470000000000    0.4010830000000000    0.7914500000000000 Be
   0.9936430000000001    0.8005540000000000    0.5913450000000000 Be
   0.1938470000000000    0.6007620000000000    0.1913810000000000 Li
EA36    3.808  4.161  4.158 78.18 116.98 116.93 Sym.group:   87
1.0
   3.8082189999999998    0.0174070000000000    0.0211950000000000
  -1.9009490000000000    3.7009750000000001   -0.0223680000000000
  -1.9074100000000000    0.0002350000000000    3.6949489999999998
Na C
4 1
direct
   0.4459780000000000    0.4515080000000000    0.6511830000000000 Na
   0.6639600000000000    0.1065660000000000    0.4336980000000000 Na
   0.2735020000000000    0.8876500000000001    0.8691370000000000 Na
   0.8365380000000000    0.6705690000000000    0.2153930000000000 Na
   0.0551300000000000    0.2791520000000000    0.0425160000000000 C
EA111   4.487  3.864  4.504 114.30 99.37 65.76 Sym.group:   87
1.0
   4.4860139999999999    0.0077580000000000    0.0972470000000000
   1.5807430000000000    3.5253760000000001   -0.0026260000000000
  -0.8192650000000000   -1.6606710000000000    4.1059409999999996
Mg Si
4 1
direct
   0.0185470000000000    0.1557900000000000    0.1549670000000000 Mg
   0.8049269999999999    0.5615910000000000    0.7502190000000000 Mg
   0.4003830000000000    0.3701880000000000    0.9622920000000000 Mg
   0.6139390000000000    0.9643220000000000    0.3671540000000000 Mg
   0.2094390000000000    0.7629580000000000    0.5586560000000000 Si
EA162   2.871  2.876  2.880 109.23 108.79 108.34 Sym.group:  160
1.0
   2.8706179999999999   -0.0100810000000000   -0.0175840000000000
  -0.8952510000000000    2.7325729999999999   -0.0235870000000000
  -0.9173890000000000   -1.2779280000000000    2.4119030000000001
H C
4 1
direct
   0.3332920000000000    0.1268310000000000    0.7667310000000001 H
   0.7320220000000000    0.5304720000000001    0.5420930000000000 H
   0.3375820000000000    0.7601710000000000    0.1398800000000000 H
   0.9683800000000000    0.1370190000000000    0.1448150000000000 H
   0.0939300000000000    0.8896490000000000    0.8993770000000000 C
