NUMBER OF TEMPLATES 13
COMPOSITION A 4 B
pairs , SPACEGROUPS 
[Na B] , 87 
[Li O] , 166 
[O B] , 119 
[P H] , 123 
[Li H] , 156 
[Be Li] , 166 
[Si Mg] , 123 
[F Si] , 137 
[Mg N] , 123 
[B Li] , 139 
[Be Al] , 139 
[Mg C] , 221 
[Na H] , 221 
RANKING VECTORS ENTHALPIES
0:[-1005.48924029 -1005.48610686 -1005.48575769 -1005.34298476 -1005.12854314 -1005.05970642 -1005.05350206 -1005.01062699 -1004.89966289 -1004.8661068  -1004.70684393 -1004.57184182 -1004.56689344] 
1:[-244.59517643 -244.5304196  -244.41326636 -244.36450469 -244.33019666 -244.32075496 -244.31668306 -244.15500227 -244.14672887 -244.13716332 -243.70223389 -243.56331124 -243.1892026 ] 
2:[-372.53879588 -371.7709348  -371.66564505 -371.60981038 -371.55013331 -371.52093414 -371.5163249  -371.36786213 -371.36726622 -371.31200971 -371.22487978 -370.60570485 -370.49921243] 
3:[-150.23229304 -150.10283721 -150.0732794  -149.92750907 -149.88313296 -149.85967725 -149.7816302  -149.74231536 -149.73855082 -149.62466212 -149.61291253 -149.31836587 -149.24126105] 
4:[-157.195806   -157.1936821  -157.17395099 -157.15101293 -157.1378645 -157.13015997 -157.07979696 -157.0613029  -157.00812883 -156.95845665 -156.66096525 -156.62748047 -156.62384879] 
5:[-340.48712376 -340.48218719 -340.36979112 -340.27750901 -340.20125886 -340.10219858 -339.86943652 -339.86087369 -339.86017407 -339.37715598 -339.35827008 -338.99614625 -338.99430148] 
6:[-410.75089621 -410.73047088 -410.63457847 -410.59694126 -410.59155846 -410.55597105 -410.47810618 -410.34973948 -410.19204366 -410.10565187 -409.6624088  -408.47664983 -408.47625116] 
7:[-557.75967959 -557.60452519 -557.35353837 -557.348798   -557.28543718 -557.27892969 -556.99745812 -556.18933141 -555.36153372 -555.33259164 -555.17826683 -555.07541583 -554.98394154] 
8:[-1344.87047071 -1344.78045768 -1344.77823621 -1344.74318203 -1344.6462098  -1344.64226948 -1344.37699274 -1344.22639063 -1343.54309469 -1343.52734476 -1343.35845253 -1343.14557971 -1342.94041197] 
9:[-101.3859854  -101.06804525 -100.71659877 -100.48165954 -100.47331663 -100.44136849 -100.3889611  -100.24767164 -100.07445734  -99.94104447  -99.17710047  -98.35888231  -98.30511712] 
10:[-313.56195835 -313.30469679 -313.28482132 -313.27696767 -313.27423108 -313.27384279 -313.26539195 -313.2158442  -312.66615055 -311.99397927 -311.976482   -311.14055338 -311.14053726] 
11:[-1320.5685178  -1320.46074021 -1320.45196845 -1320.44262605 -1320.42353301 -1320.38785415 -1320.31573624 -1320.28986122 -1320.23481755 -1319.8066037  -1319.41881561 -1319.37283264 -1319.09252763] 
12:[-993.22309455 -993.18294043 -993.1289285  -993.1218471  -993.10639352 -993.10296997 -993.07357983 -992.99918254 -992.99199082 -992.96158159 -992.65446881 -992.51079116 -992.49449252] 
RANKING VECTORS IDX
0:[ 5.  1.  0.  7.  9.  4. 10.  2.  6.  3.  8. 11. 12.] 
1:[ 1.  4. 10.  7.  2.  5.  0. 11. 12.  8.  6.  9.  3.] 
2:[ 2.  0.  3.  4.  7. 10.  1. 11. 12.  8.  5.  6.  9.] 
3:[ 3.  2.  1.  7.  5. 10.  8.  4.  0. 11. 12.  6.  9.] 
4:[ 4.  7.  8.  1. 11. 12.  5. 10.  2.  0.  3.  6.  9.] 
5:[ 5.  1.  4.  0.  7. 10.  2.  6.  9.  3.  8. 12. 11.] 
6:[ 0.  5.  4. 10.  7.  6.  9.  2.  1.  3.  8. 11. 12.] 
7:[ 7. 10.  1.  5. 11. 12.  0.  8.  3.  2.  6.  4.  9.] 
8:[ 8. 11. 12.  4.  1. 10.  5.  7.  9.  6.  0.  3.  2.] 
9:[ 9.  6.  5.  7. 10.  2.  0.  1.  4.  3.  8. 11. 12.] 
10:[10.  7.  6.  4.  1.  5.  9.  0.  2.  8.  3. 12. 11.] 
11:[10. 12. 11.  0.  8.  1.  5.  4.  7.  2.  9.  6.  3.] 
12:[ 4.  8. 11. 12.  5.  1. 10.  0.  2.  7.  3.  9.  6.] 
POSCARS
EA234   3.813  4.300  4.261 78.46 116.17 116.00 Sym.group:   87
1.0
   3.8128630000000001    0.0056110000000000    0.0036970000000000
  -1.8907920000000000    3.8617059999999999   -0.0091480000000000
  -1.8826719999999999    0.0359090000000000    3.8218890000000001
Na B
4 1
direct
   0.1944000000000000    0.4284030000000000    0.0260680000000000 Na
   0.8028980000000000    0.2242340000000000    0.4511590000000000 Na
   0.6184300000000000    0.6505649999999999    0.6559110000000000 Na
   0.0084760000000000    0.8550590000000000    0.2299740000000000 Na
   0.4059670000000000    0.0394660000000000    0.8406750000000000 B
EA17    2.893  2.903  4.986 90.79 73.20 61.80 Sym.group:  166
1.0
   2.8895200000000001    0.0891330000000000    0.1200950000000000
   1.2870809999999999    2.5978400000000001    0.1576260000000000
   1.2778430000000001   -0.9959280000000000    4.7154259999999999
Li O
4 1
direct
   0.2485380000000000    0.3710630000000000    0.1338820000000000 Li
   0.7624280000000000    0.6268350000000000    0.8718440000000000 Li
   0.2614430000000000    0.8862690000000000    0.6277230000000000 Li
   0.7491200000000000    0.1119680000000000    0.3776950000000000 Li
   0.0057370000000000    0.4988370000000000    0.5026570000000000 O
EA11    2.245  2.244  6.784 99.44 80.57 89.82 Sym.group:  119
1.0
   2.2443740000000001   -0.0034160000000000    0.0298890000000000
   0.0107450000000000    2.2440669999999998   -0.0346750000000000
   1.0213410000000001   -1.0151699999999999    6.6293620000000004
O B
4 1
direct
   0.6253570000000001    0.5203340000000000    0.9944590000000000 O
   0.8957670000000000    0.2501840000000000    0.4533460000000000 O
   0.9844880000000000    0.1612350000000000    0.2745760000000000 O
   0.2549830000000000    0.8902250000000000    0.7330710000000000 O
   0.1901670000000000    0.4553000000000000    0.8637580000000000 B
EA103   3.139  3.138  9.946 90.02 89.75 89.99 Sym.group:  123
1.0
   3.1348479999999999   -0.0134860000000000   -0.1663710000000000
   0.0077610000000000    3.1361210000000002   -0.1186910000000000
   0.5716270000000000    0.3711950000000000    9.9227139999999991
P H
8 2
direct
   0.2038770000000000    0.1963170000000000    0.7145940000000000 P
   0.7044740000000000    0.6960930000000000    0.4879800000000000 P
   0.2040270000000000    0.1964760000000000    0.9437090000000000 P
   0.7039380000000000    0.6963060000000000    0.7146070000000000 P
   0.2041870000000000    0.1958610000000000    0.2588880000000000 P
   0.2045010000000000    0.1960760000000000    0.4880140000000000 P
   0.7040480000000000    0.6964270000000000    0.9437170000000000 P
   0.7041590000000000    0.6959379999999999    0.2588670000000000 P
   0.2043130000000000    0.1961070000000000    0.1012970000000000 H
   0.7039100000000000    0.6962290000000000    0.1012870000000000 H
EA315   2.277  2.281  7.737 90.10 89.94 60.18 Sym.group:  156
1.0
   1.1708209999999999    1.9531010000000000    0.0048610000000000
  -1.1141479999999999    1.9903240000000000   -0.0134140000000000
  -0.0409490000000000    0.0143760000000000    7.7372899999999998
Li H
4 1
direct
   0.2574130000000000    0.0662880000000000    0.1285490000000000 Li
   0.9279830000000000    0.7324680000000000    0.3789400000000000 Li
   0.2589790000000000    0.0968620000000000    0.6272030000000000 Li
   0.5944970000000001    0.3954300000000000    0.8780620000000000 Li
   0.9255030000000000    0.7313480000000000    0.0034470000000000 H
EA73    3.266  3.283  3.839 65.50 114.02 118.88 Sym.group:  166
1.0
   3.2655820000000002    0.0040430000000000   -0.0077950000000000
  -1.5895319999999999    2.8725480000000001   -0.0271330000000000
  -1.5555619999999999    0.9906330000000000    3.3665010000000000
Be Li
4 1
direct
   0.5971370000000000    0.1978840000000000    0.4005350000000000 Be
   0.7906360000000000    0.0036600000000000    0.9823520000000000 Be
   0.3941470000000000    0.4010830000000000    0.7914500000000000 Be
   0.9936430000000001    0.8005540000000000    0.5913450000000000 Be
   0.1938470000000000    0.6007620000000000    0.1913810000000000 Li
EA4     3.381  3.371  5.373 90.00 90.00 89.99 Sym.group:  123
1.0
   3.3808389999999999   -0.0056280000000000   -0.0030030000000000
   0.0064480000000000    3.3714000000000000    0.0017650000000000
   0.0045750000000000   -0.0029390000000000    5.3729820000000004
Si Mg
4 1
direct
   0.9007110000000000    0.6012610000000000    0.6070040000000000 Si
   0.9008610000000000    0.6012150000000001    0.1978920000000000 Si
   0.4008800000000000    0.6010970000000000    0.9024040000000000 Si
   0.9009140000000000    0.1011930000000000    0.9025650000000000 Si
   0.4008190000000000    0.1011450000000000    0.4018620000000000 Mg
EA46    4.771  4.771  3.489 90.02 89.99 90.01 Sym.group:  137
1.0
   4.7710330000000001    0.0033540000000000   -0.0065900000000000
  -0.0039930000000000    4.7706540000000004    0.0062380000000000
   0.0056510000000000   -0.0057640000000000    3.4892949999999998
F Si
8 2
direct
   0.4971600000000000    0.2376990000000000    0.2657710000000000 F
   0.9971860000000000    0.2566640000000000    0.2424330000000000 F
   0.9979270000000000    0.7370750000000000    0.2426030000000000 F
   0.4979050000000000    0.7572960000000000    0.2657630000000000 F
   0.7573980000000000    0.4970050000000000    0.7426260000000000 F
   0.2572010000000000    0.9975380000000000    0.7657990000000000 F
   0.7376320000000000    0.9969690000000000    0.7657140000000000 F
   0.2378350000000000    0.4975670000000000    0.7424290000000000 F
   0.9974660000000000    0.9969220000000000    0.5041660000000000 Si
   0.4975040000000000    0.4974170000000000    0.0041120000000000 Si
EA111   2.816  7.369  2.818 89.98 90.01 90.02 Sym.group:  123
1.0
   2.8157359999999998    0.0017880000000000    0.0060270000000000
  -0.0078400000000000    7.3685369999999999   -0.0064900000000000
  -0.0066420000000000    0.0036000000000000    2.8178649999999998
Mg N
4 1
direct
   0.2447160000000000    0.2447400000000000    0.7391840000000000 Mg
   0.2434980000000000    0.7665920000000001    0.7403350000000000 Mg
   0.7437390000000000    0.5056640000000000    0.2409360000000000 Mg
   0.7442190000000000    0.0056650000000000    0.2394580000000000 Mg
   0.2437410000000000    0.5056710000000000    0.7410590000000000 N
EA3     3.890  4.192  3.852 90.00 90.00 62.35 Sym.group:  139
1.0
   3.8904459999999998   -0.0045520000000000   -0.0001800000000000
   1.9493980000000000    3.7108070000000000    0.0013970000000000
   0.0001120000000000   -0.0014100000000000    3.8515510000000002
B Li
8 2
direct
   0.9591810000000000    0.5812600000000000    0.0022260000000000 B
   0.4594960000000000    0.5812720000000000    0.5023110000000000 B
   0.7382250000000000    0.0234100000000000    0.0021660000000000 B
   0.8489400000000000    0.3022390000000000    0.7521450000000000 B
   0.3488770000000000    0.3024170000000000    0.2521670000000000 B
   0.3487710000000000    0.3024480000000000    0.7523380000000000 B
   0.8488500000000000    0.3022580000000000    0.2523200000000000 B
   0.2385400000000000    0.0234200000000000    0.5022640000000000 B
   0.8492870000000000    0.8021880000000000    0.5020620000000000 Li
   0.3484310000000000    0.8024970000000000    0.0024280000000000 Li
EA28    8.373  2.980  3.037 90.21 100.30 100.13 Sym.group:  139
1.0
   8.3723270000000003    0.1214420000000000    0.0136060000000000
  -0.5665340000000000    2.9251499999999999   -0.0043170000000000
  -0.5461830000000000   -0.1124960000000000    2.9852390000000000
Be Al
8 2
direct
   0.8242730000000000    0.7262120000000000    0.0320330000000000 Be
   0.1741950000000000    0.4003790000000000    0.7065220000000000 Be
   0.6681250000000000    0.1483850000000000    0.9533590000000000 Be
   0.3292250000000000    0.4786510000000000    0.2837740000000000 Be
   0.6692450000000000    0.6479050000000000    0.4547530000000000 Be
   0.4992380000000000    0.0632810000000000    0.3692550000000000 Be
   0.3303440000000000    0.9781790000000000    0.7851420000000000 Be
   0.4992370000000000    0.5632750000000000    0.8692500000000000 Be
   0.8993110000000000    0.2633710000000000    0.5691480000000000 Al
   0.0991630000000000    0.8632530000000000    0.1694130000000000 Al
EA30    3.934  3.934  3.934 89.99 90.01 90.01 Sym.group:  221
1.0
   3.9339700000000000   -0.0063210000000000   -0.0018010000000000
   0.0054810000000000    3.9339759999999999    0.0031300000000000
   0.0014510000000000   -0.0027200000000000    3.9339469999999999
Mg C
4 1
direct
   0.9967490000000000    0.6998190000000000    0.1972420000000000 Mg
   0.9968350000000000    0.1999600000000000    0.6954129999999999 Mg
   0.4965360000000000    0.1999700000000000    0.1974380000000000 Mg
   0.4965660000000000    0.6999590000000000    0.6974230000000000 Mg
   0.9965400000000000    0.1997940000000000    0.1951160000000000 C
EA78    3.836  3.835  3.832 89.84 89.77 89.39 Sym.group:  221
1.0
   3.8355969999999999   -0.0107230000000000   -0.0183210000000000
   0.0512210000000000    3.8342470000000000   -0.0144550000000000
   0.0335100000000000    0.0248960000000000    3.8319700000000001
Na H
4 1
direct
   0.0017320000000000    0.4983190000000000    0.4981070000000000 Na
   0.4997510000000000    0.5006310000000000    0.9992010000000000 Na
   0.5008720000000000    0.9972220000000001    0.5001210000000000 Na
   0.9991430000000000    0.0008360000000000    0.9995900000000000 Na
   0.5023180000000000    0.4964970000000000    0.4997180000000000 H
