NUMBER OF TEMPLATES 20
COMPOSITION A 2 B
pairs , SPACEGROUPS 
[Al C] , 164 
[Si Na] , 191 
[Li F] , 164 
[Si Li] , 191 
[P S] , 164 
[Be C] , 225 
[Be Al] , 227 
[Li H] , 164 
[Na F] , 123 
[Mg H] , 164 
[C B] , 164 
[Al Li] , 155 
[Li Be] , 164 
[C Na] , 191 
[Al Si] , 164 
[Al Mg] , 164 
[Cl Mg] , 166 
[Na P] , 191 
[N Li] , 194 
[Li C] , 166 
RANKING VECTORS ENTHALPIES
0:[-93.26243589 -93.26091836 -93.2587754  -93.25874395 -93.25835264 -93.25703151 -93.13823    -93.11884087 -93.06939311 -93.04554612 -92.83471062 -92.37555301 -92.34437123 -92.13132991 -91.78381811 -91.15731309 -91.1567709  -91.14360236 -91.14357965 -90.83117039] 
1:[-486.71964591 -486.70214921 -486.69662794 -486.69600858 -486.69562513 -486.69035295 -486.68622968 -486.67670517 -486.55132315 -486.5066489 -486.47993815 -486.4784623  -486.45296096 -486.44179396 -486.40618628 -486.32262454 -485.83096242 -485.75093863 -485.42673785 -484.07992292] 
2:[-352.61232384 -352.57264591 -352.55662854 -352.55649835 -352.55546771 -352.55463676 -352.55462794 -352.55386873 -352.52404448 -352.38801424 -352.32444046 -352.25839043 -352.16104771 -352.10398958 -351.89380454 -351.45842271 -351.45738156 -351.45595757 -351.44763595 -351.20687094] 
3:[-138.38224892 -138.36873651 -138.35855064 -138.35481318 -138.35380943 -138.35319244 -138.35243156 -138.35098057 -138.32692457 -138.28729313 -138.28235201 -138.27012121 -138.25467779 -138.2062119  -138.20516666 -138.14451704 -138.12632363 -138.09933584 -138.04571741 -137.08729728] 
4:[-221.35100313 -221.34894173 -221.34887373 -221.34864736 -221.34813074 -221.27488544 -221.17847984 -221.05734393 -221.03598929 -221.0359891 -221.03082575 -221.03030666 -221.02909011 -221.02193866 -221.00506766 -220.87172456 -220.71505058 -220.70019286 -220.18144969 -220.1311459 ] 
5:[-305.97629708 -305.97550844 -305.51144653 -305.46471321 -305.18564396 -305.17504577 -305.1386965  -304.82851833 -304.81669525 -304.75070536 -304.70565554 -304.69593597 -304.69254248 -304.53843284 -304.51578372 -304.08942253 -303.97345101 -303.93905762 -303.93384206 -303.92734295] 
6:[-271.17584011 -271.16276167 -270.92178597 -270.91402995 -270.91396378 -270.91395081 -270.913755   -270.90341868 -270.86121688 -270.77788065 -270.73777603 -270.73705435 -270.73318866 -270.71716199 -270.68229937 -270.62394892 -270.36747844 -270.31788879 -270.02212715 -268.77299863] 
7:[-133.77672508 -133.7759752  -133.77495226 -133.77484606 -133.77374959 -133.77370797 -133.7736875  -133.77368741 -133.76758933 -133.75480289 -133.75002079 -133.73597082 -133.71061696 -133.68837983 -133.26554533 -132.96406012 -132.96313661 -132.96100193 -132.9548769  -132.35874065] 
8:[-1049.3896073  -1049.3473805  -1049.3399151  -1049.33988623 -1049.33576658 -1049.3357484  -1049.33375557 -1049.26030653 -1049.18303155 -1049.09998754 -1049.09387567 -1049.02351775 -1048.87251076 -1048.82169625 -1048.76336471 -1048.64805817 -1048.64647049 -1048.64569222 -1048.62985343 -1048.17100224] 
9:[-1078.60396171 -1078.60342145 -1078.60069859 -1078.60056171 -1078.59830864 -1078.59773482 -1078.59416633 -1078.55687433 -1078.54585557 -1078.44978924 -1078.39620794 -1078.13657583 -1078.07421959 -1077.82172839 -1077.70197321 -1077.29415536 -1077.29146839 -1077.28748375 -1077.28596866 -1076.72400231] 
10:[-133.77816461 -133.20983699 -132.72775277 -132.43830785 -132.43830673 -132.43780168 -132.4377733  -132.43204723 -132.38882925 -132.20718621 -132.0841616  -131.8469789  -131.56684126 -131.5126168  -131.50850781 -131.50642787 -131.49556402 -131.46789959 -131.26490815 -130.24033846] 
11:[-103.43438391 -103.40316945 -103.40291503 -103.39928875 -103.39239917 -103.38063207 -103.37893097 -103.37839815 -103.37204918 -103.33798958 -103.2491243  -103.22899901 -103.18142958 -103.15235914 -103.14687148 -103.14595297 -103.14298919 -102.93534205 -102.87189395 -102.50764724] 
12:[-254.05833216 -254.05819633 -254.05318754 -254.04886448 -254.04563936 -254.02813121 -254.02623356 -254.01228321 -254.01100893 -254.00842439 -254.00322458 -253.99810623 -253.99749074 -253.9872859  -253.97113641 -253.95000031 -253.90205486 -253.84501509 -253.16626286 -253.00538633] 
13:[-520.77357443 -520.76611532 -520.76592334 -520.76516705 -520.76311476 -520.76304651 -520.54442808 -520.47536409 -520.37382953 -520.3460424 -518.91828673 -518.88615591 -518.84755912 -518.8267846  -518.82601226 -518.82600319 -518.8250095  -518.54236339 -517.08191177 -515.70608511] 
14:[-76.17239422 -76.16865859 -76.16589962 -76.15993343 -76.10762079 -76.09294683 -76.06759734 -76.00395053 -75.91963134 -75.86851915 -75.86814857 -75.8630468  -75.85905121 -75.85476173 -75.7960641 -75.66745961 -75.47814663 -75.40474759 -75.39690886 -74.65904175] 
15:[-575.94643027 -575.93050087 -575.93046855 -575.93038126 -575.92569347 -575.90886583 -575.90478277 -575.90172272 -575.88309797 -575.86962633 -575.86958448 -575.86171575 -575.85574294 -575.8545561  -575.73478676 -575.68365747 -575.41762215 -575.34421514 -574.88448387 -573.88371187] 
16:[-832.61931264 -832.61930382 -832.61926684 -832.61925696 -832.61849599 -832.60236912 -832.35616956 -832.31552106 -832.25445824 -832.19978842 -832.1022389  -831.91595222 -831.68675921 -831.62234065 -831.15336911 -831.15331894 -831.15310268 -831.10025101 -830.44623185 -830.35085057] 
17:[-887.46428404 -887.46412849 -887.461413   -887.45876281 -887.45868431 -887.4383769  -887.43138875 -886.99758843 -886.89518395 -886.78921816 -886.75608218 -886.73789356 -886.73775279 -886.72392631 -886.7088076 -886.70121235 -886.45310581 -886.25316639 -885.88821022 -885.65333457] 
18:[-251.27292163 -250.19159731 -250.10612969 -250.0797694  -250.06027921 -250.05557624 -250.05234224 -250.0341804  -250.02940362 -249.94446006 -249.93613992 -249.92354244 -249.92027211 -249.89660147 -249.64936552 -249.60911972 -249.47175385 -249.47077634 -249.40554107 -248.44225712] 
19:[-182.80746488 -182.49981227 -182.49035441 -182.49034295 -182.4818688 -182.48141478 -182.42448455 -182.42355282 -182.4227714  -182.40564944 -182.10435456 -182.01822579 -181.78186143 -181.71204409 -181.70243786 -181.69907536 -181.68812192 -181.60728222 -181.54279785 -181.35906542] 
RANKING VECTORS IDX
0:[ 7. 15. 14.  4.  0.  9.  2. 16.  8. 18. 10.  5. 19. 11. 12.  3. 13. 17.  1.  6.] 
1:[ 4.  6. 15.  1. 17.  0.  3. 13. 12. 16.  9. 14.  7. 11. 18.  2. 19. 10.  5.  8.] 
2:[ 2. 16.  4.  7. 14.  9.  0. 15. 18.  8. 10. 12. 19.  5. 11. 17.  3. 13.  1.  6.] 
3:[ 4. 17.  0. 12. 15. 13.  3.  1. 11.  2.  9. 14.  7. 18. 16. 10.  6. 19.  5.  8.] 
4:[ 4.  0.  9.  7. 14.  2. 19. 16. 17.  1. 15.  3. 11. 13. 12. 18.  6. 10.  5.  8.] 
5:[16.  5. 19. 12.  4.  0. 15. 10.  8.  2.  7.  9. 14. 11. 18.  6. 13.  3. 17.  1.] 
6:[11.  6.  4. 15.  1. 17.  3. 13.  0. 16.  9.  7. 14.  2. 12. 19. 10. 18.  5.  8.] 
7:[ 4. 15.  2.  7. 16. 14.  9.  0. 10. 18. 19. 12.  8.  5. 11. 17.  3. 13.  1.  6.] 
8:[ 2. 16.  7.  4.  0.  9. 14. 18.  8.  5. 12. 19. 10. 11. 15.  1. 17. 13.  3.  6.] 
9:[14.  2.  9.  7.  4.  0. 15.  8. 16. 10. 18. 19.  5. 11. 12. 13.  3.  1. 17.  6.] 
10:[10. 19. 18.  0.  9.  7. 14.  4.  2. 13. 16. 12.  5. 15.  1. 17.  3.  8. 11.  6.] 
11:[16.  4. 15. 11. 14.  7.  9.  0.  2. 12. 19. 10. 18.  1. 17.  3. 13.  5.  6.  8.] 
12:[15. 17.  1.  3. 12. 11.  4.  9. 18.  0.  2.  7. 14. 16. 13. 10. 19.  6.  8.  5.] 
13:[ 4.  7. 14. 13.  9.  0. 16. 12. 19. 10.  6. 11. 18.  3. 15.  1. 17.  2.  5.  8.] 
14:[ 9. 14.  7.  2. 11. 16. 15. 12. 18. 17.  1.  3. 10. 13. 19.  6.  5.  0.  4.  8.] 
15:[11. 14.  9.  0.  7. 12. 16.  4. 15.  1. 17. 13.  6.  3.  2. 18. 10. 19.  5.  8.] 
16:[ 0.  9. 14.  7.  4. 16. 15. 18.  8.  5. 19. 11.  2. 12.  1.  3. 17. 13. 10.  6.] 
17:[ 0.  4. 17.  1. 15.  3. 13. 19. 11. 12.  9.  2. 14.  7.  6. 18. 16.  5. 10.  8.] 
18:[18. 11. 16. 19. 14.  7.  9.  0.  4.  3.  1. 13. 17.  2. 10. 15.  6.  5. 12.  8.] 
19:[19. 17. 15.  1.  3. 13.  4.  0.  9. 10. 11. 12. 16.  7. 14. 18.  5.  2.  8.  6.] 
POSCARS
EA63    2.890  8.046  2.878 89.87 119.39 89.78 Sym.group:  164
1.0
   1.6152820000000001    0.0472630000000000   -2.3957549999999999
  -0.1869380000000000    8.0441629999999993   -0.0040360000000000
   1.2884519999999999    0.0376980000000000    2.5729370000000000
Al C
4 2
direct
   0.5882390000000000    0.5494940000000000    0.3318760000000000 Al
   0.2607960000000000    0.3026170000000000    0.6667790000000000 Al
   0.5862790000000000    0.0494870000000000    0.3307470000000000 Al
   0.2588350000000000    0.8026090000000000    0.6656500000000000 Al
   0.9245510000000000    0.4260660000000000    0.9993480000000000 C
   0.9225240000000000    0.9260380000000000    0.9981780000000000 C
EA19    4.078  4.897  4.075 89.99 60.05 90.00 Sym.group:  191
1.0
   4.0729069999999998    0.0064040000000000    0.1964380000000000
  -0.0071290000000000    4.8973120000000003   -0.0129730000000000
   1.8623810000000001    0.0126920000000000    3.6249639999999999
Si Na
4 2
direct
   0.2350680000000000    0.9126420000000000    0.2721720000000000 Si
   0.2347630000000000    0.4126480000000000    0.2728560000000000 Si
   0.9013660000000000    0.4123150000000000    0.9395550000000000 Si
   0.9016810000000000    0.9123160000000000    0.9388649999999999 Si
   0.5682400000000000    0.6625160000000000    0.6059390000000000 Na
   0.5683340000000000    0.1625580000000000    0.6057100000000000 Na
EA119   2.428  2.430  8.228 90.66 89.69 119.95 Sym.group:  164
1.0
   2.4275869999999999    0.0083930000000000    0.0036710000000000
  -1.2204649999999999    2.1016170000000001   -0.0004920000000000
   0.0318000000000000   -0.0888400000000000    8.2274510000000003
Li F
4 2
direct
   0.3402420000000000    0.6727370000000000    0.5363160000000000 Li
   0.6687000000000000    0.3199710000000000    0.7728030000000000 Li
   0.0023600000000000    0.0061590000000000    0.2998380000000000 Li
   0.3353360000000000    0.6627130000000000    0.0363190000000000 Li
   0.0020130000000000    0.9908480000000000    0.9037940000000000 F
   0.6687920000000001    0.3346540000000000    0.1688510000000000 F
EA7     3.894  3.896  2.329 89.97 90.05 118.78 Sym.group:  191
1.0
   3.8935160000000000   -0.0205890000000000    0.0069580000000000
  -1.8576230000000000    3.4246089999999998   -0.0052370000000000
  -0.0060730000000000    0.0017520000000000    2.3293290000000000
Si Li
2 1
direct
   0.1654020000000000    0.1718740000000000    0.1499120000000000 Si
   0.5005440000000000    0.8365110000000000    0.1510130000000000 Si
   0.8330040000000000    0.5043600000000000    0.6502830000000001 Li
EA150   3.181  3.184  3.913 90.10 89.97 119.92 Sym.group:  164
1.0
   1.5973679999999999   -2.7509910000000000   -0.0103280000000000
   1.5889260000000001    2.7592639999999999    0.0233350000000000
  -0.0206560000000000   -0.0293840000000000    3.9130660000000002
P S
2 1
direct
   0.3370470000000000    0.6700770000000000    0.6456780000000000 P
   0.6701300000000000    0.3354650000000000    0.3519610000000000 P
   0.0035920000000000    0.0027740000000000    0.9988190000000000 S
EA106   2.884  2.884  4.990 106.75 106.75 60.03 Sym.group:  225
1.0
   2.8833560000000000    0.0218490000000000   -0.0445210000000000
   1.4212780000000000    2.5088870000000001   -0.0440710000000000
  -1.3588800000000001   -0.7998189999999999    4.7339089999999997
Be C
4 2
direct
   0.3590910000000000    0.2910700000000000    0.0081400000000000 Be
   0.8595110000000000    0.7909480000000000    0.5081120000000000 Be
   0.1096250000000000    0.0410430000000000    0.2582580000000000 Be
   0.6092170000000000    0.5411460000000000    0.7582860000000000 Be
   0.4845840000000000    0.4160010000000000    0.3831870000000000 C
   0.9841310000000000    0.9161000000000000    0.8831840000000000 C
EA306   4.039  4.046  4.046 60.87 118.92 118.92 Sym.group:  227
1.0
   4.0386030000000002    0.0495900000000000    0.0339720000000000
  -1.9998830000000001    3.5173980000000000   -0.0254670000000000
  -1.9990310000000000    1.1536679999999999    3.3234450000000000
Be Al
4 2
direct
   0.8681640000000000    0.6190000000000000    0.1254580000000000 Be
   0.8676220000000000    0.1187650000000000    0.1254190000000000 Be
   0.8680710000000000    0.1190220000000000    0.6255110000000000 Be
   0.3679430000000000    0.1192270000000000    0.1256190000000000 Be
   0.2434810000000000    0.7448620000000000    0.7513580000000000 Al
   0.4924800000000000    0.4931520000000000    0.4996470000000000 Al
EA169   2.257  2.263  3.997 89.87 90.05 60.39 Sym.group:  164
1.0
   2.2572359999999998   -0.0215040000000000    0.0110190000000000
   1.1366350000000001    1.9566300000000001    0.0029910000000000
  -0.0226790000000000    0.0175530000000000    3.9967709999999999
Li H
2 1
direct
   0.3386260000000000    0.9968200000000000    0.5780540000000000 Li
   0.6717959999999999    0.3330950000000000    0.0749370000000000 Li
   0.0053550000000000    0.6648140000000000    0.8264540000000000 H
EA187   2.826  2.816  4.033 89.37 90.13 89.99 Sym.group:  123
1.0
   2.8258329999999998   -0.0044490000000000    0.0054870000000000
   0.0051190000000000    2.8160289999999999   -0.0114980000000000
  -0.0165440000000000    0.0605380000000000    4.0322370000000003
Na F
2 1
direct
   0.3344360000000000    0.9966530000000000    0.3285940000000000 Na
   0.8332349999999999    0.4949620000000000    0.8287280000000000 Na
   0.3330740000000000    0.9947589999999999    0.8285070000000000 F
EA157   2.728  2.719  4.467 89.53 90.60 119.78 Sym.group:  164
1.0
   2.7274699999999998   -0.0184590000000000    0.0064640000000000
  -1.3344790000000000    2.3693059999999999   -0.0056770000000000
  -0.0573660000000000    0.0208810000000000    4.4667599999999998
Mg H
2 1
direct
   0.0559830000000000    0.0479370000000000    0.1694330000000000 Mg
   0.3925780000000000    0.7182539999999999    0.6941120000000000 Mg
   0.7268520000000001    0.3826200000000000    0.4296680000000000 H
EA133   6.525  2.430  2.430 119.90 89.91 90.07 Sym.group:  164
1.0
   6.5212760000000003    0.1361610000000000   -0.1691890000000000
  -0.0555420000000000    2.4279700000000002   -0.0713110000000000
   0.0832380000000000   -1.1476599999999999    2.1406049999999999
C B
4 2
direct
   0.0575180000000000    0.1685500000000000    0.0687550000000000 C
   0.8270000000000000    0.1679550000000000    0.0699420000000000 C
   0.1337590000000000    0.8348010000000000    0.4027020000000000 C
   0.7507580000000000    0.5017210000000000    0.7360100000000001 C
   0.3680180000000000    0.8350780000000000    0.4025920000000000 B
   0.5165000000000000    0.5017130000000000    0.7364620000000000 B
EA150   4.299  4.300  4.777 63.32 63.31 60.05 Sym.group:  155
1.0
   4.2992970000000001    0.0083500000000000    0.0025360000000000
   2.1394660000000001    3.7301720000000000    0.0004900000000000
   2.1403390000000000    1.2443050000000000    4.0848040000000001
Al Li
4 2
direct
   0.0352760000000000    0.8617240000000000    0.2463610000000000 Al
   0.2049710000000000    0.3628750000000000    0.7476520000000000 Al
   0.5338050000000000    0.6920080000000000    0.7445090000000000 Al
   0.8613170000000000    0.0355760000000000    0.7463109999999999 Al
   0.7021670000000000    0.5312610000000000    0.2403010000000000 Li
   0.3658670000000000    0.1950160000000000    0.2514690000000000 Li
EA108   4.417  3.424  3.436 60.13 90.24 90.01 Sym.group:  164
1.0
   4.4142180000000000    0.0061850000000000    0.1652410000000000
  -0.0053740000000000    3.4236659999999999   -0.0005000000000000
  -0.1283580000000000    1.7117739999999999    2.9767969999999999
Li Be
4 2
direct
   0.5640970000000000    0.5892970000000000    0.4930420000000000 Li
   0.3918010000000000    0.9224880000000000    0.8266970000000000 Li
   0.9330820000000000    0.9232020000000000    0.8252840000000000 Li
   0.7607420000000000    0.2563880000000000    0.1589370000000000 Li
   0.2296500000000000    0.2560660000000000    0.1595500000000000 Be
   0.0951640000000000    0.5896230000000000    0.4924290000000000 Be
EA7     2.514  2.514  3.827 90.00 90.00 60.00 Sym.group:  191
1.0
   1.2572360000000000    2.1772900000000002    0.0000260000000000
  -1.2570230000000000    2.1774719999999999    0.0026280000000000
   0.0041730000000000   -0.0024520000000000    3.8273950000000001
C Na
2 1
direct
   0.3382550000000000    0.3356890000000000    0.9009600000000000 C
   0.6716000000000000    0.6690010000000000    0.9011710000000001 C
   0.0031900000000000    0.0035400000000000    0.4010370000000000 Na
EA137   5.855  4.445  2.659 90.00 90.01 89.87 Sym.group:  164
1.0
   5.8546279999999999   -0.0035110000000000   -0.0078290000000000
   0.0128370000000000    4.4449519999999998   -0.0020550000000000
   0.0032690000000000    0.0011070000000000    2.6591570000000000
Al Si
4 2
direct
   0.7553190000000000    0.7851990000000000    0.8993650000000000 Al
   0.7553190000000000    0.2851970000000000    0.3993060000000000 Al
   0.4081560000000000    0.4492510000000000    0.8988180000000000 Al
   0.4081560000000000    0.9492500000000000    0.3987580000000000 Al
   0.0817350000000000    0.6171020000000000    0.3981780000000000 Si
   0.0817360000000000    0.1171010000000000    0.8980320000000001 Si
EA39    4.188  4.188  2.465 90.00 90.00 119.99 Sym.group:  164
1.0
   4.1873459999999998   -0.0735090000000000    0.0372440000000000
  -2.0293350000000001    3.6638690000000000   -0.0106340000000000
  -0.0220450000000000   -0.0048510000000000    2.4646110000000001
Al Mg
2 1
direct
   0.1512130000000000    0.0379630000000000    0.9054210000000000 Al
   0.4849510000000000    0.7045840000000000    0.5940380000000000 Al
   0.8181560000000000    0.3713890000000000    0.2504430000000000 Mg
EA74    5.203  3.112  3.112 60.03 107.37 107.37 Sym.group:  166
1.0
   5.2029069999999997   -0.0156530000000000   -0.0227160000000000
  -0.9200060000000000    2.9723739999999998    0.0297550000000000
  -0.9135400000000000    1.3180369999999999    2.6672449999999999
Cl Mg
2 1
direct
   0.7609390000000000    0.3732700000000000    0.0164150000000000 Cl
   0.3221310000000000    0.8934790000000000    0.5364190000000000 Cl
   0.0415610000000000    0.1334200000000000    0.7764219999999999 Mg
EA169   4.059  4.711  4.751 116.81 64.72 115.32 Sym.group:  191
1.0
   4.0581360000000002   -0.0862700000000000   -0.0105380000000000
  -1.9235920000000000    4.2999340000000004    0.0208420000000000
   2.0081540000000002   -1.4684790000000001    4.0470899999999999
Na P
4 2
direct
   0.7507180000000000    0.4194010000000000    0.9151840000000000 Na
   0.7492290000000000    0.9190850000000000    0.4154590000000000 Na
   0.0837500000000000    0.2515290000000000    0.0818270000000000 Na
   0.0823180000000000    0.7512529999999999    0.5820200000000000 Na
   0.4168180000000000    0.8357750000000000    0.9991210000000000 P
   0.4160130000000000    0.3350330000000000    0.4985030000000000 P
EA198   2.464  2.463  7.405 90.03 90.02 60.03 Sym.group:  194
1.0
   2.4637349999999998   -0.0001120000000000   -0.0000020000000000
   1.2306930000000000    2.1339649999999999    0.0001630000000000
  -0.0026470000000000   -0.0035630000000000    7.4054580000000003
N Li
4 2
direct
   0.6633250000000001    0.6742060000000000    0.1689210000000000 N
   0.6628590000000000    0.6748130000000000    0.3239060000000000 N
   0.3305730000000000    0.3415670000000000    0.6689270000000000 N
   0.3312350000000000    0.3417330000000000    0.8238990000000000 N
   0.9982940000000000    0.0075700000000000    0.9964130000000000 Li
   0.9957260000000000    0.0086390000000000    0.4964130000000000 Li
EA107   3.205  3.257  4.608 89.89 110.35 119.47 Sym.group:  166
1.0
   3.2049840000000001   -0.0005470000000000   -0.0017900000000000
  -1.6016349999999999    2.8354800000000000    0.0404360000000000
  -1.6001369999999999   -0.9534950000000000    4.2147930000000002
Li C
4 2
direct
   0.1024880000000000    0.9533090000000000    0.5706230000000000 Li
   0.7663770000000000    0.7883450000000000    0.0633690000000000 Li
   0.2408380000000000    0.5250580000000000    0.2755330000000000 Li
   0.9047050000000000    0.3600940000000000    0.7682610000000000 Li
   0.3992800000000000    0.1088070000000000    0.0087000000000000 C
   0.6079080000000000    0.2045960000000000    0.3301760000000000 C
