NUMBER OF PAIRS 28
COMPOSITION A 1.0 B
NUMBER OF TEMPLATES 18
RELAXED COUPLES
[B Mg] 
[B N] 
[C O] 
[C Mg] 
[Be Na] 
[B Li] 
[Mg Na] 
[B Be] 
[Na O] 
[N Na] 
[Be O] 
[Be C] 
[Li N] 
[Be N] 
[Li Mg] 
[B Na] 
[Be Li] 
[Mg O] 
[Li O] 
[Li Na] 
[C Na] 
[B C] 
[Be Mg] 
[C N] 
[C Li] 
[Mg N] 
[B O] 
[N O] 
RANKING VECTORS ENTHALPIES
0:[ 0.85376463 -1.77625945  0.7756447   0.35556845  0.69202848  0.23303679  0.14864834  0.47371681 -0.93409963 -0.8477818  -3.5003551   1.35934586 -0.58268638 -0.63841998  0.65210887  0.89791844 -0.02729575 -3.66998145 -2.20875872  0.08523183  1.28578095  0.63343539  0.30785794 -0.26473872  0.12167096 -0.58344423 -2.73579077  0.71844893] 
1:[ 7.60363347e-01  2.32381008e-01  1.65970566e+00  8.15186108e-01  1.92924345e+00 -3.00404733e-04  8.44749356e-01  7.61320855e-01 -2.77668117e+00  5.67878809e-01 -3.07132560e+00  1.33772055e+00 -1.46861343e+00 -9.21326041e-01 -5.08463591e-02  2.12574209e+00 -1.27587978e-02 -4.34766963e+00 -2.63256606e+00  2.19531480e-01  2.52830444e+00  1.58778655e+00  6.28638481e-01  2.25976686e+00  1.00118167e+00 -1.72469410e+00 -7.56910065e-01  1.26599908e+00] 
2:[ 0.57962749 -1.66593317  0.61938785  0.87546693  0.58584499 -0.79253469  0.08900893  0.47085948 -2.32226868 -1.23036421 -3.11766726  1.58765014 -0.58494825 -0.62590546 -0.07218065 -0.22321818 -0.02403995 -3.54747767 -2.15708679  0.10472444  0.17066394  2.264512    0.30671995  0.57103605 -0.2850354  -0.03790995 -2.32048281  0.82953385] 
3:[ 0.26197886  1.54539599  2.29908086  0.63271282  0.69921889 -0.04358296  0.14220296  0.22042325 -2.71293027 -0.50598852 -2.23463069  1.37522974 -0.92333258 -0.13482959 -0.22038506  0.64936193  0.13727658 -3.98385969 -2.81581263  0.05555322  1.23221714  2.39897059  0.311676    3.58882193  0.71801554 -1.38749982  0.30930363  1.72425366] 
4:[ 0.33665288 -0.28630634 -0.13955294 -0.00796493  0.40314835 -0.13431125  0.13082756  0.67352035 -2.81970418 -0.07276421 -3.2249823   1.11452438 -1.63981283 -0.76998621  0.12408821  0.49456918  0.09082493 -4.0165224 -2.93127401  0.20034783  0.06841289  1.0462384   0.41551216  1.59976183  0.02920567 -1.46418683 -0.75051488  0.49023706] 
5:[ 1.30336315 -2.21508133  0.75954613  1.60743132  2.67333646  1.69706639  1.65462477  1.20523218 -1.56111914  1.17304839 -3.8311285   1.39387752 -0.30422604 -0.75988321  0.11576874  2.8918165   1.76357593 -4.13314835 -2.28770643  0.10427319  1.96562874  0.45765745  0.97314982  0.30645092  2.07726889 -0.61534042 -0.61746714  1.24421418] 
6:[ 1.07939955 -0.63301111  1.65445546  1.05621064  1.81264951  1.1960467  0.66281009  1.27058055 -2.14301118  0.5532943  -3.60447158  1.36509756 -0.15612843 -0.88641342  0.15013829  2.06213748  0.77107025 -4.65670395 -2.59070718  0.18982559  2.50050017  1.08545203  1.32509178  1.95143195  1.66443599 -1.47494767 -0.20840738  1.14223813] 
7:[ 0.25669529  1.54166771  2.30120791  0.63650093  0.6977082  -0.21576668  0.14030327  0.4490227  -2.71296972 -0.505639   -2.23553335  1.49023575 -0.77944382 -0.12930476 -0.23270657  0.64910565  0.13081841 -3.98421361 -2.74427897  0.05618103  1.2322812   2.6812165   0.3221603   3.60211342  0.74018847 -1.38056476  0.31122975  1.71728614] 
8:[ 5.34388784e-02 -1.80321048e+00  6.22301627e-01  7.92970899e-02  4.21069149e-01  1.53844025e-01  3.27197416e-02  2.21212557e-03 -1.23374629e+00 -2.14347319e-02 -3.64125050e+00  6.86727749e-01 -1.22352658e-01 -8.73563185e-01 -4.78302514e-03  2.86919556e-01  1.58234137e-02 -4.19003834e+00 -2.28854893e+00  3.53055565e-02 -1.56083406e-02  2.62496454e-01  5.00775406e-01  3.02186878e-01 -3.41649970e-01 -9.54692045e-01 -2.00088412e+00  1.07862695e+00] 
9:[ 1.31366316  1.08599666  0.21999499  1.61345441  0.5507644   0.26523646  0.13480613  0.75894041 -1.83191422  0.27910114 -3.82718611  1.31886083 -0.29821653 -0.76043189  0.11391047  1.10659586  0.05435628 -3.90667615 -2.28531563  0.10230511  1.95672966  0.45244919  0.96917957  1.2719842  1.29781418 -0.61335941 -0.27937186 -0.68237678] 
10:[ 0.65838143 -0.5856315   1.27314471  1.48986948  0.58562942  0.4435355  1.29698237  0.86536416 -2.5446717   0.12443418 -2.89442173  0.6408647 -1.11280441 -1.24535966  0.3229226   0.53244337  0.66634416 -3.42721697 -2.60740845  0.41353897  0.97406839  0.12946337  1.31006366  1.65637688  0.74854525 -0.99855259 -0.1070375   0.99018202] 
11:[ 8.85425797e-01  2.34123466e-01  1.66712398e+00  8.19426624e-01  1.93283816e+00 -2.69756481e-02  8.63304176e-01  7.70550507e-01 -2.77297279e+00  5.67887940e-01 -3.07303274e+00  1.34408385e+00 -1.46899839e+00 -9.37157737e-01 -4.77189708e-02  2.12574209e+00  3.81899220e-04 -4.34760208e+00 -2.63119499e+00  2.19531480e-01  2.51578143e+00  1.59225246e+00  6.19223507e-01  2.26312565e+00  9.82539792e-01 -1.72387497e+00 -7.58584638e-01  1.26686750e+00] 
12:[ 2.48899958 -2.23650911  2.21841536  2.28612327  3.02888522  2.42945173  1.92695305  2.29319262 -1.12257074  1.70013611 -3.82724471  1.96589836  0.77002351 -0.67148778  1.45350808  3.30627141  2.32825458 -3.91267843 -1.90709974  0.65697588  3.74106553  0.46236675  2.83118349  1.55756278  2.82702289 -0.45095599 -0.75227923  1.6778575 ] 
13:[ 0.05230662  0.49685979 -0.76448175  0.0806936   0.41811638  0.14654037  0.02525448  0.00482079 -1.49620505 -0.026728   -3.64124744  0.68175275 -0.20059077 -0.86911877 -0.01034195  0.28207674  0.01075353 -4.18338247 -2.28871537  0.03919809 -0.02074787  0.26787684  0.49595471  1.03772712 -0.34263851  0.13255028 -1.99890731 -0.47242948] 
14:[ 0.70263471  0.2172141   1.83370948  0.82759112  0.49636899 -0.0107647  0.05028559  0.7710648  -2.34379443 -0.11655038 -3.07050704  1.33076314 -0.83938843 -0.95852314 -0.05080756  0.98468464 -0.01083761 -4.34710356 -2.63156648  0.05236682  1.6840738   2.60451198  0.63351552  2.27209655  0.95506123 -1.6722451  -0.4562756   1.24697037] 
15:[ 2.48899956 -2.23650921  2.21841536  2.28612327  3.02886466  2.42945173  1.92695168  2.29319238 -1.12258176  1.70013611 -3.82699376  1.96589836  0.77002351 -0.67148779  1.45350808  3.30627166  2.32825458 -3.91267843 -1.90709974  0.65697589  3.74106554  0.46236675  2.83116564  1.5575627  2.82702289 -0.45095599 -0.75227555  1.6778575 ] 
16:[ 0.74114463  0.25456171  1.91372062  0.95661572  0.5034114  -0.01013157  0.05237131  0.17072615 -2.33851642 -0.07875775 -3.04223284  1.34433938 -0.6299535  -0.80657736 -0.01895851  1.13082639 -0.01204584 -4.23300577 -2.63060779  0.05687075  1.68432462  2.57734639  0.57174536  2.44433422  0.94530265 -1.28206987 -0.35269037  1.37176241] 
17:[-0.10073949 -1.77474907  0.51921271  0.92306061  1.10236205  0.23356797  1.192077    0.50479326 -1.56303563 -0.89111262 -3.26744011  1.91989884  0.14934268 -0.33330003  0.28080904 -0.28098163  0.94502013 -3.1232427 -2.07120013  0.49713893  0.57491639  0.77008002  0.60469418 -0.25607479  0.54521567 -0.03444856 -2.73630684  0.59428069] 
R(T) IDX
0:[ 0.  1.  2.  3.  4.  5.  6.  7.  8.  9. 10. 11. 12. 13. 14. 15. 16. 17. 18. 19. 20. 21. 22. 23. 24. 25. 26. 27.] 
1:[ 0.  1.  2.  3.  4.  5.  6.  7.  8.  9. 10. 11. 12. 13. 14. 15. 16. 17. 18. 19. 20. 21. 22. 23. 24. 25. 26. 27.] 
2:[ 0.  1.  2.  3.  4.  5.  6.  7.  8.  9. 10. 11. 12. 13. 14. 15. 16. 17. 18. 19. 20. 21. 22. 23. 24. 25. 26. 27.] 
3:[ 0.  1.  2.  3.  4.  5.  6.  7.  8.  9. 10. 11. 12. 13. 14. 15. 16. 17. 18. 19. 20. 21. 22. 23. 24. 25. 26. 27.] 
4:[ 0.  1.  2.  3.  4.  5.  6.  7.  8.  9. 10. 11. 12. 13. 14. 15. 16. 17. 18. 19. 20. 21. 22. 23. 24. 25. 26. 27.] 
5:[ 0.  1.  2.  3.  4.  5.  6.  7.  8.  9. 10. 11. 12. 13. 14. 15. 16. 17. 18. 19. 20. 21. 22. 23. 24. 25. 26. 27.] 
6:[ 0.  1.  2.  3.  4.  5.  6.  7.  8.  9. 10. 11. 12. 13. 14. 15. 16. 17. 18. 19. 20. 21. 22. 23. 24. 25. 26. 27.] 
7:[ 0.  1.  2.  3.  4.  5.  6.  7.  8.  9. 10. 11. 12. 13. 14. 15. 16. 17. 18. 19. 20. 21. 22. 23. 24. 25. 26. 27.] 
8:[ 0.  1.  2.  3.  4.  5.  6.  7.  8.  9. 10. 11. 12. 13. 14. 15. 16. 17. 18. 19. 20. 21. 22. 23. 24. 25. 26. 27.] 
9:[ 0.  1.  2.  3.  4.  5.  6.  7.  8.  9. 10. 11. 12. 13. 14. 15. 16. 17. 18. 19. 20. 21. 22. 23. 24. 25. 26. 27.] 
10:[ 0.  1.  2.  3.  4.  5.  6.  7.  8.  9. 10. 11. 12. 13. 14. 15. 16. 17. 18. 19. 20. 21. 22. 23. 24. 25. 26. 27.] 
11:[ 0.  1.  2.  3.  4.  5.  6.  7.  8.  9. 10. 11. 12. 13. 14. 15. 16. 17. 18. 19. 20. 21. 22. 23. 24. 25. 26. 27.] 
12:[ 0.  1.  2.  3.  4.  5.  6.  7.  8.  9. 10. 11. 12. 13. 14. 15. 16. 17. 18. 19. 20. 21. 22. 23. 24. 25. 26. 27.] 
13:[ 0.  1.  2.  3.  4.  5.  6.  7.  8.  9. 10. 11. 12. 13. 14. 15. 16. 17. 18. 19. 20. 21. 22. 23. 24. 25. 26. 27.] 
14:[ 0.  1.  2.  3.  4.  5.  6.  7.  8.  9. 10. 11. 12. 13. 14. 15. 16. 17. 18. 19. 20. 21. 22. 23. 24. 25. 26. 27.] 
15:[ 0.  1.  2.  3.  4.  5.  6.  7.  8.  9. 10. 11. 12. 13. 14. 15. 16. 17. 18. 19. 20. 21. 22. 23. 24. 25. 26. 27.] 
16:[ 0.  1.  2.  3.  4.  5.  6.  7.  8.  9. 10. 11. 12. 13. 14. 15. 16. 17. 18. 19. 20. 21. 22. 23. 24. 25. 26. 27.] 
17:[ 0.  1.  2.  3.  4.  5.  6.  7.  8.  9. 10. 11. 12. 13. 14. 15. 16. 17. 18. 19. 20. 21. 22. 23. 24. 25. 26. 27.] 
R(P) IDX
0:[0. 0. 0. 0. 0. 0. 0. 0. 0. 0. 0. 0. 0. 0. 0. 0. 0. 0. 0. 0. 0. 0. 0. 0. 0. 0. 0. 0.] 
1:[1. 1. 1. 1. 1. 1. 1. 1. 1. 1. 1. 1. 1. 1. 1. 1. 1. 1. 1. 1. 1. 1. 1. 1. 1. 1. 1. 1.] 
2:[2. 2. 2. 2. 2. 2. 2. 2. 2. 2. 2. 2. 2. 2. 2. 2. 2. 2. 2. 2. 2. 2. 2. 2. 2. 2. 2. 2.] 
3:[3. 3. 3. 3. 3. 3. 3. 3. 3. 3. 3. 3. 3. 3. 3. 3. 3. 3. 3. 3. 3. 3. 3. 3. 3. 3. 3. 3.] 
4:[4. 4. 4. 4. 4. 4. 4. 4. 4. 4. 4. 4. 4. 4. 4. 4. 4. 4. 4. 4. 4. 4. 4. 4. 4. 4. 4. 4.] 
5:[5. 5. 5. 5. 5. 5. 5. 5. 5. 5. 5. 5. 5. 5. 5. 5. 5. 5. 5. 5. 5. 5. 5. 5. 5. 5. 5. 5.] 
6:[6. 6. 6. 6. 6. 6. 6. 6. 6. 6. 6. 6. 6. 6. 6. 6. 6. 6. 6. 6. 6. 6. 6. 6. 6. 6. 6. 6.] 
7:[7. 7. 7. 7. 7. 7. 7. 7. 7. 7. 7. 7. 7. 7. 7. 7. 7. 7. 7. 7. 7. 7. 7. 7. 7. 7. 7. 7.] 
8:[8. 8. 8. 8. 8. 8. 8. 8. 8. 8. 8. 8. 8. 8. 8. 8. 8. 8. 8. 8. 8. 8. 8. 8. 8. 8. 8. 8.] 
9:[9. 9. 9. 9. 9. 9. 9. 9. 9. 9. 9. 9. 9. 9. 9. 9. 9. 9. 9. 9. 9. 9. 9. 9. 9. 9. 9. 9.] 
10:[10. 10. 10. 10. 10. 10. 10. 10. 10. 10. 10. 10. 10. 10. 10. 10. 10. 10. 10. 10. 10. 10. 10. 10. 10. 10. 10. 10.] 
11:[11. 11. 11. 11. 11. 11. 11. 11. 11. 11. 11. 11. 11. 11. 11. 11. 11. 11. 11. 11. 11. 11. 11. 11. 11. 11. 11. 11.] 
12:[12. 12. 12. 12. 12. 12. 12. 12. 12. 12. 12. 12. 12. 12. 12. 12. 12. 12. 12. 12. 12. 12. 12. 12. 12. 12. 12. 12.] 
13:[13. 13. 13. 13. 13. 13. 13. 13. 13. 13. 13. 13. 13. 13. 13. 13. 13. 13. 13. 13. 13. 13. 13. 13. 13. 13. 13. 13.] 
14:[14. 14. 14. 14. 14. 14. 14. 14. 14. 14. 14. 14. 14. 14. 14. 14. 14. 14. 14. 14. 14. 14. 14. 14. 14. 14. 14. 14.] 
15:[15. 15. 15. 15. 15. 15. 15. 15. 15. 15. 15. 15. 15. 15. 15. 15. 15. 15. 15. 15. 15. 15. 15. 15. 15. 15. 15. 15.] 
16:[16. 16. 16. 16. 16. 16. 16. 16. 16. 16. 16. 16. 16. 16. 16. 16. 16. 16. 16. 16. 16. 16. 16. 16. 16. 16. 16. 16.] 
17:[17. 17. 17. 17. 17. 17. 17. 17. 17. 17. 17. 17. 17. 17. 17. 17. 17. 17. 17. 17. 17. 17. 17. 17. 17. 17. 17. 17.] 
