NUMBER OF TEMPLATES 25
COMPOSITION A 3 B
pairs , SPACEGROUPS 
[Li Si] , 225 
[P S] , 164 
[O Be] , 187 
[F Si] , 139 
[Be F] , 123 
[Na Cl] , 123 
[Li N] , 194 
[Li Mg] , 123 
[Na F] , 164 
[C B] , 115 
[Mg Cl] , 187 
[N B] , 160 
[Li H] , 162 
[N Al] , 123 
[Li S] , 194 
[Na Si] , 139 
[C S] , 166 
[Mg N] , 164 
[Mg O] , 166 
[C F] , 166 
[Na P] , 225 
[C Li] , 191 
[Li O] , 164 
[P Si] , 129 
[S H] , 107 
RANKING VECTORS ENTHALPIES
0:[-172.69184042 -172.69147892 -172.68512906 -172.68092259 -172.66882778 -172.55742905 -172.53808119 -172.44725542 -172.33835839 -172.26588233 -172.25333197 -172.24394696 -172.22180778 -172.1862067  -172.18568792 -172.18286636 -172.12478664 -172.09346646 -171.98785158 -171.94278 -171.92707044 -171.88781185 -171.81567066 -171.76808615 -171.04704737] 
1:[-212.0730089  -212.05216509 -212.04589698 -212.02362635 -211.85486106 -211.84278847 -211.83992925 -211.82710709 -211.7846392  -211.75767227 -211.75427396 -211.71607011 -211.70214544 -211.6714567  -211.66879036 -211.64366026 -211.61229267 -211.60979779 -211.58212444 -211.46361238 -211.45448981 -211.37575707 -211.29747682 -210.69476148 -210.58972079] 
2:[-429.27289557 -429.2343124  -429.23104625 -428.83329121 -428.79565384 -428.74325171 -428.57888167 -428.57390887 -428.51620998 -428.44935416 -428.42911225 -428.398802   -428.39168953 -428.37242438 -428.32598642 -428.28518567 -428.10903348 -427.90298578 -427.75023391 -427.61399476 -427.61071627 -427.58880125 -427.55322601 -427.24585553 -427.20864591] 
3:[-529.75976727 -528.94510295 -528.90906331 -528.89808341 -528.83104865 -528.75664811 -528.73132924 -528.67012135 -528.54797624 -528.5307328 -528.47561702 -528.47407617 -528.46200058 -528.4435349  -528.42330588 -528.34967642 -528.2093282  -528.1639694  -527.9160077  -527.90408359 -527.70336656 -527.66284806 -527.47838545 -527.45329487 -527.29945873] 
4:[-450.27833128 -450.2664872  -449.99008821 -449.94927783 -449.90937735 -449.86158198 -449.86153891 -449.83536869 -449.75776372 -449.70397709 -449.64539671 -449.63544345 -449.59225509 -449.48924212 -449.33866184 -449.15152218 -449.12528603 -449.03430297 -449.00691218 -448.80472252 -448.78145695 -448.75284194 -448.45277512 -448.40399218 -448.37123399] 
5:[-1039.56431567 -1039.36692522 -1039.34333293 -1039.32626367 -1039.30143678 -1039.28078879 -1039.27170533 -1039.25217771 -1039.24375362 -1039.23860928 -1039.23817644 -1039.18114316 -1039.13744643 -1039.13420831 -1039.12613412 -1039.12353374 -1039.00380847 -1038.95875286 -1038.86467544 -1038.86164928 -1038.85881485 -1038.82175197 -1038.58942995 -1038.57786664 -1038.53749328] 
6:[-215.73916763 -215.73841678 -215.73604549 -215.7340677  -215.72603904 -215.71953796 -215.70992899 -215.70920571 -215.70820771 -215.46429748 -215.2583719  -215.23118696 -215.20465598 -215.03536262 -215.00591709 -215.00527097 -215.00096007 -214.99113115 -214.83233136 -214.49972983 -214.38281388 -214.36720379 -214.01478936 -213.82927346 -213.30977562] 
7:[-546.9287961  -546.92638945 -546.91778113 -546.91453155 -546.91097916 -546.90899354 -546.89608945 -546.89115539 -546.87818198 -546.83731573 -546.83453096 -546.82739815 -546.82351488 -546.78316906 -546.73493874 -546.70295027 -546.68804349 -546.64650984 -546.63205248 -546.58706407 -546.58098772 -546.5673791  -546.54017117 -546.18161488 -545.7012974 ] 
8:[-1096.39487041 -1096.37860177 -1096.37782077 -1096.36512784 -1096.34647325 -1096.29807858 -1096.26581728 -1096.20295594 -1096.1993766  -1096.14943619 -1096.11512892 -1096.06665714 -1096.04572046 -1096.03581673 -1096.03241071 -1096.02557317 -1095.98847692 -1095.98487782 -1095.9354002  -1095.84371853 -1095.83082706 -1095.80603522 -1095.79081446 -1095.73455715 -1095.54346709] 
9:[-140.83141055 -140.82351688 -140.79323567 -140.40403282 -140.15260821 -140.01383431 -139.6548889  -139.52034878 -139.47793889 -139.22012815 -139.17167472 -139.10692857 -139.03023768 -138.81668974 -138.81499815 -138.72915178 -138.65498533 -138.52373411 -138.41051579 -138.34064364 -137.816889   -137.37266886 -137.32673486 -137.32268128 -137.31616757] 
10:[-1318.58285781 -1318.55914147 -1318.54455867 -1318.50919706 -1318.50786206 -1318.4787967  -1318.45802614 -1318.30607286 -1318.26507723 -1318.20739203 -1318.19625096 -1318.01693243 -1317.9862966  -1317.96655684 -1317.96509833 -1317.91602245 -1317.87494109 -1317.79961329 -1317.7636068  -1317.75559316 -1317.61684822 -1317.39316028 -1317.33315317 -1317.27569798 -1316.71296415] 
11:[-229.34629853 -229.29156463 -228.9663785  -228.91862065 -228.84558323 -228.54732397 -228.46279778 -228.4081464  -228.27780879 -228.15597744 -227.92018502 -227.88351802 -227.78518177 -227.73909033 -227.62418827 -227.6236545  -227.45194761 -227.20098106 -227.07761525 -226.79435422 -226.57430446 -226.30006068 -226.24616657 -226.24398994 -226.24073211] 
12:[-148.41555321 -148.41503135 -148.40096984 -148.39996831 -148.39158728 -148.38052868 -148.37473767 -148.36369275 -148.35513595 -148.35290319 -148.34812838 -148.26836864 -148.25883438 -148.24508615 -148.18525001 -148.1795689  -148.14521412 -148.1281663  -147.93087202 -147.79010579 -147.77543552 -147.73257676 -147.71678352 -147.7122614  -147.62217214] 
13:[-224.75540966 -224.3298202  -224.32647409 -224.19405034 -224.0179309 -224.00381455 -223.93318527 -223.6107257  -223.61062909 -223.60844716 -223.59074558 -223.56953484 -223.55650933 -223.5442562  -223.45948931 -223.38566623 -223.32320174 -223.23695994 -223.17858164 -223.07407668 -222.99032296 -222.91549982 -222.90777413 -222.90437406 -222.2274807 ] 
14:[-219.73179408 -219.69558036 -219.56272117 -219.52523738 -219.52013133 -219.51327501 -219.49486784 -219.41942232 -219.41916821 -219.40453695 -219.40025363 -219.35901396 -219.31891753 -219.21266776 -219.16142534 -219.10455397 -219.0917856  -219.08744297 -218.97061728 -218.94989577 -218.87196974 -218.71898413 -218.26536708 -218.16805891 -218.14346329] 
15:[-956.11849109 -956.11714984 -956.1151288  -956.11407292 -956.10817882 -956.03688759 -955.97520537 -955.96103991 -955.90648015 -955.86945673 -955.85454041 -955.85097439 -955.85072516 -955.79314658 -955.73376409 -955.70745044 -955.69801037 -955.69397655 -955.65934889 -955.64900446 -955.6440921  -955.59254438 -955.11261705 -954.68157318 -954.35233107] 
16:[-195.19920867 -195.17149542 -194.66222173 -194.46374091 -194.37045802 -194.03275694 -193.97050901 -193.9466712  -193.66870774 -193.4834569 -193.27769123 -193.23357758 -193.05324019 -193.04237382 -193.03967961 -192.86275238 -192.85482633 -192.76242966 -192.41934815 -192.33764931 -192.17647085 -191.95730188 -191.95258642 -191.94987516 -191.88227188] 
17:[-1278.42298757 -1278.42269661 -1278.42247343 -1278.41411726 -1278.40978809 -1278.40815163 -1278.38769651 -1278.25050194 -1278.23081968 -1278.19617119 -1278.01234852 -1277.96396822 -1277.81055315 -1277.75059428 -1277.68540872 -1277.67009682 -1277.63874796 -1277.56510453 -1277.46854727 -1277.26257268 -1277.2523946  -1277.15249597 -1277.0182224  -1276.94957204 -1276.6154211 ] 
18:[-1320.81679912 -1320.78426614 -1320.76802004 -1320.76662331 -1320.74733835 -1320.74721933 -1320.66784475 -1320.65895972 -1320.50393417 -1320.3487886  -1320.29158367 -1320.21955697 -1320.16544956 -1320.08745052 -1319.98153535 -1319.78073627 -1319.74968644 -1319.69086585 -1319.67720694 -1319.48890846 -1319.4698902  -1319.31080396 -1319.11269921 -1319.08847045 -1318.24425243] 
19:[-288.34771459 -288.31814605 -288.06174555 -287.69757154 -287.45674247 -287.40802436 -287.04268992 -286.30438505 -285.84652365 -285.83118267 -285.77535746 -285.73484686 -285.73008444 -285.62145325 -285.50688648 -285.42540634 -285.31912865 -285.27646053 -285.24632238 -284.9754629 -284.55850485 -284.549186   -284.48051526 -284.3372177  -283.71650868] 
20:[-975.27410385 -975.27261694 -975.26637639 -975.2520572  -975.25125579 -974.99831102 -974.91945544 -974.91744045 -974.90674397 -974.73808639 -974.66801758 -974.57216546 -974.44332826 -974.43223573 -974.43123246 -974.40969204 -974.33977846 -974.32107106 -974.3034569  -974.199367 -974.1339873  -974.11453548 -973.97122374 -973.57830301 -973.21148862] 
21:[-169.76996461 -169.76161937 -169.56855941 -169.49444076 -169.43644672 -169.43632852 -168.69169752 -168.14085373 -168.10672546 -168.10375365 -168.0903059  -168.06811561 -168.05743871 -167.9991513  -167.82138625 -167.73299951 -167.48574974 -167.30306937 -167.27912289 -167.26870218 -167.23388209 -167.19164375 -166.90219923 -166.90199953 -166.42897181] 
22:[-257.71689256 -257.71687484 -257.65060298 -257.63788417 -257.50168971 -257.48438018 -257.47894925 -257.47494779 -257.44451821 -257.43862573 -257.29222316 -257.26868266 -257.2182047  -257.21673142 -257.11053625 -257.09831478 -257.09735052 -257.05319377 -257.01189953 -256.86299986 -256.8620526  -256.64824514 -256.64646368 -256.40660087 -255.93294463] 
23:[-165.92911384 -165.92143852 -165.90593794 -165.88886599 -165.83154384 -165.78534527 -165.78434431 -165.77874723 -165.77507706 -165.7750314 -165.75702945 -165.72829213 -165.67585189 -165.65419768 -165.62024513 -165.61817396 -165.58897913 -165.56757982 -165.53524616 -165.52846566 -165.47235489 -165.45426541 -165.05504121 -164.79388379 -164.51807202] 
24:[-225.05507223 -225.02855256 -225.00945917 -224.99750888 -224.93741041 -224.8958444  -224.8948234  -224.85354828 -224.83631389 -224.8222842 -224.7878763  -224.76329405 -224.72065962 -224.71501929 -224.69816765 -224.68811923 -224.64594045 -224.63189101 -224.54591835 -224.40927572 -224.40911659 -224.39821238 -224.37332971 -224.33745319 -224.31448886] 
RANKING VECTORS IDX
0:[11. 20. 15.  0. 24.  7. 14.  5. 21. 22.  1.  6. 10. 23. 17.  8. 12. 18. 19.  9.  3. 16.  4.  2. 13.] 
1:[ 3.  1. 24. 23. 17. 22.  8. 10.  4.  0. 14. 15.  5.  7. 16. 11. 21. 20. 18. 12.  6. 19.  9.  2. 13.] 
2:[ 2. 13. 11.  3. 23. 12. 24.  1. 15.  6. 22.  9. 18. 17.  8. 10.  5.  7. 14.  0. 20. 21. 16.  4. 19.] 
3:[ 3.  6. 23. 17. 12. 22.  1. 24. 14. 11. 20.  7.  0. 15. 13.  9.  5.  2.  4. 10. 18.  8. 19. 21. 16.] 
4:[ 4.  1. 10. 18. 23.  8. 17.  5. 11. 12.  9. 16. 19.  7. 14. 24. 15.  3.  6. 13.  2. 22. 20.  0. 21.] 
5:[ 5. 23. 14. 17.  8. 10. 11. 15. 18.  6.  1. 22. 20. 24. 12.  0. 21. 16.  3.  7. 19.  9.  2. 13.  4.] 
6:[24.  0. 20. 15. 18. 11.  6. 22.  1. 14. 17.  8.  7. 12. 21. 23.  3.  2.  5.  9. 10. 13. 19.  4. 16.] 
7:[14. 15.  5. 24.  7.  0. 20. 23. 18.  8. 17.  1. 10. 11.  3. 22. 12. 19. 16.  9. 21.  6.  4.  2. 13.] 
8:[23. 17.  8. 10. 18.  5. 12.  1. 22.  6. 13.  3. 14.  9. 11. 16. 19.  7. 24. 15.  2. 20.  0. 21.  4.] 
9:[19. 16.  9. 22.  6.  1. 12. 11.  3. 21. 23. 18. 24.  8. 17.  5. 10. 13.  2.  4. 14.  7. 15.  0. 20.] 
10:[10. 18. 23.  8.  5. 17.  1. 12. 11. 15.  7.  4.  9. 14. 16. 24. 19.  6. 20.  0.  3. 22. 21. 13.  2.] 
11:[ 2. 11.  1. 22.  6. 13.  3.  9. 12. 24. 19. 23. 16. 18. 17.  8. 10. 14. 21.  4.  5.  7. 20. 15.  0.] 
12:[ 8. 17. 12. 11. 23. 18. 10.  5.  1. 13. 22. 16. 19.  3.  6.  2.  9. 14.  7. 15. 24.  4. 20.  0. 21.] 
13:[13.  2. 11. 23.  9. 24.  3. 17.  8. 18.  1.  6. 22.  5. 15. 12. 14. 10.  7. 21. 19. 16. 20.  0.  4.] 
14:[ 7. 14. 15.  1. 22. 24.  6. 11. 20.  0. 18.  3. 23.  5. 12. 17.  8. 19. 10. 21.  2.  9.  4. 13. 16.] 
15:[ 0. 20. 11. 15. 24.  7. 14. 23.  5. 10.  8. 17.  1.  9. 19.  6. 22. 18.  4. 16.  3. 12. 21.  2. 13.] 
16:[19. 16.  1. 21. 12.  9. 11. 22.  3. 23. 24. 18. 10.  8. 17. 14. 13.  4.  2.  5.  6.  0. 20. 15.  7.] 
17:[ 8. 17. 18.  1. 22. 23. 12. 11.  5. 10. 13.  3.  6. 24. 15. 14.  7.  2.  9. 20.  0. 16. 19.  4. 21.] 
18:[23. 18. 22.  1. 17.  8. 10. 12.  5. 16. 13.  3. 11.  9. 19.  6. 15. 24.  2.  7. 14.  4. 20.  0. 21.] 
19:[19. 16. 22.  1. 21. 12. 11.  9. 18. 10.  3. 17.  8. 23. 14.  2.  4. 24.  6.  5. 20.  0. 15.  7. 13.] 
20:[24.  0. 20. 15. 11. 14.  6.  7. 22. 21. 23.  5. 10.  8. 17. 18.  3.  1.  9. 12.  4. 19. 16.  2. 13.] 
21:[21. 12. 22.  1. 19. 16.  9. 10.  8. 17. 18. 11. 23.  3.  5. 14.  2.  6.  7. 15. 24.  4. 20.  0. 13.] 
22:[ 1. 22. 14.  3. 23. 17. 12.  8.  6.  7.  5. 18. 11.  2. 24. 21. 15. 10. 13.  0. 20. 16. 19.  9.  4.] 
23:[18. 24. 23.  3.  1. 16. 22. 11. 17.  8. 10. 20.  7. 15.  5.  0.  4. 19. 14. 12.  6. 21.  9.  2. 13.] 
24:[16.  4.  3. 24. 22.  1. 18. 13. 23. 11.  2. 17.  8. 19.  6. 12. 10. 14.  5. 15.  7.  9.  0. 20. 21.] 
POSCARS
EA28    3.597  6.311  3.657 88.97 60.55 73.45 Sym.group:  225
1.0
   1.8077070000000000    0.4377700000000000    3.0783909999999999
   1.8470290000000000    6.0324150000000003    0.1577050000000000
  -1.8473470000000001    0.5534210000000001    3.1066460000000000
Li Si
6 2
direct
   0.8810890000000000    0.9373170000000000    0.8096800000000000 Li
   0.8806010000000000    0.4373940000000000    0.3089500000000000 Li
   0.1309080000000000    0.5611960000000000    0.6849890000000000 Li
   0.1315640000000000    0.0613750000000000    0.1842660000000000 Li
   0.3815370000000000    0.6852070000000000    0.0605880000000000 Li
   0.3818720000000000    0.1852070000000000    0.5591090000000000 Li
   0.6312750000000000    0.8112870000000000    0.4351710000000000 Si
   0.6312460000000000    0.3113000000000000    0.9339990000000000 Si
EA309   3.124  3.123 10.959 90.13 89.88 119.64 Sym.group:  164
1.0
   3.1232570000000002   -0.0490040000000000    0.0310040000000000
  -1.5005489999999999    2.7350590000000001   -0.1534920000000000
  -0.0765650000000000    0.5440080000000000   10.9452230000000004
P S
6 2
direct
   0.8142980000000000    0.6039410000000000    0.1301040000000000 P
   0.4848110000000000    0.9354160000000000    0.7235210000000000 P
   0.4836550000000000    0.9358160000000000    0.3694230000000000 P
   0.1534270000000000    0.2671320000000000    0.6094700000000000 P
   0.8153049999999999    0.6045280000000000    0.4840730000000000 P
   0.1459080000000000    0.2727800000000000    0.2441500000000000 P
   0.4751320000000000    0.9430220000000000    0.0120100000000000 S
   0.8236200000000000    0.5962760000000000    0.8416050000000000 S
EA193   2.487  2.490  5.228 90.00 89.91 119.91 Sym.group:  187
1.0
   2.4873400000000001   -0.0044590000000000   -0.0142020000000000
  -1.2379819999999999    2.1608250000000000   -0.0001040000000000
   0.0380280000000000    0.0216920000000000    5.2280379999999997
O Be
3 1
direct
   0.6637100000000000    0.2912760000000000    0.8361680000000000 O
   0.3303410000000000    0.6277410000000000    0.2212700000000000 O
   0.6643740000000000    0.2915900000000000    0.6065220000000000 O
   0.9970950000000000    0.9617520000000001    0.2222290000000000 Be
EA49    3.429  3.428  5.892 73.75 106.55 89.69 Sym.group:  139
1.0
   3.4286680000000000   -0.0290100000000000   -0.0190210000000000
   0.0478230000000000    3.4277579999999999    0.0508410000000000
  -1.6349940000000001    1.5913090000000001    5.4320709999999996
F Si
6 2
direct
   0.4572150000000000    0.9223990000000000    0.1505830000000000 F
   0.9617780000000000    0.4160390000000000    0.1563520000000000 F
   0.6030219999999999    0.2810480000000000    0.4418350000000000 F
   0.1003910000000000    0.7761920000000000    0.4417150000000000 F
   0.8159900000000000    0.0573970000000000    0.8651460000000000 F
   0.3186350000000000    0.5622070000000000    0.8652590000000000 F
   0.1057130000000000    0.2734180000000000    0.4472950000000000 Si
   0.3133020000000000    0.0649530000000000    0.8597010000000000 Si
EA151   2.211  5.436  2.208 90.05 90.00 89.91 Sym.group:  123
1.0
   2.2109899999999998    0.0293350000000000    0.0011930000000000
  -0.0631640000000000    5.4352349999999996   -0.0332400000000000
  -0.0014330000000000    0.0114740000000000    2.2083810000000001
Be F
3 1
direct
   0.2408190000000000    0.3943120000000000    0.7488640000000000 Be
   0.7391400000000000    0.6228040000000000    0.2499610000000000 Be
   0.2372880000000000    0.8514980000000000    0.7509550000000000 Be
   0.2340590000000000    0.1228960000000000    0.7418140000000000 F
EA25    4.358  4.358  5.426 89.95 89.97 89.74 Sym.group:  123
1.0
   4.3579410000000003   -0.0084760000000000    0.0003470000000000
   0.0284910000000000    4.3581430000000001   -0.0037910000000000
   0.0025530000000000    0.0093220000000000    5.4260109999999999
Na Cl
6 2
direct
   0.7495390000000000    0.7499530000000000    0.8863550000000000 Na
   0.2492800000000000    0.2494980000000000    0.8868710000000000 Na
   0.2489800000000000    0.7494810000000000    0.6187250000000000 Na
   0.7502529999999999    0.2507260000000000    0.1544940000000000 Na
   0.2497470000000000    0.7502770000000000    0.1546400000000000 Na
   0.7499580000000000    0.2499070000000000    0.6186570000000000 Na
   0.7496170000000000    0.7502500000000000    0.3867020000000000 Cl
   0.2500310000000000    0.2498790000000000    0.3868280000000000 Cl
EA60    3.146  5.569  3.146 90.00 119.97 89.99 Sym.group:  194
1.0
   3.1463049999999999   -0.0001700000000000    0.0001140000000000
   0.0012890000000000    5.5691100000000002   -0.0002810000000000
  -1.5714640000000000    0.0006360000000000    2.7253440000000002
Li N
6 2
direct
   0.3902400000000000    0.3765880000000000    0.3918910000000000 Li
   0.3879020000000000    0.8760590000000000    0.3927290000000000 Li
   0.0557030000000000    0.2088120000000000    0.7250770000000000 Li
   0.7218930000000000    0.7090180000000000    0.0591940000000000 Li
   0.7217410000000000    0.0459530000000000    0.0591890000000000 Li
   0.0567810000000000    0.5457140000000000    0.7256570000000000 Li
   0.7235350000000000    0.3775120000000000    0.0585240000000000 N
   0.0546020000000000    0.8773550000000000    0.7260730000000000 N
EA189   2.900  3.661  3.672 90.08 90.05 90.08 Sym.group:  123
1.0
   2.8998930000000001   -0.0010510000000000   -0.0006150000000000
  -0.0037780000000000    3.6611400000000001    0.0078060000000000
  -0.0023180000000000   -0.0127030000000000    3.6721309999999998
Li Mg
3 1
direct
   0.9081780000000000    0.2291460000000000    0.9279440000000000 Li
   0.9087340000000000    0.7319550000000000    0.4280560000000000 Li
   0.4089830000000000    0.2309890000000000    0.4278420000000000 Li
   0.4081690000000000    0.7291400000000000    0.9282960000000000 Mg
EA108   2.663  2.633  7.262 90.15 89.75 60.53 Sym.group:  164
1.0
   2.6627109999999998   -0.0028240000000000   -0.0033660000000000
   1.2975570000000001    2.2906209999999998    0.0006150000000000
   0.0414410000000000   -0.0478060000000000    7.2615650000000000
Na F
3 1
direct
   0.0076430000000000    0.0054250000000000    0.0009020000000000 Na
   0.3353380000000000    0.3333280000000000    0.3144020000000000 Na
   0.6486459999999999    0.6776870000000000    0.6873670000000000 Na
   0.9918040000000000    0.0055350000000000    0.5009270000000000 F
EA26    3.787  2.390  2.421 89.99 89.77 90.00 Sym.group:  115
1.0
   3.7741810000000000   -0.1598870000000000   -0.2637700000000000
   0.0910430000000000    2.3835430000000000   -0.1420740000000000
   0.1841920000000000    0.1371600000000000    2.4098830000000002
C B
3 1
direct
   0.3904840000000000    0.9936980000000000    0.3644610000000000 C
   0.8456630000000001    0.4936930000000000    0.8664590000000000 C
   0.6190260000000000    0.4937060000000000    0.3710200000000000 C
   0.1220860000000000    0.9937420000000000    0.8721710000000000 B
EA118   2.829  2.828  7.683 90.01 89.99 119.57 Sym.group:  187
1.0
   2.8284129999999998   -0.0275620000000000   -0.0084040000000000
  -1.3715029999999999    2.4735459999999998    0.0028320000000000
   0.0245550000000000    0.0040440000000000    7.6829460000000003
Mg Cl
3 1
direct
   0.8673650000000001    0.4301320000000000    0.2446240000000000 Mg
   0.2061160000000000    0.0936600000000000    0.9758930000000000 Mg
   0.2041800000000000    0.0918820000000000    0.5133340000000000 Mg
   0.5397130000000000    0.7572650000000000    0.7445820000000000 Cl
EA254   2.471  2.471  5.583 89.28 102.37 119.99 Sym.group:  160
1.0
   1.2360730000000000   -2.1391040000000001   -0.0090480000000000
   1.2349990000000000    2.1398999999999999    0.0389070000000000
  -1.1906630000000000    0.6701080000000000    5.4133909999999998
N B
3 1
direct
   0.9624840000000000    0.7294530000000000    0.1376970000000000 N
   0.8176220000000000    0.6524350000000000    0.9360940000000000 N
   0.8849620000000000    0.1853900000000000    0.5310340000000000 N
   0.5558930000000000    0.5205830000000000    0.5381350000000000 B
EA33    3.961  3.961  3.868 89.97 89.62 60.01 Sym.group:  162
1.0
   3.9607239999999999    0.0001430000000000   -0.0028020000000000
   1.9795590000000001    3.4305530000000002   -0.0018280000000000
   0.0285870000000000   -0.0124190000000000    3.8680219999999998
Li H
6 2
direct
   0.3347190000000000    0.0052410000000000    0.2498340000000000 Li
   0.6604650000000000    0.3421820000000000    0.2491500000000000 Li
   0.9979330000000000    0.6679550000000000    0.2493650000000000 Li
   0.6641899999999999    0.0034180000000000    0.7540530000000000 Li
   0.3383000000000000    0.6665960000000000    0.7547170000000000 Li
   0.0008560000000000    0.3408890000000000    0.7545610000000000 Li
   0.6660020000000000    0.6712770000000000    0.0024830000000000 H
   0.3328290000000000    0.3374860000000000    0.0014690000000000 H
EA82    2.575  2.610  4.900 90.44 90.73 90.00 Sym.group:  123
1.0
   2.5752860000000002   -0.0004130000000000    0.0039580000000000
   0.0004330000000000    2.6095799999999998   -0.0000060000000000
  -0.0700260000000000   -0.0377300000000000    4.8991009999999999
N Al
3 1
direct
   0.8702320000000000    0.8723020000000000    0.9903480000000000 N
   0.3720030000000000    0.3745410000000000    0.3772520000000000 N
   0.8736429999999999    0.8746610000000000    0.7641310000000000 N
   0.8720030000000000    0.8745570000000000    0.3772450000000000 Al
EA100   4.666  4.664  3.530 90.04 90.04 60.03 Sym.group:  194
1.0
   4.6653770000000003    0.0470670000000000   -0.0396690000000000
   2.2886229999999999    4.0634189999999997   -0.0393060000000000
   0.0271610000000000    0.0157990000000000    3.5293779999999999
Li S
6 2
direct
   0.0903270000000000    0.6970820000000000    0.7398550000000000 Li
   0.2618280000000000    0.8669390000000000    0.2394270000000000 Li
   0.0901660000000000    0.2076010000000000    0.7392670000000000 Li
   0.7508240000000000    0.3777190000000000    0.2395850000000000 Li
   0.5793580000000000    0.2077920000000000    0.7400139999999999 Li
   0.7510540000000000    0.8671500000000000    0.2401720000000000 Li
   0.2539610000000000    0.3706830000000000    0.2397080000000000 S
   0.5872200000000000    0.7040710000000000    0.7397319999999999 S
EA117   3.686  3.819  4.492 115.05 113.77 90.23 Sym.group:  139
1.0
   3.6835429999999998    0.1437160000000000    0.0188630000000000
  -0.1644540000000000    3.8152990000000000   -0.0003170000000000
  -1.7533550000000000   -1.9791099999999999    3.6315640000000000
Na Si
3 1
direct
   0.6949160000000000    0.6942930000000000    0.0041610000000000 Na
   0.4442080000000000    0.9416679999999999    0.4990780000000000 Na
   0.9449760000000000    0.4471550000000000    0.5097550000000000 Na
   0.1948900000000000    0.1945280000000000    0.0045180000000000 Si
EA253   2.449  2.461 10.419 96.72 96.70 60.75 Sym.group:  166
1.0
   1.2800060000000000    2.0878540000000001    0.0093590000000000
  -1.2022320000000000    2.1473490000000002    0.0245600000000000
   0.0365320000000000   -1.4941640000000000   10.3115299999999994
C S
6 2
direct
   0.0697190000000000    0.3043280000000000    0.4846960000000000 C
   0.2155190000000000    0.4531080000000000    0.9182300000000000 C
   0.8660390000000000    0.1033890000000000    0.8713180000000000 C
   0.8174360000000001    0.0539610000000000    0.7252950000000000 C
   0.4679800000000000    0.7035160000000000    0.6776300000000000 C
   0.4192400000000000    0.6540540000000000    0.5316080000000000 C
   0.2722760000000000    0.5122130000000000    0.0902550000000000 S
   0.0122220000000000    0.2450630000000000    0.3126720000000000 S
EA215   2.900  6.201  2.901 89.89 60.06 89.92 Sym.group:  164
1.0
   2.9000569999999999   -0.0011820000000000    0.0008240000000000
   0.0113450000000000    6.2013040000000004   -0.0053170000000000
   1.4471220000000000    0.0048800000000000    2.5139710000000002
Mg N
3 1
direct
   0.3270950000000000    0.8593220000000000    0.2148300000000000 Mg
   0.9945610000000000    0.5350670000000000    0.8830330000000000 Mg
   0.6567060000000000    0.1970950000000000    0.5532350000000000 Mg
   0.6609840000000000    0.6972100000000000    0.5488080000000000 N
EA305   2.731  2.746  6.898 79.26 90.01 60.19 Sym.group:  166
1.0
   2.7307470000000000    0.0006470000000000   -0.0013580000000000
   1.3647330000000000    2.3830870000000002    0.0030340000000000
   0.0015410000000000    1.4716430000000000    6.7390220000000003
Mg O
3 1
direct
   0.0538140000000000    0.5506210000000000    0.8638790000000000 Mg
   0.6079850000000000    0.4389080000000000    0.5101290000000001 Mg
   0.8359730000000000    0.0019350000000000    0.1869850000000000 Mg
   0.3308240000000000    0.9943630000000000    0.6869330000000000 O
EA421   2.441  2.441  9.044 97.49 97.70 60.05 Sym.group:  166
1.0
   2.4404210000000002    0.0263450000000000   -0.0126750000000000
   1.1958730000000000    2.1279390000000000   -0.0421010000000000
  -1.1598180000000000   -0.5240660000000000    8.9535909999999994
C F
6 2
direct
   0.0677500000000000    0.7396820000000000    0.6030700000000000 C
   0.2387960000000000    0.8964950000000000    0.1041810000000000 C
   0.4197060000000000    0.0903880000000000    0.6578920000000000 C
   0.8294400000000000    0.4935540000000000    0.8815600000000000 C
   0.4770630000000000    0.1426080000000000    0.8256920000000000 C
   0.8868200000000001    0.5457820000000000    0.0493590000000000 C
   0.2895180000000000    0.9448990000000000    0.2539940000000000 F
   0.0173660000000000    0.6913899999999999    0.4532580000000000 F
EA116   4.096  4.095  4.099 60.09 60.09 90.09 Sym.group:  225
1.0
   4.0959519999999996    0.0070610000000000   -0.0055870000000000
  -0.0135790000000000    4.0946309999999997    0.0019490000000000
   2.0443020000000001    2.0494849999999998    2.9018890000000002
Na P
3 1
direct
   0.7443610000000001    0.6901700000000000    0.0603990000000000 Na
   0.2448690000000000    0.1903020000000000    0.0600230000000000 Na
   0.4945900000000000    0.9402199999999999    0.5602090000000000 Na
   0.9946650000000000    0.4402530000000000    0.5601770000000000 P
EA186   4.245  3.021  4.245 89.96 60.01 89.95 Sym.group:  191
1.0
   2.1235430000000002    0.0167520000000000   -3.6756419999999999
   0.0472770000000000    3.0201389999999999    0.0378630000000000
   4.2445349999999999   -0.0632660000000000    0.0010660000000000
C Li
6 2
direct
   0.3318190000000000    0.0048540000000000    0.6188260000000000 C
   0.3317940000000000    0.0048310000000000    0.2870890000000000 C
   0.0000340000000000    0.0047700000000000    0.2870630000000000 C
   0.6682450000000000    0.0047680000000000    0.6188540000000000 C
   0.0000070000000000    0.0048500000000000    0.9506380000000000 C
   0.6682700000000000    0.0048100000000000    0.9506110000000000 C
   0.6666960000000000    0.5048100000000000    0.2855350000000000 Li
   0.3333530000000000    0.5048190000000000    0.9521630000000000 Li
EA1     2.916  2.915  7.106 89.98 90.02 119.98 Sym.group:  164
1.0
   1.4623340000000000   -2.5226600000000001    0.0014090000000000
   1.4541970000000000    2.5268380000000001   -0.0016330000000000
   0.0004350000000000    0.0075920000000000    7.1064179999999997
Li O
6 2
direct
   0.6699640000000000    0.9604210000000000    0.1676180000000000 Li
   0.0035520000000000    0.6270070000000000    0.0086470000000000 Li
   0.3364680000000000    0.2936960000000000    0.8397130000000000 Li
   0.3359180000000000    0.2939730000000000    0.3415060000000000 Li
   0.6691660000000000    0.9605629999999999    0.6694080000000000 Li
   0.0022710000000000    0.6273800000000000    0.5005140000000000 Li
   0.6700790000000000    0.9603640000000000    0.9220110000000000 O
   0.3356900000000000    0.2939890000000000    0.5870980000000000 O
EA286   9.011  3.200  3.199 90.00 90.02 90.04 Sym.group:  129
1.0
   8.9981510000000000   -0.4793360000000000   -0.0031880000000000
   0.1682160000000000    3.1953170000000002    0.0000640000000000
  -0.0000550000000000   -0.0002810000000000    3.1992720000000001
P Si
6 2
direct
   0.3228800000000000    0.4062430000000000    0.5434380000000000 P
   0.8210080000000000    0.9064200000000000    0.0431350000000000 P
   0.5734860000000001    0.4063210000000000    0.5426870000000000 P
   0.5710850000000000    0.9062560000000000    0.0428980000000000 P
   0.8234060000000000    0.4064910000000000    0.5429540000000000 P
   0.0716080000000000    0.9065130000000000    0.0425200000000000 P
   0.0722600000000000    0.4066470000000000    0.5425270000000000 Si
   0.3222290000000000    0.9061090000000001    0.0434160000000000 Si
EA2     3.768  3.749  3.766 108.79 109.00 110.48 Sym.group:  107
1.0
   1.1982489999999999   -1.8385670000000001   -3.0631460000000001
   1.1596070000000001    3.5647400000000000   -0.0719440000000000
   1.4112130000000001   -1.6733359999999999    3.0643660000000001
S H
3 1
direct
   0.3439790000000000    0.3512090000000000    0.0017120000000000 S
   0.3158530000000000    0.8223350000000000    0.5021450000000000 S
   0.8155240000000000    0.3221430000000000    0.5016010000000000 S
   0.0248190000000000    0.0256390000000000    0.0030680000000000 H
