NUMBER OF TEMPLATES 47
COMPOSITION A 1 B
pairs , SPACEGROUPS 
[Al Na] , 141 
[Mg N] , 187 
[B N] , 216 
[Be O] , 186 
[C F] , 164 
[Li Si] , 123 
[C H] , 166 
[H P] , 129 
[Al Si] , 123 
[F Mg] , 164 
[Mg O] , 225 
[F Na] , 225 
[N Si] , 156 
[B C] , 139 
[Al F] , 191 
[C Li] , 160 
[H Li] , 225 
[Cl P] , 129 
[Be F] , 166 
[Al O] , 166 
[B P] , 216 
[P Si] , 225 
[Cl Na] , 225 
[F Li] , 194 
[Al Li] , 227 
[Cl O] , 139 
[Na S] , 123 
[N O] , 160 
[F P] , 129 
[Na Si] , 123 
[S Si] , 166 
[B S] , 166 
[B Be] , 164 
[Al N] , 186 
[Li Na] , 187 
[H Na] , 225 
[Cl Mg] , 164 
[B Li] , 166 
[H Si] , 191 
[Al S] , 139 
[Be Cl] , 166 
[Mg S] , 225 
[C Si] , 216 
[Li N] , 139 
[Cl Li] , 225 
[C P] , 164 
[Li O] , 187 
RANKING VECTORS ENTHALPIES
0:[-648.25956144 -648.25883285 -648.25142361 -648.24614845 -648.14040044 -648.10770895 -648.10697655 -648.10531982 -648.07941453 -648.078219 -648.07077615 -648.06917499 -648.06085644 -648.05493474 -648.05357807 -648.04728747 -648.0199387  -648.0189025  -647.99986434 -647.9991563 -647.99632087 -647.99529706 -647.94555824 -647.93914883 -647.9230797 -647.86487753 -647.81501371 -647.81112938 -647.17422212 -647.17397665 -647.16369245 -647.05235333 -647.04518242 -646.91566099 -646.91549564 -646.91418377 -646.86437096 -646.86413707 -646.86405858 -646.86402171 -646.86392519 -646.77488222 -645.85193336 -645.84718121 -645.35096235 -645.31613962 -645.31609007] 
1:[-946.25378227 -946.23359922 -946.0586664  -946.02822513 -946.02732193 -946.00371766 -946.00282769 -946.00278322 -946.00247193 -946.00224191 -946.00219454 -946.00217298 -946.00183931 -946.00172002 -945.99412122 -945.99253406 -945.96368953 -945.9117461  -945.91079211 -945.90864705 -945.90316807 -945.88835806 -945.86738825 -945.65090386 -945.57720918 -945.52620858 -945.48221268 -945.48203848 -945.48195038 -945.4809695 -945.48095567 -945.30257646 -945.30186277 -945.14628582 -945.09712753 -944.98415332 -944.98414465 -944.97975801 -944.86976907 -944.859071 -944.55521549 -944.4223248  -944.36315712 -944.05205103 -944.04793492 -943.60482652 -943.60248469] 
2:[-180.52723124 -180.52552052 -180.52546917 -180.52289577 -180.50579788 -180.50572557 -180.09384769 -180.09360002 -180.08898087 -180.05867815 -180.03708662 -180.00248707 -180.00169864 -179.99776052 -179.99221543 -179.33535871 -178.93390646 -178.92488791 -178.92487217 -178.92472705 -178.92472253 -178.92392455 -178.90300743 -178.9029461  -178.9029216 -178.8766196  -178.83417799 -178.72382083 -178.59336397 -178.57927287 -178.5750976  -178.49008627 -178.39365474 -178.05780803 -178.05633114 -178.02781565 -177.83709374 -177.80755167 -177.79686526 -177.79430882 -177.57604486 -177.15193291 -176.75553564 -176.75135356 -176.74972407 -176.36962077 -176.15412087] 
3:[-414.37249339 -414.37190198 -414.37029717 -414.36984658 -414.36964902 -414.36951236 -414.36835721 -414.18438958 -414.18207648 -414.18082774 -414.17461939 -414.14835191 -414.14823056 -414.1469078  -414.14660901 -414.14630788 -414.14521096 -414.14502373 -414.14317887 -414.14298168 -414.14180929 -414.139643   -414.11774559 -414.07958939 -414.04021279 -414.03802741 -413.96144578 -413.76632896 -413.76489485 -413.76139091 -413.75622699 -413.75419511 -413.6939492  -413.61424446 -413.61011704 -413.58734613 -413.4487874  -413.37779012 -412.81973128 -412.77945394 -412.77945335 -412.77942273 -412.77552021 -412.39198616 -412.38958706 -411.0458985  -410.9325836 ] 
4:[-414.63788139 -414.63787073 -414.63776585 -414.63689335 -414.63623796 -414.63223226 -414.0325626  -413.73752945 -413.73603404 -413.73408083 -413.6098896  -413.5360151  -413.53391368 -413.52556287 -413.44504688 -413.00238142 -412.68271915 -412.68224282 -412.64029641 -412.44398118 -412.11494111 -412.07403349 -412.0733707  -411.89939196 -411.87125345 -411.70313172 -411.68287878 -411.6714381  -411.66546077 -411.66226105 -411.49000792 -411.48894935 -411.47774298 -411.45598762 -411.43481517 -411.42763968 -410.8304831  -410.83047597 -410.82613454 -410.82612547 -410.82612506 -410.82612211 -410.82612094 -410.82438033 -410.15539372 -410.15539351 -410.1546732 ] 
5:[-152.25903308 -152.25879708 -152.24322418 -152.23898803 -152.1899721 -152.07608997 -152.05162314 -152.01979673 -152.01883332 -152.01744418 -152.00351544 -151.9970547  -151.98085127 -151.98055965 -151.93997471 -151.88286559 -151.83344428 -151.80863626 -151.7754416  -151.72750666 -151.7088448  -151.68176826 -151.66197133 -151.65991133 -151.65518206 -151.53795752 -151.44615478 -151.43104426 -151.4262201  -151.40066322 -151.39443197 -151.39403853 -151.37933004 -151.29162635 -151.15998135 -151.15989589 -151.15989342 -151.15986495 -151.15986313 -151.14522099 -151.10065976 -151.10058372 -150.59913884 -150.59425134 -149.70147916 -149.70147762 -149.66735072] 
6:[-88.37498626 -88.37308147 -88.36963553 -88.36231441 -88.3605551 -88.35997309 -88.35745056 -88.34258814 -87.95717818 -87.67129334 -87.62792356 -87.48268848 -87.48257523 -87.48199149 -86.98828392 -86.88421409 -86.72348534 -86.67914426 -86.66856525 -86.63551958 -86.63521654 -86.63371122 -86.59108109 -86.58301606 -86.57464465 -86.46249673 -86.42280705 -86.31977571 -86.3166952  -86.28404492 -86.20728417 -86.16203644 -85.88137277 -85.8673706  -85.81342776 -85.78716924 -85.71809612 -85.71809611 -85.69717286 -85.67775459 -85.67774118 -85.67749902 -85.6760759  -85.67576637 -85.66500538 -85.66179662 -85.63241736] 
7:[-99.34360644 -99.27956435 -99.19412888 -99.19272625 -99.1824063 -99.17630417 -99.11945507 -99.08446058 -99.06964985 -99.0501186 -99.04242863 -99.03623934 -99.02984292 -99.01565325 -98.99903983 -98.99686508 -98.996863   -98.98250701 -98.98228171 -98.97913579 -98.97643219 -98.95137087 -98.9418078  -98.93778684 -98.91987561 -98.9134748  -98.88666847 -98.88578807 -98.88556027 -98.88475757 -98.8737693  -98.83557093 -98.80987918 -98.78861173 -98.78718164 -98.78529316 -98.73412015 -98.71598762 -98.71598762 -98.71598426 -98.71598426 -98.70939387 -98.70939107 -98.70442781 -98.55664474 -98.53778524 -98.53759161] 
8:[-84.87266455 -84.86050838 -84.85798501 -84.85787621 -84.85117088 -84.83063871 -84.82090956 -84.81715462 -84.79821066 -84.78357107 -84.78311752 -84.77946561 -84.77054211 -84.76751268 -84.76414242 -84.7576771  -84.68544076 -84.67459595 -84.67383495 -84.62499593 -84.62204828 -84.60149574 -84.55635923 -84.5434905  -84.39463806 -84.37836579 -84.27053047 -84.26438753 -84.22117303 -84.21749657 -84.18787914 -84.18190709 -84.16077056 -84.16045145 -84.16041942 -84.16029703 -84.16029464 -84.13459833 -84.1344709  -84.13242136 -83.6040623  -83.27774656 -83.23540123 -83.2324328  -82.80233313 -82.80233134 -82.79865461] 
9:[-1140.88295972 -1140.88295887 -1140.88078794 -1140.74799411 -1140.74465249 -1140.74134008 -1140.72913642 -1140.72714384 -1140.7222383  -1140.72133631 -1140.71272507 -1140.70464306 -1140.68097048 -1140.58013092 -1140.55664107 -1140.54330587 -1140.25575203 -1140.23366869 -1140.20674065 -1140.20621854 -1140.18215969 -1140.16362641 -1140.15814528 -1140.13226976 -1140.12290083 -1140.12196492 -1140.12195497 -1140.11519889 -1140.10976871 -1140.10476538 -1140.10128343 -1140.1003466 -1140.07957727 -1140.05786373 -1140.05785609 -1140.02842914 -1139.83289786 -1139.83280349 -1139.83203267 -1139.83190127 -1139.82606538 -1139.8232711  -1139.72689476 -1139.48763103 -1139.27519401 -1138.97005644 -1138.96756484] 
10:[-1031.63857323 -1031.63822166 -1031.63800215 -1031.6378839 -1031.63721418 -1031.6369417  -1031.63669936 -1031.63629825 -1031.63623523 -1031.63514272 -1031.63377781 -1031.63340404 -1031.45562827 -1031.3263837  -1031.32042131 -1031.21507347 -1031.1731171  -1031.17304911 -1031.1718707  -1031.1717761 -1031.17174856 -1031.17037286 -1030.99699173 -1030.99544248 -1030.98850275 -1030.96549789 -1030.96382934 -1030.96379247 -1030.9637858  -1030.89396179 -1030.89388816 -1030.89388431 -1030.88897354 -1030.69668811 -1030.65800403 -1030.60940158 -1030.60923374 -1030.40951109 -1030.15945716 -1030.15701297 -1030.15570297 -1030.07780603 -1029.80216049 -1028.99197468 -1028.54068095 -1028.43111404 -1028.43087432] 
11:[-955.56030206 -955.55991802 -955.55716565 -955.55605256 -955.45453305 -955.45429523 -955.45417043 -955.45402021 -955.45398544 -955.45393931 -955.45340743 -955.45327696 -955.45313379 -955.45312158 -955.45221428 -955.44504777 -955.40558909 -955.40102894 -955.38365035 -955.35885908 -955.16251999 -955.16238163 -955.16122218 -955.15110122 -954.94587239 -954.90497733 -954.90496005 -954.90461938 -954.90401231 -954.90386509 -954.901292   -954.85425091 -954.85422275 -954.85414059 -954.85049077 -954.85005777 -954.85005198 -954.85001369 -954.81095195 -954.70921108 -954.6486843  -954.59191618 -954.59189224 -954.59186641 -954.55595314 -953.78938722 -953.78910169] 
12:[-196.4310444  -196.42899977 -196.42875569 -196.19346551 -196.09648348 -196.02268329 -196.01460602 -195.98688612 -195.95636933 -195.90015679 -195.89793851 -195.87569539 -195.873909   -195.75746735 -195.74436126 -195.74433379 -195.73651151 -195.72838296 -195.7268481  -195.7263829 -195.69699015 -195.68096467 -195.67549874 -195.47134496 -195.47088902 -195.46753022 -195.46090726 -195.45950778 -195.41189504 -195.41188421 -195.41176798 -195.41176798 -195.41025151 -195.39480035 -195.39426399 -194.93174577 -194.93123351 -194.9284086  -194.92483584 -194.91896678 -194.74301736 -194.74267172 -194.51643358 -194.47263862 -194.33119625 -194.32392753 -193.68234239] 
13:[-119.79770711 -119.65993783 -119.64914547 -119.63003505 -119.61976523 -119.47881638 -119.47870682 -119.46950854 -119.46915752 -119.46600451 -119.46474246 -119.43508445 -119.38636821 -119.38296134 -119.37994926 -119.36768936 -119.33492911 -118.92925082 -118.88810683 -118.88069027 -118.87596673 -118.86908312 -118.84165496 -118.84165106 -118.84156023 -118.84153098 -118.84101618 -118.80093189 -118.80074563 -118.79580563 -118.66633666 -118.62114238 -118.57835228 -118.35111581 -118.33933762 -118.33722869 -118.3286469  -118.02767834 -118.02753189 -117.88805208 -117.87091595 -117.83083695 -117.54023457 -117.24832967 -117.23975193 -117.23945935 -116.89610882] 
14:[-364.23876135 -364.23802846 -364.17732336 -364.17279885 -364.17127917 -364.16027445 -364.10967822 -364.07600408 -364.06796505 -364.05255801 -364.04857679 -364.04506249 -364.04162296 -364.03668902 -364.02355082 -364.0158293  -363.94196606 -363.93847329 -363.87154709 -363.80252728 -363.80240616 -363.77069696 -363.60987079 -363.60089752 -363.59484559 -363.56196218 -363.19475506 -363.17353178 -363.17327994 -363.17284883 -363.17150277 -363.11826019 -362.89163189 -362.85573918 -362.85189268 -362.80480181 -362.80478903 -362.79816074 -362.65010517 -362.64266407 -362.64261487 -362.64261114 -362.63741436 -362.62659057 -362.61990009 -362.60386893 -362.16838497] 
15:[-177.51264274 -177.51253118 -177.51209823 -177.51102258 -177.50089849 -177.49934382 -177.46779915 -177.46273834 -177.45264418 -177.43567912 -177.41827319 -177.17357396 -177.1399891  -177.04669819 -176.82218902 -176.82071058 -176.81874    -176.81520264 -176.77302072 -176.598111 -176.5975921  -176.59724023 -176.43676932 -176.41554996 -176.28672826 -176.22362643 -176.13487151 -175.99700189 -175.87923546 -175.60097699 -175.51762576 -175.50472487 -175.50466881 -175.504662   -175.50442098 -175.50437889 -175.50249258 -175.49963529 -175.46973215 -175.46772344 -175.4058909  -175.40309379 -175.09265495 -175.09183236 -174.37375806 -174.37375683 -174.34214144] 
16:[-104.52340365 -104.52305936 -104.52285825 -104.52285133 -104.52256578 -104.52075166 -104.52057565 -104.52049635 -104.51966633 -104.51815025 -104.51800726 -104.45580401 -104.4557728  -104.41544638 -104.36892466 -104.35098213 -104.33719314 -104.33634911 -104.33614362 -104.33509943 -104.3319393  -104.29357034 -104.29309914 -104.29301169 -104.29153948 -104.29084795 -104.28794452 -104.24839154 -104.24808814 -104.23891557 -104.20573278 -104.20534451 -104.20534143 -104.20056836 -104.10983294 -104.10740802 -103.98362091 -103.93436219 -103.9307258  -103.91132272 -103.86917597 -103.82132208 -103.61464383 -103.60883806 -103.59911541 -103.19808602 -103.19170027] 
17:[-312.45662642 -312.45643357 -312.45639419 -312.41844626 -312.41605719 -312.30045302 -312.27165575 -312.27108278 -312.25821812 -312.25804307 -312.25590147 -312.23362436 -312.21920748 -312.21604174 -312.20041242 -312.19252859 -312.18456819 -312.06792414 -312.05330864 -312.02519808 -312.02489664 -312.02472325 -312.02332796 -312.0106937  -311.85256964 -311.85031906 -311.84735695 -311.84672761 -311.81016401 -311.79980921 -311.76324408 -311.45422739 -311.44971539 -311.28796228 -311.27423261 -311.27299299 -311.27267708 -311.26898985 -311.26865442 -311.25837615 -311.25634337 -310.53479827 -310.45861514 -310.41907151 -309.88578231 -309.88577896 -309.86795122] 
18:[-523.52535917 -523.52463793 -523.50720415 -523.49671869 -523.46388473 -523.4638007  -523.46083429 -523.46000012 -523.44045663 -523.33215738 -523.29354578 -523.19929053 -523.09937745 -523.00899424 -523.00441868 -522.92240423 -522.91366499 -522.60889136 -522.60099078 -522.58572552 -522.58376043 -522.57936295 -522.57589239 -522.57281243 -522.56408696 -522.41083318 -522.4106711  -522.39116112 -522.26961261 -522.23565694 -522.16312619 -522.16301988 -522.15672496 -521.95389832 -521.88655901 -521.88653692 -521.87249778 -521.87094003 -521.86843564 -521.86843477 -521.86842404 -521.86842376 -521.76426359 -521.76397008 -521.7639234 -521.76378242 -521.28590238] 
19:[-254.87313889 -254.63633892 -254.62626843 -254.44021169 -254.38927973 -254.37645078 -254.37412279 -254.37335262 -254.37325385 -254.37136384 -254.3107239  -254.30300746 -254.28389728 -254.27990493 -254.27767118 -254.23488596 -254.17844264 -254.17438311 -253.9955831  -253.99411743 -253.95440565 -253.9286016  -253.92652194 -253.88760722 -253.8875681 -253.88478302 -253.84392321 -253.78400608 -253.66333183 -253.47303534 -253.46222984 -253.46218989 -253.4617     -253.46165472 -253.46124071 -253.46116896 -253.45993946 -253.11398775 -253.10257892 -253.09790848 -253.09749419 -252.9170023  -252.9152524  -252.91048952 -251.87131601 -251.66605852 -251.66505489] 
20:[-131.33084122 -131.32148721 -131.32001472 -131.31879505 -131.31783314 -131.31255775 -130.74634655 -130.73576221 -130.73328799 -130.73261277 -130.73097716 -130.70818451 -130.70578992 -130.70568253 -130.70568253 -130.70567774 -130.7022033  -130.70146907 -130.68222344 -130.67705375 -130.67695926 -130.67242775 -130.64611367 -130.64535314 -130.64456523 -130.64078383 -130.63002968 -130.60692222 -130.58353175 -130.5698798 -130.54042185 -130.44552954 -130.42192595 -130.40791225 -130.2559555 -130.25317377 -130.24235816 -130.21470007 -130.14954169 -130.03550208 -130.02065135 -130.01646249 -130.01218609 -129.95021908 -129.86082404 -129.85402029 -129.81208929] 
21:[-147.59063228 -147.59052563 -147.5767674  -147.57664081 -147.57663354 -147.57657371 -147.57657138 -147.54250755 -147.53187419 -147.5272872 -147.52140209 -147.51183946 -147.49888369 -147.49436504 -147.47943115 -147.45823056 -147.44199479 -147.44172378 -147.43488252 -147.41916058 -147.37653416 -147.37248007 -147.36389486 -147.34818499 -147.34708155 -147.33734552 -147.33709845 -147.32925409 -147.32585807 -147.32427687 -147.32376939 -147.32023571 -147.30387848 -147.29576473 -147.2830201 -147.25383914 -147.24530746 -147.22296416 -147.22025262 -147.12725894 -147.09032182 -146.99316413 -146.94304123 -146.92429442 -146.63160764 -146.63160362 -146.59995463] 
22:[-841.65251376 -841.65232005 -841.65171251 -841.65158282 -841.64803574 -841.54592954 -841.5458183  -841.54574237 -841.54566506 -841.54566185 -841.54565675 -841.54539439 -841.54509024 -841.54460164 -841.54454604 -841.54347414 -841.54236064 -841.51058811 -841.50988939 -841.43695678 -841.42277007 -841.21836221 -841.21794581 -841.21490111 -841.17554369 -841.01269534 -840.92513485 -840.92449802 -840.92095708 -840.8930908 -840.82512142 -840.82371375 -840.8121037  -840.75144224 -840.73376331 -840.73374007 -840.73278876 -840.72802565 -840.72696857 -840.72685849 -840.6569699  -840.31436448 -840.3143224  -840.31424627 -840.25540065 -839.79478934 -839.79444487] 
23:[-432.96083252 -432.96056618 -432.96044377 -432.9602602  -432.96020383 -432.96018222 -432.96004852 -432.95994989 -432.95994256 -432.95994229 -432.95959884 -432.95958656 -432.90849909 -432.90792424 -432.78793924 -432.76541953 -432.75057293 -432.6670681  -432.66706275 -432.66660013 -432.6665441  -432.66563453 -432.66552708 -432.66534214 -432.66395679 -432.66392818 -432.66347333 -432.6499244  -432.64898048 -432.64218881 -432.54990304 -432.54988214 -432.54987636 -432.54987549 -432.51364735 -432.38589551 -432.35574864 -432.3079571  -432.25110702 -432.250384 -432.25015624 -432.24482355 -432.07018265 -431.68606919 -431.64384532 -431.43080177 -431.43056852] 
24:[-125.95137581 -125.94910865 -125.94255142 -125.94218317 -125.8724465 -125.87158525 -125.86594488 -125.8439578  -125.83665695 -125.83212234 -125.77927415 -125.77289761 -125.77287129 -125.73298376 -125.68996082 -125.68405564 -125.65715393 -125.6558159  -125.65480624 -125.64806032 -125.56979083 -125.5480683  -125.54258702 -125.50994245 -125.50940966 -125.50731015 -125.48043663 -125.46040854 -125.45673521 -125.32112195 -125.24533868 -125.22379742 -125.05414886 -125.04592183 -125.0458104 -125.02622108 -125.02605891 -125.02603916 -125.02596236 -125.02596016 -125.00943655 -124.2739807  -124.27196996 -124.12411615 -123.56731656 -123.54598347 -123.54598005] 
25:[-442.67262777 -442.671709   -442.64552846 -442.55701558 -442.55560891 -442.55377575 -442.52879628 -442.46634581 -442.42402064 -442.42077122 -442.38669334 -442.37224154 -442.28153524 -442.01495901 -442.00674641 -442.00145809 -441.99603318 -441.97253316 -441.97019636 -441.9698849 -441.96833847 -441.96802136 -441.96741712 -441.96723863 -441.96428828 -441.9340739  -441.91632185 -441.9160645  -441.91539653 -441.88909256 -441.84066457 -441.80657599 -441.76277272 -441.76089258 -441.76087418 -441.76024897 -441.76000078 -441.75804551 -441.75622746 -441.75396924 -441.72250583 -441.71021287 -441.70869734 -441.69542957 -440.91209907 -440.90660422 -440.90652749] 
26:[-767.90426091 -767.90345114 -767.90290211 -767.90285367 -767.70584473 -767.58820576 -767.564309   -767.55900083 -767.55152882 -767.54982464 -767.54928639 -767.45436825 -767.43356072 -767.43261754 -767.43040354 -767.4302301  -767.38879008 -767.37745011 -767.31018833 -767.30822553 -767.30664577 -767.23717575 -767.22467631 -767.09714713 -767.09375954 -767.06640026 -767.06574586 -767.04306922 -767.04145218 -767.04126779 -767.04116226 -767.04115821 -767.04115602 -766.92712717 -766.71880232 -766.69351442 -766.69252472 -766.64768226 -766.62608779 -766.62576193 -766.62157917 -766.44672399 -766.19559813 -766.19436259 -765.56191832 -765.56185288 -765.5583053 ] 
27:[-361.88412447 -361.86748745 -361.86232342 -361.8582179  -361.77991794 -361.76770631 -361.62764668 -360.99587357 -360.87831647 -360.71378643 -360.53888077 -360.48477509 -360.38205036 -360.37665908 -360.37248269 -360.32014988 -360.28974512 -360.23663884 -360.23316427 -360.15740754 -360.15029736 -360.13045928 -360.13026708 -360.12932132 -360.12245363 -360.0721048  -360.0596659  -360.05966582 -360.05966514 -360.05966512 -360.0564745  -360.05647289 -360.05346533 -360.00752804 -359.9616175 -359.93866329 -359.93808524 -359.89804801 -359.83248132 -359.8099403 -359.52294944 -359.52274226 -359.51862434 -359.48801362 -359.48800794 -359.43818747 -359.43188581] 
28:[-426.17624575 -426.17108159 -426.17030577 -426.16603983 -426.06618491 -426.06556743 -426.06510903 -426.05408835 -425.85877419 -425.84340627 -425.8412401  -425.74840254 -425.74206943 -425.63557969 -425.62360854 -425.49084414 -425.4672102  -425.4654731  -425.45418477 -425.45400839 -425.45365921 -425.44972994 -425.44955238 -425.44911476 -425.44823902 -425.44569236 -425.43585582 -425.43427816 -425.35376088 -425.34881452 -425.3295501  -425.32798013 -424.79894298 -424.44885996 -424.44856765 -424.39546909 -423.97931778 -423.97931268 -423.97603983 -423.97603698 -423.97603667 -423.97538422 -423.97474308 -423.96161717 -423.43101414 -423.43077885 -423.43026926] 
29:[-674.52917213 -674.52836178 -674.51882454 -674.51846478 -674.43784995 -674.4157107  -674.40754816 -674.34784609 -674.34740243 -674.33838775 -674.3075254  -674.30380428 -674.29026977 -674.28673193 -674.24585603 -674.24112513 -674.22841458 -674.22002314 -674.18545108 -674.18372512 -674.12690752 -674.11892448 -674.0194845  -673.97154178 -673.97123822 -673.93825297 -673.92227693 -673.75855497 -673.71985533 -673.48794469 -673.47590525 -673.40922288 -673.40705871 -673.18313005 -672.96827775 -672.96413779 -672.96389757 -672.96382446 -672.96381647 -672.96379092 -672.9464586  -672.94630674 -671.93050972 -671.92789511 -671.29804793 -671.29800586 -671.27867863] 
30:[-203.46023722 -203.45362754 -203.45107245 -203.38022156 -203.37682343 -203.37219651 -203.36648621 -203.34285767 -203.34015271 -203.29602124 -203.29574886 -203.29384947 -203.27037709 -203.27021636 -203.27020648 -203.27011859 -203.27011264 -203.26923839 -203.26651806 -203.26291427 -203.26156158 -203.261345   -203.26007607 -203.25785522 -203.25490902 -203.25338033 -203.17735272 -203.08149876 -203.06779381 -203.04730453 -203.0445242  -203.04139592 -203.0217416  -203.02070966 -203.01605503 -203.0037952  -202.99287005 -202.97419773 -202.92952007 -202.9235102 -202.92197979 -202.70541966 -202.68865282 -202.47413465 -201.91833907 -201.91833597 -201.90915354] 
31:[-186.94242881 -186.58542887 -186.5756847  -186.5523587  -186.51365259 -186.49152024 -186.45937628 -186.40838178 -186.39893709 -186.39893709 -186.39890402 -186.39510584 -186.39436866 -186.38757956 -186.38215468 -186.37929281 -186.37813809 -186.37500036 -186.36965879 -186.36164171 -186.36092224 -186.35643112 -186.31338665 -186.3133838  -186.26900166 -186.22135242 -186.21865992 -186.19989919 -186.18619913 -186.18548594 -186.18316511 -186.15068683 -186.06596202 -185.939378   -185.78386431 -185.77673815 -185.72860756 -185.63022936 -185.625096   -185.61393543 -185.4542853  -185.44808803 -185.44187061 -185.32749641 -185.26978501 -185.06530035 -184.93540276] 
32:[-227.63864378 -227.62667475 -227.62609122 -227.62529306 -227.58387103 -227.43419024 -227.4214598  -227.41906156 -227.41803878 -227.4167776 -227.39660749 -227.2624992  -227.25808246 -227.25630361 -227.24666945 -227.20470525 -227.16264217 -227.16119182 -227.15899068 -227.14388359 -227.12669416 -227.09786591 -227.05214673 -227.02429604 -226.9531612 -226.94724766 -226.93989061 -226.86725877 -226.86365516 -226.8582671 -226.7633474  -226.64510143 -226.4826733  -226.48048455 -226.42547649 -226.42268712 -226.35938474 -226.35824826 -226.35818743 -226.35781858 -226.35774724 -226.31428877 -226.27826522 -226.27702211 -225.35365914 -225.35365592 -225.33693507] 
33:[-171.4231052  -171.42212305 -171.42146896 -171.42016298 -171.41926819 -171.41899083 -171.41898076 -171.41894892 -171.41894884 -171.41686136 -171.41165553 -171.41156543 -171.21263609 -171.07509916 -171.07509777 -171.07486113 -171.00368641 -171.00363316 -170.97475691 -170.97395664 -170.97322321 -170.97321585 -170.74743274 -170.74547251 -170.74504782 -170.62438508 -170.62199691 -170.6218471  -170.61288326 -170.48361754 -170.40882099 -169.93012292 -169.8817596  -169.84150177 -169.83966643 -169.83298724 -169.79984101 -169.76910382 -169.76556412 -169.76203789 -169.76176685 -169.14849613 -168.31077543 -168.28908669 -168.02186496 -168.0195131  -167.87872935] 
34:[-714.89537394 -714.89471654 -714.8925703  -714.89104481 -714.89024726 -714.88975234 -714.87995155 -714.87974199 -714.87779571 -714.87743676 -714.8754269  -714.87491479 -714.87438584 -714.87410817 -714.87385614 -714.87372238 -714.87287087 -714.87172554 -714.86780087 -714.86510441 -714.86019018 -714.85962339 -714.84262143 -714.83496935 -714.82507914 -714.82454406 -714.82273264 -714.82158553 -714.81996624 -714.81622664 -714.7918539  -714.78577186 -714.77169443 -714.761666   -714.75114669 -714.7511232  -714.74151977 -714.73970108 -714.73969709 -714.73967956 -714.73962391 -714.72836257 -714.72607114 -714.51517341 -714.27392308 -714.27326381 -714.27325177] 
35:[-626.95896352 -626.9579108  -626.95552505 -626.95067465 -626.90049097 -626.90031153 -626.90020272 -626.90002274 -626.89968904 -626.89939226 -626.89938735 -626.89926597 -626.89847944 -626.89801683 -626.897459 -626.89598973 -626.85016143 -626.84214916 -626.83875978 -626.81595474 -626.68523511 -626.66427498 -626.66410168 -626.66219533 -626.49986688 -626.4993315  -626.4992757  -626.49905519 -626.49870588 -626.49299443 -626.47846771 -626.44612398 -626.43180418 -626.43080986 -626.42896317 -626.42624496 -626.42352596 -626.41948004 -626.41907418 -626.37262097 -626.3322854  -626.33228198 -626.33224241 -626.28823594 -626.23165691 -625.65837619 -625.65772544] 
36:[-1026.85454699 -1026.85441373 -1026.84991217 -1026.7844991 -1026.78278696 -1026.78209065 -1026.78153913 -1026.77907424 -1026.77799209 -1026.76949141 -1026.743345   -1026.69837038 -1026.69007971 -1026.68687254 -1026.68649835 -1026.6838052 -1026.67515366 -1026.64104066 -1026.63201146 -1026.62946511 -1026.60240044 -1026.5918916  -1026.58203551 -1026.30856304 -1026.30821077 -1026.30778578 -1026.22636523 -1026.22513855 -1026.19249304 -1026.19199196 -1026.19174982 -1026.19148768 -1026.19146375 -1026.17872793 -1026.1445542  -1026.07555732 -1026.07535601 -1026.04311032 -1025.88014191 -1025.76310369 -1025.7621025  -1025.75855668 -1025.75001984 -1025.50206188 -1025.4887595  -1025.48869936 -1025.03222879] 
37:[-135.92321726 -135.90449089 -135.90444801 -135.86477316 -135.8643729 -135.85982877 -135.85970841 -135.49930234 -135.48720687 -135.43343764 -135.32524115 -135.32324968 -135.3122939  -135.31181832 -135.22825634 -135.21408368 -135.20570299 -135.17110662 -135.16272687 -135.13478941 -135.09881231 -135.08216076 -134.93986762 -134.92587482 -134.91987316 -134.91820684 -134.86158986 -134.81722197 -134.80314713 -134.77905893 -134.6282714  -134.50067416 -134.48794426 -133.94134114 -133.92906949 -133.9290007  -133.91127694 -133.87603264 -133.87596793 -133.8759611 -133.87592128 -133.87591989 -133.37501602 -133.37284185 -132.64263239 -132.60620206 -132.60620093] 
38:[-62.48794351 -62.48247069 -62.47427056 -62.46681771 -62.46457179 -62.4589842  -62.43302688 -62.43035103 -62.42732457 -62.42702457 -62.42522766 -62.42504293 -62.42339049 -62.41721762 -62.41497066 -62.39514944 -62.39514944 -62.39428638 -62.3900932  -62.38503522 -62.38346916 -62.37740209 -62.37580848 -62.37089062 -62.36979742 -62.3541385  -62.35372526 -62.35306033 -62.33609344 -62.33378951 -62.33326344 -62.33064047 -62.33060056 -62.29712072 -62.2949554 -62.29454634 -62.28904428 -62.28561777 -62.28561719 -62.26411634 -62.25825311 -62.25329966 -62.24674419 -62.13917078 -62.13897042 -62.08907854 -61.9942887 ] 
39:[-177.85155482 -177.84594982 -177.84047062 -177.79190283 -177.79125015 -177.78478309 -177.78298735 -177.77796655 -177.77765666 -177.75281611 -177.72602488 -177.72581892 -177.71370814 -177.70993638 -177.69430794 -177.69391855 -177.69388981 -177.69376726 -177.69376296 -177.50950929 -177.50192582 -177.49534296 -177.44248226 -177.42200132 -177.41649077 -177.4085248  -177.37460806 -177.37166406 -177.36917177 -177.35760799 -177.30367469 -177.18859276 -177.17812913 -177.15294321 -177.15010242 -177.14853331 -177.10078049 -177.06718757 -177.02004654 -176.97044366 -176.90604598 -176.83984411 -176.83470784 -176.72144267 -176.71039838 -176.71039455 -176.38017579] 
40:[-409.43346335 -409.41838657 -409.41698223 -409.31050364 -409.30067078 -409.28635918 -409.25933319 -409.25884211 -409.25746111 -409.22723226 -409.13307916 -409.12624303 -409.06871411 -409.02891112 -409.02352885 -408.94556073 -408.87780539 -408.87423243 -408.84901333 -408.84820598 -408.83021031 -408.82605146 -408.82533837 -408.82413798 -408.82088232 -408.82074908 -408.81933261 -408.80408106 -408.77254068 -408.77021184 -408.74183026 -408.74051385 -408.74043337 -408.73955369 -408.73948239 -408.73722401 -408.6574152  -408.53162174 -408.44068439 -408.44068028 -408.43435941 -408.36445426 -408.35766594 -408.29201159 -408.10315122 -407.98263574 -407.84731113] 
41:[-954.7470586  -954.74651717 -954.74647592 -954.74457196 -954.74381982 -954.74337734 -954.74323989 -954.74282932 -954.74281485 -954.73969029 -954.73473844 -954.73399961 -954.6989362  -954.36688826 -954.36027827 -954.35587936 -954.25040473 -954.2479129  -954.24743356 -954.24155464 -954.12867835 -954.12502977 -953.95650729 -953.95649958 -953.95556979 -953.95552219 -953.91612008 -953.83519036 -953.69967401 -953.69499511 -953.64168006 -953.63408109 -953.63357948 -953.63352304 -953.55400419 -953.48408783 -953.46800643 -953.46748682 -953.45672237 -953.31708918 -953.16149827 -953.1292597  -952.92451499 -952.69433722 -952.6909609 -952.66994142 -952.59587179] 
42:[-136.68756527 -136.68517466 -136.68220471 -136.68022208 -136.6800797 -136.68002434 -136.67717113 -136.53312758 -136.53017604 -136.5138824 -136.5136196  -136.51361959 -136.51357499 -136.51357072 -136.48001143 -136.47994386 -136.44886757 -136.44798338 -136.42137477 -136.33530591 -136.33410148 -136.33388179 -136.22973687 -136.20272975 -136.19777373 -136.0065814  -135.97891342 -135.93859323 -135.93795667 -135.88949666 -135.88949594 -135.82687635 -135.78941344 -135.63722325 -135.22115035 -135.15262836 -135.03494267 -135.02265871 -135.01476162 -135.01423628 -135.00759032 -135.0007175  -134.90076331 -134.87945094 -134.87767599 -134.63074505 -134.19113666] 
43:[-237.17184506 -237.16858212 -237.15999754 -237.00136182 -237.00077914 -236.7707081  -236.66811787 -236.6394628  -236.62284915 -236.58333967 -236.4565451  -236.45558449 -236.45476284 -236.45350946 -236.19125753 -236.16151049 -236.11070559 -236.0997106  -235.93364298 -235.91595197 -235.91483565 -235.91421348 -235.80075873 -235.78944145 -235.7375521 -235.73456815 -235.7325767  -235.72951147 -235.69498922 -235.68860416 -235.68845081 -235.68843551 -235.68836314 -235.68835024 -235.66698317 -235.66539535 -235.62035792 -235.57581643 -235.54608046 -235.49570956 -235.38477104 -235.3800719  -235.27645731 -235.27041153 -234.7624073 -234.7476656  -234.74766486] 
44:[-318.9695247  -318.96943266 -318.96937933 -318.96936772 -318.96871684 -318.96866486 -318.96865453 -318.96859921 -318.96859741 -318.96708919 -318.96584808 -318.96562578 -318.95805442 -318.95665884 -318.71589016 -318.69515604 -318.69227159 -318.56437303 -318.56049883 -318.55961617 -318.54439099 -318.54435951 -318.54433957 -318.54348849 -318.4650621 -318.46505169 -318.46501874 -318.46501455 -318.46499758 -318.42539174 -318.42450214 -318.35669071 -318.35416226 -318.35405491 -318.35405257 -318.28277214 -318.28188645 -318.27701172 -318.25199865 -318.15489032 -318.10928282 -318.10723341 -317.98509565 -317.62327996 -317.16462238 -317.16401719 -316.77349897] 
45:[-172.81377203 -172.79845665 -172.6253521  -172.49669306 -172.41373787 -172.41206744 -172.39125899 -172.36247401 -172.35433212 -172.35015304 -172.3460479  -172.33467788 -172.33451609 -172.31737267 -172.31736452 -172.31729582 -172.31729582 -172.31355114 -172.30518643 -172.305065 -172.28742973 -172.28481529 -172.28100326 -172.26433673 -172.25667174 -172.23523076 -172.19579688 -172.19469975 -172.15315111 -172.09398246 -172.07862174 -172.01788503 -171.98377444 -171.97558641 -171.97171284 -171.95696968 -171.55561847 -171.54090371 -171.53499691 -171.43976484 -171.41509543 -171.1769827  -171.1726361  -171.17231722 -170.88535587 -170.80950224 -170.55053826] 
46:[-321.00449173 -321.00429075 -320.91786662 -320.91599923 -320.90792757 -320.79258862 -320.79219327 -320.79086852 -320.7903342  -320.78279574 -320.76297936 -320.71675602 -320.69429345 -320.68771693 -320.67088195 -320.67072023 -320.66858968 -320.60943827 -320.60501066 -320.60448594 -320.59418468 -320.57783857 -320.57712609 -320.57566427 -320.57559531 -320.57558816 -320.575511   -320.57519664 -320.57510802 -320.57374444 -320.27540085 -320.27378945 -320.27343937 -320.27340006 -320.27315641 -320.2726839  -320.25376705 -320.21973682 -320.1952179  -320.18039055 -320.14485277 -319.96957863 -319.89202835 -319.88884823 -319.88884686 -319.56012283 -319.55411889] 
RANKING VECTORS IDX
0:[ 6. 37.  0. 24. 18. 32. 15.  9. 36. 45. 17. 23. 28.  7. 34. 25.  8. 26.  5. 29. 40. 30.  4. 27. 31. 19. 14. 38. 43. 39. 12.  1. 46. 41. 22. 16. 21. 10. 35. 44. 11. 13. 33.  3.  2. 42. 20.] 
1:[ 1. 46. 12. 41. 22. 21. 35. 16. 28. 10. 11. 44.  7. 17. 39. 43. 23. 29.  5.  8. 26. 34. 30. 25. 45. 13. 32.  3. 33. 36.  9. 18. 40. 27. 31. 42. 20.  2. 19.  0. 37. 15. 24.  6.  4. 14. 38.] 
2:[ 2. 42. 20. 15.  3. 33.  9. 36. 32. 31. 12. 18. 40. 37. 30. 45. 16. 35. 10. 11. 44. 21. 23. 41. 22. 13. 19.  7. 25. 39. 43.  0. 38. 46.  1. 34.  6. 17. 28.  4. 14. 27.  5.  8. 26. 29. 24.] 
3:[ 3. 33. 27.  2. 42. 20. 15.  4.  9. 32. 36.  7. 28. 21. 17. 16. 35. 10. 11. 44. 41. 22. 12. 23. 31. 37. 30. 43. 39. 25. 18. 40. 45. 46.  1. 34. 13. 19.  0. 26.  5. 29.  8. 38. 14. 24.  6.] 
4:[ 9. 32. 36.  4.  6. 37. 15. 28.  7. 17. 43. 40. 30. 18. 45. 12. 33.  3. 27. 13. 19. 14. 38. 39. 31. 25.  5. 29.  8. 26. 46. 34.  1. 23.  0. 24. 41. 22. 21. 35. 10. 11. 44. 16. 42. 20.  2.] 
5:[ 8. 26.  5. 29. 15. 34. 23. 28.  7. 17. 24.  0. 43. 25. 37. 18. 40. 45. 36. 30. 27. 31. 32.  9.  6. 39. 19.  4. 13. 38. 46. 14.  1. 12. 21. 35. 10. 11. 44. 16. 41. 22.  3. 33. 42. 20.  2.] 
6:[ 4.  9. 32.  6. 36. 40. 18. 30. 45. 12. 15.  7. 28. 17. 37. 39. 23. 43. 25. 14. 38. 31. 13.  3. 27.  0. 24. 29.  5.  8. 26. 19. 46.  1. 33. 34. 20. 42.  2. 44. 11. 21. 35. 10. 22. 41. 16.] 
7:[25. 17.  6. 37.  7. 28.  4. 33.  3. 18. 38. 14. 27. 19.  5.  8. 26. 30. 43. 13. 39. 31. 40.  0. 24. 15.  9. 12. 32. 36. 34. 29. 45. 23. 46.  1. 16. 35. 10. 44. 11. 41. 22. 21.  2. 42. 20.] 
8:[ 0. 29.  8. 26.  5. 40. 23. 18. 34. 15. 28.  7. 17. 30.  9. 36. 24. 37. 25. 31. 27. 19.  4.  6. 38. 14.  1. 46. 39. 43. 12. 16. 21. 35. 10. 11. 44. 41. 22. 32. 45. 13.  3. 33. 42. 20.  2.] 
9:[28. 17.  7.  9. 32. 36. 30. 39. 43. 25. 15. 40. 18. 45. 31. 12. 13. 23.  3. 27. 34.  1. 46. 41. 22. 11. 44. 16. 33. 21. 35. 10.  2. 42. 20. 19. 26.  5. 38. 29.  8. 14.  0. 37. 24.  6.  4.] 
10:[28.  7. 21. 16. 35. 17. 10. 11. 44. 41. 22. 15. 23.  1. 46. 34. 33.  3. 32. 36.  9.  4. 39. 25. 43. 29.  8. 26.  5.  2. 42. 20. 27. 12. 31. 30.  6. 13. 18. 40. 19. 45.  0. 24. 37. 38. 14.] 
11:[29.  8. 26.  5. 17. 21. 16. 35. 10. 41. 11. 44. 28. 22. 15.  7.  1. 46. 23. 34. 25. 39. 43. 12.  0. 33.  3. 32.  9.  4. 36. 30. 13.  6. 37. 18. 24. 40. 31. 27. 45. 42.  2. 20. 19. 38. 14.] 
12:[25. 39. 43. 12. 45. 37. 18. 13. 40. 33.  3. 15. 27.  2. 42. 20. 23.  9. 36. 32. 34. 30. 31. 46.  1. 16. 17. 28. 35. 10. 44. 11. 21. 41. 22.  8. 26. 29. 19.  5. 38. 14.  0.  7.  6.  4. 24.] 
13:[13.  4.  6. 12. 30. 42. 20.  3. 33. 18.  2. 40. 32. 36.  9. 45. 31. 15. 39. 43. 17. 28. 35. 10. 11. 44. 21. 41. 22. 16. 23. 37. 19. 34. 46.  1.  7. 14. 38.  0. 25. 27. 29.  5.  8. 26. 24.] 
14:[38. 14. 18. 40. 30. 37. 15. 12. 45.  3. 27. 33.  9. 32. 36. 19. 31. 17. 34.  7. 28. 23. 43. 25.  4.  6.  0. 26. 29.  5.  8. 39. 24. 46.  1. 42. 20.  2. 41. 10. 11. 44. 16. 21. 35. 22. 13.] 
15:[ 9.  4. 32. 36.  6. 15. 30. 40. 37. 18. 45. 23. 39. 31. 29.  5.  8. 26. 12. 17. 28.  7. 13. 43.  0. 34. 24. 25. 27. 19. 16. 21. 35. 10. 11. 44. 46.  1. 41. 22. 38. 14. 33.  3. 42. 20.  2.] 
16:[ 7. 16. 28. 22. 41. 21. 35. 10. 17. 11. 44. 46.  1. 23. 34. 12. 26.  8. 15.  5. 29.  4. 32.  3.  9. 33. 36. 39. 43. 25.  2. 42. 20. 27. 31. 30. 13. 18. 40. 45. 19.  0. 37.  6. 24. 38. 14.] 
17:[28. 17.  7. 18. 40. 15.  4. 25. 32. 36.  9. 12. 37.  0. 27. 24. 30. 14. 38. 34. 45. 31. 19. 23.  5. 29. 26.  8. 39. 43.  6. 46.  1. 16. 21. 35. 10. 11. 44. 22. 41. 13. 33.  3. 42. 20.  2.] 
18:[40. 30. 37. 18. 32. 36. 15.  9. 45. 31. 19. 12. 39. 43. 25. 46.  1.  4.  6. 33.  3. 27. 38. 14. 17. 28.  7. 13. 23. 34. 42. 20.  2.  0. 41. 22. 16. 21. 35. 10. 11. 44. 29.  8. 26.  5. 24.] 
19:[19. 12. 39. 30. 40. 18.  7. 28. 17. 37. 15. 31.  9. 36. 32. 45. 46.  1. 43. 25. 27. 33.  3. 42. 20.  2. 34. 13. 23. 16. 35. 10. 11. 44. 21. 41. 22. 29.  8. 26.  5. 38. 14.  0. 24.  4.  6.] 
20:[27.  2. 42.  3. 33. 20. 45. 36.  9. 16. 32. 39. 43. 11. 44. 21. 35. 10. 12. 46.  1. 18. 22. 40. 30. 41. 31.  6.  4. 15. 23. 14. 38. 17. 28.  7. 19. 25. 37.  0.  5. 26.  8. 13. 34. 24. 29.] 
21:[41. 22. 21. 35. 10. 11. 44. 16.  1. 46. 14. 38. 39. 43. 23. 13.  8. 26. 19. 18.  0. 40. 30. 17. 15. 28.  7. 32.  9.  6. 37.  4. 36. 27. 34.  5. 29. 24. 12. 25. 45. 31. 33.  3. 42. 20.  2.] 
22:[19.  8. 26.  5. 29. 21. 16. 10. 35. 11. 44. 17. 41. 22. 28. 15.  7.  1. 46. 23. 34. 43. 39. 25. 12.  0. 40. 24. 18. 37. 30.  6. 45. 13.  9. 32. 36. 33.  3.  4. 27.  2. 42. 20. 31. 14. 38.] 
23:[28. 17. 21. 16. 35. 10.  7. 41. 11. 44. 15. 22.  1. 46. 23. 34. 12.  3. 33.  4. 32. 36.  9. 29.  8. 26.  5. 39. 43. 25. 27.  2. 42. 20. 30. 31. 13. 45. 18. 37. 40. 19.  0.  6. 24. 38. 14.] 
24:[ 5. 29.  8. 26. 28. 17.  7. 37.  0. 24.  1. 46. 34. 23. 15. 18.  9. 32.  4. 36. 45. 40. 30. 39. 43. 25. 19. 27. 31.  6. 14. 38. 16. 41. 22. 21. 35. 10. 11. 44. 12. 33.  3. 13.  2. 42. 20.] 
25:[ 3. 27. 25. 17. 28.  7. 45. 43.  4.  6. 14. 38. 19. 39. 37. 41. 22. 21. 35. 10.  1. 46. 11. 44. 16. 18. 34. 12. 40. 23. 15. 33. 31. 32. 29. 26.  5.  9. 36.  8. 30. 24.  0. 13.  2. 42. 20.] 
26:[ 8. 26. 29.  5. 15. 23. 34.  1. 46. 39. 43. 37. 30. 40. 18.  6. 24.  0. 17. 28.  7. 45. 19. 27. 12. 41. 22. 16. 21. 35. 11. 10. 44. 25. 31. 38. 14. 36.  9. 32.  4. 13. 33.  3. 20. 42.  2.] 
27:[27. 17. 28.  7.  4.  6. 43. 13. 12. 39. 19. 31. 37. 30. 40. 15. 18. 14. 38. 29.  5. 32. 36.  9. 25. 16. 35. 10. 11. 44. 41. 22. 21. 45.  3. 46.  1. 23. 34. 33. 42. 20.  2.  8. 26.  0. 24.] 
28:[ 0. 37.  6. 24.  7. 28. 17.  4.  3. 27. 33. 14. 38. 19. 12. 45.  9. 36. 29.  5. 30. 26. 40.  8. 18. 32. 23. 34. 31. 15. 43. 25. 39. 46.  1. 13. 41. 22. 10. 11. 44. 35. 16. 21. 42. 20.  2.] 
29:[ 8. 26. 29.  5. 30. 37.  6. 17.  7. 28. 24. 34. 23.  0. 25. 18. 36. 40. 31. 45. 15. 27.  4.  9. 32. 14. 38. 12. 19. 46.  1. 39. 43. 13. 16. 21. 35. 11. 44. 10. 41. 22.  3. 33. 20. 42.  2.] 
30:[40. 37. 18.  9. 32. 36. 15. 43. 39. 41. 22. 30. 21. 35. 10. 11. 44. 13. 23.  8. 26. 46. 16. 34.  1.  5. 12. 45.  6. 38. 31. 14. 17. 28.  7.  4. 27. 19.  3. 24.  0. 29. 25. 33. 42. 20.  2.] 
31:[31. 12. 37. 18. 40. 17. 30.  4. 44. 11. 21. 35. 10. 22. 41. 16. 45. 33.  3. 43. 39. 15. 42. 20.  2. 46.  1. 23. 36. 32.  9. 13. 34. 19. 38. 14.  7. 28.  6. 25.  5. 26.  8. 27.  0. 24. 29.] 
32:[ 6. 32.  4.  9. 23. 15.  5.  8. 26. 29. 39. 28. 17.  7. 45.  0. 40. 30. 37. 34. 12. 18. 36. 31. 43. 25. 24. 46. 27.  1. 13. 19. 14. 38. 33.  3. 21. 35. 10. 11. 44. 16. 41. 22. 42. 20.  2.] 
33:[28. 17.  7. 16. 21. 35. 10. 11. 44. 15. 41. 22. 23. 32.  9. 36.  3. 33. 27.  2. 42. 20. 12.  1. 46. 25. 39. 43. 34. 31. 30. 45. 13. 40. 18. 37. 19. 29.  5.  8. 26.  0.  4.  6. 14. 38. 24.] 
34:[15.  9. 17.  7.  6. 36. 32. 18. 40. 28. 45. 29. 23.  8. 26. 30.  5. 34. 12. 25. 46.  1.  4. 31. 27.  0. 37.  3. 33. 24. 14. 38. 19. 16. 41. 22. 21. 35. 10. 44. 11. 43. 39. 13.  2. 42. 20.] 
35:[29.  5.  8. 26. 28. 17. 21. 16. 35. 11. 44. 10. 41. 22.  7. 15.  1. 46. 23. 34. 12. 25. 39. 43. 33. 32.  9.  4.  3. 36.  0. 30.  6. 37. 24. 13. 31. 18. 40. 27. 42. 20.  2. 45. 19. 14. 38.] 
36:[ 7. 17. 28. 37. 30.  9. 40. 32. 36. 18. 15. 34.  8. 26. 29. 23.  5. 25. 39. 43. 12. 31. 45. 27.  3. 33. 41. 22. 21. 35. 10. 11. 44. 16. 19.  1. 46.  0. 24. 14. 38.  6.  4.  2. 42. 20. 13.] 
37:[ 6. 30. 40. 18. 37. 24.  0. 23. 45. 15. 29.  5.  8. 26.  7. 25. 43. 28. 17. 39.  1. 34. 36.  4.  9. 32. 12. 31. 27. 19. 13. 14. 38. 46. 41. 22. 16. 21. 35. 10. 11. 44.  3. 33.  2. 42. 20.] 
38:[30. 40. 14. 38. 43. 39. 32. 36. 34.  9. 17.  4.  6. 37. 18. 35. 10. 11. 21.  0. 27. 46. 31. 13.  1.  3. 22. 33. 15. 12. 23. 25. 44. 16. 41.  5. 29.  8. 26.  7. 45. 28. 19. 42. 20.  2. 24.] 
39:[34.  1. 46.  8. 26. 29.  5. 39. 43. 23. 41. 22. 17. 16. 21. 35. 10. 11. 44. 12. 37. 18. 40. 19. 15. 30.  9. 32. 36. 25. 45. 31.  3. 14. 38.  0.  6. 27. 33.  4. 24. 28.  7.  2. 42. 20. 13.] 
40:[18. 40. 30. 15. 12. 45.  9. 32. 36. 31. 39. 43. 19.  1. 46. 34. 28. 17.  4.  6. 29.  8. 27. 33.  3. 26.  5. 23. 41. 22. 21. 35. 10. 11. 44. 16. 25. 13. 42. 20.  2. 14. 38. 37.  0.  7. 24.] 
41:[17.  7. 16. 28. 21. 35. 10. 11. 44. 15. 41. 22. 23.  1. 46. 34. 29.  8.  5. 26. 25. 39. 33.  3. 32.  9. 43. 31.  0. 12. 27.  2. 20. 42. 30. 40. 18. 37. 24. 19. 36. 45. 13. 14. 38.  4.  6.] 
42:[27.  2. 33.  3. 42. 20. 15. 28. 16. 21. 35. 10. 11. 44. 41. 22. 46.  1. 12. 36. 32.  9.  6.  4. 18. 31. 25. 39. 43. 40. 30. 23. 34. 45. 19. 17. 37. 29.  8. 26.  5. 13.  0. 14. 38.  7. 24.] 
43:[43. 39. 25.  1. 46. 30. 45. 12. 13. 18. 29.  5.  8. 26. 23. 34. 37. 40.  0. 28.  7. 17. 24. 27. 36.  9. 32.  4. 16. 21. 35. 10. 11. 44. 41. 22. 15. 31. 19.  6. 33.  3. 38. 14.  2. 42. 20.] 
44:[17. 16. 28.  7. 21. 35. 10. 11. 44. 15. 41. 22.  1. 46. 12. 23. 34. 25. 39. 43.  8.  5. 26. 29.  3. 33.  9. 36. 32.  6. 30. 27.  2. 42. 20. 37. 18. 40. 45. 31. 19. 13.  0. 24. 38. 14.  4.] 
45:[ 4.  6. 31. 12. 43. 39. 45. 15. 33.  3. 27. 41. 22. 35. 10. 44. 11. 21. 42. 20.  2. 37. 16. 18. 32. 40. 46.  1. 25. 17. 23. 13. 34. 36.  9. 30.  7. 14. 38. 28. 19.  5.  8. 26.  0. 24. 29.] 
46:[ 1. 46. 39. 43. 25.  5. 29.  8. 26. 30. 12. 15. 45. 23. 18.  6. 40. 34. 41. 22. 13. 28. 17. 21. 35. 10. 16. 11. 44.  7. 36. 33. 32.  9.  4.  3. 27. 19.  0. 31. 37. 24.  2. 42. 20. 14. 38.] 
POSCARS
EA114   4.141  4.141  4.162 60.89 119.12 88.62 Sym.group:  141
1.0
   2.0541250000000000    3.5947680000000002    0.0624260000000000
  -2.0546489999999999    1.2305200000000001    3.3777879999999998
   0.0434070000000000   -2.4165770000000002    3.3888379999999998
Al Na
2 2
direct
   0.6281440000000000    0.2378450000000000    0.7580070000000000 Al
   0.3775850000000000    0.9872760000000000    0.2580290000000000 Al
   0.1281480000000000    0.7376060000000000    0.7579740000000000 Na
   0.8776800000000000    0.4874720000000000    0.2579760000000000 Na
EA111   3.064  3.065  4.052 89.99 90.03 60.00 Sym.group:  187
1.0
   3.0644469999999999    0.0054710000000000    0.0071540000000000
   1.5274850000000000    2.6566920000000001   -0.0020150000000000
  -0.0114100000000000    0.0102490000000000    4.0519959999999999
N Mg
2 2
direct
   0.9948500000000000    0.0043460000000000    0.8350550000000000 N
   0.9939829999999999    0.0049470000000000    0.3959230000000000 N
   0.3279030000000000    0.3378790000000000    0.1154070000000000 Mg
   0.6611650000000000    0.6712720000000000    0.6155530000000000 Mg
EA97    4.276  2.469  2.469 119.97 73.24 106.76 Sym.group:  216
1.0
   4.2761579999999997    0.0215250000000000    0.0394400000000000
  -0.7002260000000000    1.2684359999999999   -1.9996860000000001
   0.6871410000000000    1.2016739999999999    2.0448279999999999
N B
2 2
direct
   0.6083840000000000    0.6889510000000000    0.8151490000000000 N
   0.1083840000000000    0.1885460000000000    0.3157960000000000 N
   0.9834430000000000    0.8135540000000000    0.6908970000000000 B
   0.4834420000000000    0.3139750000000000    0.1902190000000000 B
EA9     2.558  2.558  4.154 90.00 90.00 120.00 Sym.group:  186
1.0
   1.2797879999999999   -2.2145630000000001    0.0001290000000000
   1.2780560000000001    2.2155209999999999   -0.0019060000000000
   0.0026940000000000    0.0021730000000000    4.1543720000000004
O Be
2 2
direct
   0.3187550000000000    0.6586500000000000    0.1303500000000000 O
   0.6521370000000000    0.3252110000000000    0.6303460000000000 O
   0.6520600000000000    0.3252690000000000    0.0078250000000000 Be
   0.3187180000000000    0.6585320000000000    0.5077120000000001 Be
EA12    2.446  2.445  4.951 90.04 90.14 60.01 Sym.group:  164
1.0
   1.2238709999999999    2.1174430000000002    0.0050860000000000
  -1.2220370000000000    2.1179109999999999    0.0011470000000000
  -0.0159580000000000   -0.0163780000000000    4.9512000000000000
C F
2 2
direct
   0.5732030000000000    0.5824680000000000    0.4103930000000000 C
   0.2392400000000000    0.2492650000000000    0.3130770000000000 C
   0.5750720000000000    0.5818719999999999    0.6815540000000000 F
   0.2371290000000000    0.2495140000000000    0.0419140000000000 F
EA33    4.692  2.282  3.531 90.01 90.04 90.00 Sym.group:  123
1.0
   4.6914879999999997    0.0012920000000000   -0.0139000000000000
  -0.0006550000000000    2.2824710000000001   -0.0032430000000000
   0.0082610000000000    0.0045600000000000    3.5308790000000001
Li Si
2 2
direct
   0.2887400000000000    0.7046690000000000    0.8414420000000000 Li
   0.7887400000000000    0.7044020000000000    0.8414890000000000 Li
   0.5387830000000000    0.2046500000000000    0.3414680000000000 Si
   0.0387830000000000    0.2044340000000000    0.3414640000000000 Si
EA128   2.434  2.435  3.699 70.87 109.14 119.97 Sym.group:  166
1.0
   2.4335160000000000    0.0063920000000000   -0.0327730000000000
  -1.2215300000000000    2.1059269999999999    0.0282300000000000
  -1.1679610000000000    0.6774920000000000    3.4434990000000001
C H
2 2
direct
   0.6287880000000000    0.1051270000000000    0.8125530000000000 C
   0.2516170000000000    0.4822160000000000    0.6810370000000000 C
   0.1471790000000000    0.5860860000000000    0.3666050000000000 H
   0.7332090000000000    0.0006370000000000    0.1269880000000000 H
EA125   3.047  3.111  3.202 89.76 90.52 90.00 Sym.group:  129
1.0
   3.0467860000000000   -0.0000550000000000    0.0033390000000000
  -0.0000940000000000    3.1108709999999999   -0.0101860000000000
  -0.0328360000000000    0.0237280000000000    3.2015600000000002
H P
2 2
direct
   0.2426430000000000    0.7489150000000000    0.5106240000000000 H
   0.7460620000000000    0.2478020000000000    0.4908810000000000 H
   0.2442380000000000    0.7486159999999999    0.9688870000000001 P
   0.7444740000000000    0.2483850000000000    0.0326210000000000 P
EA122   3.658  3.658  3.371 90.00 90.00 92.66 Sym.group:  123
1.0
   3.6567090000000002   -0.0867660000000000   -0.0089370000000000
  -0.0832930000000000    3.6570149999999999    0.0165820000000000
   0.0077750000000000   -0.0150320000000000    3.3704790000000000
Al Si
2 2
direct
   0.7587080000000000    0.2476840000000000    0.4975030000000000 Al
   0.2581390000000000    0.7474740000000000    0.4974190000000000 Al
   0.2589800000000000    0.2473450000000000    0.9974730000000001 Si
   0.7578530000000000    0.7477740000000000    0.9974440000000000 Si
EA272   2.821  2.821  5.546 89.92 90.16 119.84 Sym.group:  164
1.0
   2.8214020000000000    0.0030940000000000    0.0052530000000000
  -1.4062340000000000    2.4455480000000001    0.0005210000000000
  -0.0261630000000000   -0.0068980000000000    5.5460919999999998
F Mg
2 2
direct
   0.3251680000000000    0.6632720000000000    0.6423250000000000 F
   0.6577290000000000    0.3290550000000000    0.3590160000000000 F
   0.3229400000000000    0.6630130000000000    0.1933900000000000 Mg
   0.6598600000000000    0.3292440000000000    0.8079980000000000 Mg
EA23    2.797  2.797  2.797 60.00 120.00 90.00 Sym.group:  225
1.0
   2.7970839999999999   -0.0019080000000000   -0.0005040000000000
   0.0019740000000000    2.7972070000000002    0.0004340000000000
  -1.3971169999999999    1.3991499999999999    1.9785990000000000
O Mg
1 1
direct
   0.6095090000000000    0.4019480000000000    0.1968680000000000 O
   0.1094800000000000    0.9018730000000000    0.1968580000000000 Mg
EA1     2.891  2.880  4.081 89.57 90.09 90.00 Sym.group:  225
1.0
   2.8911319999999998   -0.0003270000000000    0.0019110000000000
   0.0002030000000000    2.8802469999999998   -0.0082450000000000
  -0.0088840000000000    0.0424570000000000    4.0804640000000001
F Na
2 2
direct
   0.3711040000000000    0.8696680000000000    0.9639440000000000 F
   0.8750260000000000    0.3707220000000000    0.4635940000000000 F
   0.8712290000000000    0.3703310000000000    0.9633980000000000 Na
   0.3753950000000000    0.8713330000000000    0.4642500000000000 Na
EA255   2.808  7.269  2.809 89.99 119.98 90.01 Sym.group:  156
1.0
   1.4083650000000001   -0.0007640000000000    2.4297300000000002
   0.0079270000000000    7.2686140000000004   -0.0038130000000000
  -2.8088030000000002    0.0037370000000000    0.0056440000000000
N Si
3 3
direct
   0.5507530000000000    0.1724370000000000    0.9972450000000000 N
   0.8840190000000000    0.9074050000000000    0.6634409999999999 N
   0.8834540000000000    0.4380670000000000    0.6644550000000000 N
   0.8841000000000000    0.1756560000000000    0.6637750000000000 Si
   0.2167830000000000    0.5436650000000000    0.3309670000000000 Si
   0.5505630000000000    0.8060200000000000    0.9970550000000000 Si
EA1     3.706  2.687  2.687 89.98 68.77 111.23 Sym.group:  139
1.0
   3.7063630000000001   -0.0127100000000000    0.0119180000000000
  -0.9640260000000000    2.5075820000000002   -0.0154630000000000
   0.9661270000000000    0.3877260000000000    2.4767039999999998
C B
2 2
direct
   0.2250170000000000    0.1202560000000000    0.8870150000000000 C
   0.7720690000000000    0.8942380000000000    0.1136900000000000 C
   0.4985170000000000    0.2574860000000000    0.2503560000000000 B
   0.4985700000000000    0.7570080000000000    0.7503500000000000 B
EA38    2.493  4.344  3.535 90.06 90.01 89.98 Sym.group:  191
1.0
   2.4929779999999999    0.0120400000000000    0.0011120000000000
  -0.0193490000000000    4.3433999999999999    0.0228970000000000
  -0.0021150000000000   -0.0226460000000000    3.5351050000000002
Al F
2 2
direct
   0.1352800000000000    0.3769140000000000    0.3730740000000000 Al
   0.6352830000000000    0.8769150000000000    0.3735150000000000 Al
   0.6350260000000000    0.8773110000000000    0.8734630000000000 F
   0.1346930000000000    0.3773080000000000    0.8731260000000000 F
EA114   2.436  2.439  5.169 77.55 76.80 60.13 Sym.group:  160
1.0
   2.4355069999999999    0.0326110000000000    0.0116820000000000
   1.1858379999999999    2.1292949999999999    0.0868090000000000
   1.1506099999999999    0.4304810000000000    5.0213619999999999
C Li
2 2
direct
   0.5081329999999999    0.2797530000000000    0.7069520000000000 C
   0.1531480000000000    0.9274030000000000    0.7711570000000000 C
   0.3870170000000000    0.1686560000000000    0.0696140000000000 Li
   0.9309630000000000    0.7045960000000000    0.4353600000000000 Li
EA5     2.359  2.360  4.082 106.80 90.01 60.03 Sym.group:  225
1.0
   1.1935640000000001   -2.0350649999999999   -0.0041010000000000
   2.3600629999999998    0.0172160000000000    0.0214400000000000
  -1.2097329999999999   -0.7161810000000000    3.8327450000000001
H Li
2 2
direct
   0.6184950000000000    0.7575160000000000    0.3815790000000000 H
   0.1190320000000000    0.7566050000000000    0.8816970000000000 H
   0.8690400000000000    0.2571020000000000    0.6313450000000000 Li
   0.3686920000000000    0.2571480000000000    0.1312920000000000 Li
EA123   5.647  3.102  3.101 90.00 90.03 90.01 Sym.group:  129
1.0
   5.6474359999999999   -0.0058580000000000    0.0235360000000000
   0.0028310000000000    3.1019470000000000   -0.0016190000000000
  -0.0143380000000000    0.0016730000000000    3.1010089999999999
Cl P
2 2
direct
   0.0491200000000000    0.8893030000000000    0.6548640000000000 Cl
   0.3445530000000000    0.3894800000000000    0.1569170000000000 Cl
   0.6991170000000000    0.8893890000000000    0.6615680000000000 P
   0.6945690000000000    0.3892620000000000    0.1612970000000000 P
EA83    2.354  2.335  5.556 90.14 102.13 119.49 Sym.group:  166
1.0
   2.3518390000000000   -0.0925950000000000    0.0066780000000000
  -1.0686279999999999    2.0757140000000001    0.0172670000000000
  -1.2107920000000001   -0.6831660000000001    5.3792720000000003
Be F
2 2
direct
   0.4774560000000000    0.3644900000000000    0.3385240000000000 Be
   0.0195150000000000    0.1386650000000000    0.6588619999999999 Be
   0.4619270000000000    0.8595840000000000    0.8206120000000000 F
   0.0351830000000000    0.6438820000000000    0.1767780000000000 F
EA16    2.634  2.632  5.796 77.11 89.87 119.64 Sym.group:  166
1.0
   2.5643349999999998   -0.5950740000000000    0.0862310000000000
  -0.7559740000000000    2.5187360000000001    0.1038400000000000
   0.0878040000000000    1.1436679999999999    5.6817510000000002
Al O
2 2
direct
   0.8713770000000000    0.2547800000000000    0.2520090000000000 Al
   0.3712730000000000    0.2545730000000000    0.7520200000000000 Al
   0.9803200000000000    0.4741660000000000    0.9259300000000000 O
   0.7625100000000000    0.0352760000000000    0.5780880000000000 O
EA147   2.996  2.999  5.178 73.37 73.35 60.38 Sym.group:  216
1.0
   1.4932460000000001   -2.5971039999999999    0.0180820000000000
   2.9985070000000000    0.0145310000000000    0.0061030000000000
   1.4761340000000001   -0.8287470000000000    4.8930449999999999
B P
2 2
direct
   0.9908850000000000    0.6463530000000000    0.3190910000000000 B
   0.4906340000000000    0.1463590000000000    0.8190930000000000 B
   0.3659650000000000    0.0219840000000000    0.1948480000000000 P
   0.8657210000000000    0.5219900000000000    0.6948470000000000 P
EA21    3.181  3.224  3.224 119.21 119.52 60.48 Sym.group:  225
1.0
   3.1807430000000001    0.0060770000000000   -0.0043340000000000
   1.5832590000000000    2.8086280000000001    0.0022880000000000
  -1.5833900000000001   -0.9159920000000000    2.6552099999999998
P Si
1 1
direct
   0.9917700000000000    0.9975650000000000    0.0039190000000000 P
   0.4917320000000000    0.4975890000000000    0.5038930000000000 Si
EA11    3.320  3.330  3.323 60.43 119.70 119.61 Sym.group:  225
1.0
   3.3203900000000002    0.0230500000000000   -0.0013930000000000
  -1.6563500000000000    1.6711760000000000    2.3568050000000000
  -1.6336679999999999   -1.6770050000000001    2.3577640000000000
Cl Na
1 1
direct
   0.4963550000000000    0.5034310000000000    0.4894050000000000 Cl
   0.9965030000000000    0.0034120000000000    0.9897200000000000 Na
EA119   2.508  2.508  4.329 89.99 89.99 60.01 Sym.group:  194
1.0
   1.2588120000000000   -2.1691220000000002    0.0047060000000000
   2.5082770000000001    0.0059160000000000    0.0021060000000000
  -0.0031460000000000    0.0062900000000000    4.3290970000000000
F Li
2 2
direct
   0.6648380000000000    0.6648790000000000    0.2534100000000000 F
   0.3314310000000000    0.3318450000000000    0.7534090000000000 F
   0.9980000000000000    0.9984980000000000    0.0034320000000000 Li
   0.9983980000000000    0.9984620000000000    0.5034570000000000 Li
EA115   3.872  3.872  3.872 90.03 119.99 119.98 Sym.group:  227
1.0
   0.0885970000000000   -2.2011989999999999   -3.1837399999999998
   1.8915800000000000    3.3775230000000001    0.0702230000000000
   1.8911380000000000   -1.1273070000000001    3.1854429999999998
Al Li
2 2
direct
   0.6172470000000000    0.8650330000000001    0.1149040000000000 Al
   0.1173490000000000    0.6150020000000000    0.3650230000000000 Al
   0.6173140000000000    0.3650650000000000    0.6149790000000001 Li
   0.1173030000000000    0.1150330000000000    0.8650220000000000 Li
EA205   2.306  7.972  2.308 81.82 89.62 98.27 Sym.group:  139
1.0
   2.3061609999999999   -0.0346520000000000   -0.0060650000000000
  -1.0270500000000000    7.5629739999999996    2.3034640000000000
   0.0161510000000000   -0.3465170000000000    2.2814480000000001
Cl O
2 2
direct
   0.5634230000000000    0.1035520000000000    0.6642510000000000 Cl
   0.9118120000000000    0.7966740000000000    0.3194190000000000 Cl
   0.1997520000000000    0.3735880000000000    0.0297060000000000 O
   0.2769270000000000    0.5266230000000000    0.9541190000000001 O
EA120   2.598  2.598  7.015 89.99 90.00 90.12 Sym.group:  123
1.0
   2.5977730000000001    0.0045990000000000    0.0007530000000000
  -0.0099900000000000    2.5976319999999999   -0.0048070000000000
  -0.0022590000000000    0.0136650000000000    7.0149210000000002
Na S
2 2
direct
   0.2562920000000000    0.7504700000000000    0.2723070000000000 Na
   0.2587670000000000    0.7522600000000000    0.7722890000000000 Na
   0.7580800000000000    0.2533620000000000    0.0222570000000000 S
   0.7573110000000000    0.2499810000000000    0.5222440000000000 S
EA37    2.292  2.292  6.496 80.22 99.77 119.46 Sym.group:  160
1.0
   2.2919470000000000    0.0024120000000000   -0.0190910000000000
  -1.1291789999999999    1.9945290000000000    0.0090090000000000
  -1.0500389999999999    0.6442890000000000    6.3776999999999999
O N
2 2
direct
   0.2241560000000000    0.7810360000000000    0.1617740000000000 O
   0.7211400000000000    0.2779780000000000    0.6617980000000000 O
   0.2821760000000000    0.7230350000000000    0.3399740000000000 N
   0.7791709999999999    0.2199780000000000    0.8400069999999999 N
EA351   3.101  4.005  3.168 89.75 90.00 89.84 Sym.group:  129
1.0
   3.1013400000000000   -0.0014890000000000    0.0003730000000000
   0.0128550000000000    4.0047420000000002   -0.0016520000000000
  -0.0004820000000000    0.0152050000000000    3.1680720000000000
F P
2 2
direct
   0.7378749999999999    0.9171750000000000    0.2530480000000000 F
   0.2378290000000000    0.0927400000000000    0.7519990000000000 F
   0.7508330000000000    0.5162980000000000    0.2485800000000000 P
   0.2511700000000000    0.4936080000000000    0.7513919999999999 P
EA51    4.796  2.354  4.879 90.01 119.41 90.00 Sym.group:  123
1.0
   4.7943530000000001    0.0034510000000000   -0.1058000000000000
  -0.0016520000000000    2.3544399999999999   -0.0011250000000000
  -2.3010370000000000   -0.0006120000000000    4.3019639999999999
Na Si
2 2
direct
   0.7457680000000000    0.7559950000000000    0.7465190000000000 Na
   0.2459260000000000    0.7541940000000000    0.7466760000000000 Na
   0.2460550000000000    0.2547740000000000    0.2466200000000000 Si
   0.7464430000000000    0.2548220000000000    0.2467900000000000 Si
EA237   3.077  3.077  6.387 103.80 103.81 60.08 Sym.group:  166
1.0
   1.5414200000000000    2.6636389999999999    0.0010510000000000
  -1.5398769999999999    2.6643400000000002   -0.0072570000000000
  -0.0179460000000000   -1.7529170000000001    6.1412370000000003
S Si
2 2
direct
   0.8843330000000000    0.1459110000000000    0.9263890000000000 S
   0.1010140000000000    0.3622070000000000    0.5762550000000000 S
   0.7013260000000000    0.9626040000000000    0.3776210000000000 Si
   0.2840180000000000    0.5455179999999999    0.1250220000000000 Si
EA197   2.847  2.845  5.780 75.79 75.77 60.12 Sym.group:  166
1.0
   2.8470230000000001    0.0280920000000000    0.0087170000000000
   1.3929590000000001    2.4807440000000001    0.0406380000000000
   1.3965620000000001    0.7523430000000000    5.5580829999999999
B S
2 2
direct
   0.9827570000000000    0.6458840000000000    0.2853540000000000 B
   0.0785050000000000    0.7424670000000000    0.9946940000000000 B
   0.7925930000000000    0.4566900000000000    0.8509330000000001 S
   0.2686690000000000    0.9316610000000000    0.4291140000000000 S
EA245   2.766  2.767  3.637 90.04 90.12 61.32 Sym.group:  164
1.0
   2.7660790000000000   -0.0258580000000000   -0.0020680000000000
   1.3504849999999999    2.4147609999999999   -0.0082960000000000
  -0.0049130000000000    0.0122750000000000    3.6371820000000001
B Be
2 2
direct
   0.0054240000000000    0.9968560000000000    0.3645330000000000 B
   0.6704410000000000    0.6611390000000000    0.1543400000000000 B
   0.0075860000000000    0.9983230000000000    0.8967300000000000 Be
   0.6683190000000000    0.6596810000000000    0.6221790000000000 Be
EA307   2.968  2.968  4.637 90.00 90.00 60.00 Sym.group:  186
1.0
   2.9680460000000002    0.0000440000000000    0.0000690000000000
   1.4838750000000001    2.5703659999999999   -0.0000850000000000
  -0.0001050000000000    0.0002080000000000    4.6365189999999998
Al N
2 2
direct
   0.3404440000000000    0.3333520000000000    0.1944030000000000 Al
   0.6736060000000000    0.6667860000000000    0.6944030000000000 Al
   0.6737930000000000    0.6666800000000001    0.3048440000000000 N
   0.3402560000000000    0.3334590000000000    0.8048440000000000 N
EA123   2.535  2.527  3.977 89.99 90.07 119.86 Sym.group:  187
1.0
   2.5352350000000001   -0.0039460000000000    0.0074930000000000
  -1.2548630000000001    2.1937220000000002   -0.0008400000000000
  -0.0165430000000000   -0.0073010000000000    3.9769760000000001
Na Li
1 1
direct
   0.6553780000000000    0.8328730000000000    0.9985810000000001 Na
   0.3173680000000000    0.1660210000000000    0.4986180000000000 Li
EA9     2.754  2.763  3.898 89.91 90.24 90.00 Sym.group:  225
1.0
   2.7536130000000001    0.0003320000000000    0.0059160000000000
  -0.0002510000000000    2.7629459999999999   -0.0025380000000000
  -0.0248570000000000    0.0096260000000000    3.8976380000000002
H Na
2 2
direct
   0.3749810000000000    0.3733480000000000    0.1248950000000000 H
   0.8862890000000000    0.8732330000000000    0.6259860000000000 H
   0.8751960000000000    0.8737360000000000    0.1259200000000000 Na
   0.3859780000000000    0.3737420000000000    0.6251810000000000 Na
EA88    2.997  2.995  6.979 90.01 90.09 119.93 Sym.group:  164
1.0
   2.9968309999999998   -0.0235090000000000    0.0037260000000000
  -1.4738770000000001    2.6074269999999999    0.0030110000000000
  -0.0203500000000000   -0.0214480000000000    6.9790400000000004
Cl Mg
2 2
direct
   0.0072470000000000    0.9945030000000000    0.0901720000000000 Cl
   0.3412810000000000    0.6617450000000000    0.7858309999999999 Cl
   0.3416280000000000    0.6614900000000000    0.2944480000000000 Mg
   0.0067290000000000    0.9948920000000000    0.5815460000000000 Mg
EA7     2.948  2.944  3.616 89.99 66.16 60.06 Sym.group:  166
1.0
   1.4841850000000001    2.5475240000000001    0.0100190000000000
  -1.4640850000000001    2.5535790000000000   -0.0250440000000000
   1.4244509999999999    0.8490500000000000    3.2129509999999999
B Li
2 2
direct
   0.8114250000000000    0.0247860000000000    0.4788280000000000 B
   0.4544910000000000    0.7026990000000000    0.5085790000000000 B
   0.3658470000000000    0.2473590000000000    0.1431600000000000 Li
   0.9000990000000000    0.4801040000000000    0.8442120000000000 Li
EA52    3.213  2.318  2.318 120.00 89.99 90.01 Sym.group:  191
1.0
   3.2133159999999998    0.0024550000000000   -0.0044090000000000
  -0.0041960000000000    1.1843830000000000   -1.9923780000000000
   0.0022070000000000    1.1333370000000000    2.0218630000000002
H Si
1 1
direct
   0.3412390000000000    0.2445300000000000    0.9988190000000000 H
   0.8412180000000000    0.2504320000000000    0.0009270000000000 Si
EA273   3.267  5.262  3.275 72.09 89.92 72.14 Sym.group:  139
1.0
   3.2572770000000002   -0.2366790000000000   -0.0918090000000000
   1.9823670000000000    3.8341449999999999    3.0104280000000001
   0.0149660000000000   -1.0586789999999999    3.0996350000000001
Al S
2 2
direct
   0.8955780000000000    0.9574260000000000    0.0383110000000000 Al
   0.6404490000000000    0.4558070000000000    0.7833750000000000 Al
   0.1248000000000000    0.4889460000000000    0.2676990000000000 S
   0.4112270000000000    0.9242870000000000    0.5539870000000000 S
EA275   2.813  2.813  6.299 89.87 102.79 60.12 Sym.group:  166
1.0
   1.4122960000000000    2.4327350000000001    0.0061990000000000
  -1.4056450000000000    2.4363750000000000    0.0073130000000000
  -1.4058700000000000   -0.8123250000000000    6.0864279999999997
Be Cl
2 2
direct
   0.0196630000000000    0.5948790000000000    0.4055390000000000 Be
   0.5253679999999999    0.8440730000000000    0.6624949999999999 Be
   0.9806180000000000    0.1164900000000000    0.8455670000000000 Cl
   0.5644380000000000    0.3224570000000000    0.2224670000000000 Cl
EA161   4.663  3.307  3.307 90.00 90.00 90.00 Sym.group:  225
1.0
   4.6632980000000002   -0.0034580000000000    0.0014890000000000
   0.0022380000000000    3.3066650000000002   -0.0021100000000000
  -0.0009630000000000    0.0023220000000000    3.3070949999999999
Mg S
2 2
direct
   0.1267730000000000    0.7812550000000000    0.7745649999999999 Mg
   0.6280880000000000    0.2806070000000000    0.2750160000000000 Mg
   0.1280070000000000    0.2813220000000000    0.2745110000000000 S
   0.6270160000000000    0.7806980000000000    0.7749300000000000 S
EA157   2.927  2.927  5.064 106.78 73.22 119.98 Sym.group:  216
1.0
   2.9268130000000001   -0.0061000000000000    0.0118420000000000
  -1.4573590000000001    2.5381730000000000   -0.0117750000000000
   1.4405770000000000   -0.8361280000000000    4.7824660000000003
C Si
2 2
direct
   0.1811680000000000    0.8183610000000000    0.1865780000000000 C
   0.6810480000000000    0.3187240000000000    0.6865980000000000 C
   0.8062030000000000    0.1933240000000000    0.3113380000000000 Si
   0.3060940000000000    0.6936730000000000    0.8113290000000000 Si
EA114   2.546  2.586  4.018 108.38 72.25 89.09 Sym.group:  139
1.0
   2.5375939999999999   -0.1679290000000000    0.1117830000000000
   0.2128880000000000    2.5775969999999999   -0.0226080000000000
   0.9802280000000000   -1.3202320000000001    3.6662240000000001
N Li
2 2
direct
   0.1015080000000000    0.9211620000000000    0.8257960000000000 N
   0.9305960000000000    0.0943010000000000    0.1707700000000000 N
   0.6756560000000000    0.3464750000000000    0.6766320000000000 Li
   0.3564550000000000    0.6689889999999999    0.3199300000000000 Li
EA96    3.064  3.065  3.065 60.02 60.02 60.02 Sym.group:  225
1.0
   1.5412220000000001   -2.6484809999999999    0.0005390000000000
   3.0644819999999999    0.0113070000000000    0.0178740000000000
   1.5201570000000000   -0.8868710000000000    2.5093260000000002
Cl Li
1 1
direct
   0.2629950000000000    0.8232710000000000    0.1687850000000000 Cl
   0.7628950000000000    0.3232900000000000    0.6687460000000000 Li
EA18    2.822  2.833  4.690 90.32 90.23 60.73 Sym.group:  164
1.0
   1.4439240000000000   -2.4244420000000000    0.0032630000000000
   2.8324150000000001    0.0742730000000000   -0.0098110000000000
  -0.0105710000000000    0.0217840000000000    4.6904250000000003
C P
2 2
direct
   0.9990000000000000    0.9942210000000000    0.3454370000000000 C
   0.9988210000000000    0.9991910000000001    0.6608760000000000 C
   0.3326470000000000    0.3291990000000000    0.1795880000000000 P
   0.6651750000000000    0.6642130000000001    0.8267250000000000 P
EA5     2.791  2.792  3.569 89.82 89.86 60.04 Sym.group:  187
1.0
   1.4297830000000000    2.3968550000000000   -0.0448400000000000
  -1.3630290000000000    2.4357240000000000   -0.0493280000000000
  -0.0070970000000000    0.0812810000000000    3.5685330000000000
O Li
2 2
direct
   0.3330630000000000    0.0810250000000000    0.5309900000000000 O
   0.3322780000000000    0.0798410000000000    0.9545490000000000 O
   0.9994960000000001    0.7465440000000000    0.7427790000000000 Li
   0.6655300000000000    0.4143290000000000    0.2427620000000000 Li
