NUMBER OF TEMPLATES 25
COMPOSITION A 4 B
pairs , SPACEGROUPS 
[Al O] , 156 
[Be Li] , 166 
[C S] , 164 
[Al Cl] , 129 
[H Al] , 143 
[O B] , 119 
[H O] , 141 
[Li Si] , 166 
[B Li] , 139 
[Li Cl] , 129 
[Mg N] , 123 
[Mg O] , 123 
[Mg C] , 221 
[P Si] , 129 
[Li Na] , 87 
[C B] , 166 
[Al Cl] , 156 
[S Mg] , 140 
[Mg Si] , 87 
[F Si] , 137 
[Mg Al] , 87 
[Li Si] , 1166 
[Be S] , 156 
[Li H] , 156 
[F Si] , 121 
RANKING VECTORS ENTHALPIES
0:[-137.03235476 -137.01619219 -136.94074554 -136.84177976 -136.75608468 -136.68405962 -136.66746633 -136.63333309 -136.61949906 -136.52934711 -136.47691913 -136.47684392 -136.43549979 -136.42754344 -136.42565906 -136.41433419 -136.37484469 -136.36850965 -136.35524891 -136.30747176 -136.20476666 -136.15407951 -136.10133426 -136.08803365 -135.33975229] 
1:[-340.48712376 -340.47674164 -340.43028349 -340.39451411 -340.39283913 -340.39055438 -340.38262782 -340.38176793 -340.36979112 -340.36161136 -340.20125886 -340.17344922 -340.07292629 -340.02110477 -339.86943652 -339.86017407 -339.78625171 -339.78000038 -339.76584726 -339.73107295 -339.70837655 -339.35827008 -339.35389188 -339.280955   -338.99430148] 
2:[-188.53615429 -188.53347532 -188.07103379 -187.8591247  -187.40967407 -187.37208799 -187.21919223 -187.11147086 -187.08406804 -186.99151512 -186.98673439 -186.90727291 -186.63479874 -186.51447765 -186.47146501 -186.44048456 -186.25410281 -186.25074978 -186.19796702 -186.0058372 -185.95190952 -185.95190925 -185.60768318 -185.25123823 -185.08633899] 
3:[-135.34987041 -135.33811561 -135.25184341 -135.25024714 -135.06777669 -135.01817393 -135.01808791 -134.99607965 -134.98527705 -134.97358295 -134.96107039 -134.94799175 -134.93962804 -134.89454805 -134.86995269 -134.86570654 -134.65188626 -134.63465041 -134.53131351 -134.47156902 -134.3405915  -134.29802787 -134.29795254 -134.28729133 -133.78131913] 
4:[-23.45612149 -23.28682219 -23.28086927 -23.25894591 -23.23456598 -23.22307723 -23.22202687 -23.21314168 -23.20367843 -23.20241695 -23.18661977 -23.14608002 -23.13399613 -23.06044709 -22.9847034 -22.97670675 -22.96257648 -22.94397404 -22.92958182 -22.92549061 -22.89513428 -22.8830069  -22.4855225  -22.4327896  -22.42566344] 
5:[-372.53879588 -372.45032431 -371.83641957 -371.79750126 -371.79083716 -371.74317339 -371.71737317 -371.67740746 -371.65532715 -371.60981038 -371.55013331 -371.53135915 -371.49615871 -371.4863329  -371.4109369 -371.36786213 -371.31200971 -371.30942633 -371.22487978 -371.22162736 -371.03275668 -370.93650409 -370.91200618 -370.49921243 -370.45560633] 
6:[-101.37423056 -101.13333608 -101.05450031 -100.98301754 -100.96206973 -100.94790186 -100.90594974 -100.8401396  -100.80627549 -100.79805091 -100.77659261 -100.73559825 -100.72876852 -100.72548017 -100.72441396 -100.65919902 -100.55940459 -100.55356194 -100.50420689 -100.50371338 -100.49809449 -100.48928548 -100.48322698 -100.47182889  -99.92193637] 
7:[-176.71177721 -176.71102541 -176.70869927 -176.70868414 -176.70770606 -176.64796326 -176.60721138 -176.56137964 -176.42135704 -176.37015228 -176.29105924 -176.23776186 -176.16462942 -176.13462743 -176.11810413 -176.0952878  -176.0838132  -176.04228255 -175.96651721 -175.95362608 -175.75596205 -175.73518281 -175.6121051  -175.61209762 -175.29477118] 
8:[-101.3859854  -100.71659877 -100.67358966 -100.65506159 -100.62255244 -100.61297369 -100.59236983 -100.56001494 -100.48165954 -100.48101069 -100.47961072 -100.47199125 -100.44136849 -100.41845762 -100.39209696 -100.25014767 -100.23436611 -100.20946578 -100.17824558 -100.07445734 -100.01634022  -99.99498748  -99.17710047  -99.17364301  -98.35888231] 
9:[-243.00852442 -242.98318728 -242.8505634  -242.82247545 -242.82246514 -242.81569328 -242.81445943 -242.80992457 -242.78408071 -242.76388135 -242.73777646 -242.73202979 -242.68407654 -242.66792961 -242.64927082 -242.63556352 -242.63555277 -242.61665331 -242.6120651  -242.56150312 -242.55165267 -242.55148526 -242.45619894 -242.35032663 -242.24122668] 
10:[-1344.87047071 -1344.86903867 -1344.86098922 -1344.78494686 -1344.78045768 -1344.74318203 -1344.67955846 -1344.64524641 -1344.62967458 -1344.62918712 -1344.62918593 -1344.61524522 -1344.54763613 -1344.51746636 -1344.37699274 -1344.23446808 -1344.22639063 -1344.21573215 -1344.06604149 -1343.93661107 -1343.66543812 -1343.64518647 -1343.54309469 -1342.94114344 -1342.94041197] 
11:[-1378.71592182 -1378.66142867 -1378.62293061 -1378.60454109 -1378.60220061 -1378.60219197 -1378.50923343 -1378.50200931 -1378.50022071 -1378.39684086 -1378.34534221 -1378.34286866 -1378.32794225 -1378.32261789 -1378.11506492 -1378.10829245 -1378.10397381 -1378.02367626 -1378.01091755 -1377.98599518 -1377.91487227 -1377.86142647 -1377.22528326 -1376.91118541 -1376.91082493] 
12:[-1320.60093933 -1320.59261414 -1320.45507243 -1320.45196845 -1320.44915443 -1320.44655496 -1320.44639352 -1320.44542026 -1320.4349647  -1320.4327933  -1320.43254307 -1320.42353301 -1320.42252101 -1320.38926809 -1320.34802054 -1320.31573624 -1320.28986122 -1320.23481755 -1320.22329458 -1319.9311564 -1319.89814241 -1319.8066037  -1319.72702594 -1319.68987868 -1319.41881561] 
13:[-169.58576487 -169.4565545  -169.35268886 -169.33961008 -169.33120709 -169.32076369 -169.31100811 -169.29559295 -169.28718981 -169.28488328 -169.26770023 -169.22566311 -169.20051027 -169.19974506 -169.1995309 -169.1915867  -169.17899699 -169.15384839 -169.14601981 -169.12904781 -168.99147193 -168.99143377 -168.81306    -168.45897148 -168.10364131] 
14:[-401.3411571  -401.32204638 -401.31572142 -401.31433851 -401.31205462 -401.29314991 -401.29216722 -401.28745564 -401.28459587 -401.27968272 -401.25954783 -401.2514738  -401.24844401 -401.24799547 -401.21537342 -401.20229278 -401.1833471  -401.16511867 -401.13258571 -401.10821823 -401.05635157 -401.0252634  -401.02525474 -400.7764689  -400.68911797] 
15:[-145.08009484 -145.06264052 -144.78306064 -144.72845407 -144.53923803 -144.3832353  -143.81336641 -143.60402307 -143.56858056 -143.56771865 -143.50371604 -143.44427257 -143.2957323  -143.23340995 -143.1658542 -143.02534031 -142.91061334 -142.74046856 -142.73249952 -142.64386998 -142.60647319 -142.47910363 -142.43922313 -142.43921116 -141.54838497] 
16:[-135.34987041 -135.33811561 -135.25184341 -135.25024714 -135.06777669 -135.01817393 -135.01808791 -134.99607965 -134.98527705 -134.97358295 -134.96107039 -134.94799175 -134.93962804 -134.89454805 -134.86995269 -134.86570654 -134.65188626 -134.63465041 -134.53131351 -134.47156902 -134.3405915  -134.29802787 -134.29795254 -134.28729133 -133.78131913] 
17:[-558.85776856 -558.84321417 -558.73725509 -558.71376812 -558.7021004 -558.65082822 -558.62300925 -558.60551594 -558.60249867 -558.59118709 -558.58145613 -558.56778257 -558.55739041 -558.54758041 -558.53702228 -558.45429183 -558.39714485 -558.36539191 -558.3556502  -558.32252256 -558.26089716 -558.22456296 -558.19496417 -557.38499364 -557.29812186] 
18:[-1310.56240239 -1310.55674908 -1310.55634457 -1310.5550338 -1310.51611457 -1310.49759968 -1310.48779974 -1310.44375358 -1310.44015495 -1310.42053948 -1310.39675407 -1310.30498072 -1310.1775764  -1310.15388745 -1310.14954745 -1310.11528875 -1310.11386837 -1310.08797123 -1310.02996488 -1310.02989452 -1309.82259702 -1309.73597497 -1309.7292773  -1309.33834956 -1309.02535959] 
19:[-557.75967959 -557.75143297 -557.68404039 -557.40937024 -557.3534492 -557.348798   -557.30020338 -557.28543718 -557.05176376 -556.92739888 -556.7345922  -556.30753647 -556.30287037 -556.18933141 -556.18932413 -555.97152444 -555.33259164 -555.21594281 -555.20628479 -555.07541583 -555.03863872 -555.0135364  -554.99318596 -554.98394154 -554.52981285] 
20:[-1300.02265532 -1300.01953449 -1300.01868645 -1300.00656851 -1300.00445106 -1299.99241481 -1299.99098974 -1299.98320191 -1299.9804019  -1299.94314244 -1299.84985173 -1299.77688074 -1299.71658239 -1299.70340847 -1299.67373129 -1299.6529077 -1299.57564321 -1299.45012461 -1299.35361565 -1299.3029338 -1299.07494935 -1299.0712842  -1298.59803188 -1298.57068266 -1298.52440758] 
21:[-176.71177721 -176.71102541 -176.70869927 -176.70868414 -176.70770606 -176.64796326 -176.60721138 -176.56137964 -176.42135704 -176.37015228 -176.29105924 -176.23776186 -176.16462942 -176.13462743 -176.11810413 -176.0952878  -176.0838132  -176.04228255 -175.96651721 -175.95362608 -175.75596205 -175.73518281 -175.6121051  -175.61209762 -175.29477118] 
22:[-360.95772833 -360.84862812 -360.79933619 -360.78839474 -360.7809153 -360.71314319 -360.68693684 -360.68693187 -360.6384979  -360.63449952 -360.58739744 -360.54844032 -360.54729664 -360.54640064 -360.50597702 -360.46973119 -360.45524946 -360.45524534 -360.45214526 -360.43265567 -360.40139272 -360.33435257 -360.22754934 -359.97876864 -359.46894252] 
23:[-157.195806   -157.19534871 -157.19471829 -157.1936821  -157.18619761 -157.17469983 -157.17395461 -157.17395099 -157.1573965  -157.15509016 -157.14618433 -157.1378645  -157.1341559  -157.11849975 -157.10788879 -157.08907496 -157.07979696 -157.07484635 -157.06436878 -157.03044892 -157.00812883 -156.99415952 -156.99259521 -156.972721   -156.62384879] 
24:[-557.75967959 -557.75143297 -557.68404039 -557.40937024 -557.3534492 -557.348798   -557.30020338 -557.28543718 -557.05176376 -556.92739888 -556.7345922  -556.30753647 -556.30287037 -556.18933141 -556.18932413 -555.97152444 -555.33259164 -555.21594281 -555.20628479 -555.07541583 -555.03863872 -555.0135364  -554.99318596 -554.98394154 -554.52981285] 
RANKING VECTORS IDX
0:[ 0.  3. 16. 23. 19.  5. 24. 11. 10. 13.  7.  1. 20. 18. 12. 14. 22.  4.  2.  9.  6. 21. 15. 17.  8.] 
1:[ 1. 21.  7. 18. 20. 14. 16.  0. 23.  3. 19.  9. 15. 22.  5.  8. 17. 13.  4. 24.  2. 10. 11.  6. 12.] 
2:[15.  2.  0. 22.  4. 16. 23. 18. 20.  3. 24. 17. 13.  5. 21. 19.  1.  7.  8.  9. 11. 10. 14.  6. 12.] 
3:[ 3. 16.  0. 23.  9. 18. 20. 21.  7.  2. 15. 14.  1.  5. 19. 22.  4. 24.  8. 13.  6. 10. 11. 17. 12.] 
4:[ 4.  1. 17. 19.  5. 21.  7. 14. 22.  8. 15. 24. 23. 13.  6.  2. 16. 18. 20.  9.  3.  0. 12. 11. 10.] 
5:[ 5.  6.  4. 20. 18.  0. 22. 21. 15. 23. 19. 13. 24. 17.  7. 12. 10. 11.  1.  3. 16.  9. 14.  8.  2.] 
6:[ 6.  5.  4. 13. 16.  1.  7. 22.  0. 21.  3. 19. 14. 18. 20.  9. 23.  2. 12. 17. 11. 10. 15. 24.  8.] 
7:[19.  7. 18. 20.  1. 21. 14.  8. 13.  4.  9. 23.  3. 17. 16. 24.  0.  5.  2. 15. 22.  6. 10. 11. 12.] 
8:[ 8.  1. 21. 17.  4.  2. 15.  7. 19. 18. 20. 14.  5.  6.  9. 24. 13.  3. 22. 23. 16.  0. 10. 11. 12.] 
9:[ 9. 13. 17. 18. 20.  1.  3. 14.  5.  7.  4. 23. 21. 15.  2. 10. 11. 22. 24. 16.  8. 19.  0.  6. 12.] 
10:[10. 11. 13.  3. 12. 23. 21.  9. 14. 20. 18. 24. 17.  7.  1. 22. 19.  0.  6. 16. 15.  2.  8.  4.  5.] 
11:[ 3. 23. 21. 13. 10. 11. 16.  9. 12.  4. 14. 20. 24.  0. 19. 17.  5.  7.  1. 18.  6. 22.  8. 15.  2.] 
12:[ 9. 16. 17. 12.  2. 20. 18. 14. 24. 15. 13. 10. 11.  7.  3.  1. 23. 19. 21.  0.  4.  5. 22.  6.  8.] 
13:[13. 22.  5.  1. 17. 14. 21. 15.  7.  3.  9. 19.  4. 18. 20. 16.  2.  0. 24. 23. 10. 11.  8.  6. 12.] 
14:[23.  9.  1.  7. 14. 21. 15.  3.  0. 16.  5. 13. 18. 20.  2. 17.  4. 19.  8. 24. 22. 10. 11.  6. 12.] 
15:[ 2. 15. 22. 16.  0. 23.  4.  3. 18. 20.  1. 13.  5. 21. 17. 19. 24.  6.  8. 14.  9.  7. 10. 11. 12.] 
16:[ 3. 16.  0. 23.  9. 18. 20. 21.  7.  2. 15. 14.  1.  5. 19. 22.  4. 24.  8. 13.  6. 10. 11. 17. 12.] 
17:[17. 13.  9.  4. 21.  7. 14. 18. 23. 20.  3. 19. 15.  1.  8.  2. 22. 24. 10.  5. 11. 16.  0. 12.  6.] 
18:[14. 18. 21. 20.  7. 13.  1.  3.  9. 16. 23.  0. 19. 15. 22.  2. 24.  5.  4. 17.  8. 10. 11. 12.  6.] 
19:[19. 24.  9. 17.  7.  1. 20. 12. 18. 14.  6.  4. 21. 10. 11. 13.  5.  0. 22. 23. 15.  2.  3.  8. 16.] 
20:[21. 18. 20.  7.  1.  3. 16. 14. 13. 23.  0.  9. 15.  2. 22. 19.  5. 24.  8. 17. 10. 11. 12.  4.  6.] 
21:[19.  7. 18. 20.  1. 21. 14.  8. 13.  4.  9. 23.  3. 17. 16. 24.  0.  5.  2. 15. 22.  6. 10. 11. 12.] 
22:[22.  3.  7.  9.  1. 13. 18. 20. 21.  0.  8. 15. 14. 16. 19. 24. 10. 11.  4.  2. 23. 17.  5.  6. 12.] 
23:[23. 16. 14. 19. 15.  3. 11. 10.  9. 17. 24. 12. 21.  7.  4. 22.  1. 13.  2.  0.  5. 18. 20.  6.  8.] 
24:[19. 24.  9. 17.  7.  1. 20. 12. 18. 14.  6.  4. 21. 10. 11. 13.  5.  0. 22. 23. 15.  2.  3.  8. 16.] 
POSCARS
EA321   2.598 18.367  2.597 86.33 60.10 94.02 Sym.group:  156
1.0
   1.4340619999999999    0.1294040000000000    2.1630400000000001
  -1.7726880000000000   18.2223649999999999   -1.4618990000000001
  -1.1610480000000001    0.2398560000000000    2.3108870000000001
Al O
8 2
direct
   0.0879750000000000    0.9627650000000000    0.0917760000000000 Al
   0.4922260000000000    0.3522620000000000    0.6890710000000000 Al
   0.6341940000000000    0.8484130000000000    0.8783040000000000 Al
   0.0042610000000000    0.1962070000000000    0.5098500000000000 Al
   0.4083420000000000    0.6181360000000000    0.1104660000000000 Al
   0.5452710000000000    0.0784940000000000    0.3043490000000000 Al
   0.9310330000000000    0.4622050000000000    0.9269400000000000 Al
   0.8544440000000000    0.7339240000000000    0.3242650000000000 Al
   0.1064260000000000    0.2977790000000000    0.4051800000000000 O
   0.3165510000000000    0.5167850000000000    0.2109300000000000 O
EA73    3.266  3.283  3.839 65.50 114.02 118.88 Sym.group:  166
1.0
   3.2655820000000002    0.0040430000000000   -0.0077950000000000
  -1.5895319999999999    2.8725480000000001   -0.0271330000000000
  -1.5555619999999999    0.9906330000000000    3.3665010000000000
Be Li
4 1
direct
   0.5971370000000000    0.1978840000000000    0.4005350000000000 Be
   0.7906360000000000    0.0036600000000000    0.9823520000000000 Be
   0.3941470000000000    0.4010830000000000    0.7914500000000000 Be
   0.9936430000000001    0.8005540000000000    0.5913450000000000 Be
   0.1938470000000000    0.6007620000000000    0.1913810000000000 Li
EA254  12.320  2.456  2.455 119.57 90.00 89.97 Sym.group:  164
1.0
  12.3194569999999999    0.0695660000000000   -0.0268600000000000
  -0.0128420000000000    2.4557419999999999   -0.0292580000000000
   0.0113480000000000   -1.1860630000000001    2.1495419999999998
C S
8 2
direct
   0.1516060000000000    0.4225370000000000    0.3408460000000000 C
   0.0293830000000000    0.4227590000000000    0.3412600000000000 C
   0.3535980000000000    0.0891740000000000    0.6726560000000000 C
   0.4758140000000000    0.0889540000000000    0.6724240000000000 C
   0.9899100000000000    0.0890450000000000    0.6750090000000000 C
   0.5152840000000000    0.4226860000000000    0.3387140000000000 C
   0.3135050000000000    0.7555269999999999    0.0063890000000000 C
   0.1917010000000000    0.7561810000000000    0.0070930000000000 C
   0.8458490000000000    0.0892640000000000    0.6760890000000001 S
   0.6593380000000000    0.4229290000000000    0.3381620000000000 S
EA133   2.692  2.692 16.886 89.53 90.46 90.51 Sym.group:  129
1.0
   2.6913570000000000   -0.0082470000000000    0.0600760000000000
  -0.0160250000000000    2.6916940000000000    0.0054950000000000
  -0.5127740000000000    0.0996580000000000   16.8781679999999987
Al Cl
8 2
direct
   0.1513880000000000    0.6754940000000000    0.3039260000000000 Al
   0.6297460000000000    0.1953520000000000    0.8033880000000000 Al
   0.6483670000000000    0.1786630000000000    0.2036860000000000 Al
   0.6234060000000000    0.2040270000000000    0.6039660000000000 Al
   0.1434050000000000    0.6834490000000000    0.1045300000000000 Al
   0.1259060000000000    0.7004670000000000    0.7042200000000000 Al
   0.1333490000000000    0.6915990000000000    0.9048090000000000 Al
   0.6384790000000000    0.1867960000000000    0.0031010000000000 Al
   0.1370730000000000    0.6939390000000000    0.5158660000000000 Cl
   0.6381270000000000    0.1897340000000000    0.3920390000000000 Cl
EA128   4.638  4.639  2.366 90.00 90.05 60.03 Sym.group:  143
1.0
   2.3207559999999998   -4.0161860000000003   -0.0046290000000000
   4.6385269999999998    0.0045200000000000   -0.0001410000000000
   0.0000320000000000   -0.0004700000000000    2.3662749999999999
H Al
8 2
direct
   0.3232340000000000    0.8454690000000000    0.6416240000000000 H
   0.7963479999999999    0.1922470000000000    0.6419370000000000 H
   0.7363520000000000    0.5574490000000000    0.1297760000000000 H
   0.4244400000000000    0.4682300000000000    0.0555470000000000 H
   0.4182880000000000    0.4709540000000000    0.3703690000000000 H
   0.5081880000000000    0.0676050000000000    0.1297470000000000 H
   0.0183810000000000    0.7855220000000001    0.1303220000000000 H
   0.1423150000000000    0.3738920000000000    0.6419620000000000 H
   0.0878090000000000    0.1370420000000000    0.1388300000000000 Al
   0.7539190000000000    0.8037850000000000    0.6303040000000000 Al
EA11    2.245  2.244  6.784 99.44 80.57 89.82 Sym.group:  119
1.0
   2.2443740000000001   -0.0034160000000000    0.0298890000000000
   0.0107450000000000    2.2440669999999998   -0.0346750000000000
   1.0213410000000001   -1.0151699999999999    6.6293620000000004
O B
4 1
direct
   0.6253570000000001    0.5203340000000000    0.9944590000000000 O
   0.8957670000000000    0.2501840000000000    0.4533460000000000 O
   0.9844880000000000    0.1612350000000000    0.2745760000000000 O
   0.2549830000000000    0.8902250000000000    0.7330710000000000 O
   0.1901670000000000    0.4553000000000000    0.8637580000000000 B
EA163   3.498  3.881  3.481 116.59 90.03 116.76 Sym.group:  141
1.0
   3.4980570000000002    0.0006450000000000   -0.0070760000000000
  -1.7537160000000001    1.7195640000000001   -3.0050740000000000
   0.0036690000000000    1.7479400000000000    3.0106940000000000
H O
8 2
direct
   0.4362150000000000    0.6178550000000000    0.4307370000000000 H
   0.7476640000000000    0.2449600000000000    0.9959570000000000 H
   0.3117370000000000    0.3751010000000000    0.3070950000000000 H
   0.0681400000000000    0.8789240000000000    0.5676190000000000 H
   0.7502100000000000    0.2522080000000000    0.5010810000000000 H
   0.1843330000000000    0.1209840000000000    0.6727320000000000 H
   0.2624860000000000    0.7575590000000000    0.0000980000000000 H
   0.7520190000000000    0.7391400000000000    0.9917570000000000 H
   0.6253850000000000    0.9970820000000000    0.1204880000000000 O
   0.8758060000000000    0.4981180000000000    0.8707360000000000 O
EA280   3.696  4.125  3.700 64.55 60.05 63.83 Sym.group:  166
1.0
   2.0223640000000001    1.1047849999999999   -2.8898980000000001
   1.6554810000000000    3.7683689999999999    0.2725880000000000
   3.6894670000000001    0.1010250000000000    0.2583090000000000
Li Si
4 1
direct
   0.7935110000000000    0.2103610000000000    0.4002560000000000 Li
   0.4126120000000000    0.3524150000000000    0.0169440000000000 Li
   0.6025880000000000    0.7838740000000000    0.2017330000000000 Li
   0.9829310000000000    0.6421700000000000    0.5852140000000000 Li
   0.1980670000000000    0.9971250000000000    0.8008280000000000 Si
EA3     3.890  4.192  3.852 90.00 90.00 62.35 Sym.group:  139
1.0
   3.8904459999999998   -0.0045520000000000   -0.0001800000000000
   1.9493980000000000    3.7108070000000000    0.0013970000000000
   0.0001120000000000   -0.0014100000000000    3.8515510000000002
B Li
8 2
direct
   0.9591810000000000    0.5812600000000000    0.0022260000000000 B
   0.4594960000000000    0.5812720000000000    0.5023110000000000 B
   0.7382250000000000    0.0234100000000000    0.0021660000000000 B
   0.8489400000000000    0.3022390000000000    0.7521450000000000 B
   0.3488770000000000    0.3024170000000000    0.2521670000000000 B
   0.3487710000000000    0.3024480000000000    0.7523380000000000 B
   0.8488500000000000    0.3022580000000000    0.2523200000000000 B
   0.2385400000000000    0.0234200000000000    0.5022640000000000 B
   0.8492870000000000    0.8021880000000000    0.5020620000000000 Li
   0.3484310000000000    0.8024970000000000    0.0024280000000000 Li
EA70    9.308  3.060  3.059 90.00 90.07 90.08 Sym.group:  129
1.0
   9.3063160000000007    0.1348920000000000   -0.1109050000000000
  -0.0486610000000000    3.0598820000000000   -0.0116840000000000
   0.0327590000000000    0.0121050000000000    3.0589900000000001
Li Cl
8 2
direct
   0.0491680000000000    0.0945550000000000    0.5478680000000000 Li
   0.4654260000000000    0.5973010000000000    0.0532910000000000 Li
   0.2503260000000000    0.0959060000000000    0.0493670000000000 Li
   0.8500590000000000    0.5980290000000000    0.0508770000000000 Li
   0.2502740000000000    0.5961450000000000    0.5492320000000001 Li
   0.6489910000000000    0.0968970000000000    0.0499590000000000 Li
   0.6489000000000000    0.5968410000000000    0.5506840000000000 Li
   0.4338390000000000    0.0976900000000000    0.5533640000000000 Li
   0.0789730000000000    0.5951460000000000    0.0480550000000000 Cl
   0.8202640000000000    0.0975220000000000    0.5508500000000000 Cl
EA111   2.816  7.369  2.818 89.98 90.01 90.02 Sym.group:  123
1.0
   2.8157359999999998    0.0017880000000000    0.0060270000000000
  -0.0078400000000000    7.3685369999999999   -0.0064900000000000
  -0.0066420000000000    0.0036000000000000    2.8178649999999998
Mg N
4 1
direct
   0.2447160000000000    0.2447400000000000    0.7391840000000000 Mg
   0.2434980000000000    0.7665920000000001    0.7403350000000000 Mg
   0.7437390000000000    0.5056640000000000    0.2409360000000000 Mg
   0.7442190000000000    0.0056650000000000    0.2394580000000000 Mg
   0.2437410000000000    0.5056710000000000    0.7410590000000000 N
EA301   7.703  2.733  2.735 89.19 90.00 89.99 Sym.group:  123
1.0
   7.7034909999999996   -0.0034230000000000    0.0004670000000000
   0.0016840000000000    2.7327780000000002    0.0056340000000000
  -0.0003360000000000    0.0332180000000000    2.7345229999999998
Mg O
4 1
direct
   0.7717320000000000    0.3896880000000000    0.8146540000000000 Mg
   0.2503770000000000    0.3898270000000000    0.8148040000000000 Mg
   0.5110080000000000    0.8897910000000000    0.3152680000000000 Mg
   0.0111080000000000    0.8896950000000000    0.3147660000000000 Mg
   0.5110780000000000    0.3897810000000000    0.8153030000000000 O
EA30    3.934  3.934  3.934 89.99 90.01 90.01 Sym.group:  221
1.0
   3.9339700000000000   -0.0063210000000000   -0.0018010000000000
   0.0054810000000000    3.9339759999999999    0.0031300000000000
   0.0014510000000000   -0.0027200000000000    3.9339469999999999
Mg C
4 1
direct
   0.9967490000000000    0.6998190000000000    0.1972420000000000 Mg
   0.9968350000000000    0.1999600000000000    0.6954129999999999 Mg
   0.4965360000000000    0.1999700000000000    0.1974380000000000 Mg
   0.4965660000000000    0.6999590000000000    0.6974230000000000 Mg
   0.9965400000000000    0.1997940000000000    0.1951160000000000 C
EA167   3.195  3.204 11.238 90.03 89.95 89.99 Sym.group:  129
1.0
   3.1950590000000001   -0.0011590000000000    0.0479060000000000
   0.0007590000000000    3.2038600000000002    0.0464430000000000
  -0.1595170000000000   -0.1682510000000000   11.2360030000000002
P Si
8 2
direct
   0.0503000000000000    0.2709030000000000    0.3205930000000000 P
   0.5506070000000000    0.7706570000000000    0.5212820000000000 P
   0.0495560000000000    0.2699720000000000    0.5213670000000000 P
   0.5513050000000000    0.7715360000000000    0.3205120000000000 P
   0.0565150000000000    0.2756170000000000    0.1211930000000000 P
   0.5436210000000000    0.7653690000000000    0.7206820000000000 P
   0.0490380000000000    0.2696000000000000    0.9202810000000000 P
   0.5515300000000000    0.7719680000000000    0.9215950000000001 P
   0.5566030000000000    0.7755910000000000    0.1206940000000000 Si
   0.0435560000000000    0.2654180000000000    0.7211800000000000 Si
EA228   5.873  5.882  2.788 90.39 89.54 89.74 Sym.group:   87
1.0
   5.8704530000000004   -0.0621560000000000   -0.1421000000000000
   0.0905210000000000    5.8805220000000000    0.0706030000000000
   0.0892560000000000   -0.0535800000000000    2.7864570000000000
Li Na
8 2
direct
   0.3083490000000000    0.1044710000000000    0.0031930000000000 Li
   0.8940840000000000    0.3131880000000000    0.9995340000000000 Li
   0.0986020000000000    0.6901659999999999    0.0057900000000000 Li
   0.6844370000000000    0.9002700000000000    0.0033100000000000 Li
   0.1842940000000000    0.3999820000000000    0.5033970000000000 Li
   0.5982070000000000    0.1902830000000000    0.5055660000000000 Li
   0.3945640000000000    0.8137350000000000    0.5009340000000000 Li
   0.8083110000000000    0.6043920000000000    0.5019080000000000 Li
   0.4966950000000000    0.5020210000000001    0.0023070000000000 Na
   0.9968420000000000    0.0015860000000000    0.5020790000000001 Na
EA195   2.439  2.437 10.599 83.41 89.96 60.03 Sym.group:  166
1.0
   1.2448040000000000    2.0973139999999999    0.0291790000000000
  -1.1940550000000001    2.1238830000000002    0.0078490000000000
  -1.2928839999999999    0.6307640000000000   10.5008339999999993
C B
8 2
direct
   0.6468980000000000    0.7273610000000000    0.2713800000000000 C
   0.5989880000000000    0.8228410000000000    0.1283030000000000 C
   0.0426850000000000    0.9345050000000000    0.4613130000000000 C
   0.9955540000000001    0.0295900000000000    0.3182820000000000 C
   0.3913400000000000    0.2367340000000000    0.5082150000000000 C
   0.4392860000000000    0.1412080000000000    0.6512980000000000 C
   0.7879590000000000    0.4432800000000000    0.6984629999999999 C
   0.2503190000000000    0.5207600000000000    0.0811400000000000 C
   0.8414340000000000    0.3437010000000000    0.8440610000000000 B
   0.1969050000000000    0.6202700000000000    0.9355460000000000 B
EA138   2.664 20.036  2.662 90.01 60.02 90.02 Sym.group:  156
1.0
   1.3344750000000001    0.0025090000000000    2.3050860000000002
   0.0042840000000000   20.0355479999999986   -0.0343500000000000
  -1.3294800000000000    0.0038120000000000    2.3067370000000000
Al Cl
8 2
direct
   0.8962320000000000    0.1556440000000000    0.6280780000000000 Al
   0.5616360000000000    0.0516400000000000    0.2936040000000000 Al
   0.2303040000000000    0.2598490000000000    0.9624500000000000 Al
   0.8953470000000000    0.3646870000000000    0.6310440000000000 Al
   0.5599090000000000    0.8479960000000000    0.2931240000000000 Al
   0.8958040000000000    0.9489090000000000    0.6253690000000000 Al
   0.2248660000000000    0.5676960000000000    0.9632730000000000 Al
   0.5593250000000000    0.4675750000000000    0.2979270000000000 Al
   0.8902710000000000    0.6502329999999999    0.6298370000000000 Cl
   0.2264440000000000    0.7654220000000000    0.9594500000000000 Cl
EA32    5.597  5.720  5.716 92.44 60.73 60.71 Sym.group:  140
1.0
   5.5966969999999998    0.0260970000000000    0.0103540000000000
   2.7749560000000000    5.0021339999999999   -0.0278350000000000
   2.7941080000000000   -1.8021630000000000    4.6494580000000001
S Mg
8 2
direct
   0.0006740000000000    0.2926800000000000    0.0218450000000000 S
   0.0014110000000000    0.9761550000000000    0.7049190000000000 S
   0.6854960000000000    0.0227420000000000    0.2912060000000000 S
   0.3180170000000000    0.7061820000000000    0.9750070000000000 S
   0.0010080000000000    0.5225790000000000    0.7914130000000000 S
   0.0017350000000000    0.2062530000000000    0.4746960000000000 S
   0.6846670000000000    0.7926140000000000    0.5214010000000000 S
   0.3172320000000000    0.4760510000000000    0.2051820000000000 S
   0.5015540000000001    0.9993960000000000    0.9980520000000001 Mg
   0.5007680000000000    0.4994840000000000    0.4987070000000000 Mg
EA111   4.487  3.864  4.504 114.30 99.37 65.76 Sym.group:   87
1.0
   4.4860139999999999    0.0077580000000000    0.0972470000000000
   1.5807430000000000    3.5253760000000001   -0.0026260000000000
  -0.8192650000000000   -1.6606710000000000    4.1059409999999996
Mg Si
4 1
direct
   0.0185470000000000    0.1557900000000000    0.1549670000000000 Mg
   0.8049269999999999    0.5615910000000000    0.7502190000000000 Mg
   0.4003830000000000    0.3701880000000000    0.9622920000000000 Mg
   0.6139390000000000    0.9643220000000000    0.3671540000000000 Mg
   0.2094390000000000    0.7629580000000000    0.5586560000000000 Si
EA46    4.771  4.771  3.489 90.02 89.99 90.01 Sym.group:  137
1.0
   4.7710330000000001    0.0033540000000000   -0.0065900000000000
  -0.0039930000000000    4.7706540000000004    0.0062380000000000
   0.0056510000000000   -0.0057640000000000    3.4892949999999998
F Si
8 2
direct
   0.4971600000000000    0.2376990000000000    0.2657710000000000 F
   0.9971860000000000    0.2566640000000000    0.2424330000000000 F
   0.9979270000000000    0.7370750000000000    0.2426030000000000 F
   0.4979050000000000    0.7572960000000000    0.2657630000000000 F
   0.7573980000000000    0.4970050000000000    0.7426260000000000 F
   0.2572010000000000    0.9975380000000000    0.7657990000000000 F
   0.7376320000000000    0.9969690000000000    0.7657140000000000 F
   0.2378350000000000    0.4975670000000000    0.7424290000000000 F
   0.9974660000000000    0.9969220000000000    0.5041660000000000 Si
   0.4975040000000000    0.4974170000000000    0.0041120000000000 Si
EA9     3.833  4.552  4.600 100.57 65.39 114.89 Sym.group:   87
1.0
   3.8329819999999999   -0.0058770000000000    0.0062000000000000
  -1.9093890000000000    4.1325170000000000    0.0357210000000000
   1.9091089999999999   -0.0838400000000000    4.1846420000000002
Mg Al
4 1
direct
   0.7942320000000000    0.2011860000000000    0.7988790000000000 Mg
   0.3912060000000000    0.5934120000000001    0.9968740000000000 Mg
   0.9899050000000000    0.9958050000000001    0.2017910000000000 Mg
   0.1950850000000000    0.7986290000000000    0.5938830000000000 Mg
   0.5924509999999999    0.3971700000000000    0.3978550000000000 Al
EA220   3.635  3.656  7.720 76.71 103.55 119.81 Sym.group:  166
1.0
   1.8299040000000000    3.1405430000000001    0.0193060000000000
  -3.6544279999999998    0.0268370000000000   -0.0914140000000000
  -1.9674620000000000   -0.9926750000000000    7.3989190000000002
Li Si
8 2
direct
   0.3816910000000000    0.1758520000000000    0.2838100000000000 Li
   0.6850760000000000    0.8754160000000000    0.1899930000000000 Li
   0.9886160000000001    0.5750900000000000    0.0961470000000000 Li
   0.1851070000000000    0.3755390000000000    0.6900170000000000 Li
   0.5833290000000000    0.9750960000000000    0.8845450000000000 Li
   0.4786300000000000    0.0828720000000000    0.5713780000000001 Li
   0.8916470000000000    0.6681220000000000    0.8085290000000001 Li
   0.7870770000000000    0.7757830000000000    0.4954130000000000 Li
   0.0864850000000000    0.4723220000000000    0.3972690000000000 Si
   0.2839350000000000    0.2785660000000000    0.9827300000000000 Si
EA288   3.130  3.120  9.687 90.05 89.61 119.78 Sym.group:  156
1.0
   3.1290030000000000   -0.0853560000000000   -0.0406910000000000
  -1.4752639999999999    2.7486679999999999   -0.0061660000000000
   0.1946040000000000    0.1163590000000000    9.6841650000000001
Be S
8 2
direct
   0.2693460000000000    0.3289540000000000    0.3379200000000000 Be
   0.6023730000000000    0.9950700000000000    0.4142130000000000 Be
   0.9349950000000000    0.6611390000000000    0.4691700000000000 Be
   0.6018050000000000    0.9933670000000000    0.6087780000000000 Be
   0.9351790000000000    0.6596780000000000    0.6834530000000000 Be
   0.2676420000000000    0.3271000000000000    0.5427280000000000 Be
   0.5995090000000000    0.9921730000000000    0.8100579999999999 Be
   0.9372060000000000    0.6738570000000000    0.0881300000000000 Be
   0.2706660000000000    0.3400400000000000    0.1451440000000000 S
   0.9325990000000000    0.6582740000000000    0.8889540000000000 S
EA315   2.277  2.281  7.737 90.10 89.94 60.18 Sym.group:  156
1.0
   1.1708209999999999    1.9531010000000000    0.0048610000000000
  -1.1141479999999999    1.9903240000000000   -0.0134140000000000
  -0.0409490000000000    0.0143760000000000    7.7372899999999998
Li H
4 1
direct
   0.2574130000000000    0.0662880000000000    0.1285490000000000 Li
   0.9279830000000000    0.7324680000000000    0.3789400000000000 Li
   0.2589790000000000    0.0968620000000000    0.6272030000000000 Li
   0.5944970000000001    0.3954300000000000    0.8780620000000000 Li
   0.9255030000000000    0.7313480000000000    0.0034470000000000 H
EA182   3.476  3.476  6.579 90.00 89.99 89.98 Sym.group:  121
1.0
   3.4762100000000000    0.0113320000000000   -0.0049050000000000
  -0.0102080000000000    3.4764590000000002    0.0017190000000000
   0.0103420000000000   -0.0032710000000000    6.5788289999999998
F Si
8 2
direct
   0.1410110000000000    0.1401490000000000    0.0709370000000000 F
   0.6407800000000000    0.6404270000000000    0.5710070000000000 F
   0.6614860000000000    0.1406210000000000    0.3304220000000000 F
   0.1612540000000000    0.6401900000000000    0.8304720000000000 F
   0.1407300000000000    0.6608980000000000    0.3304860000000000 F
   0.6408300000000000    0.1609710000000000    0.8305169999999999 F
   0.6615600000000000    0.6610680000000000    0.0709680000000000 F
   0.1616570000000000    0.1608440000000000    0.5709790000000000 F
   0.4011870000000000    0.4006900000000000    0.2005460000000000 Si
   0.9011360000000000    0.9007410000000000    0.7006590000000000 Si
