NUMBER OF TEMPLATES 25
COMPOSITION A 4 B
pairs , SPACEGROUPS 
[Mg Al] , 87 
[Na B] , 87 
[Mg S] , 87 
[C B] , 166 
[Na S] , 194 
[Li Na] , 87 
[Li Al] , 87 
[O F] , 191 
[C Mg] , 164 
[C F] , 166 
[Mg Si] , 87 
[C Mg] , 160 
[Li N] , 166 
[Li Si] , 166 
[P H] , 123 
[S Mg] , 140 
[O B] , 119 
[Li Be] , 87 
[Na H] , 221 
[P Na] , 156 
[Be Li] , 166 
[Mg H] , 121 
[Li Si] , 1166 
[Li H] , 156 
[Na Cl] , 139 
RANKING VECTORS ENTHALPIES
0:[-1300.02265532 -1300.01953449 -1300.01868645 -1300.01629844 -1300.0091123  -1300.00656851 -1300.00445106 -1299.99024468 -1299.98954955 -1299.98921511 -1299.98680756 -1299.98320191 -1299.94314244 -1299.91056139 -1299.89758325 -1299.74005243 -1299.71658239 -1299.6642191  -1299.6099536  -1299.57564321 -1299.45845172 -1299.3029338  -1299.19649782 -1299.08841862 -1298.59880466] 
1:[-1005.49033994 -1005.49003716 -1005.48924029 -1005.48894261 -1005.48575769 -1005.48528015 -1005.48506127 -1005.4832851 -1005.47141453 -1005.46126358 -1005.44788649 -1005.40283616 -1005.2820106  -1005.24015969 -1005.10898273 -1005.10848429 -1005.05970642 -1005.05209068 -1005.02653982 -1005.01062699 -1004.98246698 -1004.92361798 -1004.8661068  -1004.79320442 -1004.56689344] 
2:[-1347.9392749  -1347.85281303 -1347.85263334 -1347.85263272 -1347.85230063 -1347.84772065 -1347.70899074 -1347.67786301 -1347.66698724 -1347.64976675 -1347.64596165 -1347.6459119 -1347.59941011 -1347.59787464 -1347.56586494 -1347.55894507 -1347.51305228 -1347.49422176 -1347.26172128 -1347.08216679 -1347.06124455 -1347.01354178 -1346.92656474 -1346.75542727 -1346.74185566] 
3:[-145.06811474 -145.06264052 -144.46854356 -144.41999259 -144.3832353 -143.97678874 -143.92913347 -143.7792548  -143.591899   -143.56858056 -143.56771865 -143.50371604 -143.31183569 -143.2957323  -143.23340995 -143.1658542  -143.07519565 -142.96630969 -142.95573773 -142.70736993 -142.64386998 -142.61474963 -142.47910363 -142.44218651 -141.54770367] 
4:[-1050.11410121 -1050.1137147  -1050.1136578  -1050.11365592 -1050.11365485 -1050.09944287 -1050.08957929 -1050.08541639 -1050.07465736 -1050.04846365 -1050.04382935 -1050.03704097 -1050.02791982 -1049.96149302 -1049.88408228 -1049.87229241 -1049.84667912 -1049.83257508 -1049.72480196 -1049.58091248 -1049.49912328 -1049.45349543 -1049.35304203 -1049.14893829 -1048.98495683] 
5:[-401.34637946 -401.3411571  -401.32498487 -401.31626365 -401.31572142 -401.31433851 -401.31205462 -401.29314991 -401.29216722 -401.28804585 -401.28788844 -401.27883225 -401.2669671  -401.25954783 -401.25764613 -401.25614727 -401.24844401 -401.24799547 -401.24502139 -401.23867229 -401.23859502 -401.20372986 -401.20229278 -400.94046498 -400.68108403] 
6:[-165.90497052 -165.90494831 -165.89896047 -165.89736696 -165.89269236 -165.89250986 -165.87932577 -165.86681676 -165.86663053 -165.86367381 -165.85226843 -165.84192179 -165.68336176 -165.66206628 -165.64086879 -165.5492589  -165.50075484 -165.49877749 -165.48413224 -165.48388536 -165.46107123 -165.43613094 -165.40665516 -165.2273524  -164.48826352] 
7:[-489.03220553 -488.98334449 -488.87292056 -488.86527894 -488.84273962 -488.70611008 -488.59495234 -488.5701777  -488.36941515 -488.21514933 -488.20314663 -488.20256642 -488.08324771 -487.99928374 -487.94080643 -487.91483235 -487.83284841 -487.78303303 -487.70261996 -487.68765271 -487.65896317 -487.52352996 -487.46395392 -487.37401392 -486.45523391] 
8:[-451.6357631  -451.5917259  -451.5642848  -451.38259314 -451.36467675 -451.25800295 -451.25480076 -451.25045062 -451.24964359 -450.37347983 -450.28307155 -450.04636606 -450.03974496 -450.03845301 -450.01194397 -449.64082854 -449.39452349 -449.38272567 -449.36439319 -449.36173412 -449.29411774 -449.21108767 -449.18856387 -448.57562238 -446.43236782] 
9:[-263.08334259 -263.08181179 -262.77921221 -262.57058389 -262.55925615 -262.53628801 -262.39644267 -262.36509832 -262.28446728 -261.84485239 -261.1353392  -261.12339099 -261.09578183 -261.09494252 -260.99901784 -260.73273559 -260.6072649  -260.46862789 -260.36969538 -259.76859246 -259.72827719 -259.70571319 -259.35579965 -259.32996377 -257.50512565] 
10:[-1310.56618213 -1310.56526182 -1310.56240239 -1310.55674908 -1310.55634457 -1310.5550338  -1310.54718472 -1310.53829722 -1310.53182088 -1310.51611457 -1310.4979414  -1310.48779974 -1310.45826187 -1310.45786118 -1310.39675407 -1310.37767206 -1310.34711251 -1310.34107167 -1310.15388745 -1310.10797949 -1310.08797123 -1310.02989452 -1309.72890038 -1309.61798778 -1309.33460004] 
11:[-451.6357631  -451.5917259  -451.5642848  -451.38259314 -451.36467675 -451.25800295 -451.25480076 -451.25045062 -451.24964359 -450.37347983 -450.28307155 -450.04636606 -450.03974496 -450.03845301 -450.01194397 -449.64082854 -449.39452349 -449.38272567 -449.36439319 -449.36173412 -449.29411774 -449.21108767 -449.18856387 -448.57562238 -446.43236782] 
12:[-211.02975333 -211.01502959 -210.87997005 -210.8579947  -210.85689586 -210.81661711 -210.81640256 -210.81357295 -210.81356392 -210.8079345 -210.78657663 -210.77858573 -210.7698823  -210.74811045 -210.67129129 -210.67063615 -210.58853103 -210.47690067 -210.45512682 -210.4170574 -210.33283322 -209.76345514 -209.75392264 -209.5799624  -209.50568154] 
13:[-176.71434272 -176.7128306  -176.71102541 -176.70869927 -176.70868414 -176.70770606 -176.70754763 -176.64796326 -176.62533065 -176.60784124 -176.60721138 -176.45019126 -176.32217156 -176.26296857 -176.23776186 -176.22410756 -176.21952781 -176.20804489 -176.13462743 -176.08691789 -176.04228255 -175.95362608 -175.95330724 -175.84341065 -175.30087694] 
14:[-150.23229304 -150.13599973 -150.10504599 -150.10283721 -150.10010653 -150.07551613 -150.07330376 -150.06493562 -150.06001729 -149.99190356 -149.98214097 -149.9607388  -149.90231894 -149.88313296 -149.87823183 -149.87738447 -149.87180183 -149.8124571  -149.78267367 -149.78111151 -149.76823131 -149.74818717 -149.74231536 -149.73855082 -149.61291253] 
15:[-558.85776856 -558.71918652 -558.7021004  -558.65082822 -558.64777279 -558.62300925 -558.62075643 -558.61763192 -558.60885571 -558.60551594 -558.60249867 -558.59118709 -558.55739041 -558.55158827 -558.54758041 -558.54359438 -558.54010122 -558.53557544 -558.53437457 -558.39252856 -558.32252256 -558.22165195 -558.18183153 -558.0422532  -557.384467  ] 
16:[-372.53879588 -372.28329037 -371.92275584 -371.79750126 -371.79083716 -371.7709348  -371.67740746 -371.67686396 -371.66877809 -371.66564505 -371.65532715 -371.63972478 -371.60981038 -371.56526537 -371.4863329 -371.4109369  -371.36726622 -371.31703659 -371.26465018 -371.22487978 -370.91200618 -370.9025325  -370.87147171 -370.69936709 -370.43888889] 
17:[-229.31513578 -229.31399045 -229.31397753 -229.31134828 -229.30976922 -229.30939438 -229.30870984 -229.30681657 -229.29880439 -229.29153565 -229.28261231 -229.28209387 -229.27955812 -229.27115063 -229.26206989 -229.26195862 -229.25716274 -229.25480585 -229.14586984 -229.10330924 -229.08345337 -229.04274659 -228.93906309 -228.90864177 -228.48146878] 
18:[-993.25567551 -993.22309455 -993.22003073 -993.22001018 -993.21998225 -993.21963858 -993.21908309 -993.19699215 -993.19194066 -993.19110387 -993.17565923 -993.12726132 -993.1218471  -993.10639352 -993.07876329 -993.05709622 -993.04866972 -993.04850882 -993.01122769 -992.99918254 -992.99199082 -992.95369995 -992.88226062 -992.65446881 -992.60293448] 
19:[-394.9866048  -394.98053866 -394.98027512 -394.9492039  -394.90106047 -394.89119932 -394.89090011 -394.88635989 -394.8833893  -394.87595323 -394.87268149 -394.85306597 -394.84315242 -394.8418122  -394.82806558 -394.8041639  -394.79257235 -394.78957851 -394.67641029 -394.60496433 -394.57816399 -394.53380185 -394.50490135 -394.33565553 -392.45833418] 
20:[-340.48712376 -340.48593818 -340.47674164 -340.44641306 -340.44094699 -340.43028349 -340.41720626 -340.4001671  -340.39451411 -340.39283913 -340.39055438 -340.36979112 -340.3432648  -340.27750901 -340.25023776 -340.24676336 -340.07294058 -340.07292629 -340.00218932 -339.86943652 -339.78625171 -339.71615042 -339.58385304 -339.37715598 -338.99614625] 
21:[-1291.28887844 -1291.27443879 -1291.21673436 -1291.2150825 -1291.17886558 -1291.16199287 -1291.11164415 -1291.09432388 -1291.09041013 -1291.09022917 -1291.08724542 -1291.04615249 -1291.03855528 -1291.03793862 -1291.02897071 -1290.99728587 -1290.99668462 -1290.99545169 -1290.99266186 -1290.97452574 -1290.89443593 -1290.66989232 -1290.330084   -1290.0461981 -1289.72310054] 
22:[-176.71434272 -176.7128306  -176.71102541 -176.70869927 -176.70868414 -176.70770606 -176.70754763 -176.64796326 -176.62533065 -176.60784124 -176.60721138 -176.45019126 -176.32217156 -176.26296857 -176.23776186 -176.22410756 -176.21952781 -176.20804489 -176.13462743 -176.08691789 -176.04228255 -175.95362608 -175.95330724 -175.84341065 -175.30087694] 
23:[-157.195806   -157.19471829 -157.19387246 -157.19147073 -157.18619761 -157.18337937 -157.17610858 -157.16361557 -157.15509016 -157.14308549 -157.13590959 -157.1341559  -157.13015997 -157.11849975 -157.10877469 -157.09027253 -157.07979696 -157.00812883 -156.99501421 -156.99415952 -156.99259521 -156.97294333 -156.95845665 -156.66096525 -156.42709067] 
24:[-1079.12502251 -1078.98367667 -1078.98366979 -1078.98363865 -1078.98361896 -1078.92217441 -1078.91314872 -1078.90393133 -1078.90156038 -1078.8937603  -1078.88616604 -1078.88011984 -1078.87904458 -1078.87407159 -1078.86017346 -1078.84856561 -1078.83865655 -1078.72660764 -1078.69986106 -1078.56459014 -1078.55179902 -1078.52468671 -1078.30806356 -1078.23397033 -1078.19978305] 
RANKING VECTORS IDX
0:[22. 10.  0. 12.  6. 13. 20. 24. 19.  2. 17.  5. 23. 11.  8.  4.  3.  9.  1. 16. 21. 15.  7. 14. 18.] 
1:[13. 12. 20.  9.  1. 17.  2.  6. 10.  0. 22.  3.  4. 24. 21. 19. 23.  7. 15. 16.  5.  8. 14. 11. 18.] 
2:[24.  6.  0. 10. 17.  2. 19.  9. 23. 12. 20. 13. 22. 21. 11.  8.  4. 15. 16. 18.  3.  1.  5.  7. 14.] 
3:[ 9.  3. 12. 19. 23. 11.  8. 17.  1. 10.  0. 20. 24. 16. 22. 15. 14. 21.  4.  7.  5.  6. 13.  2. 18.] 
4:[ 5. 17. 10.  0.  2. 22.  1.  6. 13. 20. 24.  4. 12. 19.  9.  7.  3. 15. 11. 21. 23.  8. 16. 14. 18.] 
5:[19. 23. 24. 12. 20. 13.  5. 22.  3.  9.  8. 17. 11. 16.  4.  2. 10.  0.  6. 14.  1. 21. 15.  7. 18.] 
6:[10.  0.  6.  1. 12. 13. 17.  5.  2. 20. 24. 22. 23. 11. 19.  4. 15.  7.  9.  3.  8. 21. 16. 14. 18.] 
7:[ 7. 15. 13.  3.  9. 14. 21. 12.  0.  1.  5. 10.  6. 16. 17.  2. 20. 22. 24. 23. 19. 11.  8.  4. 18.] 
8:[ 8. 11. 12.  9.  3. 23. 13. 19. 20.  7. 24.  6.  1. 15. 16. 21.  5.  0. 22. 10. 17. 14.  2.  4. 18.] 
9:[ 3.  9. 12. 23. 19. 11.  8. 20.  7. 15. 10.  0.  1.  6. 22. 24. 16. 14. 13.  5. 17.  2.  4. 21. 18.] 
10:[17.  1.  5. 10. 22.  0. 12.  6.  2. 13. 24. 20.  9. 19. 23.  8.  4. 11.  3. 21. 16. 15.  7. 14. 18.] 
11:[ 8. 11. 12.  9.  3. 23. 13. 19. 20.  7. 24.  6.  1. 15. 16. 21.  5.  0. 22. 10. 17. 14.  2.  4. 18.] 
12:[22. 12.  4. 20. 13.  6.  1. 10.  0. 17.  2.  5. 19. 23. 21. 15.  7. 11. 24. 18.  8. 16.  9.  3. 14.] 
13:[ 6.  1. 13. 10.  0. 20. 12. 22. 17.  2.  5. 24.  4. 19. 23.  7.  8. 11. 15. 21. 16.  3.  9. 14. 18.] 
14:[14. 12.  4. 16. 15. 10.  0. 24.  6. 22.  9. 13. 21. 20. 17. 19.  3.  7.  5.  2. 11.  8. 23.  1. 18.] 
15:[15. 19. 22. 13.  4.  5. 12. 24. 17. 10. 23.  0.  3.  1. 20.  6. 11. 21.  2.  8. 16.  7.  9. 14. 18.] 
16:[16. 11.  8.  0. 10.  1. 22.  6. 12. 14.  3.  9. 23. 21. 15. 13. 18. 19.  4. 20.  5. 17.  2. 24.  7.] 
17:[23. 10.  0.  6. 13. 20.  1. 12. 17. 22. 24.  3.  9.  8. 11. 19.  2.  5.  4. 16. 14. 21. 15.  7. 18.] 
18:[24. 23.  2.  0. 17.  6.  5. 19. 11.  8. 21. 15. 18. 20. 13. 12.  4. 22. 10.  1. 16.  9.  3. 14.  7.] 
19:[20. 12. 13. 19.  5.  2. 10.  0. 17. 24.  3. 22. 14. 15. 23.  7.  1. 16.  6.  8.  9. 11.  4. 21. 18.] 
20:[20. 12. 22. 17.  2. 13. 24. 19. 10.  0.  5. 23.  6.  1. 11.  8.  9.  3.  4. 16. 15. 21.  7. 14. 18.] 
21:[23. 18. 21. 19. 11.  8. 24.  5. 17.  2.  3. 12. 13. 20.  9.  0. 16.  1. 10.  4. 15. 22. 14.  6.  7.] 
22:[ 6.  1. 13. 10.  0. 20. 12. 22. 17.  2.  5. 24.  4. 19. 23.  7.  8. 11. 15. 21. 16.  3.  9. 14. 18.] 
23:[23.  5.  2.  8.  3. 17. 21. 19. 15.  6. 12. 22. 18. 13. 24. 11. 20. 16.  9. 10.  0.  4.  1. 14.  7.] 
24:[24.  2.  0. 10. 17. 23.  4. 12. 19. 13.  1.  6. 11.  8. 20. 22. 15.  9. 21.  7. 16.  5.  3. 14. 18.] 
POSCARS
EA9     3.833  4.552  4.600 100.57 65.39 114.89 Sym.group:   87
1.0
   3.8329819999999999   -0.0058770000000000    0.0062000000000000
  -1.9093890000000000    4.1325170000000000    0.0357210000000000
   1.9091089999999999   -0.0838400000000000    4.1846420000000002
Mg Al
4 1
direct
   0.7942320000000000    0.2011860000000000    0.7988790000000000 Mg
   0.3912060000000000    0.5934120000000001    0.9968740000000000 Mg
   0.9899050000000000    0.9958050000000001    0.2017910000000000 Mg
   0.1950850000000000    0.7986290000000000    0.5938830000000000 Mg
   0.5924509999999999    0.3971700000000000    0.3978550000000000 Al
EA234   3.813  4.300  4.261 78.46 116.17 116.00 Sym.group:   87
1.0
   3.8128630000000001    0.0056110000000000    0.0036970000000000
  -1.8907920000000000    3.8617059999999999   -0.0091480000000000
  -1.8826719999999999    0.0359090000000000    3.8218890000000001
Na B
4 1
direct
   0.1944000000000000    0.4284030000000000    0.0260680000000000 Na
   0.8028980000000000    0.2242340000000000    0.4511590000000000 Na
   0.6184300000000000    0.6505649999999999    0.6559110000000000 Na
   0.0084760000000000    0.8550590000000000    0.2299740000000000 Na
   0.4059670000000000    0.0394660000000000    0.8406750000000000 B
EA26    6.686  6.731  2.913 89.99 89.99 90.41 Sym.group:   87
1.0
   6.6864390000000000    0.0081930000000000   -0.0061650000000000
  -0.0567960000000000    6.7310949999999998   -0.0118870000000000
   0.0029670000000000    0.0057520000000000    2.9126989999999999
Mg S
8 2
direct
   0.7218390000000000    0.0819990000000000    0.5463650000000000 Mg
   0.0831580000000000    0.2785000000000000    0.5462340000000000 Mg
   0.9194870000000001    0.7220600000000000    0.5461180000000000 Mg
   0.2810690000000000    0.9182620000000000    0.5462230000000000 Mg
   0.2221290000000000    0.5823680000000000    0.0462880000000000 Mg
   0.5837730000000000    0.7781560000000000    0.0464360000000000 Mg
   0.4189680000000000    0.2223850000000000    0.0464410000000000 Mg
   0.7806410000000000    0.4179460000000000    0.0464570000000000 Mg
   0.0017200000000000    0.0003120000000000    0.0461540000000000 S
   0.5015630000000000    0.5003420000000000    0.5464920000000000 S
EA195   2.439  2.437 10.599 83.41 89.96 60.03 Sym.group:  166
1.0
   1.2448040000000000    2.0973139999999999    0.0291790000000000
  -1.1940550000000001    2.1238830000000002    0.0078490000000000
  -1.2928839999999999    0.6307640000000000   10.5008339999999993
C B
8 2
direct
   0.6468980000000000    0.7273610000000000    0.2713800000000000 C
   0.5989880000000000    0.8228410000000000    0.1283030000000000 C
   0.0426850000000000    0.9345050000000000    0.4613130000000000 C
   0.9955540000000001    0.0295900000000000    0.3182820000000000 C
   0.3913400000000000    0.2367340000000000    0.5082150000000000 C
   0.4392860000000000    0.1412080000000000    0.6512980000000000 C
   0.7879590000000000    0.4432800000000000    0.6984629999999999 C
   0.2503190000000000    0.5207600000000000    0.0811400000000000 C
   0.8414340000000000    0.3437010000000000    0.8440610000000000 B
   0.1969050000000000    0.6202700000000000    0.9355460000000000 B
EA71    3.970  3.971  9.561 90.00 90.00 119.96 Sym.group:  194
1.0
   1.9943759999999999   -3.4326690000000002   -0.0003750000000000
   1.9785960000000000    3.4425500000000002    0.0022820000000000
  -0.0051830000000000   -0.0038500000000000    9.5610130000000009
Na S
8 2
direct
   0.0020310000000000    0.5022260000000000    0.9518770000000000 Na
   0.6678990000000000    0.8346200000000000    0.0617330000000000 Na
   0.3345980000000000    0.1662890000000000    0.5616449999999999 Na
   0.0004970000000000    0.5000850000000000    0.4518880000000000 Na
   0.3340460000000000    0.1664980000000000    0.1987680000000000 Na
   0.6685960000000000    0.8335450000000000    0.7059730000000000 Na
   0.6670520000000000    0.8331250000000000    0.3423010000000000 Na
   0.3355870000000000    0.1676700000000000    0.8421310000000000 Na
   0.0006600000000000    0.5000660000000000    0.2023890000000000 S
   0.0020000000000000    0.5000640000000000    0.7012850000000000 S
EA228   5.873  5.882  2.788 90.39 89.54 89.74 Sym.group:   87
1.0
   5.8704530000000004   -0.0621560000000000   -0.1421000000000000
   0.0905210000000000    5.8805220000000000    0.0706030000000000
   0.0892560000000000   -0.0535800000000000    2.7864570000000000
Li Na
8 2
direct
   0.3083490000000000    0.1044710000000000    0.0031930000000000 Li
   0.8940840000000000    0.3131880000000000    0.9995340000000000 Li
   0.0986020000000000    0.6901659999999999    0.0057900000000000 Li
   0.6844370000000000    0.9002700000000000    0.0033100000000000 Li
   0.1842940000000000    0.3999820000000000    0.5033970000000000 Li
   0.5982070000000000    0.1902830000000000    0.5055660000000000 Li
   0.3945640000000000    0.8137350000000000    0.5009340000000000 Li
   0.8083110000000000    0.6043920000000000    0.5019080000000000 Li
   0.4966950000000000    0.5020210000000001    0.0023070000000000 Na
   0.9968420000000000    0.0015860000000000    0.5020790000000001 Na
EA292   5.113  3.455  5.114 90.00 89.99 89.96 Sym.group:   87
1.0
   5.1133040000000003    0.0006660000000000   -0.0017870000000000
   0.0018440000000000    3.4553639999999999   -0.0004530000000000
   0.0023360000000000    0.0003370000000000    5.1138269999999997
Li Al
8 2
direct
   0.6738900000000000    0.7477180000000000    0.5484740000000000 Li
   0.5522940000000000    0.2472530000000000    0.8278670000000000 Li
   0.9532870000000000    0.2476760000000000    0.6701980000000000 Li
   0.8316200000000000    0.7472860000000000    0.9495860000000000 Li
   0.3315810000000000    0.2472830000000000    0.4495410000000000 Li
   0.4531970000000000    0.7477900000000000    0.1702080000000000 Li
   0.0522250000000000    0.7471550000000000    0.3279530000000000 Li
   0.1738190000000000    0.2476630000000000    0.0484640000000000 Li
   0.7527400000000000    0.2475030000000000    0.2490200000000000 Al
   0.2528110000000000    0.7474610000000000    0.7490620000000000 Al
EA151   3.549  3.330  3.549 89.96 119.33 89.98 Sym.group:  191
1.0
   3.5484360000000001   -0.0223680000000000   -0.0645300000000000
   0.0217500000000000    3.3301150000000002   -0.0150320000000000
  -1.6813680000000000    0.0276820000000000    3.1249790000000002
O F
4 1
direct
   0.4877230000000000    0.5792530000000000    0.1350020000000000 O
   0.1517710000000000    0.5793030000000000    0.4706720000000000 O
   0.1519740000000000    0.2306180000000000    0.4710230000000000 O
   0.4879320000000000    0.2305810000000000    0.1353910000000000 O
   0.8192660000000000    0.9048620000000001    0.8028630000000000 F
EA149   2.489  2.489  5.829 89.99 90.00 60.00 Sym.group:  164
1.0
   2.4893719999999999    0.0003590000000000    0.0020700000000000
   1.2443610000000001    2.1561430000000001   -0.0020840000000000
  -0.0049820000000000    0.0094280000000000    5.8286239999999996
C Mg
4 1
direct
   0.3367050000000000    0.3343970000000000    0.7871250000000000 C
   0.6702080000000000    0.6673890000000000    0.2190720000000000 C
   0.0034070000000000    0.0010340000000000    0.8748660000000000 C
   0.0035350000000000    0.0007560000000000    0.1313260000000000 C
   0.0031870000000000    0.0008440000000000    0.5030300000000000 Mg
EA289   2.440  2.440 11.021 83.86 96.17 119.90 Sym.group:  166
1.0
   2.4378970000000000   -0.0782720000000000   -0.0599920000000000
  -1.1468119999999999    2.1530640000000001    0.0534010000000000
  -0.8972070000000000    0.5868300000000000   10.9691930000000006
C F
8 2
direct
   0.4982820000000000    0.7396760000000000    0.1547390000000000 C
   0.8465480000000000    0.3916380000000000    0.1995140000000000 C
   0.2403610000000000    0.9990770000000000    0.3823490000000000 C
   0.8919250000000000    0.3472140000000000    0.3367700000000000 C
   0.6337170000000000    0.6070480000000000    0.5647980000000000 C
   0.2853090000000000    0.9551470000000000    0.5192160000000000 C
   0.6790410000000000    0.5627750000000000    0.7020510000000000 C
   0.0272390000000000    0.2148300000000000    0.7468330000000000 C
   0.4576300000000000    0.7802180000000000    0.0322550000000000 F
   0.0675780000000000    0.1748210000000000    0.8693120000000000 F
EA111   4.487  3.864  4.504 114.30 99.37 65.76 Sym.group:   87
1.0
   4.4860139999999999    0.0077580000000000    0.0972470000000000
   1.5807430000000000    3.5253760000000001   -0.0026260000000000
  -0.8192650000000000   -1.6606710000000000    4.1059409999999996
Mg Si
4 1
direct
   0.0185470000000000    0.1557900000000000    0.1549670000000000 Mg
   0.8049269999999999    0.5615910000000000    0.7502190000000000 Mg
   0.4003830000000000    0.3701880000000000    0.9622920000000000 Mg
   0.6139390000000000    0.9643220000000000    0.3671540000000000 Mg
   0.2094390000000000    0.7629580000000000    0.5586560000000000 Si
EA78    4.309  2.488  5.990 90.00 103.88 90.00 Sym.group:  160
1.0
   4.3087439999999999    0.0004540000000000   -0.0214870000000000
  -0.0002700000000000    2.4882949999999999   -0.0006210000000000
  -1.4081120000000000    0.0013650000000000    5.8216440000000000
C Mg
8 2
direct
   0.3141320000000000    0.1728670000000000    0.6695590000000000 C
   0.4018190000000000    0.1728780000000000    0.9329780000000000 C
   0.1179530000000000    0.6728870000000000    0.5806410000000000 C
   0.7639860000000001    0.1728720000000000    0.0195480000000000 C
   0.2639810000000000    0.6728980000000000    0.0195460000000000 C
   0.9018240000000000    0.6728850000000000    0.9329840000000000 C
   0.8141340000000000    0.6728700000000000    0.6695620000000000 C
   0.6179620000000000    0.1728640000000000    0.5806460000000000 C
   0.1896520000000000    0.1731470000000000    0.2967020000000000 Mg
   0.6896300000000000    0.6727170000000000    0.2966620000000000 Mg
EA116   7.803  3.134  3.136 119.95 78.47 101.55 Sym.group:  166
1.0
   7.8028370000000002    0.0117160000000000    0.0005320000000000
  -0.6319360000000001    3.0696260000000000   -0.0014660000000000
   0.6289430000000000   -1.4679789999999999    2.6991700000000001
Li N
8 2
direct
   0.8703860000000000    0.9589450000000000    0.0510620000000000 Li
   0.5056530000000000    0.5038340000000000    0.5049560000000000 Li
   0.0233090000000000    0.3422960000000000    0.6626270000000000 Li
   0.1408010000000000    0.7146709999999999    0.2891890000000000 Li
   0.6363560000000000    0.2144710000000000    0.7963720000000000 Li
   0.3880550000000000    0.7973010000000000    0.2087070000000000 Li
   0.2574330000000000    0.0867510000000000    0.9172270000000000 Li
   0.7528930000000000    0.5865480000000000    0.4244750000000000 Li
   0.2630260000000000    0.4218280000000000    0.5819670000000000 N
   0.6306710000000000    0.8793650000000000    0.1316600000000000 N
EA280   3.696  4.125  3.700 64.55 60.05 63.83 Sym.group:  166
1.0
   2.0223640000000001    1.1047849999999999   -2.8898980000000001
   1.6554810000000000    3.7683689999999999    0.2725880000000000
   3.6894670000000001    0.1010250000000000    0.2583090000000000
Li Si
4 1
direct
   0.7935110000000000    0.2103610000000000    0.4002560000000000 Li
   0.4126120000000000    0.3524150000000000    0.0169440000000000 Li
   0.6025880000000000    0.7838740000000000    0.2017330000000000 Li
   0.9829310000000000    0.6421700000000000    0.5852140000000000 Li
   0.1980670000000000    0.9971250000000000    0.8008280000000000 Si
EA103   3.139  3.138  9.946 90.02 89.75 89.99 Sym.group:  123
1.0
   3.1348479999999999   -0.0134860000000000   -0.1663710000000000
   0.0077610000000000    3.1361210000000002   -0.1186910000000000
   0.5716270000000000    0.3711950000000000    9.9227139999999991
P H
8 2
direct
   0.2038770000000000    0.1963170000000000    0.7145940000000000 P
   0.7044740000000000    0.6960930000000000    0.4879800000000000 P
   0.2040270000000000    0.1964760000000000    0.9437090000000000 P
   0.7039380000000000    0.6963060000000000    0.7146070000000000 P
   0.2041870000000000    0.1958610000000000    0.2588880000000000 P
   0.2045010000000000    0.1960760000000000    0.4880140000000000 P
   0.7040480000000000    0.6964270000000000    0.9437170000000000 P
   0.7041590000000000    0.6959379999999999    0.2588670000000000 P
   0.2043130000000000    0.1961070000000000    0.1012970000000000 H
   0.7039100000000000    0.6962290000000000    0.1012870000000000 H
EA32    5.597  5.720  5.716 92.44 60.73 60.71 Sym.group:  140
1.0
   5.5966969999999998    0.0260970000000000    0.0103540000000000
   2.7749560000000000    5.0021339999999999   -0.0278350000000000
   2.7941080000000000   -1.8021630000000000    4.6494580000000001
S Mg
8 2
direct
   0.0006740000000000    0.2926800000000000    0.0218450000000000 S
   0.0014110000000000    0.9761550000000000    0.7049190000000000 S
   0.6854960000000000    0.0227420000000000    0.2912060000000000 S
   0.3180170000000000    0.7061820000000000    0.9750070000000000 S
   0.0010080000000000    0.5225790000000000    0.7914130000000000 S
   0.0017350000000000    0.2062530000000000    0.4746960000000000 S
   0.6846670000000000    0.7926140000000000    0.5214010000000000 S
   0.3172320000000000    0.4760510000000000    0.2051820000000000 S
   0.5015540000000001    0.9993960000000000    0.9980520000000001 Mg
   0.5007680000000000    0.4994840000000000    0.4987070000000000 Mg
EA11    2.245  2.244  6.784 99.44 80.57 89.82 Sym.group:  119
1.0
   2.2443740000000001   -0.0034160000000000    0.0298890000000000
   0.0107450000000000    2.2440669999999998   -0.0346750000000000
   1.0213410000000001   -1.0151699999999999    6.6293620000000004
O B
4 1
direct
   0.6253570000000001    0.5203340000000000    0.9944590000000000 O
   0.8957670000000000    0.2501840000000000    0.4533460000000000 O
   0.9844880000000000    0.1612350000000000    0.2745760000000000 O
   0.2549830000000000    0.8902250000000000    0.7330710000000000 O
   0.1901670000000000    0.4553000000000000    0.8637580000000000 B
EA56    5.478  2.636  5.476 90.02 90.02 89.99 Sym.group:   87
1.0
   5.4781490000000002    0.0014450000000000    0.0109500000000000
  -0.0001000000000000    2.6364299999999998   -0.0008860000000000
  -0.0130490000000000    0.0001800000000000    5.4758889999999996
Li Be
8 2
direct
   0.2072090000000000    0.2460870000000000    0.3459330000000000 Li
   0.8028189999999999    0.2463420000000000    0.1584730000000000 Li
   0.3024450000000000    0.7461900000000000    0.6556440000000000 Li
   0.8969530000000000    0.7465360000000000    0.4429580000000000 Li
   0.4919650000000000    0.7462230000000000    0.2517630000000000 Li
   0.3961080000000000    0.2460790000000000    0.9404030000000000 Li
   0.9919580000000000    0.2464610000000000    0.7526790000000000 Li
   0.7072980000000000    0.7464250000000000    0.8471890000000000 Li
   0.0995640000000000    0.7461140000000001    0.0492510000000000 Be
   0.5996850000000000    0.2463610000000000    0.5494900000000000 Be
EA78    3.836  3.835  3.832 89.84 89.77 89.39 Sym.group:  221
1.0
   3.8355969999999999   -0.0107230000000000   -0.0183210000000000
   0.0512210000000000    3.8342470000000000   -0.0144550000000000
   0.0335100000000000    0.0248960000000000    3.8319700000000001
Na H
4 1
direct
   0.0017320000000000    0.4983190000000000    0.4981070000000000 Na
   0.4997510000000000    0.5006310000000000    0.9992010000000000 Na
   0.5008720000000000    0.9972220000000001    0.5001210000000000 Na
   0.9991430000000000    0.0008360000000000    0.9995900000000000 Na
   0.5023180000000000    0.4964970000000000    0.4997180000000000 H
EA182   3.062  3.061  7.492 89.83 89.81 60.59 Sym.group:  156
1.0
   3.0621139999999998    0.0005050000000000    0.0055690000000000
   1.5023370000000000    2.6665120000000000    0.0019630000000000
   0.0107210000000000    0.0133820000000000    7.4917280000000002
P Na
4 1
direct
   0.7988710000000000    0.0774450000000000    0.8446030000000000 P
   0.4653990000000000    0.7438200000000000    0.6544810000000000 P
   0.1301750000000000    0.4087990000000000    0.4901960000000000 P
   0.1339380000000000    0.4121250000000000    0.0087620000000000 P
   0.7948940000000000    0.0731880000000000    0.2474540000000000 Na
EA73    3.266  3.283  3.839 65.50 114.02 118.88 Sym.group:  166
1.0
   3.2655820000000002    0.0040430000000000   -0.0077950000000000
  -1.5895319999999999    2.8725480000000001   -0.0271330000000000
  -1.5555619999999999    0.9906330000000000    3.3665010000000000
Be Li
4 1
direct
   0.5971370000000000    0.1978840000000000    0.4005350000000000 Be
   0.7906360000000000    0.0036600000000000    0.9823520000000000 Be
   0.3941470000000000    0.4010830000000000    0.7914500000000000 Be
   0.9936430000000001    0.8005540000000000    0.5913450000000000 Be
   0.1938470000000000    0.6007620000000000    0.1913810000000000 Li
EA265   3.936  3.937  4.643 115.05 64.95 89.95 Sym.group:  121
1.0
   3.9359489999999999   -0.0176720000000000    0.0031050000000000
   0.0213020000000000    3.9371100000000001   -0.0051690000000000
   1.9544900000000001   -1.9720759999999999    3.7219289999999998
Mg H
4 1
direct
   0.2162550000000000    0.0595880000000000    0.8499610000000000 Mg
   0.7325540000000000    0.5759570000000001    0.8499400000000000 Mg
   0.4724070000000000    0.3196000000000000    0.3373590000000000 Mg
   0.9886720000000000    0.8032600000000000    0.3372440000000000 Mg
   0.6023269999999999    0.1899270000000000    0.5940110000000000 H
EA220   3.635  3.656  7.720 76.71 103.55 119.81 Sym.group:  166
1.0
   1.8299040000000000    3.1405430000000001    0.0193060000000000
  -3.6544279999999998    0.0268370000000000   -0.0914140000000000
  -1.9674620000000000   -0.9926750000000000    7.3989190000000002
Li Si
8 2
direct
   0.3816910000000000    0.1758520000000000    0.2838100000000000 Li
   0.6850760000000000    0.8754160000000000    0.1899930000000000 Li
   0.9886160000000001    0.5750900000000000    0.0961470000000000 Li
   0.1851070000000000    0.3755390000000000    0.6900170000000000 Li
   0.5833290000000000    0.9750960000000000    0.8845450000000000 Li
   0.4786300000000000    0.0828720000000000    0.5713780000000001 Li
   0.8916470000000000    0.6681220000000000    0.8085290000000001 Li
   0.7870770000000000    0.7757830000000000    0.4954130000000000 Li
   0.0864850000000000    0.4723220000000000    0.3972690000000000 Si
   0.2839350000000000    0.2785660000000000    0.9827300000000000 Si
EA315   2.277  2.281  7.737 90.10 89.94 60.18 Sym.group:  156
1.0
   1.1708209999999999    1.9531010000000000    0.0048610000000000
  -1.1141479999999999    1.9903240000000000   -0.0134140000000000
  -0.0409490000000000    0.0143760000000000    7.7372899999999998
Li H
4 1
direct
   0.2574130000000000    0.0662880000000000    0.1285490000000000 Li
   0.9279830000000000    0.7324680000000000    0.3789400000000000 Li
   0.2589790000000000    0.0968620000000000    0.6272030000000000 Li
   0.5944970000000001    0.3954300000000000    0.8780620000000000 Li
   0.9255030000000000    0.7313480000000000    0.0034470000000000 H
EA117   2.995  2.995  7.640 101.10 101.17 90.52 Sym.group:  139
1.0
   2.9948419999999998   -0.0038890000000000   -0.0103680000000000
  -0.0231220000000000    2.9944950000000001   -0.0147510000000000
  -1.4571160000000001   -1.4458139999999999    7.3592750000000002
Na Cl
4 1
direct
   0.7546659999999999    0.4712880000000000    0.3674630000000000 Na
   0.9673020000000000    0.6844390000000000    0.7892580000000000 Na
   0.3573300000000000    0.0748230000000000    0.5699620000000000 Na
   0.1473410000000000    0.8630960000000000    0.1483590000000000 Na
   0.5576380000000000    0.2736060000000000    0.9690130000000000 Cl
