NUMBER OF TEMPLATES 16
COMPOSITION A 6 B
pairs , SPACEGROUPS 
[Li Cl] , 146 
[Li Be] , 148 
[Na Al] , 192 
[Na Li] , 148 
[O F] , 189 
[P O] , 139 
[Mg B] , 123 
[Mg O] , 157 
[Mg P] , 123 
[C N] , 148 
[P Mg] , 164 
[C Li] , 191 
[Be F] , 139 
[Si Na] , 175 
[Na F] , 148 
[Na Be] , 148 
RANKING VECTORS ENTHALPIES
0:[-228.49352434 -228.47737054 -228.44436438 -228.44435651 -228.43563558 -228.43461974 -228.43408501 -228.43330821 -228.36399681 -228.29252021 -228.20392767 -228.1900856  -228.17319109 -228.13653817 -227.86735697 -227.62481208] 
1:[-218.79408659 -218.79197189 -218.75525789 -218.75404155 -218.75129929 -218.75059061 -218.74847832 -218.74604914 -218.74064227 -218.72520504 -218.63964474 -218.57567384 -218.45569752 -218.44690791 -218.44689892 -218.43152824] 
2:[-1069.12204558 -1069.11101439 -1069.11015402 -1069.10582491 -1069.10321409 -1069.09988798 -1069.09514673 -1069.0893953 -1069.03522931 -1068.99031332 -1068.91346526 -1068.87845111 -1068.72243587 -1068.65977128 -1068.65976372 -1068.61805036] 
3:[-1088.20541965 -1088.19091428 -1088.18980769 -1088.18945021 -1088.17163678 -1088.15978628 -1088.1309873  -1088.12737456 -1088.12516923 -1088.12125985 -1088.11387675 -1088.05192857 -1088.00766163 -1088.00613631 -1087.94715225 -1087.71840762] 
4:[-476.36874416 -476.20552844 -476.1963758  -475.88650493 -475.86820164 -475.86670428 -475.85651686 -475.42423234 -475.39264634 -475.39252929 -475.38258638 -475.26968025 -475.244437   -475.22697053 -475.11450719 -475.08354985] 
5:[-221.71135553 -221.62103595 -221.60515099 -221.60319439 -221.60029203 -221.40059483 -221.39007872 -221.38453938 -221.33946276 -221.2993402 -221.28928385 -221.2844054  -221.25709442 -221.248188   -221.00124318 -221.00124049] 
6:[-1391.32937187 -1391.32882986 -1391.23340467 -1391.21648349 -1391.1957281  -1391.1899004  -1391.1892227  -1391.18920559 -1391.15977977 -1391.14323322 -1391.14210614 -1390.9505188 -1390.80094833 -1390.74714365 -1390.65650094 -1389.97994382] 
7:[-1444.83400896 -1444.78390379 -1444.72684949 -1444.565363 -1444.56439511 -1444.51881354 -1444.47034712 -1444.46854564 -1444.40150984 -1444.3678462  -1444.2871789  -1444.26500458 -1443.96737965 -1443.76124717 -1443.60292283 -1442.83465048] 
8:[-1406.75094929 -1406.74980982 -1406.74976487 -1406.73605992 -1406.71570959 -1406.65312633 -1406.65024624 -1406.64868786 -1406.59115894 -1406.52429217 -1406.47380171 -1406.34451827 -1406.33895445 -1406.26705341 -1406.10960375 -1405.49476558] 
9:[-178.67122009 -178.49075818 -177.8579623  -177.68988516 -177.45338922 -177.222428   -177.06533805 -177.06514674 -176.96873123 -176.96662971 -176.71373614 -176.6168886  -176.46498617 -176.19330823 -175.97954904 -175.73005523] 
10:[-388.03355393 -387.96677123 -387.9666289  -387.9629706  -387.9565266 -387.9365225  -387.92279093 -387.90269105 -387.86694549 -387.85983703 -387.8581754  -387.79372441 -387.70787429 -387.69796011 -387.50030701 -387.47885663] 
11:[-166.24683503 -166.18339352 -166.14464987 -165.94130143 -165.7904138 -165.76048232 -165.67021276 -165.22773568 -164.98693409 -164.66306012 -164.64363002 -164.60370763 -164.41390945 -164.37983272 -164.20840365 -164.20767245] 
12:[-419.03524075 -418.99375491 -418.75869539 -418.7073788  -418.63953098 -418.49120256 -418.48356813 -418.48342951 -418.41463481 -418.3788891 -418.35903551 -418.35746117 -418.35744272 -418.02116646 -417.89172509 -417.21415067] 
13:[-271.89909606 -271.85742686 -271.83098126 -271.78055412 -271.75510015 -271.75508524 -271.74822044 -271.73915091 -271.73689564 -271.69220914 -271.63796451 -271.60734226 -271.55809226 -271.47648235 -271.47643316 -271.14844257] 
14:[-1156.86634564 -1156.8234176  -1156.82246206 -1156.78783337 -1156.78187151 -1156.75793071 -1156.74403613 -1156.71907729 -1156.69313327 -1156.68142022 -1156.67792674 -1156.62676563 -1156.5932294  -1156.58932549 -1156.29031339 -1156.20523888] 
15:[-1114.48764328 -1114.45174094 -1114.44963178 -1114.44802847 -1114.43943801 -1114.4331159  -1114.39282998 -1114.36966646 -1114.36684658 -1114.35938338 -1114.23059573 -1114.19074607 -1114.16380947 -1114.11910866 -1114.09947801 -1114.03399796] 
RANKING VECTORS IDX
0:[ 5.  0.  8.  6.  1. 15. 10.  3.  7. 14.  4. 13.  2.  9. 12. 11.] 
1:[13.  2.  9.  1. 15. 14.  3.  0. 10.  5.  7. 12.  4.  8.  6. 11.] 
2:[ 2.  1. 15. 14.  0.  3. 10. 13.  5.  9.  7. 12.  4.  8.  6. 11.] 
3:[ 0.  3.  1. 15.  2.  5. 13.  9. 14.  7. 10. 12.  8.  6.  4. 11.] 
4:[ 4. 13. 11.  9.  3.  0. 14.  6.  1. 15.  2.  7. 12.  5. 10.  8.] 
5:[ 5.  0. 15.  3.  1.  2. 13. 10.  7. 12.  9. 14. 11.  4.  8.  6.] 
6:[ 8.  6.  9.  0. 10.  3. 15.  1.  5.  7. 14.  2.  4. 13. 12. 11.] 
7:[10.  7. 14. 15.  3.  1.  8.  6.  9.  4.  0.  5. 12.  2. 13. 11.] 
8:[ 3.  1. 15.  5.  0. 10.  8.  6.  2.  7. 14. 13. 12.  9.  4. 11.] 
9:[ 9. 10.  7. 14.  0. 11.  5. 12.  3.  1. 15.  2.  4. 13.  8.  6.] 
10:[10. 15.  1.  3.  2. 13.  4.  0. 14.  5.  9.  7.  6.  8. 11. 12.] 
11:[11.  7. 10.  9.  0.  3. 14.  1. 15. 12.  5.  4. 13.  2.  8.  6.] 
12:[12.  5. 10.  7.  0.  9.  8.  6. 14.  2.  3.  1. 15.  4. 13. 11.] 
13:[13.  2.  0. 10. 15.  1.  3. 14.  5.  9. 12.  7.  4.  6.  8. 11.] 
14:[10.  8.  6.  7.  0. 14.  9.  3.  1.  5.  4. 15. 13.  2. 12. 11.] 
15:[ 2.  1. 15.  3.  0. 13. 10. 14.  5.  9.  7. 12.  8.  6.  4. 11.] 
POSCARS
EA335   5.218  5.234  2.667 99.88 99.55 117.15 Sym.group:  146
1.0
   2.3880479999999999   -3.8880040000000000   -2.5305460000000002
   2.3743129999999999    4.6640280000000001   -0.0010180000000000
   0.4715160000000000   -0.7530200000000000    2.5147330000000001
Li Cl
6 1
direct
   0.4534870000000000    0.0002410000000000    0.0211930000000000 Li
   0.0918160000000000    0.6902340000000000    0.4614010000000000 Li
   0.7166700000000000    0.8534370000000000    0.5605760000000000 Li
   0.1425940000000000    0.0510510000000000    0.2607050000000000 Li
   0.2902480000000000    0.4620510000000000    0.9549800000000001 Li
   0.6817150000000000    0.4272270000000000    0.7425680000000000 Li
   0.8963280000000000    0.2477300000000000    0.2620780000000000 Cl
EA109   3.909  3.883  3.904 80.68 80.37 99.44 Sym.group:  148
1.0
   3.9087939999999999   -0.0259310000000000   -0.0105340000000000
  -0.6112430000000000    3.8350569999999999    0.0022860000000000
   0.6681770000000000    0.7446080000000000    3.7731919999999999
Li Be
6 1
direct
   0.9844720000000000    0.1000130000000000    0.6217630000000000 Li
   0.3997910000000000    0.9479260000000000    0.9214470000000000 Li
   0.6850750000000000    0.5153219999999999    0.7749880000000000 Li
   0.8373070000000000    0.8143400000000000    0.1902070000000000 Li
   0.5520670000000000    0.2468000000000000    0.3369620000000000 Li
   0.2529910000000000    0.6615290000000000    0.4897040000000000 Li
   0.1188610000000000    0.3812300000000000    0.0555490000000000 Be
EA441   6.788  6.789  4.698 90.00 89.51 60.02 Sym.group:  192
1.0
   6.7875160000000001    0.0032370000000000   -0.0300430000000000
   3.3894560000000000    5.8821690000000002   -0.0108910000000000
   0.0611070000000000   -0.0269770000000000    4.6970640000000001
Na Al
12 2
direct
   0.4236220000000000    0.7162330000000000    0.7453160000000000 Na
   0.2845910000000000    0.1382390000000000    0.7459670000000000 Na
   0.8626450000000000    0.4212820000000000    0.7534310000000000 Na
   0.5793190000000000    0.2826750000000000    0.7569560000000000 Na
   0.7181400000000000    0.8603790000000000    0.7530500000000000 Na
   0.1406000000000000    0.5769620000000000    0.7465880000000000 Na
   0.5794420000000000    0.1368020000000000    0.2562250000000000 Na
   0.8633790000000000    0.7147019999999999    0.2514830000000000 Na
   0.2852580000000000    0.5769110000000000    0.2461690000000000 Na
   0.4234970000000000    0.8606230000000000    0.2450020000000000 Na
   0.1396880000000000    0.2826910000000000    0.2470650000000000 Na
   0.7173750000000000    0.4208110000000000    0.2553410000000000 Na
   0.0013640000000000    0.9986580000000000    0.0002820000000000 Al
   0.0014080000000000    0.9993840000000001    0.5002390000000000 Al
EA112   4.568  4.572  4.636 101.14 101.50 100.95 Sym.group:  148
1.0
   4.5664639999999999   -0.0831300000000000   -0.0763150000000000
  -0.7877459999999999    4.5030590000000004   -0.0525580000000000
  -0.8685180000000000   -1.0093909999999999    4.4406629999999998
Na Li
6 1
direct
   0.6149810000000000    0.3246890000000000    0.1879340000000000 Na
   0.1875490000000000    0.6165700000000000    0.3247520000000000 Na
   0.3253980000000000    0.1888850000000000    0.6150450000000000 Na
   0.9104900000000000    0.4813590000000000    0.7737630000000000 Na
   0.7728020000000000    0.9095170000000000    0.4821610000000000 Na
   0.4819260000000000    0.7731590000000000    0.9093230000000000 Na
   0.0485360000000000    0.0487420000000000    0.0486090000000000 Li
EA165   4.210  4.169  3.347 89.69 89.88 60.98 Sym.group:  189
1.0
   4.2103359999999999    0.0021600000000000    0.0050820000000000
   2.0204390000000001    3.6469909999999999   -0.0017200000000000
   0.0029270000000000    0.0207740000000000    3.3472260000000000
O F
6 1
direct
   0.4486870000000000    0.5537230000000000    0.3292020000000000 O
   0.4484370000000000    0.5524289999999999    0.6794940000000000 O
   0.9957160000000000    0.4408700000000000    0.3291580000000000 O
   0.9959220000000000    0.4400440000000000    0.6796820000000000 O
   0.5503660000000000    0.0050200000000000    0.3290270000000000 O
   0.5509590000000000    0.0032180000000000    0.6793640000000000 O
   0.0012560000000000    0.9895190000000000    0.0041630000000000 F
EA109   7.953  3.159  3.159 90.01 101.37 101.39 Sym.group:  139
1.0
   7.9531850000000004   -0.0216290000000000    0.0010830000000000
  -0.6155830000000000    3.0981440000000000    0.0059440000000000
  -0.6234150000000001   -0.1305810000000000    3.0938140000000001
P O
6 1
direct
   0.2459720000000000    0.9799390000000000    0.7833680000000000 P
   0.9459740000000000    0.3291250000000000    0.1318760000000000 P
   0.9631680000000000    0.8379160000000000    0.6407220000000000 P
   0.2473290000000000    0.4800510000000000    0.2844390000000000 P
   0.6631850000000000    0.1876200000000000    0.9886870000000000 P
   0.6617620000000000    0.6874180000000000    0.4890030000000000 P
   0.4545450000000000    0.5842200000000000    0.3836450000000000 O
EA37    3.670  3.669  6.526 89.99 90.02 90.00 Sym.group:  123
1.0
   3.6698599999999999    0.0003280000000000    0.0065620000000000
  -0.0004280000000000    3.6690049999999998    0.0025830000000000
  -0.0134300000000000   -0.0033790000000000    6.5259549999999997
Mg B
6 1
direct
   0.6754130000000000    0.1035330000000000    0.9090000000000000 Mg
   0.6754480000000000    0.6029640000000001    0.2226420000000000 Mg
   0.1752260000000000    0.1041330000000000    0.5955200000000000 Mg
   0.6752770000000000    0.6043910000000000    0.5958620000000000 Mg
   0.1755010000000000    0.1033890000000000    0.2223130000000000 Mg
   0.1754130000000000    0.6035390000000000    0.9090279999999999 Mg
   0.1753760000000000    0.6039369999999999    0.4090780000000000 B
EA64    4.710  4.682  8.860 89.88 89.98 60.50 Sym.group:  157
1.0
   4.7097040000000003    0.0067470000000000    0.0078160000000000
   2.3000750000000001    4.0784050000000001   -0.0056780000000000
  -0.0116810000000000    0.0399690000000000    8.8598060000000007
Mg O
12 2
direct
   0.4286670000000000    0.3120550000000000    0.8657770000000000 Mg
   0.7590100000000000    0.6416070000000000    0.8655770000000000 Mg
   0.4286040000000000    0.9715880000000000    0.1332960000000000 Mg
   0.0978690000000000    0.6416600000000000    0.1336730000000000 Mg
   0.0976980000000000    0.9727270000000000    0.8654400000000000 Mg
   0.7601740000000000    0.3101460000000000    0.1339250000000000 Mg
   0.4260980000000000    0.3137720000000000    0.3780690000000000 Mg
   0.7558920000000000    0.9883450000000000    0.6215349999999999 Mg
   0.0940580000000000    0.9790360000000000    0.3782880000000000 Mg
   0.0895930000000000    0.3216680000000000    0.6215910000000000 Mg
   0.7589760000000000    0.6465190000000000    0.3782760000000000 Mg
   0.4225560000000000    0.6552890000000000    0.6246670000000000 Mg
   0.7614470000000000    0.9751850000000000    0.9985330000000000 O
   0.0958730000000000    0.3084690000000000    0.9985430000000000 O
EA273   6.679  3.721  3.846 89.93 90.04 89.99 Sym.group:  123
1.0
   6.6789680000000002   -0.0095210000000000    0.0126110000000000
   0.0060690000000000    3.7206530000000000   -0.0071100000000000
  -0.0098090000000000    0.0123620000000000    3.8463569999999998
Mg P
6 1
direct
   0.8838240000000001    0.9997330000000000    0.0970400000000000 Mg
   0.3073030000000000    0.9992850000000000    0.0973090000000000 Mg
   0.3018340000000000    0.4992400000000000    0.5975700000000000 Mg
   0.5954730000000000    0.4995660000000000    0.0974880000000000 Mg
   0.8889170000000000    0.4998500000000000    0.5970330000000000 Mg
   0.5955570000000000    0.9996170000000000    0.5975890000000000 Mg
   0.0954620000000000    0.4994860000000000    0.0972890000000000 P
EA269   4.232  4.232  4.232 97.60 97.60 97.60 Sym.group:  148
1.0
   4.2319380000000004   -0.0023940000000000   -0.0025320000000000
  -0.5574070000000000    4.1952199999999999   -0.0038130000000000
  -0.5574230000000000   -0.6346240000000000    4.1471169999999997
C N
12 2
direct
   0.4102030000000000    0.2707190000000000    0.7111740000000000 C
   0.7133900000000000    0.4067080000000000    0.2719690000000000 C
   0.2742340000000000    0.7099480000000000    0.4079260000000000 C
   0.5968599999999999    0.7293390000000000    0.2913600000000000 C
   0.2936800000000000    0.5933520000000000    0.7305500000000000 C
   0.7328300000000000    0.2901310000000000    0.5945980000000000 C
   0.4625210000000000    0.1697430000000000    0.0339920000000000 C
   0.0362250000000000    0.4590870000000000    0.1709850000000000 C
   0.1732490000000000    0.0327630000000000    0.4603100000000000 C
   0.5445420000000000    0.8303180000000000    0.9685420000000000 C
   0.9708440000000000    0.5410040000000000    0.8315420000000000 C
   0.8338210000000000    0.9673150000000000    0.5422300000000000 C
   0.8270880000000000    0.8235479999999999    0.8247530000000000 N
   0.1800210000000000    0.1765810000000000    0.1778290000000000 N
EA2     3.047  3.048 10.296 90.00 90.00 60.01 Sym.group:  164
1.0
   3.0470720000000000   -0.0010740000000000   -0.0035240000000000
   1.5244230000000001    2.6390630000000002   -0.0006400000000000
   0.0122250000000000   -0.0040000000000000   10.2957710000000002
P Mg
6 1
direct
   0.2378620000000000    0.9470690000000000    0.2962880000000000 P
   0.5712610000000000    0.2801520000000000    0.4367990000000000 P
   0.9045640000000000    0.6134920000000000    0.5651110000000000 P
   0.2379640000000000    0.9466490000000000    0.7056030000000000 P
   0.9047500000000001    0.6134200000000000    0.1664960000000000 P
   0.5712429999999999    0.2802890000000000    0.8353680000000000 P
   0.2383480000000000    0.9467600000000000    0.0009090000000000 Mg
EA262   4.190  4.190  2.871 89.80 90.07 120.00 Sym.group:  191
1.0
   4.1898140000000001   -0.0003720000000000    0.0019690000000000
  -2.0945670000000001    3.6286849999999999   -0.0058730000000000
  -0.0050900000000000    0.0134780000000000    2.8704820000000000
C Li
6 1
direct
   0.9728040000000000    0.0002550000000000    0.0119840000000000 C
   0.6385310000000000    0.3316930000000000    0.0133540000000000 C
   0.3070950000000000    0.6659960000000000    0.0131560000000000 C
   0.3070880000000000    0.0002590000000000    0.0122710000000000 C
   0.6385390000000000    0.6659990000000000    0.0125200000000000 C
   0.9727980000000001    0.3316940000000000    0.0137040000000000 C
   0.9727600000000000    0.6658060000000000    0.5128290000000000 Li
EA330   2.151  9.728  2.153 95.99 89.70 84.05 Sym.group:  139
1.0
   2.1504240000000001    0.0171400000000000   -0.0477320000000000
   0.9288120000000000    9.6831230000000001   -0.0924960000000000
   0.0605260000000000   -0.2109610000000000    2.1416160000000000
Be F
6 1
direct
   0.3940660000000000    0.7510350000000000    0.1092650000000000 Be
   0.2595630000000000    0.0343700000000000    0.2444450000000000 Be
   0.5233550000000000    0.4776430000000000    0.9793480000000000 Be
   0.6957710000000000    0.1694440000000000    0.8085090000000000 Be
   0.9597560000000001    0.6125389999999999    0.5432790000000000 Be
   0.8252800000000000    0.8957930000000000    0.6783870000000000 Be
   0.6090220000000000    0.3235420000000000    0.8934240000000000 F
EA2     6.433  6.432  4.579 90.00 89.99 120.00 Sym.group:  175
1.0
   3.2559990000000001   -5.5475269999999997    0.0316310000000000
   3.1764839999999999    5.5931870000000004   -0.0371450000000000
   0.0039480000000000    0.0278640000000000    4.5792549999999999
Si Na
12 2
direct
   0.0424270000000000    0.8106000000000000    0.2503090000000000 Si
   0.1905700000000000    0.2354100000000000    0.2492040000000000 Si
   0.7657840000000000    0.9589220000000001    0.2484920000000000 Si
   0.4752420000000000    0.1012250000000000    0.2502110000000000 Si
   0.9001250000000000    0.3778240000000000    0.2508740000000000 Si
   0.6235180000000000    0.5260620000000000    0.2491260000000000 Si
   0.1908520000000000    0.2355480000000000    0.7492040000000000 Si
   0.7660240000000000    0.9591150000000001    0.7484910000000000 Si
   0.0426350000000000    0.8107490000000001    0.7503090000000000 Si
   0.4754760000000000    0.1013990000000000    0.7502100000000000 Si
   0.9002660000000000    0.3779600000000000    0.7508730000000000 Si
   0.6237850000000000    0.5263470000000000    0.7491270000000000 Si
   0.3330870000000000    0.6682660000000000    0.9998440000000000 Na
   0.3330930000000000    0.6682600000000000    0.4998750000000000 Na
EA7     4.828  4.816  5.131 62.09 117.98 119.83 Sym.group:  148
1.0
   4.8265719999999996   -0.0962850000000000    0.0155160000000000
  -2.3122229999999999    4.2251399999999997    0.0181390000000000
  -2.3937960000000000    1.4089060000000000    4.3141639999999999
Na F
6 1
direct
   0.2370940000000000    0.0666120000000000    0.7539200000000000 Na
   0.7646550000000000    0.9326790000000000    0.2440950000000000 Na
   0.5884310000000000    0.7641260000000000    0.7556870000000000 Na
   0.4180650000000000    0.2382880000000000    0.2428880000000000 Na
   0.9356540000000000    0.4135260000000000    0.7594980000000000 Na
   0.0707620000000000    0.5877400000000000    0.2465260000000000 Na
   0.5029780000000000    0.4994570000000000    0.5005090000000000 F
EA71    5.935  5.943  5.939 68.71 68.83 68.70 Sym.group:  148
1.0
   5.9341470000000003    0.0544980000000000    0.0475170000000000
   2.1071019999999998    5.5566760000000004    0.0402720000000000
   2.0882149999999999    1.4759320000000000    5.3600219999999998
Na Be
12 2
direct
   0.0995780000000000    0.9505680000000000    0.6636780000000000 Na
   0.6698480000000000    0.0942430000000000    0.9502940000000000 Na
   0.9556110000000000    0.6650620000000000    0.0930770000000000 Na
   0.5411520000000000    0.8224740000000000    0.3915870000000000 Na
   0.3977930000000000    0.5355860000000000    0.8211000000000001 Na
   0.8274150000000000    0.3924970000000000    0.5345740000000000 Na
   0.0396480000000000    0.3235220000000000    0.8928779999999999 Na
   0.8976290000000000    0.0365620000000000    0.3226210000000000 Na
   0.3272680000000000    0.8937480000000000    0.0347180000000000 Na
   0.1682390000000000    0.5941530000000000    0.4503040000000000 Na
   0.4549380000000000    0.1646300000000000    0.5929710000000000 Na
   0.5972920000000000    0.4516810000000000    0.1632230000000000 Na
   0.2482610000000000    0.2435550000000000    0.2423060000000000 Be
   0.7476950000000000    0.7439340000000000    0.7425750000000000 Be
