NUMBER OF TEMPLATES 19
COMPOSITION A 2 B
pairs , SPACEGROUPS 
[Mg H] , 164 
[Al Mg] , 164 
[S P] , 166 
[O Si] , 136 
[C H] , 166 
[Si Mg] , 191 
[Mg S] , 129 
[Li H] , 141 
[O P] , 121 
[Li O] , 225 
[Na N] , 139 
[Al C] , 164 
[B C] , 160 
[Si Na] , 191 
[Li P] , 139 
[Be O] , 156 
[Cl Be] , 137 
[Be H] , 166 
[Li Mg] , 139 
RANKING VECTORS ENTHALPIES
0:[-1078.60069859 -1078.59773482 -1078.59439221 -1078.59416633 -1078.58380946 -1078.57268333 -1078.56963617 -1078.55809218 -1078.50420872 -1078.49523474 -1078.45949764 -1078.42637531 -1078.3310839  -1078.30186467 -1078.23029508 -1078.07373506 -1077.63162376 -1077.29099262 -1077.28748375] 
1:[-575.9336502  -575.93046855 -575.93038126 -575.88309797 -575.86962633 -575.8691758  -575.86477352 -575.86465828 -575.86456641 -575.86321136 -575.8015372  -575.67447346 -575.58822007 -575.34333455 -575.17187088 -574.96890294 -574.88811997 -574.69473116 -574.04302691] 
2:[-258.47588249 -258.47584462 -258.45877028 -258.23566369 -258.22213873 -258.07084157 -258.05618597 -258.03470976 -258.03325916 -258.024416 -258.02304942 -257.96535702 -257.89991839 -257.8884531  -257.85855955 -257.76210575 -257.73490781 -257.69954838 -257.61427359] 
3:[-337.08001761 -336.75151403 -336.72827949 -336.7282741  -336.72704624 -336.65200191 -336.63584211 -336.48553762 -336.2527032  -336.01456814 -335.08495697 -335.07336388 -335.06508569 -335.03049264 -335.02099336 -334.19031199 -333.45963038 -333.45673948 -333.23338716] 
4:[-112.91670198 -112.5009877  -112.23758987 -112.2343969  -111.81095148 -111.80994588 -111.8099443  -111.7279117  -111.30641385 -111.18100067 -111.18036991 -111.17975357 -111.17855414 -110.65630346 -110.64849132 -110.49643648 -110.26313497 -109.90061216 -109.54263557] 
5:[-610.9329445  -610.9154259  -610.89797017 -610.81947185 -610.76467502 -610.75131521 -610.74435484 -610.74393848 -610.74384691 -610.70843929 -610.47380005 -610.42756605 -610.36688215 -610.28786439 -610.20681898 -610.09189722 -610.04615777 -609.9644989  -609.00805169] 
6:[-1172.99917779 -1172.91491593 -1172.91458349 -1172.90886782 -1172.87810493 -1172.87780786 -1172.84149654 -1172.81338202 -1172.64165307 -1172.57980536 -1172.32490517 -1172.30089027 -1172.26449202 -1172.25468822 -1172.16573206 -1172.10892661 -1172.0761105  -1172.04434886 -1170.94971146] 
7:[-133.7759752  -133.77387415 -133.7736875  -133.77368741 -133.76285652 -133.75425078 -133.75075559 -133.74653023 -133.74536582 -133.73518095 -133.73097482 -133.68781522 -133.68664554 -133.681573   -133.60492421 -133.5751134  -133.48721823 -132.96363471 -132.9548769 ] 
8:[-360.08126177 -359.4891494  -359.44969271 -359.27829195 -359.21881376 -359.19141063 -359.19139229 -359.04695278 -358.95425583 -358.88395473 -358.87452134 -358.60646039 -358.36975264 -358.36471232 -358.35860747 -357.94624479 -357.79064522 -357.42766497 -357.42485841] 
9:[-279.57528438 -279.57494811 -279.57140661 -279.5311207  -279.40371374 -279.35822688 -279.30237962 -279.30237799 -279.30232347 -279.30215715 -279.26118588 -279.26115786 -279.26089498 -279.24929114 -279.063857 -279.00181925 -279.00162006 -278.86609599 -278.62321742] 
10:[-919.10685745 -919.08891287 -919.08342915 -919.08306827 -919.08103866 -918.98749544 -918.98429435 -918.9834316  -918.84200158 -918.60149242 -918.59014932 -918.58290312 -918.56881433 -918.27708315 -918.2658484 -918.04567306 -917.73337543 -917.47663971 -917.33275451] 
11:[-93.26091836 -93.25835264 -93.25703151 -93.20782619 -93.10760316 -93.09068168 -92.96414369 -92.78322068 -92.72076881 -92.70853541 -92.70712648 -92.65666227 -92.64983766 -92.64961455 -92.64960835 -92.42240506 -92.36784467 -91.14357965 -90.92777746] 
12:[-105.73604623 -105.6108659  -105.49052034 -105.46885086 -105.18906536 -105.13590921 -105.13590655 -105.04701902 -104.94084209 -104.79163345 -104.6192977  -104.54208489 -104.50962568 -104.49499035 -104.49457791 -104.46073594 -104.11562097 -103.93968811 -103.93095554] 
13:[-486.70149334 -486.69662794 -486.69600858 -486.69035295 -486.55239586 -486.5473834  -486.50750314 -486.47993815 -486.43981954 -486.41421584 -486.38871411 -486.31386396 -486.30605004 -486.28588245 -485.58046004 -485.51722608 -485.43565332 -485.41373529 -484.51947095] 
14:[-190.77655775 -190.77135218 -190.76526563 -190.75023517 -190.61821388 -190.61796511 -190.61685847 -190.31513594 -190.23333674 -190.16373159 -190.1520038  -190.13907103 -190.1337538  -190.04649643 -190.03177317 -189.92173228 -189.89904245 -189.77298456 -189.53384459] 
15:[-401.63518624 -401.55754803 -401.49782199 -401.39282127 -401.39281464 -401.38115503 -401.36256167 -401.33455034 -401.20076831 -401.17826274 -401.15400779 -400.85674886 -400.67749976 -400.67245503 -400.65877003 -399.89289666 -399.506352   -398.91457651 -398.91022879] 
16:[-420.85472066 -420.85471992 -420.85456308 -420.83850556 -420.73945898 -420.72091718 -420.6694336  -420.64515812 -420.48807907 -420.34720604 -420.29754932 -420.06525974 -419.94442415 -419.90179079 -419.87643263 -419.70926485 -419.442477   -418.36144917 -418.3610474 ] 
17:[-256.23934896 -256.21252875 -256.20116144 -256.16809567 -256.15250727 -256.14814102 -256.122563   -256.11319536 -256.1096919  -256.10968889 -256.08402955 -256.02371074 -256.00579494 -255.99078675 -255.98619594 -255.96958883 -255.49461243 -255.36028302 -255.3602586 ] 
18:[-665.13599061 -665.1355682  -665.13537273 -665.08529159 -665.08433957 -665.08418889 -665.08398835 -665.04753422 -665.01575978 -665.0157415 -664.97312604 -664.97226199 -664.87922845 -664.87387348 -664.7415038 -664.54801698 -664.42504132 -664.23064222 -664.20595408] 
RANKING VECTORS IDX
0:[ 0. 11.  3.  1.  6. 17.  2.  7.  8. 16.  4. 15. 18. 14. 10.  9. 12.  5. 13.] 
1:[ 2.  0. 11.  1. 13. 18.  6. 14. 10.  5. 17. 15. 16. 12.  4.  7.  9.  8.  3.] 
2:[11.  0.  2.  6.  7. 17.  1.  3. 18. 10. 14. 16.  8. 15. 12. 13.  5.  9.  4.] 
3:[ 3.  7. 11.  0.  2.  1. 16.  8. 15.  9. 18. 14. 10.  6. 12. 17.  5. 13.  4.] 
4:[ 4.  2. 17. 15.  5.  0. 11. 13.  6. 10. 14. 18. 12. 16.  1.  8.  9.  7.  3.] 
5:[ 1.  5. 17. 13.  2.  0. 18. 14. 10.  6. 15. 16. 11. 12.  7.  8.  4.  9.  3.] 
6:[ 6. 14. 10. 18. 11.  0.  2.  7.  8.  1. 17.  9. 15. 16.  3. 12.  5. 13.  4.] 
7:[ 1.  2.  0. 11.  7.  6.  8. 14. 18. 10.  3. 16.  9. 17. 12.  4. 15.  5. 13.] 
8:[ 8.  3. 16.  7.  2. 11.  0. 15.  9.  6.  1. 12. 18. 14. 10.  4. 17.  5. 13.] 
9:[16.  9.  2.  4. 17. 12.  6. 10. 18. 14. 11.  0.  1.  3.  8.  5. 13.  7. 15.] 
10:[11.  0.  5.  1. 13. 18. 14. 10.  8.  2.  9. 16. 12.  7.  3. 17.  4. 15.  6.] 
11:[ 1. 11.  0.  6.  2.  7.  3. 15. 17.  8. 12.  4. 18. 14. 10. 16.  9. 13.  5.] 
12:[12. 15.  7.  4.  6. 11.  0.  8. 17. 16.  2.  3. 18. 14. 10.  1.  9. 13.  5.] 
13:[ 5.  1. 13. 11. 17. 10.  2.  0.  6. 14. 18. 15. 12. 16.  7.  4.  8.  9.  3.] 
14:[11. 13.  1.  5. 18. 14. 10.  4. 16.  0.  2.  8.  6.  9. 12.  7. 15.  3. 17.] 
15:[12.  6. 15.  0. 11.  1.  8.  2.  7. 16. 17.  3. 18. 14. 10.  9.  4. 13.  5.] 
16:[11.  0.  1.  2. 16.  3.  8.  7. 15.  6. 12.  4. 14. 18. 10.  9. 17. 13.  5.] 
17:[ 4. 17. 12.  8. 16. 15.  6.  2.  0. 11.  7.  1.  3. 18. 14. 10.  9. 13.  5.] 
18:[10. 14. 18.  1.  5. 13.  6.  7. 11.  0.  2. 17. 15. 12. 16.  4.  8.  3.  9.] 
POSCARS
EA157   2.728  2.719  4.467 89.53 90.60 119.78 Sym.group:  164
1.0
   2.7274699999999998   -0.0184590000000000    0.0064640000000000
  -1.3344790000000000    2.3693059999999999   -0.0056770000000000
  -0.0573660000000000    0.0208810000000000    4.4667599999999998
Mg H
2 1
direct
   0.0559830000000000    0.0479370000000000    0.1694330000000000 Mg
   0.3925780000000000    0.7182539999999999    0.6941120000000000 Mg
   0.7268520000000001    0.3826200000000000    0.4296680000000000 H
EA39    4.188  4.188  2.465 90.00 90.00 119.99 Sym.group:  164
1.0
   4.1873459999999998   -0.0735090000000000    0.0372440000000000
  -2.0293350000000001    3.6638690000000000   -0.0106340000000000
  -0.0220450000000000   -0.0048510000000000    2.4646110000000001
Al Mg
2 1
direct
   0.1512130000000000    0.0379630000000000    0.9054210000000000 Al
   0.4849510000000000    0.7045840000000000    0.5940380000000000 Al
   0.8181560000000000    0.3713890000000000    0.2504430000000000 Mg
EA106   3.025  4.985  5.176 70.10 90.00 90.00 Sym.group:  166
1.0
   3.0245259999999998    0.0026800000000000   -0.0019100000000000
  -0.0042900000000000    4.9852800000000004    0.0147680000000000
   0.0014330000000000    1.7469749999999999    4.8721019999999999
S P
4 2
direct
   0.8783670000000000    0.9777670000000001    0.0756110000000000 S
   0.3784180000000000    0.4240790000000000    0.0891870000000000 S
   0.3783810000000000    0.9783530000000000    0.5745110000000000 S
   0.8784030000000000    0.4234920000000000    0.5902880000000000 S
   0.8783960000000000    0.7017000000000000    0.8321300000000000 P
   0.3783880000000000    0.7001470000000000    0.3326680000000000 P
EA47    4.012  4.013  2.607 90.00 90.01 89.99 Sym.group:  136
1.0
   4.0117039999999999    0.0020750000000000    0.0021240000000000
  -0.0013130000000000    4.0129450000000002   -0.0000360000000000
  -0.0019040000000000   -0.0000240000000000    2.6073729999999999
O Si
4 2
direct
   0.3014490000000000    0.3055430000000000    0.0026490000000000 O
   0.6964900000000001    0.7000680000000000    0.0031420000000000 O
   0.8014190000000000    0.2000310000000000    0.5021610000000000 O
   0.1965120000000000    0.8054870000000000    0.5026230000000000 O
   0.9989990000000000    0.0027850000000000    0.0022330000000000 Si
   0.4989980000000000    0.5027890000000000    0.5030670000000000 Si
EA212   2.440  2.440  5.571 90.01 102.64 120.00 Sym.group:  166
1.0
   2.4392849999999999   -0.0288540000000000    0.0207810000000000
  -1.1944930000000000    2.1270989999999999   -0.0157260000000000
  -1.2733449999999999   -0.6758780000000000    5.3813849999999999
C H
4 2
direct
   0.1917260000000000    0.8676440000000000    0.2230850000000000 C
   0.3783170000000000    0.9604640000000000    0.5025030000000000 C
   0.7994750000000000    0.1716290000000000    0.1349180000000000 C
   0.7706320000000000    0.6565080000000000    0.5907210000000001 C
   0.6670070000000000    0.1047540000000000    0.9354640000000000 H
   0.9031800000000000    0.7233660000000000    0.7901250000000000 H
EA205   2.682  3.909  3.909 60.02 90.07 90.05 Sym.group:  191
1.0
   2.6823530000000000    0.0060960000000000    0.0223840000000000
  -0.0363820000000000    1.9575940000000001    3.3836800000000000
  -0.0288420000000000   -1.9525150000000000    3.3858180000000000
Si Mg
2 1
direct
   0.1179590000000000    0.0779170000000000    0.3554900000000000 Si
   0.1191710000000000    0.7444710000000000    0.0221410000000000 Si
   0.6182170000000000    0.4114790000000000    0.6885180000000000 Mg
EA210   3.222  3.226  7.622 90.01 90.03 90.01 Sym.group:  129
1.0
   3.2222260000000000    0.0047260000000000    0.0092370000000000
  -0.0052130000000000    3.2260239999999998    0.0017970000000000
  -0.0263310000000000   -0.0052660000000000    7.6217959999999998
Mg S
4 2
direct
   0.9160450000000000    0.5828050000000000    0.1940220000000000 Mg
   0.4186260000000000    0.0833630000000000    0.8064090000000000 Mg
   0.4165880000000000    0.0860730000000000    0.4222590000000000 Mg
   0.9169870000000000    0.5861680000000000    0.5781380000000000 Mg
   0.4161610000000000    0.0825040000000000    0.1279000000000000 S
   0.9186390000000000    0.5830390000000000    0.8724960000000000 S
EA4     3.296  4.024  3.296 65.85 90.02 65.90 Sym.group:  141
1.0
   3.2959679999999998    0.0185800000000000   -0.0063580000000000
   1.6226280000000000    3.6818979999999999    0.0319420000000000
  -0.0035490000000000    1.4496860000000000    2.9604219999999999
Li H
4 2
direct
   0.6219140000000000    0.7399070000000000    0.8894550000000000 Li
   0.3527640000000000    0.2831200000000000    0.1175150000000000 Li
   0.8737030000000000    0.2399410000000000    0.6389480000000000 Li
   0.1011800000000000    0.7830830000000000    0.3681000000000000 Li
   0.1108790000000000    0.7615320000000000    0.8790090000000000 H
   0.8642430000000000    0.2615140000000000    0.1279720000000000 H
EA161   4.029  4.029  4.029 60.88 119.02 88.39 Sym.group:  121
1.0
   4.0285810000000000    0.0067750000000000   -0.0058240000000000
   0.1143420000000000    2.3087240000000002    3.2996979999999998
  -1.9477560000000000   -1.2144910000000000    3.3107470000000001
O P
4 2
direct
   0.4506330000000000    0.4879370000000000    0.8286440000000000 O
   0.7182460000000001    0.7898500000000001    0.3980780000000000 O
   0.1487870000000000    0.3565600000000000    0.2618520000000000 O
   0.0199300000000000    0.0547530000000000    0.8313720000000000 O
   0.3979100000000000    0.1087430000000000    0.8299640000000000 P
   0.7708280000000000    0.7357840000000000    0.8300070000000001 P
EA5     2.930  4.139  2.929 90.00 90.00 90.00 Sym.group:  225
1.0
   2.9296359999999999   -0.0001030000000000    0.0004110000000000
   0.0001720000000000    4.1391260000000001   -0.0000350000000000
  -0.0005410000000000    0.0000810000000000    2.9289740000000002
Li O
4 2
direct
   0.0034140000000000    0.2482700000000000    0.9175470000000000 Li
   0.5034220000000000    0.2478550000000000    0.4175690000000000 Li
   0.0033170000000000    0.7483440000000000    0.9170250000000000 Li
   0.5033480000000000    0.7477790000000000    0.4170190000000000 Li
   0.0033690000000000    0.9980720000000000    0.4172120000000000 O
   0.5033440000000000    0.4980520000000000    0.9172250000000000 O
EA226   3.912  2.818  2.818 90.01 69.00 111.05 Sym.group:  139
1.0
   3.9123809999999999    0.0029350000000000    0.0094530000000000
  -1.0142659999999999    2.6293720000000000    0.0108730000000000
   1.0034799999999999    0.3758420000000000    2.6065149999999999
Na N
2 1
direct
   0.0006270000000000    0.9673140000000000    0.9869010000000000 Na
   0.6276840000000000    0.2806030000000000    0.6740140000000000 Na
   0.3142060000000000    0.6239370000000000    0.3302960000000000 N
EA63    2.890  8.046  2.878 89.87 119.39 89.78 Sym.group:  164
1.0
   1.6152820000000001    0.0472630000000000   -2.3957549999999999
  -0.1869380000000000    8.0441629999999993   -0.0040360000000000
   1.2884519999999999    0.0376980000000000    2.5729370000000000
Al C
4 2
direct
   0.5882390000000000    0.5494940000000000    0.3318760000000000 Al
   0.2607960000000000    0.3026170000000000    0.6667790000000000 Al
   0.5862790000000000    0.0494870000000000    0.3307470000000000 Al
   0.2588350000000000    0.8026090000000000    0.6656500000000000 Al
   0.9245510000000000    0.4260660000000000    0.9993480000000000 C
   0.9225240000000000    0.9260380000000000    0.9981780000000000 C
EA213   6.084  2.563  2.626 119.20 78.61 102.15 Sym.group:  160
1.0
   5.5675910000000002   -2.4535469999999999   -0.0432730000000000
   0.0051660000000000    1.3101870000000000    2.2022339999999998
  -0.5634500000000000   -2.5650879999999998    0.0365680000000000
B C
4 2
direct
   0.6410660000000000    0.3430510000000000    0.4965240000000000 B
   0.2916090000000000    0.8893540000000000    0.9409870000000000 B
   0.9527710000000000    0.4515110000000000    0.4035290000000000 B
   0.8193670000000000    0.0758240000000000    0.7848360000000000 B
   0.2040520000000000    0.5339429999999999    0.3170030000000000 C
   0.5611720000000000    0.9855010000000000    0.8610500000000000 C
EA19    4.078  4.897  4.075 89.99 60.05 90.00 Sym.group:  191
1.0
   4.0729069999999998    0.0064040000000000    0.1964380000000000
  -0.0071290000000000    4.8973120000000003   -0.0129730000000000
   1.8623810000000001    0.0126920000000000    3.6249639999999999
Si Na
4 2
direct
   0.2350680000000000    0.9126420000000000    0.2721720000000000 Si
   0.2347630000000000    0.4126480000000000    0.2728560000000000 Si
   0.9013660000000000    0.4123150000000000    0.9395550000000000 Si
   0.9016810000000000    0.9123160000000000    0.9388649999999999 Si
   0.5682400000000000    0.6625160000000000    0.6059390000000000 Na
   0.5683340000000000    0.1625580000000000    0.6057100000000000 Na
EA237   3.887  5.570  2.813 104.61 68.81 109.67 Sym.group:  139
1.0
   3.8763290000000001    0.2824430000000000    0.0174490000000000
  -2.2491409999999998    5.0888859999999996   -0.2544160000000000
   1.0216860000000001   -0.1942060000000000    2.6135809999999999
Li P
4 2
direct
   0.6371390000000000    0.1663920000000000    0.1451050000000000 Li
   0.6392030000000000    0.8320370000000000    0.4766910000000000 Li
   0.1392200000000000    0.3320580000000000    0.4766930000000000 Li
   0.1371560000000000    0.6664120000000000    0.1451070000000000 Li
   0.1381750000000000    0.9992300000000000    0.8109060000000000 P
   0.6381840000000000    0.4992190000000000    0.8108919999999999 P
EA120   3.780  2.415  2.416 60.02 89.95 89.96 Sym.group:  156
1.0
   3.7801680000000002   -0.0048080000000000    0.0097010000000000
   0.0045870000000000    2.4149929999999999   -0.0060700000000000
  -0.0018750000000000    1.2122590000000000    2.0894080000000002
Be O
2 1
direct
   0.2547660000000000    0.0867840000000000    0.1593570000000000 Be
   0.6817360000000000    0.4191790000000000    0.4931180000000000 Be
   0.0896110000000000    0.4202190000000000    0.4931610000000000 O
EA249   2.946  8.359  2.946 89.90 90.00 90.00 Sym.group:  137
1.0
   2.9458820000000001    0.0006500000000000   -0.0004470000000000
  -0.0012380000000000    8.3589470000000006   -0.0185290000000000
   0.0004390000000000    0.0116050000000000    2.9458139999999999
Cl Be
4 2
direct
   0.9966600000000000    0.1938790000000000    0.4175250000000000 Cl
   0.4936380000000000    0.4696000000000000    0.9173249999999999 Cl
   0.4968560000000000    0.9695930000000000    0.9177710000000000 Cl
   0.9937290000000000    0.6938590000000000    0.4142680000000000 Cl
   0.9971340000000000    0.8317510000000000    0.9130120000000000 Be
   0.4967950000000000    0.3317620000000000    0.4183360000000000 Be
EA333   8.079  2.072  2.054 119.70 89.64 97.35 Sym.group:  166
1.0
   7.8278400000000001   -1.0398710000000000   -1.7085140000000001
   0.0032390000000000    2.0724040000000001    0.0077980000000000
   0.2616510000000000   -1.0247809999999999    1.7609720000000000
Be H
4 2
direct
   0.0186730000000000    0.4754430000000000    0.6049830000000000 Be
   0.6031260000000001    0.2078130000000000    0.4719820000000000 Be
   0.2293400000000000    0.2696450000000000    0.0026470000000000 Be
   0.8137900000000000    0.0000040000000000    0.8692130000000000 Be
   0.4882500000000000    0.4577290000000000    0.0988800000000000 H
   0.3442040000000000    0.0216170000000000    0.3763610000000000 H
EA121   2.727  2.727  4.497 72.63 107.38 90.67 Sym.group:  139
1.0
   2.7272989999999999   -0.0087960000000000    0.0246410000000000
  -0.0229080000000000    2.7272449999999999   -0.0241560000000000
  -1.3754100000000000    1.3673850000000001    4.0576129999999999
Li Mg
2 1
direct
   0.7904340000000000    0.1142240000000000    0.5781220000000000 Li
   0.4322150000000000    0.4724260000000000    0.8532700000000000 Li
   0.1115440000000000    0.7930310000000000    0.2157290000000000 Mg
