NUMBER OF TEMPLATES 25
COMPOSITION A 4 B
pairs , SPACEGROUPS 
[Al Be] , 123 
[Si Mg] , 123 
[P Mg] , 83 
[S Cl] , 123 
[N Na] , 123 
[Li Cl] , 129 
[Li P] , 166 
[C Na] , 191 
[Li O] , 141 
[Be Li] , 166 
[Be H] , 87 
[C B] , 166 
[O B] , 119 
[Li O] , 88 
[Al H] , 139 
[Al Cl] , 156 
[Al O] , 156 
[O Mg] , 140 
[P Si] , 129 
[F C] , 121 
[Mg C] , 221 
[H C] , 160 
[Na C] , 87 
[Li Al] , 87 
[H O] , 141 
RANKING VECTORS ENTHALPIES
0:[-122.37156803 -122.29886417 -122.28454303 -122.28170513 -122.25018876 -122.21624067 -122.19696691 -122.17826816 -122.11224805 -122.10282683 -122.01208835 -121.9799377  -121.97792664 -121.94647731 -121.91518294 -121.89420152 -121.80199663 -121.79699231 -121.79219238 -121.7759939 -121.76415432 -121.66827155 -121.39283843 -121.20937043 -120.83987651] 
1:[-410.75084882 -410.73162823 -410.73047088 -410.7117962  -410.70162953 -410.70035402 -410.68577533 -410.63821416 -410.61968487 -410.55597105 -410.52997054 -410.50783254 -410.49623747 -410.47588033 -410.41789684 -410.40041702 -410.39702739 -410.34973948 -410.3488232  -409.91788777 -409.82204688 -409.78304375 -409.60730043 -409.53376132 -408.47664983] 
2:[-469.57124978 -469.57055501 -469.46495107 -469.41642278 -469.4160411 -469.40740607 -469.40118007 -469.3748478  -469.37333724 -469.35522566 -469.32254515 -469.29942465 -469.25041335 -469.24502493 -469.23289455 -469.1999095  -469.04269176 -469.02731823 -469.01689829 -468.96232585 -468.87193138 -468.82209877 -468.71351133 -468.58463571 -467.37669609] 
3:[-324.20437802 -324.19716156 -324.1963601  -324.18969127 -324.17800098 -324.15077272 -324.14788183 -324.14155848 -324.1209777  -324.10639842 -324.08743286 -324.07729422 -324.03373266 -324.01484158 -324.01098639 -324.00338702 -323.99261844 -323.98304444 -323.84368654 -323.79424397 -323.7441928  -323.61626625 -323.51841334 -323.51239739 -322.83901176] 
4:[-471.12152852 -471.11971569 -471.06603822 -471.0285043  -471.00479047 -470.98586845 -470.84075946 -470.81678021 -470.77673528 -470.68628185 -470.42736899 -469.97775945 -469.93961211 -469.93220145 -469.86753682 -469.81523966 -469.80663968 -469.77691743 -469.7501022  -469.5672531 -469.19534894 -469.15247662 -469.02712716 -468.98839687 -466.51738136] 
5:[-243.00852442 -242.98318728 -242.89505137 -242.87607042 -242.83857917 -242.82030564 -242.819454   -242.81569328 -242.8075654  -242.8074091 -242.80615512 -242.79863212 -242.78408071 -242.6853766  -242.66792961 -242.56150312 -242.53266755 -242.50840304 -242.50799361 -242.50376983 -242.48026995 -242.45619894 -242.35032663 -242.27819852 -242.24122668] 
6:[-191.82282548 -191.77986424 -191.7273945  -191.72666701 -191.54075769 -191.46976196 -191.36801149 -191.26249477 -191.26176693 -191.24198815 -191.22846902 -191.15537415 -191.14645871 -191.13991223 -191.11690881 -191.11427609 -191.03833059 -191.03316453 -191.0131542  -190.86831186 -190.85348846 -190.8049314  -190.75877984 -190.72116485 -190.54812463] 
7:[-377.10364681 -376.94619947 -376.93790648 -376.82532658 -376.82418797 -376.130571   -376.12185724 -375.91562661 -375.79513771 -375.59252014 -375.57860036 -375.56812792 -375.48356523 -375.38695926 -375.35080638 -375.07205332 -375.03645705 -374.94892513 -374.85596914 -374.83290075 -374.58822582 -374.23387412 -374.03278079 -373.17236582 -371.16210451] 
8:[-244.6141083  -244.60448548 -244.59764561 -244.58478696 -244.57452383 -244.5655303  -244.56147055 -244.42363379 -244.37760187 -244.36524952 -244.3414941  -244.33019666 -244.32645186 -244.32075496 -244.30212051 -244.26584225 -244.25839508 -244.18871114 -244.15500227 -244.14839434 -244.14172967 -244.11042206 -244.09311003 -243.70223389 -243.68363221] 
9:[-340.48712376 -340.4767162  -340.38262782 -340.38176793 -340.3432648 -340.30100985 -340.27769122 -340.24326466 -340.17344922 -340.07292629 -339.9827832  -339.86943652 -339.86087369 -339.78000038 -339.73103173 -339.70360763 -339.60377024 -339.5856894  -339.5454708  -339.48690712 -339.46379938 -339.43891487 -339.280955   -339.18853131 -338.99430148] 
10:[-304.75632584 -304.74463961 -304.6415339  -304.55580954 -304.55029671 -304.5480086  -304.54577655 -304.50313509 -304.4967407  -304.49276687 -304.48924045 -304.46885042 -304.4503644  -304.42915857 -304.38997571 -304.38285267 -304.33416236 -304.32860795 -304.20872494 -304.0729532 -303.96640816 -303.83569403 -303.68125427 -303.67465746 -303.53578195] 
11:[-145.06264052 -144.72845407 -144.53923803 -143.90621589 -143.6871653 -143.63724973 -143.59306883 -143.50371604 -143.44427257 -143.2957323 -143.23348308 -143.13050392 -143.10367169 -143.09963155 -143.05924243 -142.92993377 -142.87406533 -142.74046856 -142.61474963 -142.60647319 -142.37575349 -142.32862613 -142.32148817 -142.14224689 -141.54838497] 
12:[-372.53879588 -372.45032431 -372.14349452 -371.80225671 -371.74317339 -371.67686396 -371.67376935 -371.65532715 -371.54090331 -371.53675257 -371.53135915 -371.48589459 -371.40432928 -371.38092166 -371.36786213 -371.32814606 -371.32693228 -371.32609766 -371.22487978 -371.16364234 -371.04394223 -371.03275668 -370.93650409 -370.60570485 -369.76498202] 
13:[-244.6141083  -244.60448548 -244.59764561 -244.58478696 -244.57452383 -244.5655303  -244.56147055 -244.42363379 -244.37760187 -244.36524952 -244.3414941  -244.33019666 -244.32645186 -244.32075496 -244.30212051 -244.26584225 -244.25839508 -244.18871114 -244.15500227 -244.14839434 -244.14172967 -244.11042206 -244.09311003 -243.70223389 -243.68363221] 
14:[-49.90328917 -49.89429857 -49.89296318 -49.89158725 -49.8902329 -49.84962465 -49.84369993 -49.84263306 -49.77975907 -49.75343155 -49.73793301 -49.72065229 -49.70462999 -49.67238127 -49.63911675 -49.62573485 -49.52178635 -49.49052364 -49.44907061 -49.41056716 -49.25072036 -49.09673828 -49.08689124 -48.60263926 -48.30411595] 
15:[-135.33811561 -135.25184341 -135.1932337  -135.06777669 -135.04791838 -135.01127549 -135.00776831 -134.99605257 -134.96107039 -134.93962804 -134.89454805 -134.74506382 -134.67853094 -134.6308718  -134.62077773 -134.57547089 -134.5453682  -134.47156902 -134.3405915  -134.3224227 -134.25644025 -134.189439   -134.11024319 -133.98776979 -133.78131913] 
16:[-137.03235476 -136.94074554 -136.77835837 -136.77419961 -136.7380491 -136.70143055 -136.68955624 -136.68405962 -136.64931519 -136.58017627 -136.52934711 -136.515195   -136.51102271 -136.47684392 -136.42565906 -136.30747176 -136.20476666 -136.15408008 -136.10133426 -136.06549992 -136.06464707 -135.63984895 -135.63823817 -135.41468746 -134.94593005] 
17:[-679.54650614 -679.38445853 -679.37014175 -679.14421689 -678.98085257 -678.95262975 -678.90748868 -678.80017962 -678.76485851 -678.71249109 -678.6933379  -678.67133367 -678.63807803 -678.6075412  -678.55991966 -678.54467422 -678.53035055 -678.51006925 -678.46052733 -678.45609995 -678.40015031 -678.37989408 -678.18798814 -677.37429379 -677.3120072 ] 
18:[-169.58576487 -169.43555606 -169.37522454 -169.35268886 -169.33961008 -169.32978361 -169.31098927 -169.30449727 -169.29559295 -169.27860829 -169.26770023 -169.1993902  -169.19702088 -169.1915867  -169.18506701 -169.18252507 -169.15587879 -169.15384839 -169.11106662 -169.10947864 -169.08730651 -168.96880154 -168.7832519  -168.45897148 -168.10364131] 
19:[-566.58544613 -566.55681388 -566.37438985 -566.33102577 -565.65354706 -565.53041348 -565.38073974 -565.31459653 -565.30493926 -565.00604059 -564.68354116 -564.60026413 -564.43621917 -564.43122239 -564.33112763 -564.32837205 -564.2541517  -564.25085567 -564.17712352 -564.1443412 -563.85925339 -563.75627911 -563.66655778 -563.5792354  -563.26342748] 
20:[-1320.68447998 -1320.67296638 -1320.60093933 -1320.59261414 -1320.45622054 -1320.45464019 -1320.45196845 -1320.44941595 -1320.44563062 -1320.43890673 -1320.4327933  -1320.43254307 -1320.40008654 -1320.31573624 -1320.28996422 -1320.28922878 -1320.22326305 -1320.19021145 -1320.16918257 -1319.9311564 -1319.8066037  -1319.68987868 -1319.37283264 -1319.21715122 -1319.05643452] 
21:[-44.19116502 -44.16973507 -44.13230875 -44.04682037 -43.97152286 -43.70224271 -43.67265161 -43.61486049 -43.57454605 -43.46971947 -43.45643344 -43.37512635 -43.26767366 -43.24973371 -43.21920053 -43.16919249 -43.16805486 -43.14899179 -43.12061676 -43.11736856 -43.10022048 -42.90686344 -42.86355951 -42.74008467 -42.55392812] 
22:[-1022.45121857 -1022.44454397 -1022.44278329 -1022.44089564 -1022.43609525 -1022.40725394 -1022.37017506 -1022.36892695 -1022.16420842 -1022.14115794 -1022.09988438 -1022.05190658 -1021.99778611 -1021.98468449 -1021.96102882 -1021.90914112 -1021.89523567 -1021.83036406 -1021.83000333 -1021.59635521 -1021.57510778 -1021.54128302 -1021.52598647 -1021.45205646 -1021.416863  ] 
23:[-165.89896047 -165.89792006 -165.86367381 -165.84507907 -165.84193466 -165.81595151 -165.80904396 -165.77048037 -165.68994384 -165.67445313 -165.63028732 -165.62925173 -165.57010896 -165.54585045 -165.48388536 -165.48344299 -165.4759049  -165.46432971 -165.42373208 -165.40665516 -165.36056581 -165.30341703 -165.24568439 -165.10736243 -164.48194763] 
24:[-101.37423056 -101.13333608 -100.98545998 -100.98301754 -100.96206973 -100.94790186 -100.80627549 -100.7942395  -100.7309379  -100.72276728 -100.71840321 -100.70399782 -100.69790444 -100.69220701 -100.65919902 -100.50420689 -100.5028915  -100.48322698 -100.47759244 -100.47102356 -100.43865395 -100.35192551 -100.34001117 -100.27008929 -100.07999289] 
RANKING VECTORS IDX
0:[ 0. 15. 22. 23. 13.  9.  5.  6. 16.  8. 11. 18. 19. 17.  2. 21. 12.  4.  3. 10. 14. 20.  1.  7. 24.] 
1:[22. 23.  9.  6.  0. 15. 18. 10.  5.  1.  2. 16.  7. 11. 21.  3.  4. 12. 13. 19. 17.  8. 24. 14. 20.] 
2:[ 2.  9. 13. 18.  3.  6.  4.  0. 10.  7. 23. 22.  5.  1. 15. 17. 11. 19. 16. 12. 21.  8. 14. 24. 20.] 
3:[ 2. 22. 15.  6. 11.  4. 10.  3. 23. 16.  5. 12.  0.  7.  9.  1. 13. 18. 21. 19. 17. 14.  8. 24. 20.] 
4:[17. 19.  4.  3.  2.  8. 13. 18. 23. 22. 21. 15. 16. 12. 11.  1.  9.  6.  7.  0. 10. 24. 14.  5. 20.] 
5:[ 5. 18.  0. 13. 17. 23.  4.  9. 22.  8. 10.  3. 12.  6. 11. 15. 19. 21.  2.  1. 14. 16. 24.  7. 20.] 
6:[ 6.  9. 23. 22. 21. 10. 13.  7. 18.  2.  5.  1. 19.  0. 17.  8.  4.  3. 14. 12. 16. 11. 15. 24. 20.] 
7:[ 7.  9. 16. 15. 11. 13. 21. 22. 23. 18.  3.  2.  4. 19. 12.  1. 24. 17.  6.  5.  8.  0. 10. 14. 20.] 
8:[13.  5.  3.  8. 11.  4. 17.  6. 18. 10. 15. 12. 23.  9. 21. 22.  2. 14. 20.  0. 24. 19.  7.  1. 16.] 
9:[ 9.  6. 15. 16. 23. 10. 22.  0.  5. 11. 13. 12.  1. 18. 19.  7.  8.  2. 14.  3.  4. 17. 24. 21. 20.] 
10:[15. 10. 16. 23. 22.  0.  8. 19. 11. 14. 13. 20.  6.  9.  5. 18. 21. 12. 17. 24.  2.  1.  4.  3.  7.] 
11:[11. 15. 16.  7. 21. 13. 22.  9. 18. 12.  6. 17.  4.  3.  8. 19.  2. 24. 23.  5. 14.  1. 10.  0. 20.] 
12:[12. 24. 13. 22. 16. 23.  6. 11. 21.  8. 18. 19. 17.  2. 20.  3. 14.  4.  9. 10.  0. 15.  5.  1.  7.] 
13:[13.  5.  3.  8. 11.  4. 17.  6. 18. 10. 15. 12. 23.  9. 21. 22.  2. 14. 20.  0. 24. 19.  7.  1. 16.] 
14:[18. 15. 20.  5. 14. 16.  8. 19. 13. 10.  0. 23. 11.  9. 22. 12. 24. 21. 17.  6.  2.  3.  4.  1.  7.] 
15:[15. 16.  0.  5. 10. 23. 22.  6. 11.  9. 12. 13. 21. 19.  1. 14.  2. 18. 24.  8. 17.  3.  4.  7. 20.] 
16:[16. 15. 10.  8. 13. 14. 19. 12. 21.  0. 18. 22. 23.  9. 20.  5. 24.  6. 11.  2. 17.  3.  4.  1.  7.] 
17:[17.  4. 12.  2.  8.  7. 19. 21. 10. 15.  6.  1. 13.  9.  0. 18. 24. 14. 22. 23.  5.  3. 16. 11. 20.] 
18:[18.  2. 13. 12.  9. 17.  6.  0. 11. 10.  5. 23. 22. 15. 14.  3.  4. 16.  1.  7.  8. 19. 21. 24. 20.] 
19:[19. 13.  8. 21. 14. 22. 10.  9.  5. 11.  6. 20. 18. 15. 17. 23.  4.  3.  2. 24. 16.  1.  0. 12.  7.] 
20:[ 8. 13.  5. 15. 17. 14. 20. 19. 23.  0. 11. 18. 22.  9.  3.  4.  6.  2. 21. 16. 12. 24.  1.  7. 10.] 
21:[19. 21.  8. 13. 11. 14.  5. 22. 15. 10. 23.  9. 18. 12. 16. 24.  0. 20.  4.  3. 17.  7.  6.  2.  1.] 
22:[15.  9. 23. 22. 10.  6. 11.  0. 13. 19. 18.  8.  2.  7. 14.  5. 21.  3.  4. 12. 20.  1. 16. 17. 24.] 
23:[23. 22.  9. 10.  6. 18.  0.  2.  1.  5. 13. 15. 16. 21. 11.  4. 24.  3. 19. 12.  7. 17.  8. 14. 20.] 
24:[24. 12. 21. 18. 15.  9. 16.  6. 22. 10. 23. 14.  8. 13.  5. 20. 17. 11.  0. 19.  2.  4.  3.  1.  7.] 
POSCARS
EA145  17.468  2.492  2.494 90.30 90.00 90.01 Sym.group:  123
1.0
  17.4670379999999987    0.1163720000000000   -0.1285350000000000
  -0.0155920000000000    2.4860030000000002    0.1685950000000000
   0.0196930000000000   -0.1814340000000000    2.4870649999999999
Al Be
8 2
direct
   0.9179520000000000    0.3393930000000000    0.9081030000000000 Al
   0.3720090000000000    0.8411770000000000    0.4080850000000000 Al
   0.1995580000000000    0.8392450000000000    0.4089840000000000 Al
   0.0271050000000000    0.8386790000000000    0.4088580000000000 Al
   0.5902940000000000    0.8416860000000000    0.4078700000000000 Al
   0.4811580000000000    0.3419030000000000    0.9077840000000000 Al
   0.6995530000000000    0.3410680000000000    0.9077870000000000 Al
   0.8088130000000000    0.8403240000000000    0.4076920000000000 Al
   0.2852100000000000    0.3402520000000000    0.9085710000000000 Be
   0.1139040000000000    0.3385970000000000    0.9091800000000000 Be
EA4     3.381  3.371  5.373 90.00 90.00 89.99 Sym.group:  123
1.0
   3.3808389999999999   -0.0056280000000000   -0.0030030000000000
   0.0064480000000000    3.3714000000000000    0.0017650000000000
   0.0045750000000000   -0.0029390000000000    5.3729820000000004
Si Mg
4 1
direct
   0.9007110000000000    0.6012610000000000    0.6070040000000000 Si
   0.9008610000000000    0.6012150000000001    0.1978920000000000 Si
   0.4008800000000000    0.6010970000000000    0.9024040000000000 Si
   0.9009140000000000    0.1011930000000000    0.9025650000000000 Si
   0.4008190000000000    0.1011450000000000    0.4018620000000000 Mg
EA11    4.891  4.891  2.480 89.84 89.88 90.00 Sym.group:   83
1.0
   4.8906749999999999   -0.0082930000000000   -0.0020310000000000
   0.0086150000000000    4.8910200000000001   -0.0057490000000000
   0.0063080000000000    0.0099020000000000    2.4802759999999999
P Mg
4 1
direct
   0.1960810000000000    0.7937070000000001    0.8996499999999999 P
   0.7959900000000000    0.6045490000000000    0.8989800000000000 P
   0.0068890000000000    0.1937890000000000    0.9029140000000000 P
   0.6067970000000000    0.0046590000000000    0.9023430000000000 P
   0.4014020000000000    0.3992030000000000    0.4013080000000000 Mg
EA7     3.347  6.454  6.102 89.72 90.05 90.00 Sym.group:  123
1.0
   3.3473980000000001   -0.0000310000000000    0.0000330000000000
   0.0000470000000000    6.4537399999999998   -0.0002590000000000
  -0.0050190000000000    0.0301250000000000    6.1014530000000002
S Cl
8 2
direct
   0.5007850000000000    0.0024370000000000    0.3338450000000000 S
   0.0013400000000000    0.2529800000000000    0.3349790000000000 S
   0.5017280000000000    0.0000580000000000    0.6624650000000000 S
   0.0022140000000000    0.2496000000000000    0.6624090000000000 S
   0.5016980000000000    0.5024250000000000    0.3348910000000000 S
   0.0013060000000000    0.7526389999999999    0.3349990000000000 S
   0.5028400000000000    0.5000400000000000    0.6635130000000000 S
   0.0022470000000000    0.7499680000000000    0.6623740000000000 S
   0.9976060000000000    0.0005360000000000    0.9984720000000000 Cl
   0.0050680000000000    0.5007710000000000    0.9988950000000000 Cl
EA121   3.373  3.881  3.373 90.01 90.02 89.89 Sym.group:  123
1.0
   3.3725170000000002   -0.0364910000000000    0.0041380000000000
   0.0496120000000000    3.8804230000000000    0.0047660000000000
  -0.0051520000000000   -0.0046410000000000    3.3732880000000001
N Na
4 1
direct
   0.5700780000000000    0.0369290000000000    0.1626050000000000 N
   0.0696280000000000    0.0369480000000000    0.6625470000000000 N
   0.0704310000000000    0.7490210000000000    0.6625550000000000 N
   0.5699950000000000    0.7489790000000000    0.1625300000000000 N
   0.0700510000000000    0.3929910000000000    0.1625380000000000 Na
EA70    9.308  3.060  3.059 90.00 90.07 90.08 Sym.group:  129
1.0
   9.3063160000000007    0.1348920000000000   -0.1109050000000000
  -0.0486610000000000    3.0598820000000000   -0.0116840000000000
   0.0327590000000000    0.0121050000000000    3.0589900000000001
Li Cl
8 2
direct
   0.0491680000000000    0.0945550000000000    0.5478680000000000 Li
   0.4654260000000000    0.5973010000000000    0.0532910000000000 Li
   0.2503260000000000    0.0959060000000000    0.0493670000000000 Li
   0.8500590000000000    0.5980290000000000    0.0508770000000000 Li
   0.2502740000000000    0.5961450000000000    0.5492320000000001 Li
   0.6489910000000000    0.0968970000000000    0.0499590000000000 Li
   0.6489000000000000    0.5968410000000000    0.5506840000000000 Li
   0.4338390000000000    0.0976900000000000    0.5533640000000000 Li
   0.0789730000000000    0.5951460000000000    0.0480550000000000 Cl
   0.8202640000000000    0.0975220000000000    0.5508500000000000 Cl
EA167   7.698  3.569  3.569 60.04 76.69 90.15 Sym.group:  166
1.0
   6.8933340000000003   -1.7134700000000000    2.9682520000000001
  -0.8469590000000000    1.7844690000000001    2.9724499999999998
  -0.8100070000000000   -1.7864500000000001    2.9810819999999998
Li P
8 2
direct
   0.6318150000000000    0.1244380000000000    0.1214200000000000 Li
   0.3078160000000000    0.0179210000000000    0.3343850000000000 Li
   0.0349670000000000    0.9267720000000000    0.5165090000000000 Li
   0.4430200000000000    0.7289390000000000    0.9122740000000000 Li
   0.2541910000000000    0.3335170000000000    0.7030740000000000 Li
   0.5783990000000000    0.4400610000000000    0.4900330000000000 Li
   0.8511170000000000    0.5312270000000000    0.3078840000000000 Li
   0.9430750000000000    0.2289780000000000    0.9122010000000000 Li
   0.7400200000000000    0.8275060000000000    0.7157820000000000 P
   0.1460420000000000    0.6304760000000000    0.1086660000000000 P
EA203   2.462  6.293  2.462 90.08 60.00 90.13 Sym.group:  191
1.0
   2.4617279999999999   -0.0036910000000000    0.0007240000000000
  -0.0043360000000000    6.2925519999999997    0.0061490000000000
   1.2301489999999999   -0.0046600000000000    2.1323859999999999
C Na
4 1
direct
   0.6616400000000000    0.4983250000000000    0.4828040000000000 C
   0.3307430000000000    0.1033020000000000    0.1509050000000000 C
   0.3283090000000000    0.4983710000000000    0.1494810000000000 C
   0.6640750000000000    0.1033480000000000    0.4842280000000000 C
   0.9965070000000000    0.8009390000000000    0.8166790000000000 Na
EA110   4.494  4.508  4.493 107.86 67.38 72.14 Sym.group:  141
1.0
   4.4936590000000001   -0.0179890000000000    0.0713480000000000
   1.3990110000000000    4.2846209999999996    0.0575920000000000
   1.6621800000000000   -2.0413589999999999    3.6405080000000001
Li O
8 2
direct
   0.3224540000000000    0.1886530000000000    0.4920850000000000 Li
   0.6945150000000000    0.8132580000000000    0.4880430000000000 Li
   0.2574430000000000    0.6871790000000000    0.4251440000000000 Li
   0.2600190000000000    0.3127510000000000    0.0541870000000000 Li
   0.8856450000000000    0.1887960000000000    0.2958770000000000 Li
   0.8891550000000000    0.8131940000000000    0.9251230000000000 Li
   0.8239130000000000    0.3112840000000000    0.8571340000000000 Li
   0.4516810000000000    0.6882040000000000    0.8628670000000001 Li
   0.1985590000000000    0.0000480000000000    0.7996420000000000 O
   0.9477230000000000    0.5007750000000000    0.5505530000000000 O
EA73    3.266  3.283  3.839 65.50 114.02 118.88 Sym.group:  166
1.0
   3.2655820000000002    0.0040430000000000   -0.0077950000000000
  -1.5895319999999999    2.8725480000000001   -0.0271330000000000
  -1.5555619999999999    0.9906330000000000    3.3665010000000000
Be Li
4 1
direct
   0.5971370000000000    0.1978840000000000    0.4005350000000000 Be
   0.7906360000000000    0.0036600000000000    0.9823520000000000 Be
   0.3941470000000000    0.4010830000000000    0.7914500000000000 Be
   0.9936430000000001    0.8005540000000000    0.5913450000000000 Be
   0.1938470000000000    0.6007620000000000    0.1913810000000000 Li
EA409   2.163  3.730  3.716 94.57 73.47 106.63 Sym.group:   87
1.0
   2.1632810000000000   -0.0085370000000000    0.0180230000000000
  -1.0534710000000000    3.5781250000000000   -0.0148410000000000
   1.0275479999999999    0.0087280000000000    3.5710880000000000
Be H
4 1
direct
   0.4734490000000000    0.4550800000000000    0.2302470000000000 Be
   0.3027050000000000    0.8397019999999999    0.9544720000000000 Be
   0.1065800000000000    0.2823230000000000    0.7878810000000001 Be
   0.6696010000000000    0.0125650000000000    0.3969140000000000 Be
   0.3880700000000000    0.6474910000000000    0.5922430000000000 H
EA195   2.439  2.437 10.599 83.41 89.96 60.03 Sym.group:  166
1.0
   1.2448040000000000    2.0973139999999999    0.0291790000000000
  -1.1940550000000001    2.1238830000000002    0.0078490000000000
  -1.2928839999999999    0.6307640000000000   10.5008339999999993
C B
8 2
direct
   0.6468980000000000    0.7273610000000000    0.2713800000000000 C
   0.5989880000000000    0.8228410000000000    0.1283030000000000 C
   0.0426850000000000    0.9345050000000000    0.4613130000000000 C
   0.9955540000000001    0.0295900000000000    0.3182820000000000 C
   0.3913400000000000    0.2367340000000000    0.5082150000000000 C
   0.4392860000000000    0.1412080000000000    0.6512980000000000 C
   0.7879590000000000    0.4432800000000000    0.6984629999999999 C
   0.2503190000000000    0.5207600000000000    0.0811400000000000 C
   0.8414340000000000    0.3437010000000000    0.8440610000000000 B
   0.1969050000000000    0.6202700000000000    0.9355460000000000 B
EA11    2.245  2.244  6.784 99.44 80.57 89.82 Sym.group:  119
1.0
   2.2443740000000001   -0.0034160000000000    0.0298890000000000
   0.0107450000000000    2.2440669999999998   -0.0346750000000000
   1.0213410000000001   -1.0151699999999999    6.6293620000000004
O B
4 1
direct
   0.6253570000000001    0.5203340000000000    0.9944590000000000 O
   0.8957670000000000    0.2501840000000000    0.4533460000000000 O
   0.9844880000000000    0.1612350000000000    0.2745760000000000 O
   0.2549830000000000    0.8902250000000000    0.7330710000000000 O
   0.1901670000000000    0.4553000000000000    0.8637580000000000 B
EA79    4.123  4.984  4.100 66.10 90.35 65.76 Sym.group:   88
1.0
   4.1215669999999998    0.0565230000000000    0.1115170000000000
   1.9757840000000000    4.5647620000000000    0.3083310000000000
  -0.1490550000000000    1.6238999999999999    3.7614510000000001
Li O
8 2
direct
   0.6244729999999999    0.4137120000000000    0.2631680000000000 Li
   0.3807520000000000    0.5818210000000000    0.7291180000000000 Li
   0.2360510000000000    0.0811090000000000    0.5320190000000000 Li
   0.7692350000000000    0.9143270000000000    0.4601620000000000 Li
   0.9657380000000000    0.4140680000000000    0.8118919999999999 Li
   0.0395150000000000    0.5813840000000000    0.1804590000000000 Li
   0.6864430000000000    0.0815740000000000    0.8766940000000000 Li
   0.3187630000000000    0.9139890000000001    0.1154190000000000 Li
   0.3772390000000000    0.2481120000000000    0.1209580000000000 O
   0.6280600000000000    0.7473900000000000    0.8712920000000000 O
EA105   3.701  3.701  7.264 90.00 90.00 90.00 Sym.group:  139
1.0
   3.7010860000000001   -0.0000910000000000    0.0000480000000000
   0.0002270000000000    3.7010329999999998    0.0000080000000000
  -0.0001710000000000   -0.0000370000000000    7.2637980000000004
Al H
8 2
direct
   0.5570140000000000    0.9944940000000000    0.3868080000000000 Al
   0.0568770000000000    0.4945220000000000    0.8867930000000001 Al
   0.5569930000000000    0.9944870000000000    0.9000180000000000 Al
   0.0569180000000000    0.4945180000000000    0.4000030000000000 Al
   0.0576220000000000    0.9942920000000000    0.1434090000000000 Al
   0.0555230000000000    0.9946590000000000    0.6434050000000000 Al
   0.5562700000000000    0.4948280000000000    0.6434040000000000 Al
   0.5582990000000000    0.4943630000000000    0.1434090000000000 Al
   0.0601280000000000    0.4940660000000000    0.1433510000000000 H
   0.5535470000000000    0.9952670000000000    0.6434430000000000 H
EA138   2.664 20.036  2.662 90.01 60.02 90.02 Sym.group:  156
1.0
   1.3344750000000001    0.0025090000000000    2.3050860000000002
   0.0042840000000000   20.0355479999999986   -0.0343500000000000
  -1.3294800000000000    0.0038120000000000    2.3067370000000000
Al Cl
8 2
direct
   0.8962320000000000    0.1556440000000000    0.6280780000000000 Al
   0.5616360000000000    0.0516400000000000    0.2936040000000000 Al
   0.2303040000000000    0.2598490000000000    0.9624500000000000 Al
   0.8953470000000000    0.3646870000000000    0.6310440000000000 Al
   0.5599090000000000    0.8479960000000000    0.2931240000000000 Al
   0.8958040000000000    0.9489090000000000    0.6253690000000000 Al
   0.2248660000000000    0.5676960000000000    0.9632730000000000 Al
   0.5593250000000000    0.4675750000000000    0.2979270000000000 Al
   0.8902710000000000    0.6502329999999999    0.6298370000000000 Cl
   0.2264440000000000    0.7654220000000000    0.9594500000000000 Cl
EA321   2.598 18.367  2.597 86.33 60.10 94.02 Sym.group:  156
1.0
   1.4340619999999999    0.1294040000000000    2.1630400000000001
  -1.7726880000000000   18.2223649999999999   -1.4618990000000001
  -1.1610480000000001    0.2398560000000000    2.3108870000000001
Al O
8 2
direct
   0.0879750000000000    0.9627650000000000    0.0917760000000000 Al
   0.4922260000000000    0.3522620000000000    0.6890710000000000 Al
   0.6341940000000000    0.8484130000000000    0.8783040000000000 Al
   0.0042610000000000    0.1962070000000000    0.5098500000000000 Al
   0.4083420000000000    0.6181360000000000    0.1104660000000000 Al
   0.5452710000000000    0.0784940000000000    0.3043490000000000 Al
   0.9310330000000000    0.4622050000000000    0.9269400000000000 Al
   0.8544440000000000    0.7339240000000000    0.3242650000000000 Al
   0.1064260000000000    0.2977790000000000    0.4051800000000000 O
   0.3165510000000000    0.5167850000000000    0.2109300000000000 O
EA105   4.619  4.675  4.619 60.41 90.00 119.59 Sym.group:  140
1.0
   4.6186720000000001   -0.0042250000000000    0.0022380000000000
  -2.3049960000000000    4.0676040000000002   -0.0419290000000000
   0.0009300000000000    2.6609090000000002    3.7749630000000001
O Mg
8 2
direct
   0.7468750000000000    0.8082780000000001    0.7534710000000000 O
   0.9395570000000000    0.1939290000000000    0.5607380000000000 O
   0.2555430000000000    0.1941590000000000    0.2448430000000000 O
   0.0628340000000000    0.8085250000000000    0.4375920000000000 O
   0.5627480000000000    0.8084340000000000    0.2534680000000000 O
   0.4396530000000000    0.1940090000000000    0.7448590000000000 O
   0.7555410000000000    0.1941450000000000    0.0606200000000000 O
   0.2469080000000000    0.8083040000000000    0.9377440000000000 O
   0.2512120000000000    0.5012110000000000    0.7491409999999999 Mg
   0.7512240000000000    0.5012920000000000    0.2491450000000000 Mg
EA167   3.195  3.204 11.238 90.03 89.95 89.99 Sym.group:  129
1.0
   3.1950590000000001   -0.0011590000000000    0.0479060000000000
   0.0007590000000000    3.2038600000000002    0.0464430000000000
  -0.1595170000000000   -0.1682510000000000   11.2360030000000002
P Si
8 2
direct
   0.0503000000000000    0.2709030000000000    0.3205930000000000 P
   0.5506070000000000    0.7706570000000000    0.5212820000000000 P
   0.0495560000000000    0.2699720000000000    0.5213670000000000 P
   0.5513050000000000    0.7715360000000000    0.3205120000000000 P
   0.0565150000000000    0.2756170000000000    0.1211930000000000 P
   0.5436210000000000    0.7653690000000000    0.7206820000000000 P
   0.0490380000000000    0.2696000000000000    0.9202810000000000 P
   0.5515300000000000    0.7719680000000000    0.9215950000000001 P
   0.5566030000000000    0.7755910000000000    0.1206940000000000 Si
   0.0435560000000000    0.2654180000000000    0.7211800000000000 Si
EA226   3.316  3.318  3.930 114.94 65.11 89.92 Sym.group:  121
1.0
   3.3164389999999999   -0.0037210000000000    0.0065160000000000
   0.0084730000000000    3.3176120000000000    0.0014730000000000
   1.6457740000000001   -1.6626230000000000    3.1581139999999999
F C
4 1
direct
   0.6059690000000000    0.1654450000000000    0.2723030000000000 F
   0.0596210000000000    0.6198140000000000    0.2730990000000000 F
   0.8204200000000000    0.4047630000000000    0.7516850000000000 F
   0.3658830000000000    0.8591500000000000    0.7511750000000000 F
   0.7129750000000000    0.5123040000000000    0.5120620000000000 C
EA30    3.934  3.934  3.934 89.99 90.01 90.01 Sym.group:  221
1.0
   3.9339700000000000   -0.0063210000000000   -0.0018010000000000
   0.0054810000000000    3.9339759999999999    0.0031300000000000
   0.0014510000000000   -0.0027200000000000    3.9339469999999999
Mg C
4 1
direct
   0.9967490000000000    0.6998190000000000    0.1972420000000000 Mg
   0.9968350000000000    0.1999600000000000    0.6954129999999999 Mg
   0.4965360000000000    0.1999700000000000    0.1974380000000000 Mg
   0.4965660000000000    0.6999590000000000    0.6974230000000000 Mg
   0.9965400000000000    0.1997940000000000    0.1951160000000000 C
EA162   2.871  2.876  2.880 109.23 108.79 108.34 Sym.group:  160
1.0
   2.8706179999999999   -0.0100810000000000   -0.0175840000000000
  -0.8952510000000000    2.7325729999999999   -0.0235870000000000
  -0.9173890000000000   -1.2779280000000000    2.4119030000000001
H C
4 1
direct
   0.3332920000000000    0.1268310000000000    0.7667310000000001 H
   0.7320220000000000    0.5304720000000001    0.5420930000000000 H
   0.3375820000000000    0.7601710000000000    0.1398800000000000 H
   0.9683800000000000    0.1370190000000000    0.1448150000000000 H
   0.0939300000000000    0.8896490000000000    0.8993770000000000 C
EA36    3.808  4.161  4.158 78.18 116.98 116.93 Sym.group:   87
1.0
   3.8082189999999998    0.0174070000000000    0.0211950000000000
  -1.9009490000000000    3.7009750000000001   -0.0223680000000000
  -1.9074100000000000    0.0002350000000000    3.6949489999999998
Na C
4 1
direct
   0.4459780000000000    0.4515080000000000    0.6511830000000000 Na
   0.6639600000000000    0.1065660000000000    0.4336980000000000 Na
   0.2735020000000000    0.8876500000000001    0.8691370000000000 Na
   0.8365380000000000    0.6705690000000000    0.2153930000000000 Na
   0.0551300000000000    0.2791520000000000    0.0425160000000000 C
EA292   5.113  3.455  5.114 90.00 89.99 89.96 Sym.group:   87
1.0
   5.1133040000000003    0.0006660000000000   -0.0017870000000000
   0.0018440000000000    3.4553639999999999   -0.0004530000000000
   0.0023360000000000    0.0003370000000000    5.1138269999999997
Li Al
8 2
direct
   0.6738900000000000    0.7477180000000000    0.5484740000000000 Li
   0.5522940000000000    0.2472530000000000    0.8278670000000000 Li
   0.9532870000000000    0.2476760000000000    0.6701980000000000 Li
   0.8316200000000000    0.7472860000000000    0.9495860000000000 Li
   0.3315810000000000    0.2472830000000000    0.4495410000000000 Li
   0.4531970000000000    0.7477900000000000    0.1702080000000000 Li
   0.0522250000000000    0.7471550000000000    0.3279530000000000 Li
   0.1738190000000000    0.2476630000000000    0.0484640000000000 Li
   0.7527400000000000    0.2475030000000000    0.2490200000000000 Al
   0.2528110000000000    0.7474610000000000    0.7490620000000000 Al
EA163   3.498  3.881  3.481 116.59 90.03 116.76 Sym.group:  141
1.0
   3.4980570000000002    0.0006450000000000   -0.0070760000000000
  -1.7537160000000001    1.7195640000000001   -3.0050740000000000
   0.0036690000000000    1.7479400000000000    3.0106940000000000
H O
8 2
direct
   0.4362150000000000    0.6178550000000000    0.4307370000000000 H
   0.7476640000000000    0.2449600000000000    0.9959570000000000 H
   0.3117370000000000    0.3751010000000000    0.3070950000000000 H
   0.0681400000000000    0.8789240000000000    0.5676190000000000 H
   0.7502100000000000    0.2522080000000000    0.5010810000000000 H
   0.1843330000000000    0.1209840000000000    0.6727320000000000 H
   0.2624860000000000    0.7575590000000000    0.0000980000000000 H
   0.7520190000000000    0.7391400000000000    0.9917570000000000 H
   0.6253850000000000    0.9970820000000000    0.1204880000000000 O
   0.8758060000000000    0.4981180000000000    0.8707360000000000 O
