NUMBER OF TEMPLATES 55
COMPOSITION A 1 B
pairs , SPACEGROUPS 
[F Mg] , 164 
[B C] , 139 
[C H] , 166 
[Al S] , 139 
[Li Na] , 187 
[Al Si] , 123 
[B P] , 216 
[Mg P] , 123 
[C P] , 164 
[B S] , 166 
[Na Si] , 123 
[Al P] , 194 
[B F] , 164 
[Al Li] , 227 
[Al B] , 156 
[Al Mg] , 123 
[F Na] , 225 
[S Si] , 166 
[Be Cl] , 166 
[Li Si] , 123 
[Mg S] , 225 
[C Li] , 160 
[Na S] , 123 
[Li Mg] , 123 
[H Li] , 225 
[Al N] , 186 
[N O] , 160 
[Li Na] , 194 
[Al B] , 166 
[H P] , 129 
[F Li] , 225 
[F Si] , 191 
[N P] , 131 
[Mg O] , 225 
[Be S] , 119 
[B N] , 216 
[C Cl] , 166 
[Al O] , 166 
[F Si] , 166 
[Al Si] , 141 
[H Na] , 225 
[Li O] , 187 
[Cl Mg] , 164 
[H Si] , 191 
[Li N] , 139 
[N P] , 160 
[N Si] , 156 
[C S] , 164 
[H Mg] , 129 
[B Be] , 164 
[Be F] , 166 
[Al N] , 216 
[Al Na] , 141 
[F Li] , 194 
[Al Li] , 123 
RANKING VECTORS ENTHALPIES
0:[-1140.88078794 -1140.74799411 -1140.74465249 -1140.74134008 -1140.72965202 -1140.72913642 -1140.72714384 -1140.7222383 -1140.72065378 -1140.71272507 -1140.70796282 -1140.70464306 -1140.68097048 -1140.6761157  -1140.58013092 -1140.55664107 -1140.54330587 -1140.37851512 -1140.25575203 -1140.23974822 -1140.23366869 -1140.20621854 -1140.18215969 -1140.16076149 -1140.15814528 -1140.13226976 -1140.12196492 -1140.11622588 -1140.11532312 -1140.11519889 -1140.10976871 -1140.10128343 -1140.1003466  -1140.07957727 -1140.07001478 -1140.06435796 -1140.05785609 -1140.05646686 -1140.02842914 -1140.00170232 -1139.83289786 -1139.83280349 -1139.83261514 -1139.83236176 -1139.83203267 -1139.83190127 -1139.83172756 -1139.830791 -1139.82606538 -1139.82340971 -1139.72689476 -1139.27519401 -1138.97005644 -1138.96973882 -1138.96857511] 
1:[-119.79770711 -119.74656643 -119.6598736  -119.65743974 -119.64914547 -119.63003505 -119.62546118 -119.61976523 -119.47870682 -119.47867246 -119.47492543 -119.46915752 -119.46600451 -119.46474246 -119.43508445 -119.38636821 -119.38296134 -119.37994926 -119.36768936 -119.33492911 -119.33217202 -119.11429528 -118.92925082 -118.88810683 -118.88069027 -118.84165496 -118.84165106 -118.84156023 -118.80093189 -118.79580563 -118.77875111 -118.66633666 -118.65356001 -118.63170018 -118.62663222 -118.57835228 -118.35111581 -118.33933762 -118.3286469  -118.14026141 -118.02753189 -117.96415912 -117.88919843 -117.88805208 -117.83083695 -117.54023457 -117.30629977 -117.25123162 -117.24832967 -117.24530152 -117.24333305 -117.24292317 -117.23975193 -117.23945935 -116.89610882] 
2:[-88.37472329 -88.37362139 -88.37308147 -88.36963553 -88.36231441 -88.3605551  -88.35997309 -88.35803452 -88.35745056 -88.35482105 -88.34258814 -88.2851077  -87.95717818 -87.67129334 -87.64504377 -87.62792356 -87.48268848 -86.88421409 -86.87123576 -86.74714674 -86.72998022 -86.72348534 -86.67914426 -86.63578713 -86.63521654 -86.63371122 -86.59108109 -86.57464465 -86.47592515 -86.46249673 -86.42620613 -86.42280705 -86.31977571 -86.3166952  -86.28404492 -86.26307744 -86.21223557 -86.20728417 -86.19247183 -86.18822152 -86.16203644 -85.88137277 -85.83177494 -85.81342776 -85.79680727 -85.78716924 -85.71809612 -85.71761251 -85.69717286 -85.67774118 -85.6760759  -85.67576637 -85.66179662 -85.63241736 -85.62148054] 
3:[-177.85155482 -177.844278   -177.84047062 -177.79190283 -177.79125015 -177.78676701 -177.78478309 -177.78357692 -177.78327637 -177.78299901 -177.78298735 -177.78152349 -177.77796655 -177.77765666 -177.7582275 -177.75281611 -177.72602488 -177.70993638 -177.69391855 -177.69388981 -177.69376726 -177.68695272 -177.51148756 -177.50950929 -177.49534296 -177.44248226 -177.43532722 -177.42271411 -177.42200132 -177.4192362 -177.41649077 -177.4085248  -177.37460806 -177.37166406 -177.36917177 -177.30367469 -177.19885471 -177.18859276 -177.15309655 -177.15010242 -177.14880818 -177.14853331 -177.10130558 -177.10078049 -177.06718757 -177.02004654 -176.97431709 -176.97115932 -176.97087423 -176.90604598 -176.83470784 -176.72144267 -176.71039455 -176.71027767 -176.38017579] 
4:[-714.89563825 -714.89537394 -714.89471654 -714.89104481 -714.89024726 -714.88975234 -714.87995155 -714.87974199 -714.87779571 -714.87634595 -714.87575219 -714.8754269  -714.87491479 -714.87438584 -714.87410817 -714.87405071 -714.87402147 -714.87385614 -714.87372238 -714.87321123 -714.87287087 -714.87187292 -714.87172554 -714.86780087 -714.86019018 -714.84402353 -714.83987913 -714.83496935 -714.83479246 -714.82507914 -714.82454406 -714.82403335 -714.82004954 -714.81996624 -714.81649886 -714.81622664 -714.80380802 -714.80378248 -714.78968875 -714.78577186 -714.77449631 -714.77169443 -714.761666   -714.75114669 -714.74664816 -714.73970108 -714.73969709 -714.73962391 -714.72836257 -714.72607114 -714.68519317 -714.51517341 -714.27392308 -714.27325177 -714.26993487] 
5:[-84.87389993 -84.87266455 -84.87089141 -84.86726228 -84.86345198 -84.86050838 -84.85888928 -84.85798501 -84.85789443 -84.85787621 -84.85117088 -84.83063871 -84.82803034 -84.82090956 -84.81715462 -84.79821066 -84.78357107 -84.77946561 -84.76751268 -84.76414242 -84.7576771  -84.71987115 -84.6857023  -84.68544076 -84.67606286 -84.62499593 -84.62204828 -84.60149574 -84.59494957 -84.55788738 -84.55727524 -84.5434905  -84.43497148 -84.39463806 -84.38197413 -84.37856159 -84.26438753 -84.22117303 -84.21749657 -84.19196688 -84.18787914 -84.18190709 -84.17006714 -84.16045145 -84.16041942 -84.16029703 -84.14000379 -84.13459833 -84.13242136 -83.6040623 -83.27774656 -83.2324328  -82.80233134 -82.80226132 -82.79865461] 
6:[-131.33084122 -131.32871241 -131.32148721 -131.31783314 -131.31255775 -131.31222001 -130.74634655 -130.73576221 -130.73328799 -130.73261277 -130.73097716 -130.72219578 -130.71520912 -130.70818451 -130.70578992 -130.70568253 -130.70492631 -130.7022033  -130.70146907 -130.68222344 -130.67705375 -130.67586767 -130.67586412 -130.67242775 -130.67204217 -130.64535314 -130.64456523 -130.64078383 -130.63002968 -130.60692222 -130.57482515 -130.5698798  -130.54258916 -130.54042185 -130.5270642 -130.52684299 -130.44563142 -130.42192595 -130.31861152 -130.26539139 -130.25317377 -130.24235816 -130.14057012 -130.03550208 -130.02065135 -130.01971795 -130.01711418 -130.01646249 -130.01259852 -130.01218609 -130.00744027 -129.95021908 -129.86082404 -129.85402029 -129.81208929] 
7:[-897.8134292  -897.80747712 -897.78507395 -897.78377878 -897.77875269 -897.77835891 -897.77645827 -897.77605975 -897.77603856 -897.77261313 -897.77016031 -897.67886905 -897.65351269 -897.64911297 -897.59961263 -897.57666688 -897.56893913 -897.56761702 -897.54645451 -897.49048829 -897.48755443 -897.46891554 -897.46631162 -897.45442849 -897.43155401 -897.43121289 -897.4311182  -897.43111355 -897.42909378 -897.42003231 -897.37148769 -897.33253217 -897.30229607 -897.29808062 -897.28714598 -897.24402019 -897.24348008 -897.23017802 -897.22473771 -897.22026599 -897.10000957 -897.09569063 -897.07741337 -896.93844271 -896.93513771 -896.9122892  -896.90991743 -896.82457693 -896.81936492 -896.81593717 -896.55177455 -896.46410411 -895.92987756 -895.9296171  -895.92104097] 
8:[-172.82178607 -172.81364625 -172.79845665 -172.75086647 -172.6253521 -172.52733992 -172.49669306 -172.48223187 -172.47902225 -172.41373787 -172.41206744 -172.39125899 -172.38986813 -172.36247401 -172.35433212 -172.3460479  -172.33467788 -172.31737267 -172.31736452 -172.31731302 -172.31729582 -172.3066467  -172.305065   -172.28742973 -172.28357652 -172.28100326 -172.26433673 -172.25667174 -172.23523076 -172.19579688 -172.17204067 -172.13029842 -172.07862174 -172.06062284 -172.01788503 -171.98377444 -171.97558641 -171.97171284 -171.95696968 -171.87463138 -171.71755043 -171.55561847 -171.54127246 -171.53499691 -171.41509543 -171.1838748  -171.18256856 -171.18030443 -171.17841855 -171.1769827 -171.1726361  -171.17231722 -170.88535587 -170.80950224 -170.55053826] 
9:[-186.94242881 -186.58542887 -186.56396571 -186.5523587  -186.52295534 -186.51365259 -186.45937628 -186.43990065 -186.40829896 -186.40808454 -186.39893709 -186.39510584 -186.39436866 -186.38215468 -186.37929281 -186.37813809 -186.37500036 -186.37255201 -186.36790092 -186.36164171 -186.36092224 -186.35643112 -186.3133838  -186.31319212 -186.26900166 -186.22135242 -186.21854121 -186.19989919 -186.19568364 -186.18619913 -186.18548594 -186.18316511 -186.15068683 -186.1115148  -186.08506957 -186.06596202 -186.01326076 -185.96049757 -185.939378   -185.78386431 -185.77683893 -185.72860756 -185.65038498 -185.625096   -185.46596612 -185.4608447  -185.45501653 -185.4542853  -185.45165139 -185.44808803 -185.44187061 -185.32749641 -185.26978501 -185.06530035 -184.93540276] 
10:[-674.56394829 -674.53416196 -674.53095805 -674.52917213 -674.52836178 -674.52725541 -674.52678146 -674.51882454 -674.51846478 -674.43853852 -674.43784995 -674.43265713 -674.4146977  -674.40754816 -674.34740243 -674.3111127  -674.3075254  -674.30380428 -674.30069239 -674.29026977 -674.28673193 -674.28036336 -674.24112513 -674.22841458 -674.22002314 -674.18545108 -674.18372512 -674.14194236 -674.12690752 -674.11892448 -674.05099729 -674.02499379 -674.02214886 -673.97154178 -673.97123822 -673.93832155 -673.92227693 -673.80178001 -673.7890729  -673.75855497 -673.71985533 -673.48794469 -673.40922288 -673.40705871 -673.18313005 -672.96827775 -672.96389757 -672.96382446 -672.96379092 -672.95493578 -672.9464586  -671.92789511 -671.29804793 -671.29789325 -671.27867863] 
11:[-121.75056433 -121.74998379 -121.70626233 -121.70440136 -121.70319169 -121.6750488  -121.67502562 -121.6749365  -121.64190352 -121.61488093 -121.60740145 -121.60698165 -121.59990899 -121.59949221 -121.59819073 -121.59684276 -121.59333129 -121.54287404 -121.54175455 -121.51669463 -121.47499483 -121.45118725 -121.42010512 -121.4065187  -121.40137318 -121.39356258 -121.37653614 -121.35985337 -121.35909983 -121.358135 -121.33764011 -121.33723242 -121.32714872 -121.32340031 -121.3185575 -121.31311912 -121.31217814 -121.30729314 -121.30213404 -121.23741757 -121.23501907 -121.19079953 -121.16826407 -121.16794172 -121.16189075 -121.15986625 -121.07441206 -121.07307879 -120.91304946 -120.91217778 -120.91088807 -120.89977654 -120.8996635  -120.79352039 -120.46298415] 
12:[-373.07737167 -373.07574234 -373.06816629 -373.05464512 -372.44977294 -372.40661126 -372.40322245 -372.37605607 -372.37554353 -372.34013623 -372.33739479 -372.3370866  -372.33251713 -372.33043871 -372.28608447 -372.27894251 -372.26933392 -372.15107066 -372.14565484 -372.14376465 -371.96083832 -371.95094027 -371.938327   -371.85224702 -371.85062711 -371.84758357 -371.84564706 -371.61051245 -371.47838024 -371.39420932 -371.31070689 -371.30817856 -371.30624993 -371.28638544 -371.13147314 -370.76853973 -370.76842717 -370.7681484  -370.76813209 -370.76795497 -370.76780433 -370.76751727 -370.76691829 -370.72628435 -370.69062322 -370.68161912 -370.15525482 -370.15524947 -370.15520546 -370.15055924 -370.14215358 -370.13715441 -369.68189665 -369.68126081 -369.68098686] 
13:[-125.95137581 -125.94910865 -125.94373683 -125.94255142 -125.94218317 -125.93906097 -125.93883227 -125.93425911 -125.86594488 -125.8459821 -125.83665695 -125.83212234 -125.81035013 -125.77289761 -125.77287129 -125.77241356 -125.75012082 -125.73298376 -125.68996082 -125.68405564 -125.68263156 -125.67959496 -125.65715393 -125.6558159  -125.64866084 -125.64806032 -125.6463496  -125.59825465 -125.56979083 -125.5480683 -125.54258702 -125.50994245 -125.50940966 -125.48043663 -125.46040854 -125.45673521 -125.43745325 -125.32528498 -125.32211768 -125.32112195 -125.24744067 -125.22379742 -125.22279407 -125.06344168 -125.05414886 -125.04592183 -125.02605891 -125.02603916 -125.02596236 -125.00943655 -124.2739807  -124.12411615 -123.56731656 -123.54598005 -123.54593641] 
14:[-68.5613201  -68.56072536 -68.48687261 -68.40540323 -68.37843763 -68.34081391 -68.30853017 -68.26310036 -68.24303705 -68.24065064 -68.24045428 -68.24039934 -68.2398192  -68.15749834 -68.15449543 -68.07554463 -68.00082806 -67.98620959 -67.97498454 -67.86635145 -67.86509203 -67.86163151 -67.86089081 -67.85955952 -67.85842554 -67.85276776 -67.85264925 -67.84887689 -67.84661697 -67.82940296 -67.79948273 -67.72343961 -67.70684769 -67.68689514 -67.68675769 -67.68539033 -67.68493807 -67.66313075 -67.62996257 -67.58600542 -67.46345113 -67.45082891 -67.4058535  -67.38493824 -67.35688159 -67.23676171 -67.21147387 -67.20958815 -67.10756289 -67.07716704 -66.62146422 -66.60899552 -66.52469629 -66.5206249  -66.5205588 ] 
15:[-834.59946203 -834.57397404 -834.57067465 -834.57054116 -834.56814662 -834.56678417 -834.56563543 -834.56429887 -834.5639257  -834.55468438 -834.54391265 -834.52753452 -834.52291866 -834.51992847 -834.51918725 -834.51902563 -834.51795954 -834.51773515 -834.51487743 -834.51158188 -834.50859739 -834.50432757 -834.50301535 -834.50299403 -834.4742029 -834.45500229 -834.44442064 -834.40332921 -834.24648601 -834.23022282 -834.21077997 -834.20842252 -834.20803449 -834.19170927 -834.15125546 -834.11093051 -833.97886466 -833.91297246 -833.90019974 -833.84375057 -833.66625886 -833.64254734 -833.48900552 -833.48804735 -833.48799603 -833.4874847  -833.4631002  -833.45992751 -833.4430062  -833.12525381 -832.97889767 -832.43009693 -831.65479887 -831.65467919 -831.63309051] 
16:[-955.5603262  -955.56030206 -955.55991802 -955.55984853 -955.55901182 -955.55806206 -955.55716565 -955.55681194 -955.55605256 -955.45417043 -955.45402021 -955.45398544 -955.45395185 -955.45393931 -955.45340743 -955.45221428 -955.44504777 -955.40742886 -955.40102894 -955.38417417 -955.38365035 -955.35885908 -955.3173861  -955.19993619 -955.16238163 -955.16122218 -955.15110122 -955.01340564 -954.9615403  -954.94587239 -954.90497733 -954.90461938 -954.90408982 -954.90401231 -954.901292 -954.85425091 -954.85422275 -954.85414059 -954.85147235 -954.85005777 -954.85005198 -954.85001369 -954.84962521 -954.8484334  -954.81095195 -954.75472796 -954.70921108 -954.6486843  -954.59191302 -954.59189224 -954.59186641 -954.55595314 -953.78938722 -953.78915519 -952.26820528] 
17:[-203.46023722 -203.45107245 -203.45085605 -203.41243439 -203.38022156 -203.37682343 -203.37219651 -203.36648621 -203.35685168 -203.34285767 -203.34015271 -203.29602124 -203.29384947 -203.27021636 -203.27020648 -203.27011859 -203.26923839 -203.26877457 -203.26651806 -203.26585116 -203.26343303 -203.26291427 -203.26156158 -203.261345   -203.26007607 -203.25890417 -203.25867787 -203.25785522 -203.2568669  -203.25338033 -203.23954316 -203.22377958 -203.17735272 -203.08149876 -203.06779381 -203.05099762 -203.04730453 -203.0445242  -203.04147177 -203.01605503 -203.00405714 -203.00274381 -202.99287005 -202.98431538 -202.97419773 -202.96825304 -202.9235102  -202.92197979 -202.83527215 -202.70541966 -202.681428   -202.47413465 -201.91833597 -201.91826479 -201.90915354] 
18:[-409.43437692 -409.43346335 -409.43177745 -409.41838657 -409.41698223 -409.31403131 -409.31050364 -409.30067078 -409.28635918 -409.25933319 -409.25884211 -409.25746111 -409.22723226 -409.13307916 -409.12624303 -409.06871411 -409.02989212 -409.02352885 -409.01550705 -408.96897219 -408.94877887 -408.94556073 -408.90148655 -408.84886792 -408.84859224 -408.84820598 -408.83129902 -408.83021031 -408.82931215 -408.82921436 -408.82605146 -408.82587241 -408.82533837 -408.82413798 -408.82074908 -408.81933261 -408.80491485 -408.80408106 -408.77825231 -408.77254068 -408.74051385 -408.74043337 -408.73955369 -408.73878097 -408.73722401 -408.53162174 -408.44068028 -408.44037947 -408.43435941 -408.36453696 -408.35766594 -408.2859034  -408.10315122 -407.98263574 -407.84731113] 
19:[-152.25903308 -152.25879708 -152.25554842 -152.25348919 -152.2518543 -152.25156058 -152.24322418 -152.23898803 -152.1899721  -152.17837902 -152.14403485 -152.07608997 -152.06178694 -152.05162314 -152.01883332 -152.00351544 -152.00318739 -151.99793721 -151.9970547  -151.98085127 -151.94160862 -151.88286559 -151.83344428 -151.80863626 -151.7754416 -151.72750666 -151.71346047 -151.7088448  -151.68176826 -151.66197133 -151.65991133 -151.65518206 -151.64892349 -151.64032136 -151.53795752 -151.50963107 -151.44615478 -151.44386185 -151.44308884 -151.4262201 -151.40983454 -151.40066322 -151.39443197 -151.29162635 -151.28249017 -151.15989589 -151.15989342 -151.15986495 -151.1592057  -151.14522099 -151.10065976 -150.59425134 -149.70147762 -149.70144438 -149.66735072] 
20:[-954.74651717 -954.74647592 -954.74463845 -954.74337734 -954.74323989 -954.74282932 -954.73969029 -954.73473844 -954.70013071 -954.6989362 -954.36868686 -954.36027827 -954.35587936 -954.25153709 -954.25151192 -954.25040473 -954.2479129  -954.24744465 -954.24743356 -954.2449025 -954.2444438  -954.24155464 -954.19939131 -954.16805306 -954.12502977 -954.11089307 -954.05180023 -953.95650729 -953.95556979 -953.95552219 -953.91612008 -953.83519036 -953.69967401 -953.69499511 -953.64168006 -953.63408109 -953.63357948 -953.6334023  -953.55400419 -953.55235873 -953.51833992 -953.48408783 -953.46944088 -953.46800643 -953.45672237 -953.33166759 -953.31708918 -953.16149827 -953.1292597  -952.92451499 -952.69444405 -952.6909609  -952.66769601 -952.66692469 -952.59587179] 
21:[-177.51264274 -177.51244205 -177.51209823 -177.51169187 -177.51102258 -177.50990961 -177.50089849 -177.49934382 -177.46779915 -177.46273834 -177.45844989 -177.45446883 -177.43567912 -177.41827319 -177.36661794 -177.19141016 -177.17357396 -177.1399891  -177.04669819 -176.88109016 -176.83604664 -176.82218902 -176.82071058 -176.82030896 -176.81874 -176.81660368 -176.81633159 -176.81520264 -176.77302072 -176.59724023 -176.45542995 -176.45322786 -176.43676932 -176.41554996 -176.39240179 -176.28672826 -176.22362643 -176.21325902 -176.13487151 -175.87923546 -175.77776384 -175.60097699 -175.51936238 -175.51762576 -175.50466881 -175.504662   -175.50442098 -175.50249258 -175.46973215 -175.4058909 -175.40309977 -175.09265495 -174.37375683 -174.37372992 -174.34214144] 
22:[-767.9053064  -767.90426091 -767.90378383 -767.90367092 -767.90345114 -767.90341669 -767.90290211 -767.90285367 -767.8983766  -767.75486274 -767.70584473 -767.65232681 -767.60209356 -767.58820576 -767.56660656 -767.564309   -767.55152882 -767.54982464 -767.54928639 -767.46614097 -767.43356072 -767.43261754 -767.43040354 -767.4302301  -767.42959448 -767.42129682 -767.38879008 -767.37745011 -767.33338189 -767.30664577 -767.23717575 -767.22467631 -767.19243405 -767.09714713 -767.09375954 -767.06640026 -767.04306922 -767.04126779 -767.04116226 -767.04115821 -767.03997625 -766.71880232 -766.71665872 -766.69624676 -766.69351442 -766.64768226 -766.62608779 -766.62576193 -766.57062961 -766.47549468 -766.44672399 -766.19559813 -765.56191832 -765.56181881 -765.5583053 ] 
23:[-901.54918838 -901.54827982 -901.54233213 -901.54131758 -901.53900321 -901.53514858 -901.52926332 -901.52883233 -901.52413478 -901.47876901 -901.4715911  -901.39793856 -901.38835728 -901.38825399 -901.38339087 -901.38312056 -901.38055175 -901.3736624  -901.35779198 -901.35604312 -901.34365652 -901.32924789 -901.32891009 -901.32646587 -901.32031174 -901.31923446 -901.31455239 -901.30746541 -901.30714057 -901.30151245 -901.29582462 -901.28864344 -901.27126506 -901.23553903 -901.21238503 -901.2114962  -901.19338855 -901.18586097 -901.18495636 -901.18276082 -901.17919523 -901.15984651 -901.1598401  -901.15972092 -901.15900808 -901.13475909 -901.12860762 -901.07393943 -901.06899326 -901.01819869 -900.84910163 -900.18099361 -899.86143847 -899.8613385  -899.86017159] 
24:[-104.52340365 -104.52305936 -104.52259201 -104.52256578 -104.52057565 -104.52049635 -104.51815025 -104.45580401 -104.44908635 -104.41544638 -104.41489689 -104.36892466 -104.36273694 -104.35098213 -104.33815744 -104.33719314 -104.33634911 -104.33614362 -104.33599343 -104.33509943 -104.33490408 -104.33477984 -104.33203932 -104.3319393  -104.32680454 -104.29309914 -104.29224121 -104.29153948 -104.29084795 -104.28953422 -104.28794452 -104.27453946 -104.24976936 -104.24839154 -104.24808814 -104.20573278 -104.20534143 -104.20530886 -104.20056836 -104.10983294 -104.10920282 -104.10800463 -104.10740802 -104.05900763 -103.98362091 -103.93436219 -103.9307258  -103.91132272 -103.86917597 -103.82132208 -103.63618791 -103.60883806 -103.59911541 -103.19808602 -103.191748  ] 
25:[-171.42146896 -171.42082119 -171.42016298 -171.41899083 -171.41898076 -171.41894892 -171.41686136 -171.41165553 -171.21263609 -171.21239484 -171.07509916 -171.07509777 -171.07486113 -171.00363316 -170.97475691 -170.97395664 -170.9733948  -170.97321585 -170.9729275  -170.97012346 -170.81782489 -170.74743274 -170.74504782 -170.74059759 -170.62199691 -170.6218471  -170.61288326 -170.48361754 -170.40882099 -170.38172131 -170.30170477 -169.96020261 -169.93012292 -169.8817596  -169.84183206 -169.84150177 -169.83966643 -169.79984101 -169.76910382 -169.76833939 -169.76816183 -169.76556412 -169.76359334 -169.76343864 -169.76203789 -169.76176685 -169.14849613 -169.13186684 -169.03484797 -168.31122503 -168.31039964 -168.28908669 -168.02215968 -168.0195131  -167.87872935] 
26:[-361.88412447 -361.8582179  -361.78006877 -361.77943012 -361.76770631 -361.62764668 -361.61551914 -360.99587357 -360.95306201 -360.87831647 -360.71378643 -360.54843694 -360.53888077 -360.48608494 -360.48477509 -360.37785796 -360.37665908 -360.37248269 -360.32014988 -360.28974512 -360.23893202 -360.23316427 -360.20650083 -360.20542378 -360.16993827 -360.15740754 -360.15029736 -360.13045928 -360.13026708 -360.12932132 -360.0721048  -360.07100083 -360.06043075 -360.0596659  -360.05966582 -360.05966514 -360.0564745  -360.0543215  -360.00752804 -359.93866329 -359.93405093 -359.89804801 -359.89187941 -359.83248132 -359.8099403 -359.52274226 -359.51862434 -359.51187513 -359.48801362 -359.48800794 -359.48774046 -359.48732229 -359.48579048 -359.43818747 -359.43188581] 
27:[-714.89563825 -714.89537394 -714.89471654 -714.89104481 -714.89024726 -714.88975234 -714.87995155 -714.87974199 -714.87779571 -714.87634595 -714.87575219 -714.8754269  -714.87491479 -714.87438584 -714.87410817 -714.87405071 -714.87402147 -714.87385614 -714.87372238 -714.87321123 -714.87287087 -714.87187292 -714.87172554 -714.86780087 -714.86019018 -714.84402353 -714.83987913 -714.83496935 -714.83479246 -714.82507914 -714.82454406 -714.82403335 -714.82004954 -714.81996624 -714.81649886 -714.81622664 -714.80380802 -714.80378248 -714.78968875 -714.78577186 -714.77449631 -714.77169443 -714.761666   -714.75114669 -714.74664816 -714.73970108 -714.73969709 -714.73962391 -714.72836257 -714.72607114 -714.68519317 -714.51517341 -714.27392308 -714.27325177 -714.26993487] 
28:[-68.5613201  -68.56072536 -68.48687261 -68.40540323 -68.37843763 -68.34081391 -68.30853017 -68.26310036 -68.24303705 -68.24065064 -68.24045428 -68.24039934 -68.2398192  -68.15749834 -68.15449543 -68.07554463 -68.00082806 -67.98620959 -67.97498454 -67.86635145 -67.86509203 -67.86163151 -67.86089081 -67.85955952 -67.85842554 -67.85276776 -67.85264925 -67.84887689 -67.84661697 -67.82940296 -67.79948273 -67.72343961 -67.70684769 -67.68689514 -67.68675769 -67.68539033 -67.68493807 -67.66313075 -67.62996257 -67.58600542 -67.46345113 -67.45082891 -67.4058535  -67.38493824 -67.35688159 -67.23676171 -67.21147387 -67.20958815 -67.10756289 -67.07716704 -66.62146422 -66.60899552 -66.52469629 -66.5206249  -66.5205588 ] 
29:[-99.19851986 -99.19412888 -99.19251954 -99.1824063  -99.1236677 -99.1189473  -99.08446058 -99.0501186  -99.04242863 -99.03951299 -99.02984292 -99.01565325 -99.01443467 -99.00490794 -98.99903983 -98.99686508 -98.996863   -98.98961033 -98.98482638 -98.98250701 -98.98228171 -98.97979613 -98.97978863 -98.97913579 -98.97643219 -98.95137087 -98.9418078  -98.93778684 -98.93483534 -98.92801375 -98.91987561 -98.9134748  -98.88666847 -98.88578807 -98.88556027 -98.88475757 -98.8737693  -98.85719552 -98.84676805 -98.83557093 -98.8147509  -98.80987918 -98.78861173 -98.78718164 -98.78654513 -98.77857855 -98.73962497 -98.73412015 -98.71598762 -98.71598762 -98.71598426 -98.70939387 -98.55664474 -98.53759161 -98.53186565] 
30:[-432.9602602  -432.96020383 -432.96018222 -432.96004852 -432.96001184 -432.95994989 -432.95994256 -432.95959884 -432.90908619 -432.90792424 -432.78909932 -432.78793924 -432.76541953 -432.75057293 -432.72575268 -432.71830185 -432.70019125 -432.66706275 -432.6665441  -432.66563453 -432.66552708 -432.66534214 -432.66430904 -432.66395679 -432.66392818 -432.66379894 -432.6637315  -432.66347333 -432.66006321 -432.6499244 -432.64898048 -432.61021596 -432.60730029 -432.54990304 -432.54988214 -432.54987549 -432.54982677 -432.51394754 -432.51364735 -432.51339476 -432.49284868 -432.38589551 -432.35574864 -432.3079571  -432.25110702 -432.25063311 -432.25015624 -432.24482355 -432.07018265 -431.68606919 -431.64384532 -431.43080177 -431.43067126 -429.85727029 -429.85711641] 
31:[-389.87894334 -389.8781304  -389.70936105 -389.70888481 -389.68329541 -389.65998013 -389.6536072  -389.64959387 -389.6054649  -389.60542253 -389.60486694 -389.52707754 -389.51092824 -389.50495608 -389.50235374 -389.47570861 -389.44648795 -389.43425696 -389.43281752 -389.42216925 -389.3618475  -389.36179366 -389.3585022  -389.33467693 -389.31601285 -389.3104571  -389.29774687 -389.29114002 -389.28610244 -389.13057371 -389.02184414 -389.02049408 -389.02042346 -389.01957428 -389.01858599 -389.01856237 -389.01849304 -389.01842485 -389.01801487 -388.99614382 -388.98222818 -388.95158056 -388.65046586 -388.40875771 -388.36043029 -388.08456716 -387.90679468 -387.90522225 -387.90505896 -387.90467964 -387.90448523 -387.90447476 -387.41776246 -387.41516883 -387.41009686] 
32:[-232.23218966 -232.20514046 -231.94323018 -231.91798716 -231.91656804 -231.91334781 -231.90450186 -231.82183411 -231.81918944 -231.75722977 -231.75232969 -231.75138549 -231.71860721 -231.7097187  -231.70205026 -231.7014749  -231.61583857 -231.35799593 -231.3387678  -231.33417253 -231.31677125 -231.27653858 -231.2690489  -231.26656212 -231.2624685 -231.26242551 -231.26213699 -231.24925007 -231.2360371  -231.22420956 -231.21094772 -231.19104626 -231.18111668 -231.18042603 -231.09291307 -230.98135093 -230.8723048  -230.87049074 -230.77322632 -230.76962983 -230.76956667 -230.76849375 -230.76482607 -230.75719425 -230.75329324 -230.67091869 -230.66897635 -230.66890712 -230.66424565 -230.64225925 -230.64122633 -230.41221739 -230.41046652 -230.39473385 -230.08045139] 
33:[-1031.63822166 -1031.6378839  -1031.63721418 -1031.63669936 -1031.63629825 -1031.63514272 -1031.63483223 -1031.63340404 -1031.45571022 -1031.45562827 -1031.32923161 -1031.32042131 -1031.21507347 -1031.1731171  -1031.1718707  -1031.1717761 -1031.17174856 -1031.11829188 -1031.11715609 -1031.00226714 -1030.99699173 -1030.98850275 -1030.96549789 -1030.96549213 -1030.96407976 -1030.96387895 -1030.96382934 -1030.96379247 -1030.9637858  -1030.96378217 -1030.9637734  -1030.89396179 -1030.89388431 -1030.89376552 -1030.88897354 -1030.8728133 -1030.69668811 -1030.65800403 -1030.61094745 -1030.60940158 -1030.60923374 -1030.60193982 -1030.50803756 -1030.40951109 -1030.15945716 -1030.15701297 -1030.15570297 -1030.07780603 -1029.80216049 -1028.99197468 -1028.56023986 -1028.43111404 -1028.43101719 -1027.19551693 -1027.19310535] 
34:[-337.14753937 -337.14667518 -337.14530342 -337.14479129 -337.14433945 -337.13669346 -337.13003911 -337.12970586 -337.0828677  -337.0794321 -337.07521421 -337.06396473 -337.06339698 -337.05883851 -337.04393497 -337.03864745 -337.02482945 -337.02429451 -337.02351594 -337.015913 -336.90174842 -336.89489063 -336.8660546  -336.66981769 -336.6678231 -336.5996438  -336.58819483 -336.58539443 -336.57174624 -336.56965965 -336.53763136 -336.52066837 -336.48490473 -336.47536603 -336.42000011 -336.35941019 -336.25671849 -336.25213924 -336.22647834 -336.22370177 -336.22075916 -336.21631858 -336.20183483 -336.2003373  -336.1975026 -336.19625175 -336.19229182 -336.08562305 -336.07132844 -336.07116071 -336.06018433 -335.86401352 -335.83923593 -335.83405085 -335.74258182] 
35:[-180.52731906 -180.52723124 -180.5256761  -180.52546917 -180.52289577 -180.50572557 -180.09384769 -180.09360002 -180.08898087 -180.08440598 -180.05867815 -180.05801735 -180.03708662 -180.00248707 -180.00230485 -180.00169864 -180.00165727 -179.99221543 -179.75454064 -179.33535871 -178.93390646 -178.93173103 -178.92488791 -178.92487217 -178.92472705 -178.90300743 -178.9029461  -178.90279682 -178.8766196  -178.83417799 -178.72382083 -178.57927287 -178.5750976  -178.55009471 -178.49008627 -178.39365474 -178.23999292 -178.19039967 -178.06389207 -178.05780803 -178.02781565 -177.83709374 -177.57646574 -177.25262828 -177.25253863 -177.15193291 -176.76132423 -176.75553564 -176.75135356 -176.74972407 -176.74583096 -176.74287789 -176.36962077 -176.15412087 -176.10432759] 
36:[-301.09195054 -301.09194934 -301.01053368 -301.01048401 -300.95505899 -300.89525044 -300.87906423 -300.87834739 -300.87809849 -300.87799018 -300.87660108 -300.87407705 -300.8719584  -300.76907298 -300.18817286 -300.06569125 -299.62148932 -299.61962172 -299.24978961 -298.90455875 -298.90454422 -298.90433887 -298.90412802 -298.89534655 -298.88756204 -298.88639467 -298.87096138 -298.86838827 -298.77861225 -298.71257782 -298.69120419 -298.68015152 -298.66789471 -298.65654231 -298.62844305 -298.62693015 -298.62427523 -298.61505876 -298.58333953 -298.57306794 -298.55016499 -298.44107903 -298.43945129 -298.43785892 -298.43642786 -298.4345875  -298.43412737 -298.43178564 -298.4207391  -298.40602255 -298.14351655 -298.10506134 -297.69420137 -297.64020077 -297.64016559] 
37:[-254.87313889 -254.63633892 -254.63045455 -254.62626843 -254.44021169 -254.43081545 -254.38927973 -254.37645078 -254.37552409 -254.37412279 -254.36794425 -254.3107239  -254.30358063 -254.30300746 -254.28389728 -254.27990493 -254.27767118 -254.23488596 -254.17844264 -254.08217808 -253.9955831  -253.95880483 -253.95440565 -253.9286016  -253.8875681 -253.88519372 -253.88478302 -253.87746401 -253.87489188 -253.84392321 -253.78400608 -253.71928622 -253.6651164  -253.66333183 -253.47303534 -253.46222984 -253.46218989 -253.4617     -253.46116896 -253.45740121 -253.11581143 -253.11398775 -253.1073364  -253.10547149 -253.10257892 -253.09992375 -253.09790848 -253.09749419 -252.9170023  -252.91576483 -252.91048952 -251.87131601 -251.66584191 -251.66574899 -251.66505489] 
38:[-389.87894334 -389.8781304  -389.70936105 -389.70888481 -389.68329541 -389.65998013 -389.6536072  -389.64959387 -389.6054649  -389.60542253 -389.60486694 -389.52707754 -389.51092824 -389.50495608 -389.50235374 -389.47570861 -389.44648795 -389.43425696 -389.43281752 -389.42216925 -389.3618475  -389.36179366 -389.3585022  -389.33467693 -389.31601285 -389.3104571  -389.29774687 -389.29114002 -389.28610244 -389.13057371 -389.02184414 -389.02049408 -389.02042346 -389.01957428 -389.01858599 -389.01856237 -389.01849304 -389.01842485 -389.01801487 -388.99614382 -388.98222818 -388.95158056 -388.65046586 -388.40875771 -388.36043029 -388.08456716 -387.90679468 -387.90522225 -387.90505896 -387.90467964 -387.90448523 -387.90447476 -387.41776246 -387.41516883 -387.41009686] 
39:[-84.87389993 -84.87266455 -84.87089141 -84.86726228 -84.86345198 -84.86050838 -84.85888928 -84.85798501 -84.85789443 -84.85787621 -84.85117088 -84.83063871 -84.82803034 -84.82090956 -84.81715462 -84.79821066 -84.78357107 -84.77946561 -84.76751268 -84.76414242 -84.7576771  -84.71987115 -84.6857023  -84.68544076 -84.67606286 -84.62499593 -84.62204828 -84.60149574 -84.59494957 -84.55788738 -84.55727524 -84.5434905  -84.43497148 -84.39463806 -84.38197413 -84.37856159 -84.26438753 -84.22117303 -84.21749657 -84.19196688 -84.18787914 -84.18190709 -84.17006714 -84.16045145 -84.16041942 -84.16029703 -84.14000379 -84.13459833 -84.13242136 -83.6040623 -83.27774656 -83.2324328  -82.80233134 -82.80226132 -82.79865461] 
40:[-626.95896352 -626.95895239 -626.95808117 -626.95791302 -626.9579108 -626.95552505 -626.95290051 -626.95067465 -626.94932014 -626.90002274 -626.89968904 -626.89939226 -626.89926597 -626.89847944 -626.89766359 -626.897459   -626.89598973 -626.85300281 -626.84214916 -626.83923535 -626.83875978 -626.81595474 -626.78021252 -626.73375392 -626.68523511 -626.66410168 -626.66219533 -626.6087101  -626.58291026 -626.5001377 -626.49986688 -626.4993315  -626.4992757  -626.4981476  -626.49299443 -626.47846771 -626.44612398 -626.43188991 -626.43180418 -626.43143474 -626.4313691  -626.42896317 -626.42624496 -626.42352596 -626.41948004 -626.41907418 -626.3783887  -626.37262097 -626.33228198 -626.33224241 -626.33216884 -626.28823594 -626.23165691 -625.65846208 -625.65772544] 
41:[-321.00429075 -320.91786662 -320.91599923 -320.79881274 -320.79258862 -320.79219327 -320.79086852 -320.79049859 -320.7903342  -320.78991963 -320.7897556  -320.78639774 -320.78310441 -320.78279574 -320.76297936 -320.73655012 -320.71675602 -320.69429345 -320.68771693 -320.68570763 -320.67088474 -320.67088195 -320.67072023 -320.66858968 -320.61525037 -320.60943827 -320.60896242 -320.60501066 -320.59418468 -320.57559531 -320.57558816 -320.575511   -320.57519664 -320.57374444 -320.57294526 -320.57107643 -320.38226101 -320.33800401 -320.27602613 -320.27540085 -320.27378945 -320.27343937 -320.27340006 -320.25376705 -320.21973682 -320.1952179  -320.18039055 -320.14240124 -319.96957863 -319.89202835 -319.88884686 -319.88882544 -319.56015171 -319.55411889 -318.3474405 ] 
42:[-1026.85454699 -1026.78714109 -1026.78278696 -1026.78209065 -1026.78153913 -1026.77907424 -1026.77799209 -1026.77239057 -1026.76949141 -1026.743345   -1026.69837038 -1026.69007971 -1026.68950739 -1026.68755153 -1026.68687254 -1026.68656335 -1026.68649835 -1026.68439181 -1026.68431719 -1026.6838052 -1026.68197528 -1026.67515366 -1026.63201146 -1026.62946511 -1026.60705033 -1026.60240044 -1026.59285483 -1026.5918916 -1026.58203551 -1026.36485006 -1026.30856304 -1026.30778578 -1026.22636523 -1026.19199196 -1026.19174982 -1026.19148768 -1026.17948077 -1026.17872793 -1026.1445542  -1026.07535601 -1026.04311032 -1026.03948234 -1025.98247117 -1025.88195229 -1025.88014191 -1025.76319489 -1025.7621025  -1025.75855668 -1025.75592493 -1025.75455301 -1025.50371683 -1025.50206188 -1025.48869936 -1025.48866666 -1025.03222879] 
43:[-62.62287527 -62.48794351 -62.48247069 -62.47578354 -62.46681771 -62.46457179 -62.4589842  -62.43302688 -62.43035103 -62.42732457 -62.42702457 -62.42531113 -62.42393448 -62.42339049 -62.42131872 -62.41497066 -62.41439122 -62.39583172 -62.39514944 -62.39514944 -62.39428638 -62.39352114 -62.38901819 -62.38503522 -62.38346916 -62.37740209 -62.37580848 -62.37089062 -62.36420961 -62.35306033 -62.35162332 -62.34790136 -62.34353053 -62.33609344 -62.33378951 -62.33326344 -62.32081153 -62.29962313 -62.29743035 -62.29712072 -62.2949554  -62.29454634 -62.29304717 -62.28904428 -62.28561777 -62.28561719 -62.27700626 -62.26411634 -62.25825311 -62.24674419 -62.22233827 -62.13897042 -62.1355837  -62.08907854 -61.9942887 ] 
44:[-237.17184506 -237.16858212 -237.00077914 -236.77681677 -236.7707081 -236.66811787 -236.6394628  -236.62284915 -236.58333967 -236.48351122 -236.47702729 -236.4565451  -236.45558449 -236.45557977 -236.45539278 -236.45476284 -236.45471104 -236.45350946 -236.20627926 -236.19763006 -236.19125753 -236.16151049 -236.15663683 -236.15367043 -236.11495109 -236.11452232 -236.0997106  -236.02489699 -235.93364298 -235.91483565 -235.84232211 -235.80075873 -235.78944145 -235.78166607 -235.7375521 -235.73629961 -235.73456815 -235.7325767  -235.69657215 -235.69498922 -235.68845081 -235.68843551 -235.68836314 -235.66698317 -235.62035792 -235.57581643 -235.54608046 -235.50382138 -235.49570956 -235.38477104 -235.27645731 -235.27048599 -234.7624073  -234.74766486 -234.74764292] 
45:[-232.23218966 -232.20514046 -231.94323018 -231.91798716 -231.91656804 -231.91334781 -231.90450186 -231.82183411 -231.81918944 -231.75722977 -231.75232969 -231.75138549 -231.71860721 -231.7097187  -231.70205026 -231.7014749  -231.61583857 -231.35799593 -231.3387678  -231.33417253 -231.31677125 -231.27653858 -231.2690489  -231.26656212 -231.2624685 -231.26242551 -231.26213699 -231.24925007 -231.2360371  -231.22420956 -231.21094772 -231.19104626 -231.18111668 -231.18042603 -231.09291307 -230.98135093 -230.8723048  -230.87049074 -230.77322632 -230.76962983 -230.76956667 -230.76849375 -230.76482607 -230.75719425 -230.75329324 -230.67091869 -230.66897635 -230.66890712 -230.66424565 -230.64225925 -230.64122633 -230.41221739 -230.41046652 -230.39473385 -230.08045139] 
46:[-196.42899977 -196.42875569 -196.19346551 -196.09648348 -196.04820212 -196.01460602 -195.99243296 -195.98688612 -195.97997259 -195.95636933 -195.90015679 -195.87569539 -195.873909   -195.77567899 -195.77016897 -195.75746735 -195.74433379 -195.7425992  -195.73651151 -195.73108835 -195.72838296 -195.7268481  -195.7263829  -195.69699015 -195.69364756 -195.68096467 -195.67549874 -195.56193427 -195.47134496 -195.46753022 -195.44812536 -195.43635961 -195.41189504 -195.41188421 -195.41176798 -195.39480035 -195.14931202 -194.93174577 -194.93123351 -194.9284086 -194.92721737 -194.92652791 -194.92483584 -194.92053614 -194.91896678 -194.91807059 -194.74301736 -194.74276233 -194.51643358 -194.47263862 -194.33119625 -194.32495337 -194.32377195 -194.31558536 -193.68234239] 
47:[-228.51417739 -228.34396192 -228.33538186 -228.33469629 -227.65437906 -227.46091964 -227.42877755 -227.41715558 -227.41393908 -227.39539769 -227.39104874 -227.3781654  -227.37140093 -227.36584711 -227.36584711 -227.36575694 -227.26612043 -227.25285155 -227.25102496 -227.24959563 -227.22673438 -227.22116091 -227.1996441  -227.1706845  -227.16856707 -227.14940752 -227.14696958 -227.11123185 -227.05154165 -227.01851032 -227.01801133 -227.0155494  -227.01260363 -226.99767258 -226.94973054 -226.88950195 -226.88391003 -226.7794007  -226.75623358 -226.59875491 -226.58227523 -226.52750202 -226.52490684 -226.50881071 -226.41809054 -226.29257892 -226.28346307 -226.27988461 -226.27782741 -226.27752981 -226.27748112 -226.1149247  -226.11343394 -225.81423533 -225.79450278] 
48:[-812.81789229 -812.81702982 -812.69759355 -812.69258635 -812.68905808 -812.68746273 -812.68726041 -812.68525762 -812.68389023 -812.675353 -812.67485637 -812.66964842 -812.6689243  -812.66766711 -812.66763656 -812.66693638 -812.6647923  -812.64846965 -812.64659451 -812.64263098 -812.62867643 -812.6280282  -812.62095194 -812.61797644 -812.61717146 -812.60300671 -812.58195491 -812.54744227 -812.51591063 -812.51243983 -812.49519519 -812.488764   -812.48859998 -812.48512767 -812.48441074 -812.48091021 -812.48064651 -812.45367334 -812.45040868 -812.41879233 -812.39135556 -812.39132907 -812.39100845 -812.39096363 -812.39063912 -812.38855016 -812.38818292 -812.38598396 -812.37659293 -812.22599432 -812.13615658 -811.98117775 -811.69397667 -811.69239934 -811.54382015] 
49:[-227.64115913 -227.63864378 -227.62667475 -227.62642273 -227.62529306 -227.58387103 -227.57734614 -227.51354713 -227.51147003 -227.43419024 -227.4214598  -227.41906156 -227.41803878 -227.4174937  -227.4167776 -227.41646827 -227.41430164 -227.41131342 -227.40806215 -227.39660749 -227.25847143 -227.25630361 -227.24666945 -227.20470525 -227.17160307 -227.16264217 -227.16119182 -227.15485444 -227.14388359 -227.12669416 -227.09786591 -227.05214673 -227.02429604 -227.01673458 -226.9531612 -226.93989061 -226.86725877 -226.86365516 -226.80266491 -226.80009426 -226.7633474  -226.66253471 -226.64510143 -226.48367604 -226.48048455 -226.42547649 -226.35824826 -226.35818743 -226.35781858 -226.32381253 -226.31428877 -226.27826522 -225.35365592 -225.35346768 -225.33693507] 
50:[-523.52535917 -523.52463793 -523.51541004 -523.50766542 -523.49671869 -523.46410359 -523.46388473 -523.4638007  -523.46083429 -523.46000012 -523.44045663 -523.42332101 -523.33215738 -523.29354578 -523.24098359 -523.19929053 -523.09937745 -523.00899424 -522.92240423 -522.62932594 -522.60888141 -522.60847046 -522.60099078 -522.58572552 -522.57936295 -522.57589239 -522.57375575 -522.57285774 -522.4106711  -522.39116112 -522.32280766 -522.26961261 -522.23565694 -522.18721488 -522.16301988 -522.16117522 -522.15806448 -522.15672496 -521.95389832 -521.88999734 -521.88655901 -521.87249778 -521.87134631 -521.86843564 -521.86843477 -521.86842404 -521.764327   -521.76426359 -521.76397008 -521.7639234 -521.76379022 -521.76378242 -521.76360538 -521.76347332 -521.28590238] 
51:[-171.42146896 -171.42082119 -171.42016298 -171.41899083 -171.41898076 -171.41894892 -171.41686136 -171.41165553 -171.21263609 -171.21239484 -171.07509916 -171.07509777 -171.07486113 -171.00363316 -170.97475691 -170.97395664 -170.9733948  -170.97321585 -170.9729275  -170.97012346 -170.81782489 -170.74743274 -170.74504782 -170.74059759 -170.62199691 -170.6218471  -170.61288326 -170.48361754 -170.40882099 -170.38172131 -170.30170477 -169.96020261 -169.93012292 -169.8817596  -169.84183206 -169.84150177 -169.83966643 -169.79984101 -169.76910382 -169.76833939 -169.76816183 -169.76556412 -169.76359334 -169.76343864 -169.76203789 -169.76176685 -169.14849613 -169.13186684 -169.03484797 -168.31122503 -168.31039964 -168.28908669 -168.02215968 -168.0195131  -167.87872935] 
52:[-648.25956144 -648.25829038 -648.25394237 -648.25142361 -648.24614845 -648.24593125 -648.21872607 -648.14040044 -648.10770895 -648.10697655 -648.10531982 -648.09681295 -648.07941453 -648.078219   -648.06917499 -648.06633418 -648.05493474 -648.05357807 -648.05233361 -648.0199387 -648.0189025  -648.01826235 -648.01816979 -648.01633101 -648.00704121 -647.99986434 -647.9991563  -647.99797901 -647.99632087 -647.99529706 -647.95515393 -647.94864178 -647.93914883 -647.92430688 -647.9230797 -647.86487753 -647.81508725 -647.81112938 -647.7193559  -647.49194248 -647.17422212 -647.17397665 -647.16369245 -647.04518242 -646.91566099 -646.91418377 -646.91144758 -646.86413707 -646.86405858 -646.86392519 -646.77488222 -645.85193336 -645.35096235 -645.31609007 -645.31606421] 
53:[-432.9602602  -432.96020383 -432.96018222 -432.96004852 -432.96001184 -432.95994989 -432.95994256 -432.95959884 -432.90908619 -432.90792424 -432.78909932 -432.78793924 -432.76541953 -432.75057293 -432.72575268 -432.71830185 -432.70019125 -432.66706275 -432.6665441  -432.66563453 -432.66552708 -432.66534214 -432.66430904 -432.66395679 -432.66392818 -432.66379894 -432.6637315  -432.66347333 -432.66006321 -432.6499244 -432.64898048 -432.61021596 -432.60730029 -432.54990304 -432.54988214 -432.54987549 -432.54982677 -432.51394754 -432.51364735 -432.51339476 -432.49284868 -432.38589551 -432.35574864 -432.3079571  -432.25110702 -432.25063311 -432.25015624 -432.24482355 -432.07018265 -431.68606919 -431.64384532 -431.43080177 -431.43067126 -429.85727029 -429.85711641] 
54:[-125.95137581 -125.94910865 -125.94373683 -125.94255142 -125.94218317 -125.93906097 -125.93883227 -125.93425911 -125.86594488 -125.8459821 -125.83665695 -125.83212234 -125.81035013 -125.77289761 -125.77287129 -125.77241356 -125.75012082 -125.73298376 -125.68996082 -125.68405564 -125.68263156 -125.67959496 -125.65715393 -125.6558159  -125.64866084 -125.64806032 -125.6463496  -125.59825465 -125.56979083 -125.5480683 -125.54258702 -125.50994245 -125.50940966 -125.48043663 -125.46040854 -125.45673521 -125.43745325 -125.32528498 -125.32211768 -125.32112195 -125.24744067 -125.22379742 -125.22279407 -125.06344168 -125.05414886 -125.04592183 -125.02605891 -125.02603916 -125.02596236 -125.00943655 -124.2739807  -124.12411615 -123.56731656 -123.54598005 -123.54593641] 
RANKING VECTORS IDX
0:[29.  0. 49. 42. 38. 17.  3. 44. 14. 21. 36. 18. 50. 28.  8.  9. 46. 45.  1. 11. 53. 26.  4. 27. 41. 20. 16. 39. 30. 24. 25. 40. 33. 35. 34. 48.  6. 51. 37. 32. 22. 19. 23. 54. 43. 10. 15.  7.  5. 31. 52. 13.  2. 12. 47.] 
1:[ 1. 36. 12. 47.  2. 46. 38. 17.  6. 34. 51. 25. 50. 35. 18. 49. 42.  0.  8.  9. 45. 14. 21.  3. 44. 40. 33. 16. 20. 24. 30. 53. 11. 28. 32. 37.  4. 41. 29. 31. 43. 48. 39. 52. 26. 10. 27. 15. 19. 23.  7. 54.  5. 22. 13.] 
2:[12. 47.  0. 49.  2. 42. 18. 38. 50. 28. 17. 36.  8. 46. 14. 21. 29.  3. 45. 32. 11. 53. 44. 31. 43.  9.  1. 26. 39. 52. 48. 13. 10. 19.  5.  7. 15. 22. 23. 54. 37. 41. 34. 25. 27.  4.  6. 51. 35. 16. 40. 33. 20. 24. 30.] 
3:[ 4. 27. 41.  5. 22. 54. 10. 23. 48. 15. 19.  7.  3. 44. 11. 53. 20. 24. 40. 33. 16. 30. 34. 46. 50. 18. 45. 14. 37. 39. 21. 17.  0. 49. 42.  8. 32.  9. 31. 43. 28. 52. 38.  2. 26. 25. 36. 12. 47. 13. 29. 35.  6. 51.  1.] 
4:[14. 21.  0. 29.  2. 42. 49. 50. 18. 27.  7.  8. 10. 53.  5. 15. 11. 22. 17. 23. 19. 54.  4. 46. 41. 47. 12.  9. 39. 26. 52. 48. 38. 25. 28. 13. 45. 32. 31. 43. 34. 37. 24. 20. 30. 40. 33. 16. 44.  3. 36.  1. 35.  6. 51.] 
5:[ 7. 52. 39. 48. 15. 10. 23.  5. 54. 22. 19. 18. 27. 53. 50.  4. 21. 29. 17.  0. 42. 45. 28. 13. 38.  9. 26. 37. 36. 47. 12.  2. 32. 43. 34. 31. 41.  3. 44. 11. 46. 24. 30. 40. 33. 16. 14. 20. 49.  8.  1. 25.  6. 51. 35.] 
6:[26. 34. 35. 25.  6. 51.  8. 42.  0. 24. 49. 14. 45.  3. 44. 16. 30. 40. 33. 46. 41. 36. 27. 50. 38. 18. 17. 20.  9.  2. 48. 21. 11. 53. 47. 12. 31. 43. 32. 39. 29. 37. 28. 52. 19. 23. 15. 22.  7.  5. 54.  1.  4. 13. 10.] 
7:[52. 39. 23. 10.  5.  7. 19. 54. 22. 15. 48. 11. 53. 41. 29. 34.  4. 45. 27.  3. 44. 28. 13. 20. 40. 33. 24. 16. 38. 30. 18. 37. 14. 42.  0. 50. 17. 36. 21. 32. 46. 26.  9.  2.  8. 47. 12. 31. 49. 43. 25.  1.  6. 51. 35.] 
8:[47. 12.  2. 36.  9. 14. 46. 38. 45. 44.  3.  8. 28. 21. 25. 26. 20. 40. 33. 34. 16. 51.  6. 35. 30. 24. 50. 49. 18. 41. 27. 48. 53. 11.  1.  4. 42.  0. 17. 39. 32. 29. 31. 43. 37. 54. 23. 15.  7. 19.  5. 22. 52. 13. 10.] 
9:[ 9. 46. 38. 50. 34. 18. 17. 45. 12. 47. 16. 40. 33. 20. 24.  8. 25. 30. 14. 44.  3. 21.  6. 51. 35. 41. 27. 53. 11. 42. 49.  0.  1. 32. 48.  4. 36. 39. 37. 43. 31. 29. 28.  2. 15. 23. 54. 19.  7. 22.  5. 26. 52. 13. 10.] 
10:[ 7. 48. 15.  5. 22. 23. 54. 10. 19. 36. 17. 28. 38.  2. 29. 39. 13.  4. 27. 53. 52. 11. 50. 42. 18.  9.  8. 32. 21. 26. 14. 12. 47.  0. 49. 31. 43. 45. 34. 46. 37. 41.  3. 44.  1. 24. 40. 16. 33. 30. 20. 25.  6. 51. 35.] 
11:[53. 11. 24. 29. 30. 40. 33. 16. 20.  7.  5. 22. 54. 23. 10. 15. 19. 39. 45. 37. 41. 27.  4.  3. 44. 52.  8. 18.  0. 50. 28. 13. 42. 21. 31. 43. 17.  9. 38. 32. 26. 48. 47. 12. 36.  2. 49. 14. 34. 25. 35.  6. 51. 46.  1.] 
12:[12. 47. 29.  2. 36. 43. 31. 50. 28. 26. 17. 18.  8. 25. 14. 46. 21.  0. 42. 49. 45. 11. 37.  3. 44. 38.  9.  1. 32.  4. 27. 41. 34. 53. 48.  7. 19.  5. 22. 23. 54. 10. 15. 52. 39. 13. 40. 33. 16. 24. 30. 20. 51.  6. 35.] 
13:[19. 10. 15.  5. 22. 54.  7. 23. 29. 38. 52. 13. 39. 41.  4. 27. 11. 53. 21. 50. 28. 36.  0. 49. 47. 42. 14. 45.  8. 18. 17.  3. 44. 37. 26.  9. 48. 34. 12.  2. 31. 43. 32. 30. 24. 20. 40. 33. 16. 46. 25.  1. 35.  6. 51.] 
14:[50. 28. 18. 14. 21.  2. 17. 41. 12.  0. 49. 47. 42.  3. 44.  9. 48. 11. 53.  7.  5. 54. 23. 10. 22. 15. 39. 29. 19. 46.  8. 20. 24. 40. 33. 30. 16.  4. 27. 45. 36.  1. 34. 52. 38. 26. 25. 32. 37. 13. 31. 43. 35.  6. 51.] 
15:[36.  7. 48. 19.  5. 22. 15. 23. 10. 54. 39.  4. 13. 50. 27. 41. 52. 53. 49. 42. 21. 28.  0. 38. 29. 17. 18.  8.  9. 45.  2. 47. 12. 26. 44. 37. 32. 43. 31. 34. 11. 14.  3. 40. 33. 16. 20. 30. 24. 46.  1. 25.  6. 51. 35.] 
16:[48. 10.  5.  7. 23. 54. 22. 15. 19. 24. 40. 33. 30. 20. 16. 21. 29. 27. 41. 11. 53.  4. 39. 34.  3. 44. 46. 45. 14. 52. 25. 49. 47.  0. 42. 17.  1.  2. 36. 50. 13. 18. 38. 28.  9. 32. 26.  8. 51. 35.  6. 37. 43. 31. 12.] 
17:[18. 50. 28. 14.  0. 49. 42. 21. 38. 44.  3. 20. 17. 40. 33. 16.  1. 27. 53. 11. 30.  5. 22. 41. 24.  7. 54.  4. 23. 19. 15. 36. 46.  8.  2. 34. 43.  9. 31. 29. 12. 47. 26. 45. 37. 39. 13. 52. 48. 10. 32. 25.  6. 51. 35.] 
18:[36. 50. 38. 18. 17. 14. 21. 46.  8.  0. 49. 42.  9.  3. 44. 37. 27. 41. 32. 45. 34.  4. 48. 12. 47.  2.  7. 10. 54. 23.  5. 15. 26. 25. 22. 19. 11. 53. 39. 20. 40. 33. 16. 30. 24.  1.  6. 51. 35. 31. 43. 28. 52. 29. 13.] 
19:[ 5. 22. 15. 23. 48. 54. 19. 10. 21.  7. 39.  4. 27. 53. 29. 13. 28. 36. 52. 44. 38. 50. 18.  8. 42. 17. 32. 26.  9. 49.  0.  2. 14. 45.  3. 34. 37. 12. 47.  1. 31. 43. 41. 46. 11. 40. 33. 16. 30. 24. 20. 25.  6. 51. 35.] 
20:[29. 24. 30. 40. 33. 16. 21. 20. 11. 53. 27. 41.  4.  7. 48. 10.  5. 23. 19. 54. 15. 22. 39. 34.  3. 14. 45. 25. 49.  0. 44.  9. 52. 46. 26. 35.  6. 51. 17. 38. 36. 18. 28. 50. 13. 32. 37. 42.  8.  1. 31. 43. 47. 12.  2.] 
21:[ 0. 12. 49. 47. 42. 14.  2. 21. 17. 18. 38. 28. 50.  8. 36. 11. 53.  3.  9.  7. 48. 10. 19. 15.  5. 54. 23. 22. 46. 29. 39. 34.  1. 44. 32. 52.  4. 27. 13. 26. 45. 37. 30. 24. 40. 33. 16. 41. 20. 43. 31. 25.  6. 51. 35.] 
22:[48.  5. 54. 23. 22. 15. 10. 19.  7. 34. 21. 39. 11. 53. 27.  4. 41.  3. 44. 28. 17. 18. 50.  2. 38. 36. 13. 52. 45. 29.  8. 37. 32. 26. 46. 20. 24. 40. 16. 33. 30.  9. 14. 31. 43. 42.  0. 49. 47. 12.  1. 25.  6. 51. 35.] 
23:[ 5. 22. 19. 23. 54.  7. 48. 15. 10. 39. 29. 17. 13. 28. 52. 18. 38.  2. 27. 41. 50. 53. 11.  4. 21. 14.  0. 49. 42.  9. 34. 45. 46. 36.  8. 37. 26. 44. 30.  3. 24. 33. 40. 16. 20. 47. 12. 43. 31. 32.  1. 25.  6. 51. 35.] 
24:[29. 24. 30. 20. 40. 33. 16. 41. 27. 53. 11.  4. 34. 46. 48. 22.  5. 21. 54. 19. 23.  7. 15. 10. 14. 49. 12.  0. 25. 47. 42. 45. 39.  3. 44. 35.  6. 51. 26.  9. 38. 36. 17. 32.  1. 50. 18.  8. 37. 52. 28.  2. 13. 43. 31.] 
25:[29. 30. 24. 40. 33. 16. 21. 20. 53. 11. 49.  0. 42. 25. 26. 35. 34.  6. 51. 14. 45. 46. 41. 27.  3. 44.  4.  9. 17. 36. 39. 32.  8.  1. 28. 18. 50. 37. 10.  7. 15. 19. 23. 54.  5. 22. 52. 38. 48. 47. 12.  2. 31. 43. 13.] 
26:[26. 29. 47. 12.  2. 44. 38.  1. 45. 46.  3. 14. 37. 36.  9. 28. 17. 18. 21. 50. 31. 43. 48. 32. 15. 10. 19. 49. 42.  0. 24. 30. 34. 40. 33. 16. 20. 39.  8. 41. 27. 53. 11.  4. 25.  6. 35. 51.  5. 22. 23. 54.  7. 52. 13.] 
27:[14. 21.  0. 29.  2. 42. 49. 50. 18. 27.  7.  8. 10. 53.  5. 15. 11. 22. 17. 23. 19. 54.  4. 46. 41. 47. 12.  9. 39. 26. 52. 48. 38. 25. 28. 13. 45. 32. 31. 43. 34. 37. 24. 20. 30. 40. 33. 16. 44.  3. 36.  1. 35.  6. 51.] 
28:[50. 28. 18. 14. 21.  2. 17. 41. 12.  0. 49. 47. 42.  3. 44.  9. 48. 11. 53.  7.  5. 54. 23. 10. 22. 15. 39. 29. 19. 46.  8. 20. 24. 40. 33. 30. 16.  4. 27. 45. 36.  1. 34. 52. 38. 26. 25. 32. 37. 13. 31. 43. 35.  6. 51.] 
29:[28.  2. 38. 29. 47. 12. 25. 50. 43. 31. 26. 37. 45. 48. 19.  5. 22.  7. 54. 17. 44. 14. 15.  1.  3.  9. 18. 52. 39. 32. 13. 21.  0. 46. 49. 42.  4. 36. 23. 10. 34.  8. 53. 41. 27. 11. 30. 24. 40. 33. 16. 20. 35.  6. 51.] 
30:[24. 40. 33. 29. 30. 20. 16. 21. 27. 41. 11. 53.  4. 46. 48. 34. 14. 25. 49. 42.  0. 10. 54.  5. 22. 15.  7. 19. 23.  3. 44. 39. 45. 26. 35.  6. 51. 38. 17. 36. 32.  9.  1.  8. 50. 28. 18. 37. 52.  2. 13. 43. 31. 12. 47.] 
31:[31. 43. 47. 12. 25. 29. 26. 36.  2. 28. 38. 17. 42. 37.  0. 46. 21. 14.  9. 18.  8. 45. 49. 50. 32. 27. 11. 53.  4. 52.  7. 19. 10. 48. 54. 22. 23. 15.  5. 44. 39. 13. 34.  3.  1. 41. 24. 20. 16. 30. 40. 33.  6. 51. 35.] 
32:[18. 50. 14.  0. 49. 42. 21.  8. 17. 48. 46.  1. 45.  9. 44.  3. 26. 34. 43. 31. 39. 20. 11. 53. 40. 33. 16. 30. 24.  4. 29. 37. 27. 41. 32. 36. 28. 25.  7.  5. 23. 22. 19. 54. 15. 38.  6. 51. 35. 12. 47.  2. 52. 13. 10.] 
33:[29. 24. 40. 33. 16. 20. 30. 21. 11. 53. 27. 41.  4. 25. 49. 42.  0. 14. 34. 45.  3. 44. 10. 23. 54.  7.  5. 22. 19. 48. 15. 35.  6. 51. 26. 39. 46.  9. 38. 17.  2. 36. 32.  1. 50. 18. 37.  8. 52. 13. 28. 43. 31. 47. 12.] 
34:[35. 34.  6. 51. 26. 25. 53. 11. 33. 24. 30. 40. 16.  2. 20.  9.  0. 49. 42. 45. 46. 14. 21. 44.  3.  4. 50. 27. 41. 18.  1. 38.  8. 17. 28. 39. 37. 48. 22. 15.  5.  7. 10. 23. 19. 32. 54. 36. 12. 47. 52. 43. 31. 29. 13.] 
35:[34. 35. 51.  6. 21. 25.  0. 42. 49. 14.  9. 45. 46. 50. 38. 18. 28. 17. 36.  8. 24. 30. 40. 33. 16. 53. 20. 11.  1. 37. 29.  3. 44. 32. 52. 43. 39. 48. 27. 41.  4.  2. 31. 12. 47. 26.  7. 19.  5. 22. 23. 54. 10. 13. 15.] 
36:[17. 18. 50. 28. 21. 14. 12.  0. 49. 42. 47.  2.  8. 36. 46. 29. 44.  3.  9. 40. 33. 16. 30. 24.  1. 48. 20. 26. 39. 45. 27. 41. 31. 43. 11. 53. 38. 37. 34.  4. 32. 54. 23.  7. 15.  5. 22. 19. 10. 25. 13. 52. 35.  6. 51.] 
37:[37. 46. 45.  3. 17. 38. 18. 50. 28. 29. 36. 21. 14.  9.  0. 42. 49.  8. 41. 32. 44. 48. 26. 25.  6. 51. 35. 27. 34.  4.  1. 39. 11. 53. 24. 40. 33. 16. 20. 30.  7. 10. 54. 15.  5. 23. 22. 19. 43. 31. 52. 13. 47. 12.  2.] 
38:[31. 43. 47. 12. 25. 29. 26. 36.  2. 28. 38. 17. 42. 37.  0. 46. 21. 14.  9. 18.  8. 45. 49. 50. 32. 27. 11. 53.  4. 52.  7. 19. 10. 48. 54. 22. 23. 15.  5. 44. 39. 13. 34.  3.  1. 41. 24. 20. 16. 30. 40. 33.  6. 51. 35.] 
39:[ 7. 52. 39. 48. 15. 10. 23.  5. 54. 22. 19. 18. 27. 53. 50.  4. 21. 29. 17.  0. 42. 45. 28. 13. 38.  9. 26. 37. 36. 47. 12.  2. 32. 43. 34. 31. 41.  3. 44. 11. 46. 24. 30. 40. 33. 16. 14. 20. 49.  8.  1. 25.  6. 51. 35.] 
40:[10. 23.  7. 48. 19.  5. 54. 22. 15. 24. 40. 16. 33. 20. 30. 29. 21. 27. 41. 11. 53.  4. 39. 34. 46.  3. 44. 14. 45. 12. 25. 49.  0. 47. 42. 52. 17. 38.  2. 36. 28. 13.  1.  9. 50. 18. 32. 26.  6. 35. 51.  8. 37. 31. 43.] 
41:[41.  3. 44. 48. 19. 10.  5. 15. 22. 54. 23. 36.  7. 17. 46. 34. 21.  8. 53. 11. 38. 50.  2. 18. 39.  4. 27. 20.  1. 40. 33. 24. 16. 29. 45. 30. 32. 14. 47. 42. 25. 49.  0. 26. 37. 52.  9. 28. 13. 35.  6. 51. 31. 43. 12.] 
42:[29. 28. 17.  0. 18. 49. 42. 14. 50. 21.  4.  5. 48. 54. 22. 15. 10.  7. 23. 53. 11. 19.  3. 44. 45. 46. 27.  9.  8. 39. 26. 25. 20. 40. 33. 16. 30. 24. 37. 41. 52. 32. 38. 36. 13. 31. 43.  2. 47. 12. 34. 35.  6. 51.  1.] 
43:[36. 17. 18. 31. 43. 44.  3. 49. 42.  4.  0. 47. 38.  2. 12. 50. 28. 48. 33. 40. 16. 39. 27. 52. 26. 41.  9.  1. 45. 25. 30. 11. 14. 21. 46. 53. 34. 15.  7. 24. 20. 19. 32. 10.  5. 22. 54. 29.  8. 37. 23.  6. 51. 35. 13.] 
44:[44.  3. 41. 36. 17.  8. 46.  1. 50.  7. 48. 10. 19. 15. 54.  5. 23. 22. 11. 39. 53.  4. 27. 34. 38. 28. 18. 32. 52. 29. 45. 13. 26. 14. 42. 47.  0. 49. 30. 24. 40. 33. 16. 20. 21.  9. 37. 12.  2. 25. 43. 31. 35.  6. 51.] 
45:[18. 50. 14.  0. 49. 42. 21.  8. 17. 48. 46.  1. 45.  9. 44.  3. 26. 34. 43. 31. 39. 20. 11. 53. 40. 33. 16. 30. 24.  4. 29. 37. 27. 41. 32. 36. 28. 25.  7.  5. 23. 22. 19. 54. 15. 38.  6. 51. 35. 12. 47.  2. 52. 13. 10.] 
46:[ 3. 44. 46.  8. 45. 50. 14.  1. 28. 18. 25. 21. 26. 34. 48. 35.  6. 51. 53. 11.  0. 42. 49.  4. 38. 17.  9. 39. 41. 24. 27. 30. 40. 33. 16. 20. 32.  5. 22. 10. 54. 15. 37. 23. 19.  7. 43. 31. 52. 29.  2. 47. 12. 36. 13.] 
47:[36.  2. 47. 12.  9. 20. 24. 30. 18. 17. 50.  3. 44. 40. 33. 16. 48. 28.  1. 45. 42.  0. 34. 46.  8. 25. 49. 39. 14. 21. 41. 11. 53. 27. 26.  4. 29. 32. 37. 43. 31. 51.  6. 35. 38.  7. 23. 54.  5. 19. 22. 52. 13. 10. 15.] 
48:[11. 53. 14.  2. 42. 49. 47. 12.  0. 21. 29. 30. 16. 40. 33. 24. 20. 17. 38. 18. 45. 50. 28. 44.  3. 46. 36.  4.  8. 25. 41.  6. 51. 26. 35. 27. 34. 39.  9.  1.  5. 22. 23. 54. 15.  7. 19. 10. 48. 32. 37. 52. 31. 43. 13.] 
49:[38.  2. 49. 47.  0. 53. 11. 36. 14. 21. 19.  5. 22. 23. 10. 54. 48.  7. 15.  3. 39. 29.  8. 52. 27. 18. 17. 28.  4. 46. 50. 42.  9. 32. 44. 13. 41. 26. 45. 12.  1. 34. 37. 31. 43. 25. 40. 33. 16. 30. 24. 20.  6. 51. 35.] 
50:[18. 17. 38. 28. 50. 14. 49. 42. 21.  0.  8. 36.  9. 37. 45. 46.  3. 44. 41. 48. 12. 47.  2. 25. 26. 43. 31. 32. 29.  1. 27. 53.  4. 39.  6. 51. 34. 35. 52. 11. 20. 24. 30. 40. 33. 16. 15. 10.  5. 22.  7. 19. 23. 54. 13.] 
51:[29. 30. 24. 40. 33. 16. 21. 20. 53. 11. 49.  0. 42. 25. 26. 35. 34.  6. 51. 14. 45. 46. 41. 27.  3. 44.  4.  9. 17. 36. 39. 32.  8.  1. 28. 18. 50. 37. 10.  7. 15. 19. 23. 54.  5. 22. 52. 38. 48. 47. 12.  2. 31. 43. 13.] 
52:[ 2. 38. 39. 52. 13. 28. 36. 50. 49. 21.  0. 14. 42.  8. 53. 11. 29.  4. 27.  5. 22. 23. 15. 54. 48. 19. 10.  7. 18. 17. 12. 47. 26. 45.  9. 37. 31. 43. 32. 34. 44.  3. 46. 41. 20. 24. 30. 33. 40. 16.  1. 25. 35.  6. 51.] 
53:[24. 40. 33. 29. 30. 20. 16. 21. 27. 41. 11. 53.  4. 46. 48. 34. 14. 25. 49. 42.  0. 10. 54.  5. 22. 15.  7. 19. 23.  3. 44. 39. 45. 26. 35.  6. 51. 38. 17. 36. 32.  9.  1.  8. 50. 28. 18. 37. 52.  2. 13. 43. 31. 12. 47.] 
54:[19. 10. 15.  5. 22. 54.  7. 23. 29. 38. 52. 13. 39. 41.  4. 27. 11. 53. 21. 50. 28. 36.  0. 49. 47. 42. 14. 45.  8. 18. 17.  3. 44. 37. 26.  9. 48. 34. 12.  2. 31. 43. 32. 30. 24. 20. 40. 33. 16. 46. 25.  1. 35.  6. 51.] 
POSCARS
EA272   2.821  2.821  5.546 89.92 90.16 119.84 Sym.group:  164
1.0
   2.8214020000000000    0.0030940000000000    0.0052530000000000
  -1.4062340000000000    2.4455480000000001    0.0005210000000000
  -0.0261630000000000   -0.0068980000000000    5.5460919999999998
F Mg
2 2
direct
   0.3251680000000000    0.6632720000000000    0.6423250000000000 F
   0.6577290000000000    0.3290550000000000    0.3590160000000000 F
   0.3229400000000000    0.6630130000000000    0.1933900000000000 Mg
   0.6598600000000000    0.3292440000000000    0.8079980000000000 Mg
EA1     3.706  2.687  2.687 89.98 68.77 111.23 Sym.group:  139
1.0
   3.7063630000000001   -0.0127100000000000    0.0119180000000000
  -0.9640260000000000    2.5075820000000002   -0.0154630000000000
   0.9661270000000000    0.3877260000000000    2.4767039999999998
C B
2 2
direct
   0.2250170000000000    0.1202560000000000    0.8870150000000000 C
   0.7720690000000000    0.8942380000000000    0.1136900000000000 C
   0.4985170000000000    0.2574860000000000    0.2503560000000000 B
   0.4985700000000000    0.7570080000000000    0.7503500000000000 B
EA128   2.434  2.435  3.699 70.87 109.14 119.97 Sym.group:  166
1.0
   2.4335160000000000    0.0063920000000000   -0.0327730000000000
  -1.2215300000000000    2.1059269999999999    0.0282300000000000
  -1.1679610000000000    0.6774920000000000    3.4434990000000001
C H
2 2
direct
   0.6287880000000000    0.1051270000000000    0.8125530000000000 C
   0.2516170000000000    0.4822160000000000    0.6810370000000000 C
   0.1471790000000000    0.5860860000000000    0.3666050000000000 H
   0.7332090000000000    0.0006370000000000    0.1269880000000000 H
EA273   3.267  5.262  3.275 72.09 89.92 72.14 Sym.group:  139
1.0
   3.2572770000000002   -0.2366790000000000   -0.0918090000000000
   1.9823670000000000    3.8341449999999999    3.0104280000000001
   0.0149660000000000   -1.0586789999999999    3.0996350000000001
Al S
2 2
direct
   0.8955780000000000    0.9574260000000000    0.0383110000000000 Al
   0.6404490000000000    0.4558070000000000    0.7833750000000000 Al
   0.1248000000000000    0.4889460000000000    0.2676990000000000 S
   0.4112270000000000    0.9242870000000000    0.5539870000000000 S
EA123   2.535  2.527  3.977 89.99 90.07 119.86 Sym.group:  187
1.0
   2.5352350000000001   -0.0039460000000000    0.0074930000000000
  -1.2548630000000001    2.1937220000000002   -0.0008400000000000
  -0.0165430000000000   -0.0073010000000000    3.9769760000000001
Na Li
1 1
direct
   0.6553780000000000    0.8328730000000000    0.9985810000000001 Na
   0.3173680000000000    0.1660210000000000    0.4986180000000000 Li
EA122   3.658  3.658  3.371 90.00 90.00 92.66 Sym.group:  123
1.0
   3.6567090000000002   -0.0867660000000000   -0.0089370000000000
  -0.0832930000000000    3.6570149999999999    0.0165820000000000
   0.0077750000000000   -0.0150320000000000    3.3704790000000000
Al Si
2 2
direct
   0.7587080000000000    0.2476840000000000    0.4975030000000000 Al
   0.2581390000000000    0.7474740000000000    0.4974190000000000 Al
   0.2589800000000000    0.2473450000000000    0.9974730000000001 Si
   0.7578530000000000    0.7477740000000000    0.9974440000000000 Si
EA147   2.996  2.999  5.178 73.37 73.35 60.38 Sym.group:  216
1.0
   1.4932460000000001   -2.5971039999999999    0.0180820000000000
   2.9985070000000000    0.0145310000000000    0.0061030000000000
   1.4761340000000001   -0.8287470000000000    4.8930449999999999
B P
2 2
direct
   0.9908850000000000    0.6463530000000000    0.3190910000000000 B
   0.4906340000000000    0.1463590000000000    0.8190930000000000 B
   0.3659650000000000    0.0219840000000000    0.1948480000000000 P
   0.8657210000000000    0.5219900000000000    0.6948470000000000 P
EA54    2.761  3.165  2.761 90.01 90.06 90.05 Sym.group:  123
1.0
   2.7611260000000000   -0.0058660000000000    0.0104370000000000
   0.0041570000000000    3.1652330000000002   -0.0010700000000000
  -0.0132800000000000    0.0004560000000000    2.7611740000000000
Mg P
1 1
direct
   0.4719270000000000    0.5237270000000001    0.5175190000000000 Mg
   0.9723230000000000    0.0236670000000000    0.0171820000000000 P
EA18    2.822  2.833  4.690 90.32 90.23 60.73 Sym.group:  164
1.0
   1.4439240000000000   -2.4244420000000000    0.0032630000000000
   2.8324150000000001    0.0742730000000000   -0.0098110000000000
  -0.0105710000000000    0.0217840000000000    4.6904250000000003
C P
2 2
direct
   0.9990000000000000    0.9942210000000000    0.3454370000000000 C
   0.9988210000000000    0.9991910000000001    0.6608760000000000 C
   0.3326470000000000    0.3291990000000000    0.1795880000000000 P
   0.6651750000000000    0.6642130000000001    0.8267250000000000 P
EA197   2.847  2.845  5.780 75.79 75.77 60.12 Sym.group:  166
1.0
   2.8470230000000001    0.0280920000000000    0.0087170000000000
   1.3929590000000001    2.4807440000000001    0.0406380000000000
   1.3965620000000001    0.7523430000000000    5.5580829999999999
B S
2 2
direct
   0.9827570000000000    0.6458840000000000    0.2853540000000000 B
   0.0785050000000000    0.7424670000000000    0.9946940000000000 B
   0.7925930000000000    0.4566900000000000    0.8509330000000001 S
   0.2686690000000000    0.9316610000000000    0.4291140000000000 S
EA51    4.796  2.354  4.879 90.01 119.41 90.00 Sym.group:  123
1.0
   4.7943530000000001    0.0034510000000000   -0.1058000000000000
  -0.0016520000000000    2.3544399999999999   -0.0011250000000000
  -2.3010370000000000   -0.0006120000000000    4.3019639999999999
Na Si
2 2
direct
   0.7457680000000000    0.7559950000000000    0.7465190000000000 Na
   0.2459260000000000    0.7541940000000000    0.7466760000000000 Na
   0.2460550000000000    0.2547740000000000    0.2466200000000000 Si
   0.7464430000000000    0.2548220000000000    0.2467900000000000 Si
EA40    3.302  3.304  5.255 90.00 90.00 119.97 Sym.group:  194
1.0
   3.3019690000000002    0.0002330000000000   -0.0010690000000000
  -1.6505240000000001    2.8620000000000001   -0.0003000000000000
   0.0014970000000000    0.0013480000000000    5.2548159999999999
Al P
2 2
direct
   0.9987549999999999    0.0054590000000000    0.9985550000000000 Al
   0.9988020000000000    0.0054790000000000    0.4985540000000000 Al
   0.6655219999999999    0.3390830000000000    0.7485600000000000 P
   0.3320310000000000    0.6718530000000000    0.2485520000000000 P
EA42    2.373  2.438  5.375 90.00 89.98 118.99 Sym.group:  164
1.0
   2.3728449999999999    0.0017580000000000    0.0018850000000000
  -1.1829810000000001    2.1316980000000001    0.0027840000000000
  -0.0026280000000000   -0.0089390000000000    5.3747319999999998
B F
2 2
direct
   0.3318400000000000    0.6786630000000000    0.4160780000000000 B
   0.6593900000000000    0.3319520000000000    0.2351630000000000 B
   0.3325880000000000    0.6808870000000000    0.6559490000000000 F
   0.6586720000000000    0.3293930000000000    0.9952190000000000 F
EA115   3.872  3.872  3.872 90.03 119.99 119.98 Sym.group:  227
1.0
   0.0885970000000000   -2.2011989999999999   -3.1837399999999998
   1.8915800000000000    3.3775230000000001    0.0702230000000000
   1.8911380000000000   -1.1273070000000001    3.1854429999999998
Al Li
2 2
direct
   0.6172470000000000    0.8650330000000001    0.1149040000000000 Al
   0.1173490000000000    0.6150020000000000    0.3650230000000000 Al
   0.6173140000000000    0.3650650000000000    0.6149790000000001 Li
   0.1173030000000000    0.1150330000000000    0.8650220000000000 Li
EA162   2.786  5.246  2.786 89.97 60.01 89.97 Sym.group:  156
1.0
   2.7858489999999998    0.0005360000000000    0.0050360000000000
   0.0016580000000000    5.2455730000000003    0.0213140000000000
   1.3884850000000000   -0.0086630000000000    2.4157860000000002
Al B
2 2
direct
   0.6532000000000000    0.0453550000000000    0.6908510000000000 Al
   0.9858230000000000    0.4236990000000000    0.0255270000000000 Al
   0.9867130000000000    0.7988150000000001    0.0247820000000000 B
   0.3200040000000000    0.7423149999999999    0.3582820000000000 B
EA56    2.543  4.045  2.494 90.00 89.96 90.00 Sym.group:  123
1.0
   2.5430709999999999    0.0003640000000000   -0.0105260000000000
  -0.0005950000000000    4.0454439999999998   -0.0003850000000000
   0.0122430000000000    0.0002370000000000    2.4935969999999998
Al Mg
1 1
direct
   0.0410140000000000    0.6772810000000000    0.1313260000000000 Al
   0.5412470000000000    0.1772920000000000    0.6312200000000000 Mg
EA1     2.891  2.880  4.081 89.57 90.09 90.00 Sym.group:  225
1.0
   2.8911319999999998   -0.0003270000000000    0.0019110000000000
   0.0002030000000000    2.8802469999999998   -0.0082450000000000
  -0.0088840000000000    0.0424570000000000    4.0804640000000001
F Na
2 2
direct
   0.3711040000000000    0.8696680000000000    0.9639440000000000 F
   0.8750260000000000    0.3707220000000000    0.4635940000000000 F
   0.8712290000000000    0.3703310000000000    0.9633980000000000 Na
   0.3753950000000000    0.8713330000000000    0.4642500000000000 Na
EA237   3.077  3.077  6.387 103.80 103.81 60.08 Sym.group:  166
1.0
   1.5414200000000000    2.6636389999999999    0.0010510000000000
  -1.5398769999999999    2.6643400000000002   -0.0072570000000000
  -0.0179460000000000   -1.7529170000000001    6.1412370000000003
S Si
2 2
direct
   0.8843330000000000    0.1459110000000000    0.9263890000000000 S
   0.1010140000000000    0.3622070000000000    0.5762550000000000 S
   0.7013260000000000    0.9626040000000000    0.3776210000000000 Si
   0.2840180000000000    0.5455179999999999    0.1250220000000000 Si
EA275   2.813  2.813  6.299 89.87 102.79 60.12 Sym.group:  166
1.0
   1.4122960000000000    2.4327350000000001    0.0061990000000000
  -1.4056450000000000    2.4363750000000000    0.0073130000000000
  -1.4058700000000000   -0.8123250000000000    6.0864279999999997
Be Cl
2 2
direct
   0.0196630000000000    0.5948790000000000    0.4055390000000000 Be
   0.5253679999999999    0.8440730000000000    0.6624949999999999 Be
   0.9806180000000000    0.1164900000000000    0.8455670000000000 Cl
   0.5644380000000000    0.3224570000000000    0.2224670000000000 Cl
EA33    4.692  2.282  3.531 90.01 90.04 90.00 Sym.group:  123
1.0
   4.6914879999999997    0.0012920000000000   -0.0139000000000000
  -0.0006550000000000    2.2824710000000001   -0.0032430000000000
   0.0082610000000000    0.0045600000000000    3.5308790000000001
Li Si
2 2
direct
   0.2887400000000000    0.7046690000000000    0.8414420000000000 Li
   0.7887400000000000    0.7044020000000000    0.8414890000000000 Li
   0.5387830000000000    0.2046500000000000    0.3414680000000000 Si
   0.0387830000000000    0.2044340000000000    0.3414640000000000 Si
EA161   4.663  3.307  3.307 90.00 90.00 90.00 Sym.group:  225
1.0
   4.6632980000000002   -0.0034580000000000    0.0014890000000000
   0.0022380000000000    3.3066650000000002   -0.0021100000000000
  -0.0009630000000000    0.0023220000000000    3.3070949999999999
Mg S
2 2
direct
   0.1267730000000000    0.7812550000000000    0.7745649999999999 Mg
   0.6280880000000000    0.2806070000000000    0.2750160000000000 Mg
   0.1280070000000000    0.2813220000000000    0.2745110000000000 S
   0.6270160000000000    0.7806980000000000    0.7749300000000000 S
EA114   2.436  2.439  5.169 77.55 76.80 60.13 Sym.group:  160
1.0
   2.4355069999999999    0.0326110000000000    0.0116820000000000
   1.1858379999999999    2.1292949999999999    0.0868090000000000
   1.1506099999999999    0.4304810000000000    5.0213619999999999
C Li
2 2
direct
   0.5081329999999999    0.2797530000000000    0.7069520000000000 C
   0.1531480000000000    0.9274030000000000    0.7711570000000000 C
   0.3870170000000000    0.1686560000000000    0.0696140000000000 Li
   0.9309630000000000    0.7045960000000000    0.4353600000000000 Li
EA120   2.598  2.598  7.015 89.99 90.00 90.12 Sym.group:  123
1.0
   2.5977730000000001    0.0045990000000000    0.0007530000000000
  -0.0099900000000000    2.5976319999999999   -0.0048070000000000
  -0.0022590000000000    0.0136650000000000    7.0149210000000002
Na S
2 2
direct
   0.2562920000000000    0.7504700000000000    0.2723070000000000 Na
   0.2587670000000000    0.7522600000000000    0.7722890000000000 Na
   0.7580800000000000    0.2533620000000000    0.0222570000000000 S
   0.7573110000000000    0.2499810000000000    0.5222440000000000 S
EA7     3.625  3.625  3.332 90.00 90.00 90.00 Sym.group:  123
1.0
   3.6252330000000001   -0.0011210000000000    0.0003220000000000
   0.0011950000000000    3.6252190000000000    0.0016460000000000
  -0.0002880000000000   -0.0015150000000000    3.3316040000000000
Mg Li
2 2
direct
   0.6201150000000000    0.6232880000000000    0.6368300000000000 Mg
   0.1202830000000000    0.1232430000000000    0.6365030000000000 Mg
   0.1199110000000000    0.6231380000000000    0.1366970000000000 Li
   0.6202810000000000    0.1232470000000000    0.1366900000000000 Li
EA5     2.359  2.360  4.082 106.80 90.01 60.03 Sym.group:  225
1.0
   1.1935640000000001   -2.0350649999999999   -0.0041010000000000
   2.3600629999999998    0.0172160000000000    0.0214400000000000
  -1.2097329999999999   -0.7161810000000000    3.8327450000000001
H Li
2 2
direct
   0.6184950000000000    0.7575160000000000    0.3815790000000000 H
   0.1190320000000000    0.7566050000000000    0.8816970000000000 H
   0.8690400000000000    0.2571020000000000    0.6313450000000000 Li
   0.3686920000000000    0.2571480000000000    0.1312920000000000 Li
EA307   2.968  2.968  4.637 90.00 90.00 60.00 Sym.group:  186
1.0
   2.9680460000000002    0.0000440000000000    0.0000690000000000
   1.4838750000000001    2.5703659999999999   -0.0000850000000000
  -0.0001050000000000    0.0002080000000000    4.6365189999999998
Al N
2 2
direct
   0.3404440000000000    0.3333520000000000    0.1944030000000000 Al
   0.6736060000000000    0.6667860000000000    0.6944030000000000 Al
   0.6737930000000000    0.6666800000000001    0.3048440000000000 N
   0.3402560000000000    0.3334590000000000    0.8048440000000000 N
EA37    2.292  2.292  6.496 80.22 99.77 119.46 Sym.group:  160
1.0
   2.2919470000000000    0.0024120000000000   -0.0190910000000000
  -1.1291789999999999    1.9945290000000000    0.0090090000000000
  -1.0500389999999999    0.6442890000000000    6.3776999999999999
O N
2 2
direct
   0.2241560000000000    0.7810360000000000    0.1617740000000000 O
   0.7211400000000000    0.2779780000000000    0.6617980000000000 O
   0.2821760000000000    0.7230350000000000    0.3399740000000000 N
   0.7791709999999999    0.2199780000000000    0.8400069999999999 N
EA105   2.477  2.478  8.283 89.47 90.44 119.82 Sym.group:  194
1.0
   1.2481599999999999   -2.1395260000000000   -0.0028470000000000
   1.2360940000000000    2.1478910000000000    0.0029720000000000
   0.0116030000000000    0.0694510000000000    8.2828850000000003
Na Li
2 2
direct
   0.3184730000000000    0.6603190000000000    0.2539640000000000 Na
   0.6474820000000000    0.3277020000000000    0.7538940000000000 Na
   0.9940530000000000    0.0029500000000000    0.0041030000000000 Li
   0.0000310000000000    0.0120860000000000    0.5037840000000000 Li
EA73    2.789  5.243  2.809 91.06 60.23 105.42 Sym.group:  166
1.0
   1.3985540000000001   -0.3513360000000000    2.3871799999999999
  -1.4309570000000000    5.0436110000000003   -0.0478810000000000
  -1.4091160000000000   -0.4309690000000000    2.3911660000000001
Al B
2 2
direct
   0.8150870000000000    0.2544920000000000    0.2685300000000000 Al
   0.4180680000000000    0.6509380000000000    0.4598690000000000 Al
   0.2867430000000000    0.9585540000000000    0.0297150000000000 B
   0.9464220000000000    0.9468760000000001    0.6986730000000000 B
EA125   3.047  3.111  3.202 89.76 90.52 90.00 Sym.group:  129
1.0
   3.0467860000000000   -0.0000550000000000    0.0033390000000000
  -0.0000940000000000    3.1108709999999999   -0.0101860000000000
  -0.0328360000000000    0.0237280000000000    3.2015600000000002
H P
2 2
direct
   0.2426430000000000    0.7489150000000000    0.5106240000000000 H
   0.7460620000000000    0.2478020000000000    0.4908810000000000 H
   0.2442380000000000    0.7486159999999999    0.9688870000000001 P
   0.7444740000000000    0.2483850000000000    0.0326210000000000 P
EA21    2.552  2.552  2.552 60.00 90.00 120.00 Sym.group:  225
1.0
   1.2773699999999999    1.2758929999999999   -1.8042149999999999
  -1.2757680000000000    1.2766130000000000    1.8047700000000000
   1.2766960000000001    1.2750390000000000    1.8053770000000000
F Li
1 1
direct
   0.7466190000000000    0.4931490000000000    0.7566740000000000 F
   0.2466160000000000    0.4931440000000000    0.2566920000000000 Li
EA121   2.396  2.396  7.158 90.00 89.95 120.00 Sym.group:  191
1.0
   2.3963960000000002   -0.0031500000000000    0.0044340000000000
  -1.1953890000000000    2.0769579999999999    0.0003370000000000
  -0.0075610000000000   -0.0050310000000000    7.1579179999999996
F Si
2 2
direct
   0.2383830000000000    0.2455900000000000    0.2484410000000000 F
   0.2359420000000000    0.2482310000000000    0.7484380000000000 F
   0.2369940000000000    0.2440530000000000    0.9984350000000000 Si
   0.2372740000000000    0.2445330000000000    0.4984360000000000 Si
EA457   2.538  4.866  2.529 89.78 90.08 90.74 Sym.group:  131
1.0
   2.5343619999999998   -0.0775900000000000   -0.1045540000000000
   0.0872620000000000    4.8646839999999996    0.0205710000000000
   0.1004480000000000   -0.0026590000000000    2.5265949999999999
N P
2 2
direct
   0.3688340000000000    0.2693370000000000    0.7484910000000000 N
   0.3826040000000000    0.7683140000000001    0.7478790000000000 N
   0.3758940000000000    0.5188230000000000    0.2481900000000000 P
   0.8756720000000000    0.0188370000000000    0.7481139999999999 P
EA23    2.797  2.797  2.797 60.00 120.00 90.00 Sym.group:  225
1.0
   2.7970839999999999   -0.0019080000000000   -0.0005040000000000
   0.0019740000000000    2.7972070000000002    0.0004340000000000
  -1.3971169999999999    1.3991499999999999    1.9785990000000000
O Mg
1 1
direct
   0.6095090000000000    0.4019480000000000    0.1968680000000000 O
   0.1094800000000000    0.9018730000000000    0.1968580000000000 Mg
EA231   4.336  3.143  3.143 90.00 89.99 90.00 Sym.group:  119
1.0
   4.3364339999999997    0.0001780000000000   -0.0005190000000000
  -0.0000800000000000    3.1427200000000002    0.0032470000000000
   0.0009940000000000   -0.0031540000000000    3.1431719999999999
Be S
2 2
direct
   0.1191090000000000    0.0092710000000000    0.2522740000000000 Be
   0.6191480000000000    0.5094050000000000    0.7523470000000000 Be
   0.3691760000000000    0.5092680000000001    0.2524190000000000 S
   0.8691770000000000    0.0093890000000000    0.7523570000000001 S
EA97    4.276  2.469  2.469 119.97 73.24 106.76 Sym.group:  216
1.0
   4.2761579999999997    0.0215250000000000    0.0394400000000000
  -0.7002260000000000    1.2684359999999999   -1.9996860000000001
   0.6871410000000000    1.2016739999999999    2.0448279999999999
N B
2 2
direct
   0.6083840000000000    0.6889510000000000    0.8151490000000000 N
   0.1083840000000000    0.1885460000000000    0.3157960000000000 N
   0.9834430000000000    0.8135540000000000    0.6908970000000000 B
   0.4834420000000000    0.3139750000000000    0.1902190000000000 B
EA104   2.393  7.779  2.394 90.76 62.10 81.30 Sym.group:  166
1.0
   2.3920650000000001    0.0650340000000000    0.0412650000000000
   0.9647100000000000    7.7172099999999997    0.1542300000000000
   1.0897640000000000   -0.2104310000000000    2.1206930000000002
C Cl
2 2
direct
   0.9111640000000000    0.3648850000000000    0.1786930000000000 C
   0.5753700000000000    0.3649480000000000    0.8429700000000000 C
   0.0196780000000000    0.6956360000000000    0.6201170000000000 Cl
   0.4567960000000000    0.0341320000000000    0.3925650000000000 Cl
EA16    2.634  2.632  5.796 77.11 89.87 119.64 Sym.group:  166
1.0
   2.5643349999999998   -0.5950740000000000    0.0862310000000000
  -0.7559740000000000    2.5187360000000001    0.1038400000000000
   0.0878040000000000    1.1436679999999999    5.6817510000000002
Al O
2 2
direct
   0.8713770000000000    0.2547800000000000    0.2520090000000000 Al
   0.3712730000000000    0.2545730000000000    0.7520200000000000 Al
   0.9803200000000000    0.4741660000000000    0.9259300000000000 O
   0.7625100000000000    0.0352760000000000    0.5780880000000000 O
EA149   3.816  3.816  3.815 119.47 119.30 60.57 Sym.group:  166
1.0
   3.8158040000000000    0.0208480000000000   -0.0326990000000000
   1.8569860000000000    3.3334999999999999    0.0002790000000000
  -1.8335300000000001   -1.1268659999999999    3.1495129999999998
F Si
2 2
direct
   0.0133080000000000    0.0040340000000000    0.9902650000000000 F
   0.7500190000000000    0.7423340000000000    0.2529320000000000 F
   0.5726640000000000    0.5633440000000000    0.4307920000000000 Si
   0.1905480000000000    0.1831800000000000    0.8124420000000000 Si
EA9     3.535  3.538  4.372 66.13 113.84 89.99 Sym.group:  141
1.0
   3.5016240000000001    0.4839560000000000   -0.0003920000000000
  -0.4839390000000000    3.5051120000000000    0.0003880000000000
  -1.9923460000000000    1.5102000000000000    3.5864750000000001
Al Si
2 2
direct
   0.7532250000000000    0.7507960000000000    0.4994310000000000 Al
   0.0030600000000000    0.0009340000000000    0.9991090000000000 Al
   0.5033750000000000    0.5006130000000000    0.9997300000000000 Si
   0.2529090000000000    0.2511170000000000    0.4988110000000000 Si
EA9     2.754  2.763  3.898 89.91 90.24 90.00 Sym.group:  225
1.0
   2.7536130000000001    0.0003320000000000    0.0059160000000000
  -0.0002510000000000    2.7629459999999999   -0.0025380000000000
  -0.0248570000000000    0.0096260000000000    3.8976380000000002
H Na
2 2
direct
   0.3749810000000000    0.3733480000000000    0.1248950000000000 H
   0.8862890000000000    0.8732330000000000    0.6259860000000000 H
   0.8751960000000000    0.8737360000000000    0.1259200000000000 Na
   0.3859780000000000    0.3737420000000000    0.6251810000000000 Na
EA5     2.791  2.792  3.569 89.82 89.86 60.04 Sym.group:  187
1.0
   1.4297830000000000    2.3968550000000000   -0.0448400000000000
  -1.3630290000000000    2.4357240000000000   -0.0493280000000000
  -0.0070970000000000    0.0812810000000000    3.5685330000000000
O Li
2 2
direct
   0.3330630000000000    0.0810250000000000    0.5309900000000000 O
   0.3322780000000000    0.0798410000000000    0.9545490000000000 O
   0.9994960000000001    0.7465440000000000    0.7427790000000000 Li
   0.6655300000000000    0.4143290000000000    0.2427620000000000 Li
EA88    2.997  2.995  6.979 90.01 90.09 119.93 Sym.group:  164
1.0
   2.9968309999999998   -0.0235090000000000    0.0037260000000000
  -1.4738770000000001    2.6074269999999999    0.0030110000000000
  -0.0203500000000000   -0.0214480000000000    6.9790400000000004
Cl Mg
2 2
direct
   0.0072470000000000    0.9945030000000000    0.0901720000000000 Cl
   0.3412810000000000    0.6617450000000000    0.7858309999999999 Cl
   0.3416280000000000    0.6614900000000000    0.2944480000000000 Mg
   0.0067290000000000    0.9948920000000000    0.5815460000000000 Mg
EA52    3.213  2.318  2.318 120.00 89.99 90.01 Sym.group:  191
1.0
   3.2133159999999998    0.0024550000000000   -0.0044090000000000
  -0.0041960000000000    1.1843830000000000   -1.9923780000000000
   0.0022070000000000    1.1333370000000000    2.0218630000000002
H Si
1 1
direct
   0.3412390000000000    0.2445300000000000    0.9988190000000000 H
   0.8412180000000000    0.2504320000000000    0.0009270000000000 Si
EA114   2.546  2.586  4.018 108.38 72.25 89.09 Sym.group:  139
1.0
   2.5375939999999999   -0.1679290000000000    0.1117830000000000
   0.2128880000000000    2.5775969999999999   -0.0226080000000000
   0.9802280000000000   -1.3202320000000001    3.6662240000000001
N Li
2 2
direct
   0.1015080000000000    0.9211620000000000    0.8257960000000000 N
   0.9305960000000000    0.0943010000000000    0.1707700000000000 N
   0.6756560000000000    0.3464750000000000    0.6766320000000000 Li
   0.3564550000000000    0.6689889999999999    0.3199300000000000 Li
EA529   2.561  2.559  5.912 77.58 78.10 60.03 Sym.group:  160
1.0
   2.5607280000000001    0.0000380000000000   -0.0246500000000000
   1.2788020000000000    2.2168630000000000    0.0246440000000000
   1.2743110000000000    0.6686330000000000    5.7338550000000001
N P
2 2
direct
   0.9175040000000000    0.6682970000000000    0.0946340000000000 N
   0.4847860000000000    0.2216280000000000    0.4233240000000000 N
   0.2050600000000000    0.9493170000000000    0.2460650000000000 P
   0.3944400000000000    0.1169940000000000    0.7248840000000000 P
EA255   2.808  7.269  2.809 89.99 119.98 90.01 Sym.group:  156
1.0
   1.4083650000000001   -0.0007640000000000    2.4297300000000002
   0.0079270000000000    7.2686140000000004   -0.0038130000000000
  -2.8088030000000002    0.0037370000000000    0.0056440000000000
N Si
3 3
direct
   0.5507530000000000    0.1724370000000000    0.9972450000000000 N
   0.8840190000000000    0.9074050000000000    0.6634409999999999 N
   0.8834540000000000    0.4380670000000000    0.6644550000000000 N
   0.8841000000000000    0.1756560000000000    0.6637750000000000 Si
   0.2167830000000000    0.5436650000000000    0.3309670000000000 Si
   0.5505630000000000    0.8060200000000000    0.9970550000000000 Si
EA234   2.476  6.391  2.456 90.00 60.28 89.97 Sym.group:  164
1.0
   2.4750260000000002   -0.0062980000000000    0.0572400000000000
   0.0189790000000000    6.3906120000000000    0.0264730000000000
   1.1678649999999999   -0.0125390000000000    2.1603850000000002
C S
2 2
direct
   0.5648450000000000    0.5029420000000000    0.8426000000000000 C
   0.2307140000000000    0.4300220000000000    0.5095570000000000 C
   0.2308010000000000    0.1483580000000000    0.5094280000000000 S
   0.5649220000000000    0.7846050000000000    0.8424650000000000 S
EA157   2.807  2.816  4.033 89.95 89.95 90.03 Sym.group:  129
1.0
   2.8074729999999999   -0.0032640000000000   -0.0067820000000000
   0.0018600000000000    2.8159280000000000   -0.0100890000000000
   0.0134650000000000    0.0178050000000000    4.0326240000000002
H Mg
2 2
direct
   0.5009270000000000    0.9999690000000000    0.5022910000000000 H
   0.0013910000000000    0.4996800000000000    0.5002259999999999 H
   0.5010930000000000    0.4997960000000000    0.7722059999999999 Mg
   0.0011210000000000    0.9999340000000000    0.2303930000000000 Mg
EA245   2.766  2.767  3.637 90.04 90.12 61.32 Sym.group:  164
1.0
   2.7660790000000000   -0.0258580000000000   -0.0020680000000000
   1.3504849999999999    2.4147609999999999   -0.0082960000000000
  -0.0049130000000000    0.0122750000000000    3.6371820000000001
B Be
2 2
direct
   0.0054240000000000    0.9968560000000000    0.3645330000000000 B
   0.6704410000000000    0.6611390000000000    0.1543400000000000 B
   0.0075860000000000    0.9983230000000000    0.8967300000000000 Be
   0.6683190000000000    0.6596810000000000    0.6221790000000000 Be
EA83    2.354  2.335  5.556 90.14 102.13 119.49 Sym.group:  166
1.0
   2.3518390000000000   -0.0925950000000000    0.0066780000000000
  -1.0686279999999999    2.0757140000000001    0.0172670000000000
  -1.2107920000000001   -0.6831660000000001    5.3792720000000003
Be F
2 2
direct
   0.4774560000000000    0.3644900000000000    0.3385240000000000 Be
   0.0195150000000000    0.1386650000000000    0.6588619999999999 Be
   0.4619270000000000    0.8595840000000000    0.8206120000000000 F
   0.0351830000000000    0.6438820000000000    0.1767780000000000 F
EA56    2.928  2.929  2.928 90.03 60.02 60.01 Sym.group:  216
1.0
   0.0455560000000000    1.6759340000000000    2.4007429999999998
  -1.4371959999999999    2.5516440000000000    0.0313810000000000
  -1.4453450000000001   -0.8452490000000000    2.4025780000000001
Al N
1 1
direct
   0.6233730000000000    0.5289710000000000    0.0214460000000000 Al
   0.1234450000000000    0.2789120000000000    0.2714300000000000 N
EA114   4.141  4.141  4.162 60.89 119.12 88.62 Sym.group:  141
1.0
   2.0541250000000000    3.5947680000000002    0.0624260000000000
  -2.0546489999999999    1.2305200000000001    3.3777879999999998
   0.0434070000000000   -2.4165770000000002    3.3888379999999998
Al Na
2 2
direct
   0.6281440000000000    0.2378450000000000    0.7580070000000000 Al
   0.3775850000000000    0.9872760000000000    0.2580290000000000 Al
   0.1281480000000000    0.7376060000000000    0.7579740000000000 Na
   0.8776800000000000    0.4874720000000000    0.2579760000000000 Na
EA119   2.508  2.508  4.329 89.99 89.99 60.01 Sym.group:  194
1.0
   1.2588120000000000   -2.1691220000000002    0.0047060000000000
   2.5082770000000001    0.0059160000000000    0.0021060000000000
  -0.0031460000000000    0.0062900000000000    4.3290970000000000
F Li
2 2
direct
   0.6648380000000000    0.6648790000000000    0.2534100000000000 F
   0.3314310000000000    0.3318450000000000    0.7534090000000000 F
   0.9980000000000000    0.9984980000000000    0.0034320000000000 Li
   0.9983980000000000    0.9984620000000000    0.5034570000000000 Li
EA10    2.564  5.886  2.618 90.00 90.00 90.00 Sym.group:  123
1.0
   2.5467900000000001    0.2942280000000000   -0.0141000000000000
  -0.6755030000000000    5.8468320000000000    0.0418430000000000
   0.0165320000000000   -0.0169070000000000    2.6176940000000002
Al Li
2 2
direct
   0.7493430000000000    0.1230640000000000    0.2620230000000000 Al
   0.7493700000000000    0.6230850000000000    0.2621960000000000 Al
   0.2494330000000000    0.3732320000000000    0.7621880000000000 Li
   0.2493380000000000    0.8728780000000000    0.7620720000000000 Li
