NUMBER OF TEMPLATES 19
COMPOSITION A 1 B
pairs , SPACEGROUPS 
[C Cl] , 166 
[Mg P] , 123 
[B Be] , 164 
[Be Cl] , 166 
[H P] , 129 
[C H] , 164 
[F P] , 129 
[B Li] , 166 
[B C] , 139 
[Mg S] , 225 
[Al N] , 186 
[C Si] , 216 
[B N] , 216 
[Li Na] , 187 
[Cl Mg] , 164 
[F Si] , 191 
[Li O] , 187 
[Cl P] , 129 
[Be S] , 119 
RANKING VECTORS ENTHALPIES
0:[-301.09194934 -300.87918812 -300.87809849 -300.87799018 -300.76907298 -300.07211295 -300.07147438 -300.06569125 -298.88756204 -298.87096138 -298.68015152 -298.66789471 -298.61728611 -298.58333953 -298.57306794 -298.43785892 -298.40602255 -297.69420137 -297.64020078] 
1:[-897.77835891 -897.64911297 -897.59961263 -897.59605133 -897.59388137 -897.57666688 -897.56893913 -897.45442849 -897.44324545 -897.37148769 -897.29808062 -897.23017802 -896.90413338 -896.82457693 -896.81936492 -896.55177455 -896.46410411 -895.92982137 -895.92104097] 
2:[-227.62667475 -227.62578313 -227.51354713 -227.41131342 -227.2624992 -227.25808246 -227.25630361 -227.16264217 -227.15899068 -227.14388359 -227.05214673 -226.86725877 -226.7633474  -226.66253471 -226.48367604 -226.42547649 -226.27826522 -225.35365914 -225.33693507] 
3:[-409.43437692 -409.41838657 -409.25884211 -409.25746111 -409.02352885 -408.94877887 -408.94556073 -408.87780539 -408.87423243 -408.86025657 -408.83129902 -408.82413798 -408.77254068 -408.53162174 -408.44068439 -408.43435941 -408.36453696 -408.29201159 -407.98263574] 
4:[-99.27956435 -99.19272625 -99.1824063  -99.17630417 -99.08446058 -99.03951299 -98.98961033 -98.97913579 -98.9418078  -98.88606809 -98.88556027 -98.88475757 -98.8737693  -98.85719552 -98.8147509 -98.78718164 -98.70939387 -98.55664474 -98.53778524] 
5:[-88.37504288 -88.36963553 -88.3605551  -88.35997309 -88.2851077 -87.48268848 -87.48257523 -87.48199149 -86.98828392 -86.63578713 -86.59108109 -86.26307744 -85.88137277 -85.83177494 -85.81342776 -85.78716924 -85.71809611 -85.69717286 -85.66179662] 
6:[-426.17365683 -426.17108159 -426.06618491 -426.06556743 -426.06510903 -425.8412401  -425.74881625 -425.4654731  -425.45112492 -425.44955238 -425.44569236 -425.43427816 -425.38615031 -424.84484463 -424.44885996 -424.39546909 -423.97931778 -423.43101414 -423.43026926] 
7:[-135.90444801 -135.8643729  -135.86147907 -135.32647913 -135.22825634 -135.17110662 -135.16272687 -135.08216076 -135.03529021 -134.93986762 -134.92328817 -134.91820684 -134.6282714  -134.50241079 -133.94134114 -133.92906949 -133.37284185 -132.64263239 -132.60620206] 
8:[-119.79770711 -119.74656643 -119.65513992 -119.47881638 -119.47867246 -119.46915752 -119.46474246 -119.43508445 -119.38636821 -119.38296134 -118.87596673 -118.86908312 -118.80093189 -118.62114238 -118.35111581 -118.33933762 -118.3286469  -118.14026141 -117.24333305] 
9:[-954.7470586  -954.74651717 -954.74457196 -954.73473844 -954.36027827 -954.35587936 -954.25153709 -954.16805306 -953.95650729 -953.95556979 -953.95299992 -953.63408109 -953.63352304 -953.51833992 -953.48408783 -953.46748682 -953.16149827 -952.92451499 -952.69444405] 
10:[-171.4231052  -171.42212305 -171.42146896 -171.41165553 -171.07509916 -171.07486113 -171.00363316 -170.97395664 -170.9733948  -170.97322321 -170.74504782 -170.61288326 -170.38172131 -169.8817596  -169.84150177 -169.83298724 -169.76833939 -168.31054515 -168.02215968] 
11:[-136.68517466 -136.68220471 -136.68092235 -136.6800797  -136.53312758 -136.48001143 -136.44886757 -136.33530591 -136.33410148 -136.20265074 -135.88949666 -135.84058938 -135.78941344 -135.15262836 -135.03494267 -135.01888612 -135.0007175  -134.87967761 -134.63074505] 
12:[-180.52731906 -180.52723124 -180.52552052 -180.50572557 -180.09360002 -180.08898087 -180.00169864 -179.99776052 -179.75454064 -178.9029461 -178.8766196  -178.72382083 -178.05780803 -178.02781565 -177.80755167 -177.79686526 -177.79386708 -177.57646574 -176.76132423] 
13:[-714.8925703  -714.89104481 -714.88975234 -714.8870512  -714.87995155 -714.87779571 -714.87743676 -714.87575219 -714.87172554 -714.86019018 -714.82273264 -714.81996624 -714.78968875 -714.77449631 -714.75114669 -714.68519317 -714.51517341 -714.27392308 -714.27326381] 
14:[-1026.85454699 -1026.85441373 -1026.84991217 -1026.7844991 -1026.78153913 -1026.77907424 -1026.77799209 -1026.69837038 -1026.68439181 -1026.30778578 -1026.22636523 -1026.07535601 -1025.88195229 -1025.76319489 -1025.74611604 -1025.50371683 -1025.50206188 -1025.4887595  -1025.03222879] 
15:[-389.87894334 -389.68329541 -389.65998013 -389.65997448 -389.65707441 -389.64959387 -389.60509392 -389.51092824 -389.42216925 -389.3585022 -389.35849821 -389.28610244 -389.02184414 -388.65046586 -388.36043029 -388.08456716 -387.90522225 -387.41782844 -387.41009686] 
16:[-321.00429075 -320.78639774 -320.78310441 -320.73655012 -320.66858968 -320.60943827 -320.60501066 -320.59418468 -320.57783857 -320.57712609 -320.57374444 -320.27540085 -320.27378945 -320.27343937 -320.27336064 -320.14485277 -319.89202835 -319.88884823 -319.56015171] 
17:[-312.45662642 -312.45643357 -312.45639419 -312.41605719 -312.25821812 -312.25804307 -312.21986671 -312.21920748 -312.06801194 -312.02519808 -311.83932225 -311.74052606 -311.55587166 -311.45422739 -311.25634337 -310.53479827 -310.45861514 -309.88578231 -309.86795122] 
18:[-337.14753937 -337.14667518 -337.14530887 -337.13669346 -337.08214636 -337.04393497 -337.02429451 -337.02351594 -336.5996438  -336.57174624 -336.56965965 -336.53763136 -336.21631858 -336.0910905  -336.08562305 -335.84089542 -335.83923593 -335.83405085 -335.81280788] 
RANKING VECTORS IDX
0:[ 3.  5.  2. 14.  0. 17.  6.  4.  8.  9. 16. 15.  7. 18. 13.  1. 10. 12. 11.] 
1:[ 1. 16.  4. 17.  6. 18. 13.  9.  7.  3. 14.  0.  5. 15.  2. 10.  8. 11. 12.] 
2:[ 2.  5.  0.  1.  6. 17.  4.  3.  7. 13. 14. 16.  8. 18. 15. 10.  9. 11. 12.] 
3:[ 0.  3.  2. 14. 16. 18. 13.  6. 17.  5.  1. 10.  9.  8. 11. 12. 15.  7.  4.] 
4:[17.  7.  4.  6. 10. 15.  1.  8.  3.  5.  2. 14. 13.  0. 18. 16.  9. 12. 11.] 
5:[ 5.  2. 14.  3.  0.  4.  6. 17.  7. 15.  8.  1. 16. 18. 10. 13. 11. 12.  9.] 
6:[ 0.  7.  4.  6. 17. 10. 15. 14.  1.  3.  2. 13.  5. 18. 16.  8.  9. 11. 12.] 
7:[ 3.  7.  0.  1.  4.  6. 17. 13. 18. 14.  5.  2.  8. 15. 16.  9. 10. 12. 11.] 
8:[ 8.  0.  5. 11. 18. 10. 12.  3.  2. 14. 17.  6.  9.  7. 13. 16.  4. 15.  1.] 
9:[17.  4.  6.  9. 16. 13.  1. 18. 10.  2.  5. 12. 11.  0.  3.  7. 14.  8. 15.] 
10:[ 6. 17.  4.  9.  2. 14. 10. 12. 18. 11. 16. 13.  0.  8.  3.  7.  1.  5. 15.] 
11:[12. 10. 18. 11.  6.  9. 16. 14.  2.  5.  3.  0. 13. 17.  7.  1.  8. 15.  4.] 
12:[18. 12. 11. 10. 14.  2.  3.  7.  0.  9.  8.  4. 16. 13. 17.  6.  5. 15.  1.] 
13:[17.  4. 14.  5.  2.  3.  6.  1. 13. 16.  7. 10. 15. 18.  9.  0.  8. 12. 11.] 
14:[ 4. 17.  6.  7.  3.  2. 14. 13.  1. 10.  9. 16.  0. 15.  5. 18. 12. 11.  8.] 
15:[15. 10.  4.  6. 17.  0.  7. 14.  3.  2.  5. 13.  1. 18.  8. 16.  9. 11. 12.] 
16:[16.  0.  1. 18.  3. 13.  9.  8.  6. 17.  4. 14. 10.  2.  5.  7. 12. 11. 15.] 
17:[ 6. 17.  4.  3.  2. 14.  0.  7. 15. 13.  1.  5. 18. 16.  9.  8. 10. 11. 12.] 
18:[12. 18. 11. 10. 17.  9.  2. 14. 13. 16.  3.  8.  1.  5.  0.  6. 15.  4.  7.] 
POSCARS
EA104   2.393  7.779  2.394 90.76 62.10 81.30 Sym.group:  166
1.0
   2.3920650000000001    0.0650340000000000    0.0412650000000000
   0.9647100000000000    7.7172099999999997    0.1542300000000000
   1.0897640000000000   -0.2104310000000000    2.1206930000000002
C Cl
2 2
direct
   0.9111640000000000    0.3648850000000000    0.1786930000000000 C
   0.5753700000000000    0.3649480000000000    0.8429700000000000 C
   0.0196780000000000    0.6956360000000000    0.6201170000000000 Cl
   0.4567960000000000    0.0341320000000000    0.3925650000000000 Cl
EA54    2.761  3.165  2.761 90.01 90.06 90.05 Sym.group:  123
1.0
   2.7611260000000000   -0.0058660000000000    0.0104370000000000
   0.0041570000000000    3.1652330000000002   -0.0010700000000000
  -0.0132800000000000    0.0004560000000000    2.7611740000000000
Mg P
1 1
direct
   0.4719270000000000    0.5237270000000001    0.5175190000000000 Mg
   0.9723230000000000    0.0236670000000000    0.0171820000000000 P
EA245   2.766  2.767  3.637 90.04 90.12 61.32 Sym.group:  164
1.0
   2.7660790000000000   -0.0258580000000000   -0.0020680000000000
   1.3504849999999999    2.4147609999999999   -0.0082960000000000
  -0.0049130000000000    0.0122750000000000    3.6371820000000001
B Be
2 2
direct
   0.0054240000000000    0.9968560000000000    0.3645330000000000 B
   0.6704410000000000    0.6611390000000000    0.1543400000000000 B
   0.0075860000000000    0.9983230000000000    0.8967300000000000 Be
   0.6683190000000000    0.6596810000000000    0.6221790000000000 Be
EA275   2.813  2.813  6.299 89.87 102.79 60.12 Sym.group:  166
1.0
   1.4122960000000000    2.4327350000000001    0.0061990000000000
  -1.4056450000000000    2.4363750000000000    0.0073130000000000
  -1.4058700000000000   -0.8123250000000000    6.0864279999999997
Be Cl
2 2
direct
   0.0196630000000000    0.5948790000000000    0.4055390000000000 Be
   0.5253679999999999    0.8440730000000000    0.6624949999999999 Be
   0.9806180000000000    0.1164900000000000    0.8455670000000000 Cl
   0.5644380000000000    0.3224570000000000    0.2224670000000000 Cl
EA125   3.047  3.111  3.202 89.76 90.52 90.00 Sym.group:  129
1.0
   3.0467860000000000   -0.0000550000000000    0.0033390000000000
  -0.0000940000000000    3.1108709999999999   -0.0101860000000000
  -0.0328360000000000    0.0237280000000000    3.2015600000000002
H P
2 2
direct
   0.2426430000000000    0.7489150000000000    0.5106240000000000 H
   0.7460620000000000    0.2478020000000000    0.4908810000000000 H
   0.2442380000000000    0.7486159999999999    0.9688870000000001 P
   0.7444740000000000    0.2483850000000000    0.0326210000000000 P
EA54    2.431  2.432  3.419 89.93 89.92 60.01 Sym.group:  164
1.0
   2.4311050000000001   -0.0018390000000000   -0.0004700000000000
   1.2170589999999999    2.1050010000000001   -0.0004580000000000
   0.0054850000000000    0.0025470000000000    3.4190719999999999
C H
2 2
direct
   0.3421560000000000    0.8341480000000000    0.8283880000000000 C
   0.6756470000000000    0.1676600000000000    0.6961030000000000 C
   0.6762980000000000    0.1681510000000000    0.3806000000000000 H
   0.3415220000000000    0.8336330000000000    0.1438910000000000 H
EA351   3.101  4.005  3.168 89.75 90.00 89.84 Sym.group:  129
1.0
   3.1013400000000000   -0.0014890000000000    0.0003730000000000
   0.0128550000000000    4.0047420000000002   -0.0016520000000000
  -0.0004820000000000    0.0152050000000000    3.1680720000000000
F P
2 2
direct
   0.7378749999999999    0.9171750000000000    0.2530480000000000 F
   0.2378290000000000    0.0927400000000000    0.7519990000000000 F
   0.7508330000000000    0.5162980000000000    0.2485800000000000 P
   0.2511700000000000    0.4936080000000000    0.7513919999999999 P
EA7     2.948  2.944  3.616 89.99 66.16 60.06 Sym.group:  166
1.0
   1.4841850000000001    2.5475240000000001    0.0100190000000000
  -1.4640850000000001    2.5535790000000000   -0.0250440000000000
   1.4244509999999999    0.8490500000000000    3.2129509999999999
B Li
2 2
direct
   0.8114250000000000    0.0247860000000000    0.4788280000000000 B
   0.4544910000000000    0.7026990000000000    0.5085790000000000 B
   0.3658470000000000    0.2473590000000000    0.1431600000000000 Li
   0.9000990000000000    0.4801040000000000    0.8442120000000000 Li
EA1     3.706  2.687  2.687 89.98 68.77 111.23 Sym.group:  139
1.0
   3.7063630000000001   -0.0127100000000000    0.0119180000000000
  -0.9640260000000000    2.5075820000000002   -0.0154630000000000
   0.9661270000000000    0.3877260000000000    2.4767039999999998
C B
2 2
direct
   0.2250170000000000    0.1202560000000000    0.8870150000000000 C
   0.7720690000000000    0.8942380000000000    0.1136900000000000 C
   0.4985170000000000    0.2574860000000000    0.2503560000000000 B
   0.4985700000000000    0.7570080000000000    0.7503500000000000 B
EA161   4.663  3.307  3.307 90.00 90.00 90.00 Sym.group:  225
1.0
   4.6632980000000002   -0.0034580000000000    0.0014890000000000
   0.0022380000000000    3.3066650000000002   -0.0021100000000000
  -0.0009630000000000    0.0023220000000000    3.3070949999999999
Mg S
2 2
direct
   0.1267730000000000    0.7812550000000000    0.7745649999999999 Mg
   0.6280880000000000    0.2806070000000000    0.2750160000000000 Mg
   0.1280070000000000    0.2813220000000000    0.2745110000000000 S
   0.6270160000000000    0.7806980000000000    0.7749300000000000 S
EA307   2.968  2.968  4.637 90.00 90.00 60.00 Sym.group:  186
1.0
   2.9680460000000002    0.0000440000000000    0.0000690000000000
   1.4838750000000001    2.5703659999999999   -0.0000850000000000
  -0.0001050000000000    0.0002080000000000    4.6365189999999998
Al N
2 2
direct
   0.3404440000000000    0.3333520000000000    0.1944030000000000 Al
   0.6736060000000000    0.6667860000000000    0.6944030000000000 Al
   0.6737930000000000    0.6666800000000001    0.3048440000000000 N
   0.3402560000000000    0.3334590000000000    0.8048440000000000 N
EA157   2.927  2.927  5.064 106.78 73.22 119.98 Sym.group:  216
1.0
   2.9268130000000001   -0.0061000000000000    0.0118420000000000
  -1.4573590000000001    2.5381730000000000   -0.0117750000000000
   1.4405770000000000   -0.8361280000000000    4.7824660000000003
C Si
2 2
direct
   0.1811680000000000    0.8183610000000000    0.1865780000000000 C
   0.6810480000000000    0.3187240000000000    0.6865980000000000 C
   0.8062030000000000    0.1933240000000000    0.3113380000000000 Si
   0.3060940000000000    0.6936730000000000    0.8113290000000000 Si
EA97    4.276  2.469  2.469 119.97 73.24 106.76 Sym.group:  216
1.0
   4.2761579999999997    0.0215250000000000    0.0394400000000000
  -0.7002260000000000    1.2684359999999999   -1.9996860000000001
   0.6871410000000000    1.2016739999999999    2.0448279999999999
N B
2 2
direct
   0.6083840000000000    0.6889510000000000    0.8151490000000000 N
   0.1083840000000000    0.1885460000000000    0.3157960000000000 N
   0.9834430000000000    0.8135540000000000    0.6908970000000000 B
   0.4834420000000000    0.3139750000000000    0.1902190000000000 B
EA123   2.535  2.527  3.977 89.99 90.07 119.86 Sym.group:  187
1.0
   2.5352350000000001   -0.0039460000000000    0.0074930000000000
  -1.2548630000000001    2.1937220000000002   -0.0008400000000000
  -0.0165430000000000   -0.0073010000000000    3.9769760000000001
Na Li
1 1
direct
   0.6553780000000000    0.8328730000000000    0.9985810000000001 Na
   0.3173680000000000    0.1660210000000000    0.4986180000000000 Li
EA88    2.997  2.995  6.979 90.01 90.09 119.93 Sym.group:  164
1.0
   2.9968309999999998   -0.0235090000000000    0.0037260000000000
  -1.4738770000000001    2.6074269999999999    0.0030110000000000
  -0.0203500000000000   -0.0214480000000000    6.9790400000000004
Cl Mg
2 2
direct
   0.0072470000000000    0.9945030000000000    0.0901720000000000 Cl
   0.3412810000000000    0.6617450000000000    0.7858309999999999 Cl
   0.3416280000000000    0.6614900000000000    0.2944480000000000 Mg
   0.0067290000000000    0.9948920000000000    0.5815460000000000 Mg
EA121   2.396  2.396  7.158 90.00 89.95 120.00 Sym.group:  191
1.0
   2.3963960000000002   -0.0031500000000000    0.0044340000000000
  -1.1953890000000000    2.0769579999999999    0.0003370000000000
  -0.0075610000000000   -0.0050310000000000    7.1579179999999996
F Si
2 2
direct
   0.2383830000000000    0.2455900000000000    0.2484410000000000 F
   0.2359420000000000    0.2482310000000000    0.7484380000000000 F
   0.2369940000000000    0.2440530000000000    0.9984350000000000 Si
   0.2372740000000000    0.2445330000000000    0.4984360000000000 Si
EA5     2.791  2.792  3.569 89.82 89.86 60.04 Sym.group:  187
1.0
   1.4297830000000000    2.3968550000000000   -0.0448400000000000
  -1.3630290000000000    2.4357240000000000   -0.0493280000000000
  -0.0070970000000000    0.0812810000000000    3.5685330000000000
O Li
2 2
direct
   0.3330630000000000    0.0810250000000000    0.5309900000000000 O
   0.3322780000000000    0.0798410000000000    0.9545490000000000 O
   0.9994960000000001    0.7465440000000000    0.7427790000000000 Li
   0.6655300000000000    0.4143290000000000    0.2427620000000000 Li
EA123   5.647  3.102  3.101 90.00 90.03 90.01 Sym.group:  129
1.0
   5.6474359999999999   -0.0058580000000000    0.0235360000000000
   0.0028310000000000    3.1019470000000000   -0.0016190000000000
  -0.0143380000000000    0.0016730000000000    3.1010089999999999
Cl P
2 2
direct
   0.0491200000000000    0.8893030000000000    0.6548640000000000 Cl
   0.3445530000000000    0.3894800000000000    0.1569170000000000 Cl
   0.6991170000000000    0.8893890000000000    0.6615680000000000 P
   0.6945690000000000    0.3892620000000000    0.1612970000000000 P
EA231   4.336  3.143  3.143 90.00 89.99 90.00 Sym.group:  119
1.0
   4.3364339999999997    0.0001780000000000   -0.0005190000000000
  -0.0000800000000000    3.1427200000000002    0.0032470000000000
   0.0009940000000000   -0.0031540000000000    3.1431719999999999
Be S
2 2
direct
   0.1191090000000000    0.0092710000000000    0.2522740000000000 Be
   0.6191480000000000    0.5094050000000000    0.7523470000000000 Be
   0.3691760000000000    0.5092680000000001    0.2524190000000000 S
   0.8691770000000000    0.0093890000000000    0.7523570000000001 S
