NUMBER OF TEMPLATES 25
COMPOSITION A 1 B
pairs , SPACEGROUPS 
[C Cl] , 166 
[Al F] , 191 
[B S] , 166 
[Li N] , 139 
[H Si] , 123 
[Li Si] , 123 
[F Si] , 191 
[Al Mg] , 123 
[C F] , 164 
[Be O] , 186 
[Mg Na] , 123 
[C P] , 164 
[Li Na] , 187 
[Cl P] , 129 
[C Si] , 216 
[Li Na] , 194 
[Be F] , 119 
[C Si] , 186 
[Be O] , 216 
[Cl Li] , 225 
[Be S] , 119 
[Cl Li] , 194 
[Al O] , 166 
[Li Na] , 123 
[F Na] , 225 
RANKING VECTORS ENTHALPIES
0:[-300.92843438 -300.87913862 -300.8719584  -300.07211295 -299.63548633 -299.62148932 -299.24978961 -298.90433887 -298.90429608 -298.69120419 -298.66789471 -298.66589092 -298.62813421 -298.61505876 -298.58333953 -298.57306794 -298.48550985 -298.43642786 -298.43569097 -298.433018 -298.43178564 -298.4104085  -298.40945831 -297.69415638 -297.64020078] 
1:[-364.23843142 -364.23802846 -364.15838393 -364.07916658 -364.06796505 -364.05255801 -364.04989189 -364.0158293  -363.94196606 -363.93847329 -363.87154709 -363.84265485 -363.80213565 -363.77150188 -363.60987079 -363.59484559 -363.17428473 -363.17384684 -363.17311791 -363.17284883 -362.80480181 -362.80199396 -362.7979265  -362.64261487 -362.64261114] 
2:[-186.94242881 -186.56395446 -186.52295534 -186.49152024 -186.40838178 -186.39893709 -186.39893709 -186.37813809 -186.37621095 -186.36965879 -186.36164171 -186.31338665 -186.26881023 -186.21854121 -186.19679911 -186.11047627 -186.06596202 -185.939378   -185.77683893 -185.77673815 -185.73017732 -185.46596612 -185.46595594 -185.4542853  -184.93106   ] 
3:[-237.17184506 -236.66811787 -236.58110628 -236.47934971 -236.45560377 -236.45558449 -236.45557977 -236.45418745 -236.20612867 -236.16151049 -236.15663683 -236.15367043 -235.91421348 -235.72951147 -235.68836314 -235.68835024 -235.57581643 -235.54608046 -235.42235793 -235.38480941 -235.3800719  -235.27048599 -235.27041153 -234.76238336 -234.7476656 ] 
4:[-62.49708792 -62.47578354 -62.47427056 -62.46457179 -62.42732457 -62.42522766 -62.42504293 -62.40455529 -62.39428638 -62.38901819 -62.37580848 -62.3541385  -62.35315401 -62.34789948 -62.33060056 -62.32081153 -62.29963562 -62.29962313 -62.29454634 -62.28562943 -62.26910646 -62.25825311 -62.24674419 -62.13917078 -62.08510958] 
5:[-152.2589093  -152.25554842 -152.25551935 -152.24322418 -152.07608997 -152.06178694 -152.03053615 -152.01744418 -151.98085127 -151.9410421 -151.80863626 -151.68176826 -151.57226785 -151.50963107 -151.44615478 -151.43104426 -151.40983454 -151.39403853 -151.30235439 -151.15986495 -151.15986313 -150.59913884 -150.59815298 -149.70147916 -149.66731488] 
6:[-389.87894334 -389.87885476 -389.70987232 -389.70409577 -389.68217254 -389.67950546 -389.65707441 -389.65454864 -389.51177616 -389.50495608 -389.43281752 -389.3618475  -389.3104571  -389.29774113 -389.28610244 -389.02049408 -389.01855004 -389.01842485 -389.01841396 -388.99614382 -388.65046586 -387.90505896 -387.90505878 -387.41782844 -387.40711201] 
7:[-834.5719636  -834.57054116 -834.56563543 -834.56259031 -834.52753452 -834.51918725 -834.50292097 -834.47411788 -834.40332921 -834.24648601 -834.2461636  -834.20035231 -834.15125546 -834.11093051 -833.90019974 -833.90000103 -833.84375057 -833.66475338 -833.51424204 -833.4874847 -833.48738307 -832.4345404  -832.43051677 -831.65479775 -831.63293907] 
8:[-414.63689335 -413.73408083 -413.6098896  -413.53262398 -413.44504688 -412.98629188 -412.6864538  -412.68224282 -412.20609888 -412.11494111 -412.07720475 -412.07403349 -412.05723822 -411.87125345 -411.68287878 -411.67172404 -411.66773732 -411.66768068 -411.48894935 -411.4813063 -411.43184028 -410.82612211 -410.82612094 -410.15539372 -410.15466992] 
9:[-414.37251679 -414.37249339 -414.36964902 -414.36836253 -414.36681629 -414.18438958 -414.14660901 -414.14317887 -414.14298168 -414.07774786 -414.04021279 -413.96233908 -413.76632896 -413.6939492  -413.61565754 -413.58734613 -413.37779012 -412.77945335 -412.7794324  -412.77943144 -412.77941737 -412.64073069 -412.38958706 -412.3885482  -412.23375115] 
10:[-1423.8843263  -1423.87588661 -1423.87332009 -1423.87079228 -1423.86204159 -1423.84550272 -1423.82009988 -1423.81338026 -1423.79242053 -1423.78682871 -1423.78510082 -1423.78462658 -1423.78333203 -1423.78284391 -1423.78108987 -1423.72963463 -1423.72768126 -1423.72764096 -1423.55776562 -1423.44195233 -1423.40987571 -1423.26287122 -1423.26283972 -1421.9991804 -1421.98873626] 
11:[-172.81377203 -172.6253521  -172.52949818 -172.41373787 -172.39125899 -172.35015304 -172.34725275 -172.31731302 -172.31729582 -172.31729582 -172.30518643 -172.28817856 -172.17204067 -172.09398246 -172.06049105 -171.98377444 -171.55192582 -171.54127246 -171.54090371 -171.48112473 -171.41509543 -171.18030443 -171.17985304 -171.1769827  -171.17162343] 
12:[-714.8925703  -714.88009087 -714.87634595 -714.8754269  -714.87405071 -714.87365671 -714.87339391 -714.87307607 -714.87287087 -714.87172554 -714.85238013 -714.84262143 -714.83496935 -714.83129637 -714.82158553 -714.7918539  -714.78968875 -714.77449631 -714.77169443 -714.75847884 -714.73967956 -714.73962391 -714.72836257 -714.27326381 -714.27110735] 
13:[-312.45643357 -312.29884409 -312.27165575 -312.22169829 -312.21920675 -312.06801194 -312.06792414 -312.03324462 -312.02519808 -312.02489664 -312.02472325 -312.02332796 -312.0130371  -311.92824133 -311.85256964 -311.84734964 -311.84554943 -311.84554241 -311.79980921 -311.55587166 -311.26898985 -311.26865442 -310.41907151 -309.88578231 -309.86781886] 
14:[-136.68262435 -136.68241462 -136.68092235 -136.68022208 -136.6800797 -136.51357499 -136.51357072 -136.44705431 -136.20272975 -136.0065814 -135.93795667 -135.92134817 -135.82266614 -135.78941344 -135.63722325 -135.22115035 -135.15262836 -135.03347089 -135.03299031 -135.01345681 -135.00759032 -134.87967761 -134.87945094 -134.72063792 -134.62239783] 
15:[-714.8925703  -714.88009087 -714.87634595 -714.8754269  -714.87405071 -714.87365671 -714.87339391 -714.87307607 -714.87287087 -714.87172554 -714.85238013 -714.84262143 -714.83496935 -714.83129637 -714.82158553 -714.7918539  -714.78968875 -714.77449631 -714.77169443 -714.75847884 -714.73967956 -714.73962391 -714.72836257 -714.27326381 -714.27110735] 
16:[-523.51373838 -523.44045663 -523.38795569 -523.33215738 -523.29354578 -523.00899424 -522.60889136 -522.58376043 -522.58260701 -522.57375575 -522.57281243 -522.56408696 -522.41139788 -522.32280766 -522.26951682 -522.23565694 -522.16312619 -522.15806448 -522.15459064 -521.86842404 -521.86842376 -521.764327   -521.76428821 -521.76378242 -521.76366983] 
17:[-136.68262435 -136.68241462 -136.68092235 -136.68022208 -136.6800797 -136.51357499 -136.51357072 -136.44705431 -136.20272975 -136.0065814 -135.93795667 -135.92134817 -135.82266614 -135.78941344 -135.63722325 -135.22115035 -135.15262836 -135.03347089 -135.03299031 -135.01345681 -135.00759032 -134.87967761 -134.87945094 -134.72063792 -134.62239783] 
18:[-414.37251679 -414.37249339 -414.36964902 -414.36836253 -414.36681629 -414.18438958 -414.14660901 -414.14317887 -414.14298168 -414.07774786 -414.04021279 -413.96233908 -413.76632896 -413.6939492  -413.61565754 -413.58734613 -413.37779012 -412.77945335 -412.7794324  -412.77943144 -412.77941737 -412.64073069 -412.38958706 -412.3885482  -412.23375115] 
19:[-318.9695247  -318.96859921 -318.96859741 -318.95764585 -318.69473519 -318.69227159 -318.64215554 -318.55961617 -318.54488434 -318.54435951 -318.54429979 -318.54347627 -318.54346103 -318.46507089 -318.4650621 -318.35412917 -318.35405491 -318.25199865 -318.15489032 -318.10928282 -317.66950454 -317.16404592 -317.16401719 -316.87616883 -316.77349897] 
20:[-337.14709277 -337.14667518 -337.14530887 -337.13767332 -337.13729757 -337.12898457 -337.08214636 -337.06341099 -337.06339698 -337.03864745 -337.02653756 -336.66981769 -336.62894332 -336.5996438  -336.58539443 -336.51623738 -336.48490473 -336.25671849 -336.22370177 -336.2048109 -336.20080452 -336.1975026  -335.86221465 -335.83923593 -335.83906444] 
21:[-318.9695247  -318.96859921 -318.96859741 -318.95764585 -318.69473519 -318.69227159 -318.64215554 -318.55961617 -318.54488434 -318.54435951 -318.54429979 -318.54347627 -318.54346103 -318.46507089 -318.4650621 -318.35412917 -318.35405491 -318.25199865 -318.15489032 -318.10928282 -317.66950454 -317.16404592 -317.16401719 -316.87616883 -316.77349897] 
22:[-254.87313889 -254.43340894 -254.37325385 -254.30300746 -254.23488596 -253.9955831  -253.92869809 -253.92652194 -253.88760722 -253.88287803 -253.87746401 -253.87489188 -253.84392321 -253.78910371 -253.66438809 -253.4617     -253.46165472 -253.11211232 -253.10991556 -253.10547149 -253.09749419 -252.91576483 -252.9152524  -252.68346499 -251.66605852] 
23:[-714.8925703  -714.88009087 -714.87634595 -714.8754269  -714.87405071 -714.87365671 -714.87339391 -714.87307607 -714.87287087 -714.87172554 -714.85238013 -714.84262143 -714.83496935 -714.83129637 -714.82158553 -714.7918539  -714.78968875 -714.77449631 -714.77169443 -714.75847884 -714.73967956 -714.73962391 -714.72836257 -714.27326381 -714.27110735] 
24:[-955.56031996 -955.56029628 -955.55859969 -955.55681194 -955.55605256 -955.45453305 -955.45340743 -955.45327696 -955.40742886 -955.38336686 -955.35885908 -955.19993619 -955.16122218 -954.90519141 -954.90496005 -954.90386509 -954.85199837 -954.81095195 -954.6486843  -954.59191703 -954.59191618 -954.55595314 -953.78915519 -953.78910169 -953.65457582] 
RANKING VECTORS IDX
0:[ 0.  8. 11. 13. 16.  3.  2. 24. 19. 15.  6.  1. 21. 22. 20. 12.  4.  7. 10. 23.  5.  9. 17. 18. 14.] 
1:[ 6.  1.  0. 16. 11.  9. 17. 22.  2. 13. 12. 15.  4. 21.  3.  8. 23. 10.  7.  5. 14. 20. 18. 24. 19.] 
2:[ 2.  0. 20. 13.  8. 19. 24. 11. 17.  9.  3. 14. 18. 15. 21. 16. 12. 22.  6.  1.  4.  7. 10.  5. 23.] 
3:[ 3. 11.  0. 16. 10.  5.  7. 23. 21. 12. 15. 20. 13.  8. 24. 19.  2. 22.  4. 17.  9.  6.  1. 18. 14.] 
4:[16.  6.  1.  3. 12. 13.  8.  0. 24. 15.  2.  9. 17. 21. 19. 20. 10.  7.  5. 23.  4. 11. 22. 14. 18.] 
5:[23.  7. 10.  5. 12. 15. 21. 13.  3.  0. 11.  2. 16. 20. 22.  8.  6.  1.  4. 24. 19.  9. 17. 14. 18.] 
6:[ 6.  1.  8. 16. 17.  9. 13.  4.  0. 22.  2. 11. 15. 21. 12.  5. 23.  7. 10.  3. 20. 24. 19. 14. 18.] 
7:[23.  5.  7. 10. 12. 15.  0. 13. 11.  2. 16.  8.  3. 22.  6.  1. 20. 21.  4. 24. 19.  9. 17. 14. 18.] 
8:[ 8. 13.  3.  0. 11. 21. 17.  9.  4. 22.  6.  1. 16.  2.  5. 10. 23.  7. 12. 15. 20. 24. 19. 14. 18.] 
9:[17.  9. 14. 18. 20.  8. 13. 24. 19. 21.  2.  0.  3. 11. 15. 12. 22.  5. 23.  7. 10. 16.  1.  6.  4.] 
10:[11. 21. 15. 12. 13.  0. 22.  8. 17.  9.  5.  2.  7. 23. 10. 16.  6.  1. 20.  4.  3. 19. 24. 18. 14.] 
11:[ 8.  2.  0.  3. 11.  9. 17. 20. 19. 24. 14. 18. 15. 13. 21. 12.  4.  6.  1. 16. 22.  7. 10.  5. 23.] 
12:[13.  0. 15. 11.  7. 10. 23. 21.  5. 12. 16.  8.  2. 17.  9.  1.  6. 20. 22.  4. 19. 24.  3. 14. 18.] 
13:[13. 16.  8. 17.  0.  6.  1. 15. 12. 11.  2. 22. 21.  4.  5. 23.  7. 10.  3. 20. 24. 19.  9. 14. 18.] 
14:[18. 17. 20.  9. 14. 24. 19. 15.  8.  2.  3.  0. 21. 12. 11. 22. 13.  7. 10. 23.  5.  6.  1. 16.  4.] 
15:[13.  0. 15. 11.  7. 10. 23. 21.  5. 12. 16.  8.  2. 17.  9.  1.  6. 20. 22.  4. 19. 24.  3. 14. 18.] 
16:[ 0. 11. 16.  2. 22.  3.  8.  9. 17.  6.  1. 13.  4. 15. 21. 12. 14. 20. 18. 24. 19.  7. 10.  5. 23.] 
17:[18. 17. 20.  9. 14. 24. 19. 15.  8.  2.  3.  0. 21. 12. 11. 22. 13.  7. 10. 23.  5.  6.  1. 16.  4.] 
18:[17.  9. 14. 18. 20.  8. 13. 24. 19. 21.  2.  0.  3. 11. 15. 12. 22.  5. 23.  7. 10. 16.  1.  6.  4.] 
19:[13. 24. 19. 15. 21. 12. 20.  3. 16.  5. 23.  7. 10. 17.  9. 18. 14. 11.  2. 22.  0.  6.  1.  4.  8.] 
20:[18. 20. 14. 17.  9. 21. 13. 19. 24.  2.  8.  3. 16. 12. 15.  0. 11. 22.  7. 10. 23.  5.  4.  6.  1.] 
21:[13. 24. 19. 15. 21. 12. 20.  3. 16.  5. 23.  7. 10. 17.  9. 18. 14. 11.  2. 22.  0.  6.  1.  4.  8.] 
22:[22.  0. 13.  2. 11.  3. 17.  9. 14. 18. 15. 20. 12. 16. 21. 24. 19. 10. 23.  7.  5.  6.  1.  4.  8.] 
23:[13.  0. 15. 11.  7. 10. 23. 21.  5. 12. 16.  8.  2. 17.  9.  1.  6. 20. 22.  4. 19. 24.  3. 14. 18.] 
24:[23. 10. 16.  7.  5. 13. 24. 19. 15. 21. 12. 20.  3. 17.  9.  8.  0.  2. 11. 18. 14. 22.  6.  1.  4.] 
POSCARS
EA104   2.393  7.779  2.394 90.76 62.10 81.30 Sym.group:  166
1.0
   2.3920650000000001    0.0650340000000000    0.0412650000000000
   0.9647100000000000    7.7172099999999997    0.1542300000000000
   1.0897640000000000   -0.2104310000000000    2.1206930000000002
C Cl
2 2
direct
   0.9111640000000000    0.3648850000000000    0.1786930000000000 C
   0.5753700000000000    0.3649480000000000    0.8429700000000000 C
   0.0196780000000000    0.6956360000000000    0.6201170000000000 Cl
   0.4567960000000000    0.0341320000000000    0.3925650000000000 Cl
EA38    2.493  4.344  3.535 90.06 90.01 89.98 Sym.group:  191
1.0
   2.4929779999999999    0.0120400000000000    0.0011120000000000
  -0.0193490000000000    4.3433999999999999    0.0228970000000000
  -0.0021150000000000   -0.0226460000000000    3.5351050000000002
Al F
2 2
direct
   0.1352800000000000    0.3769140000000000    0.3730740000000000 Al
   0.6352830000000000    0.8769150000000000    0.3735150000000000 Al
   0.6350260000000000    0.8773110000000000    0.8734630000000000 F
   0.1346930000000000    0.3773080000000000    0.8731260000000000 F
EA197   2.847  2.845  5.780 75.79 75.77 60.12 Sym.group:  166
1.0
   2.8470230000000001    0.0280920000000000    0.0087170000000000
   1.3929590000000001    2.4807440000000001    0.0406380000000000
   1.3965620000000001    0.7523430000000000    5.5580829999999999
B S
2 2
direct
   0.9827570000000000    0.6458840000000000    0.2853540000000000 B
   0.0785050000000000    0.7424670000000000    0.9946940000000000 B
   0.7925930000000000    0.4566900000000000    0.8509330000000001 S
   0.2686690000000000    0.9316610000000000    0.4291140000000000 S
EA114   2.546  2.586  4.018 108.38 72.25 89.09 Sym.group:  139
1.0
   2.5375939999999999   -0.1679290000000000    0.1117830000000000
   0.2128880000000000    2.5775969999999999   -0.0226080000000000
   0.9802280000000000   -1.3202320000000001    3.6662240000000001
N Li
2 2
direct
   0.1015080000000000    0.9211620000000000    0.8257960000000000 N
   0.9305960000000000    0.0943010000000000    0.1707700000000000 N
   0.6756560000000000    0.3464750000000000    0.6766320000000000 Li
   0.3564550000000000    0.6689889999999999    0.3199300000000000 Li
EA102   2.273  2.273  3.114 89.90 90.05 89.41 Sym.group:  123
1.0
   2.2733240000000001    0.0070960000000000    0.0007800000000000
   0.0162690000000000    2.2732549999999998   -0.0015950000000000
  -0.0039550000000000    0.0079020000000000    3.1143250000000000
H Si
1 1
direct
   0.9982839999999999    0.9926500000000000    0.4958050000000000 H
   0.0220810000000000    0.9761200000000000    0.9958360000000001 Si
EA33    4.692  2.282  3.531 90.01 90.04 90.00 Sym.group:  123
1.0
   4.6914879999999997    0.0012920000000000   -0.0139000000000000
  -0.0006550000000000    2.2824710000000001   -0.0032430000000000
   0.0082610000000000    0.0045600000000000    3.5308790000000001
Li Si
2 2
direct
   0.2887400000000000    0.7046690000000000    0.8414420000000000 Li
   0.7887400000000000    0.7044020000000000    0.8414890000000000 Li
   0.5387830000000000    0.2046500000000000    0.3414680000000000 Si
   0.0387830000000000    0.2044340000000000    0.3414640000000000 Si
EA121   2.396  2.396  7.158 90.00 89.95 120.00 Sym.group:  191
1.0
   2.3963960000000002   -0.0031500000000000    0.0044340000000000
  -1.1953890000000000    2.0769579999999999    0.0003370000000000
  -0.0075610000000000   -0.0050310000000000    7.1579179999999996
F Si
2 2
direct
   0.2383830000000000    0.2455900000000000    0.2484410000000000 F
   0.2359420000000000    0.2482310000000000    0.7484380000000000 F
   0.2369940000000000    0.2440530000000000    0.9984350000000000 Si
   0.2372740000000000    0.2445330000000000    0.4984360000000000 Si
EA56    2.543  4.045  2.494 90.00 89.96 90.00 Sym.group:  123
1.0
   2.5430709999999999    0.0003640000000000   -0.0105260000000000
  -0.0005950000000000    4.0454439999999998   -0.0003850000000000
   0.0122430000000000    0.0002370000000000    2.4935969999999998
Al Mg
1 1
direct
   0.0410140000000000    0.6772810000000000    0.1313260000000000 Al
   0.5412470000000000    0.1772920000000000    0.6312200000000000 Mg
EA12    2.446  2.445  4.951 90.04 90.14 60.01 Sym.group:  164
1.0
   1.2238709999999999    2.1174430000000002    0.0050860000000000
  -1.2220370000000000    2.1179109999999999    0.0011470000000000
  -0.0159580000000000   -0.0163780000000000    4.9512000000000000
C F
2 2
direct
   0.5732030000000000    0.5824680000000000    0.4103930000000000 C
   0.2392400000000000    0.2492650000000000    0.3130770000000000 C
   0.5750720000000000    0.5818719999999999    0.6815540000000000 F
   0.2371290000000000    0.2495140000000000    0.0419140000000000 F
EA9     2.558  2.558  4.154 90.00 90.00 120.00 Sym.group:  186
1.0
   1.2797879999999999   -2.2145630000000001    0.0001290000000000
   1.2780560000000001    2.2155209999999999   -0.0019060000000000
   0.0026940000000000    0.0021730000000000    4.1543720000000004
O Be
2 2
direct
   0.3187550000000000    0.6586500000000000    0.1303500000000000 O
   0.6521370000000000    0.3252110000000000    0.6303460000000000 O
   0.6520600000000000    0.3252690000000000    0.0078250000000000 Be
   0.3187180000000000    0.6585320000000000    0.5077120000000001 Be
EA116   3.716  3.714  4.013 89.99 89.98 90.02 Sym.group:  123
1.0
   3.7163780000000002   -0.0053910000000000    0.0154880000000000
   0.0039180000000000    3.7143590000000000    0.0157850000000000
  -0.0152380000000000   -0.0163190000000000    4.0129180000000000
Na Mg
2 2
direct
   0.3733960000000000    0.8768629999999999    0.9967110000000000 Na
   0.8733960000000000    0.3768490000000000    0.9966699999999999 Na
   0.3732840000000000    0.3770070000000000    0.4963710000000000 Mg
   0.8732600000000000    0.8769950000000000    0.4963460000000000 Mg
EA18    2.822  2.833  4.690 90.32 90.23 60.73 Sym.group:  164
1.0
   1.4439240000000000   -2.4244420000000000    0.0032630000000000
   2.8324150000000001    0.0742730000000000   -0.0098110000000000
  -0.0105710000000000    0.0217840000000000    4.6904250000000003
C P
2 2
direct
   0.9990000000000000    0.9942210000000000    0.3454370000000000 C
   0.9988210000000000    0.9991910000000001    0.6608760000000000 C
   0.3326470000000000    0.3291990000000000    0.1795880000000000 P
   0.6651750000000000    0.6642130000000001    0.8267250000000000 P
EA123   2.535  2.527  3.977 89.99 90.07 119.86 Sym.group:  187
1.0
   2.5352350000000001   -0.0039460000000000    0.0074930000000000
  -1.2548630000000001    2.1937220000000002   -0.0008400000000000
  -0.0165430000000000   -0.0073010000000000    3.9769760000000001
Na Li
1 1
direct
   0.6553780000000000    0.8328730000000000    0.9985810000000001 Na
   0.3173680000000000    0.1660210000000000    0.4986180000000000 Li
EA123   5.647  3.102  3.101 90.00 90.03 90.01 Sym.group:  129
1.0
   5.6474359999999999   -0.0058580000000000    0.0235360000000000
   0.0028310000000000    3.1019470000000000   -0.0016190000000000
  -0.0143380000000000    0.0016730000000000    3.1010089999999999
Cl P
2 2
direct
   0.0491200000000000    0.8893030000000000    0.6548640000000000 Cl
   0.3445530000000000    0.3894800000000000    0.1569170000000000 Cl
   0.6991170000000000    0.8893890000000000    0.6615680000000000 P
   0.6945690000000000    0.3892620000000000    0.1612970000000000 P
EA157   2.927  2.927  5.064 106.78 73.22 119.98 Sym.group:  216
1.0
   2.9268130000000001   -0.0061000000000000    0.0118420000000000
  -1.4573590000000001    2.5381730000000000   -0.0117750000000000
   1.4405770000000000   -0.8361280000000000    4.7824660000000003
C Si
2 2
direct
   0.1811680000000000    0.8183610000000000    0.1865780000000000 C
   0.6810480000000000    0.3187240000000000    0.6865980000000000 C
   0.8062030000000000    0.1933240000000000    0.3113380000000000 Si
   0.3060940000000000    0.6936730000000000    0.8113290000000000 Si
EA105   2.477  2.478  8.283 89.47 90.44 119.82 Sym.group:  194
1.0
   1.2481599999999999   -2.1395260000000000   -0.0028470000000000
   1.2360940000000000    2.1478910000000000    0.0029720000000000
   0.0116030000000000    0.0694510000000000    8.2828850000000003
Na Li
2 2
direct
   0.3184730000000000    0.6603190000000000    0.2539640000000000 Na
   0.6474820000000000    0.3277020000000000    0.7538940000000000 Na
   0.9940530000000000    0.0029500000000000    0.0041030000000000 Li
   0.0000310000000000    0.0120860000000000    0.5037840000000000 Li
EA122   2.299  2.300  5.353 78.11 78.18 91.13 Sym.group:  119
1.0
   2.2980659999999999    0.0132250000000000    0.0445870000000000
  -0.0595190000000000    2.2991299999999999    0.0385930000000000
   0.9902910000000000    1.0422790000000000    5.1564310000000004
Be F
2 2
direct
   0.2011110000000000    0.6964960000000000    0.3515380000000000 Be
   0.5527060000000000    0.0476460000000000    0.6509460000000000 Be
   0.2936260000000000    0.2861760000000000    0.1689330000000000 F
   0.9633400000000000    0.9549150000000000    0.8336710000000001 F
EA44    4.779  2.927  2.927 120.00 90.00 90.00 Sym.group:  186
1.0
   4.7790809999999997    0.0008700000000000   -0.0018400000000000
   0.0005610000000000    1.4653570000000000    2.5338599999999998
   0.0004210000000000   -2.9273020000000001    0.0022770000000000
C Si
2 2
direct
   0.6606140000000000    0.2257710000000000    0.0608910000000000 C
   0.1606130000000000    0.5590180000000000    0.7274750000000000 C
   0.5375470000000000    0.5591000000000000    0.7275160000000001 Si
   0.0375470000000000    0.2256490000000000    0.0608140000000000 Si
EA118   2.551  2.551  2.551 119.95 90.07 119.96 Sym.group:  216
1.0
   1.2619750000000001   -1.2899860000000001   -1.8029480000000000
   0.0274840000000000    2.5509700000000000   -0.0034260000000000
   1.2615529999999999   -1.2848050000000000    1.8066160000000000
O Be
1 1
direct
   0.8638620000000000    0.7405340000000000    0.3600090000000000 O
   0.6139280000000000    0.2405760000000000    0.6099370000000000 Be
EA96    3.064  3.065  3.065 60.02 60.02 60.02 Sym.group:  225
1.0
   1.5412220000000001   -2.6484809999999999    0.0005390000000000
   3.0644819999999999    0.0113070000000000    0.0178740000000000
   1.5201570000000000   -0.8868710000000000    2.5093260000000002
Cl Li
1 1
direct
   0.2629950000000000    0.8232710000000000    0.1687850000000000 Cl
   0.7628950000000000    0.3232900000000000    0.6687460000000000 Li
EA231   4.336  3.143  3.143 90.00 89.99 90.00 Sym.group:  119
1.0
   4.3364339999999997    0.0001780000000000   -0.0005190000000000
  -0.0000800000000000    3.1427200000000002    0.0032470000000000
   0.0009940000000000   -0.0031540000000000    3.1431719999999999
Be S
2 2
direct
   0.1191090000000000    0.0092710000000000    0.2522740000000000 Be
   0.6191480000000000    0.5094050000000000    0.7523470000000000 Be
   0.3691760000000000    0.5092680000000001    0.2524190000000000 S
   0.8691770000000000    0.0093890000000000    0.7523570000000001 S
EA12    3.052  3.052  5.051 89.98 90.01 60.02 Sym.group:  194
1.0
   3.0516519999999998    0.0006860000000000   -0.0006070000000000
   1.5246480000000000    2.6440519999999998    0.0017880000000000
   0.0005290000000000   -0.0020950000000000    5.0506380000000002
Cl Li
2 2
direct
   0.3282430000000000    0.3356440000000000    0.2505880000000000 Cl
   0.6614650000000000    0.6687270000000000    0.7505940000000000 Cl
   0.9944100000000000    0.0025990000000000    0.0005910000000000 Li
   0.9952970000000000    0.0017800000000000    0.5005920000000000 Li
EA16    2.634  2.632  5.796 77.11 89.87 119.64 Sym.group:  166
1.0
   2.5643349999999998   -0.5950740000000000    0.0862310000000000
  -0.7559740000000000    2.5187360000000001    0.1038400000000000
   0.0878040000000000    1.1436679999999999    5.6817510000000002
Al O
2 2
direct
   0.8713770000000000    0.2547800000000000    0.2520090000000000 Al
   0.3712730000000000    0.2545730000000000    0.7520200000000000 Al
   0.9803200000000000    0.4741660000000000    0.9259300000000000 O
   0.7625100000000000    0.0352760000000000    0.5780880000000000 O
EA95    3.703  2.448  2.449 90.28 90.06 89.96 Sym.group:  123
1.0
   3.7033280000000000   -0.0158610000000000    0.0124450000000000
   0.0122620000000000    2.4476270000000002    0.0094490000000000
  -0.0106880000000000   -0.0215630000000000    2.4490330000000000
Na Li
1 1
direct
   0.7412800000000000    0.4952210000000000    0.9976270000000000 Na
   0.2412080000000000    0.9959680000000000    0.4975910000000000 Li
EA1     2.891  2.880  4.081 89.57 90.09 90.00 Sym.group:  225
1.0
   2.8911319999999998   -0.0003270000000000    0.0019110000000000
   0.0002030000000000    2.8802469999999998   -0.0082450000000000
  -0.0088840000000000    0.0424570000000000    4.0804640000000001
F Na
2 2
direct
   0.3711040000000000    0.8696680000000000    0.9639440000000000 F
   0.8750260000000000    0.3707220000000000    0.4635940000000000 F
   0.8712290000000000    0.3703310000000000    0.9633980000000000 Na
   0.3753950000000000    0.8713330000000000    0.4642500000000000 Na
