NUMBER OF TEMPLATES 25
COMPOSITION A 1 B
pairs , SPACEGROUPS 
[Li N] , 139 
[Al Na] , 141 
[B Li] , 166 
[Al Si] , 123 
[Mg O] , 225 
[H Li] , 225 
[C Cl] , 166 
[Cl Na] , 225 
[B N] , 216 
[Al O] , 166 
[Na S] , 123 
[Be Cl] , 164 
[N O] , 160 
[Li Mg] , 123 
[Be O] , 186 
[N Si] , 156 
[F Mg] , 164 
[Mg S] , 225 
[Al P] , 194 
[Be Li] , 129 
[B N] , 186 
[C F] , 164 
[N Si] , 166 
[B C] , 139 
[C Li] , 164 
RANKING VECTORS ENTHALPIES
0:[-237.17184506 -236.6394628  -236.62284915 -236.58110628 -236.45476284 -236.45471104 -236.45350946 -236.20627926 -236.11070559 -235.93364298 -235.91302777 -235.78944145 -235.73456815 -235.72951147 -235.69498922 -235.68843551 -235.66698317 -235.66539535 -235.65498577 -235.62416583 -235.54608046 -235.38014423 -235.3800719  -235.17445173 -234.7624073 ] 
1:[-648.25883285 -648.25142361 -648.21872607 -648.10727444 -648.10531982 -648.06633418 -648.05552359 -648.0199387  -648.0189025  -648.01826235 -647.95308166 -647.94555824 -647.94267738 -647.93914883 -647.93813314 -647.86487753 -647.17422212 -647.16369245 -646.91566099 -646.91549564 -646.91418377 -646.86413707 -646.77488222 -645.84718121 -645.35096235] 
2:[-135.92404684 -135.8643729  -135.85970841 -135.49640752 -135.3122939 -135.31181832 -135.31063835 -135.20570299 -135.17339898 -134.92587482 -134.92539981 -134.91987316 -134.86158986 -134.84948132 -134.81634855 -134.80314713 -134.77905893 -134.6282714  -133.92906949 -133.9290007 -133.91127694 -133.8759611  -133.37501602 -132.6861635  -132.64263239] 
3:[-84.87266455 -84.85888928 -84.85798501 -84.85787621 -84.78705158 -84.77107769 -84.76414242 -84.67526324 -84.67459595 -84.63974532 -84.62204828 -84.60149574 -84.56314966 -84.55635923 -84.47277861 -84.21749657 -84.19196688 -84.18787914 -84.18190709 -84.16041942 -84.13459833 -84.1344709  -83.27774656 -83.23540123 -82.79865461] 
4:[-1031.63820166 -1031.6378839  -1031.63669936 -1031.63514272 -1031.63377781 -1031.45571022 -1031.17345132 -1031.17304911 -1031.17202812 -1031.17174856 -1031.17037286 -1030.98850275 -1030.96549213 -1030.96382934 -1030.96379247 -1030.89396179 -1030.88897354 -1030.69668811 -1030.40951109 -1030.1600837 -1030.15570297 -1030.11153654 -1029.80216049 -1028.99762971 -1028.54068095] 
5:[-104.52305936 -104.52285133 -104.52256578 -104.52185266 -104.52049635 -104.41489689 -104.35098213 -104.33719314 -104.33634911 -104.33490408 -104.29357034 -104.29305794 -104.29301169 -104.29168514 -104.29153948 -104.24808814 -104.20573278 -104.20056836 -104.10800463 -103.98362091 -103.90526898 -103.86917597 -103.85948252 -103.82132208 -103.61464383] 
6:[-300.92843438 -300.87913862 -300.87834739 -300.87819147 -300.18817286 -300.07317366 -299.62148932 -299.28931661 -298.90454422 -298.89534655 -298.88756204 -298.87096138 -298.87071941 -298.86838827 -298.64965024 -298.62844305 -298.61728611 -298.61505876 -298.43945129 -298.4345875 -298.43412737 -298.41124644 -298.4104085  -298.10506134 -297.69420137] 
7:[-841.65251376 -841.65232005 -841.65171251 -841.65073401 -841.5458183 -841.54574237 -841.54509024 -841.54460164 -841.54257568 -841.43722164 -841.21836221 -841.17554369 -841.01269534 -840.9246147  -840.8930908 -840.75144224 -840.73376331 -840.73069051 -840.72696857 -840.72685849 -840.7206475  -840.6569699  -840.55781371 -840.42541476 -840.31436448] 
8:[-180.52723124 -180.50580575 -180.50579788 -180.09384769 -180.06586174 -180.03708662 -179.99776052 -179.75454064 -178.93390646 -178.93334982 -178.92487217 -178.9029461  -178.9029216  -178.90279682 -178.8766196 -178.86883406 -178.83417799 -178.5750976  -178.49008627 -177.79430882 -177.79227049 -177.15193291 -176.75135356 -176.74972407 -176.74583096] 
9:[-254.87313889 -254.86122199 -254.63633892 -254.43340894 -254.37136384 -254.37088159 -254.28389728 -254.27979826 -254.22833403 -253.9955831 -253.95440565 -253.92652194 -253.92403302 -253.88478302 -253.78400608 -253.6651164  -253.47303534 -253.46218989 -253.46116896 -253.45993946 -253.10257892 -253.09992375 -253.09790848 -252.91048952 -251.66605852] 
10:[-767.90426091 -767.90367092 -767.90345114 -767.60209356 -767.54928639 -767.45436825 -767.42129682 -767.37745011 -767.30816827 -767.22467631 -767.16459998 -767.09714713 -767.09375954 -767.06640026 -767.06574586 -767.04306922 -767.04115821 -766.63846223 -766.62608779 -766.62453484 -766.62157917 -766.44672399 -766.19558656 -766.19436259 -765.5583053 ] 
11:[-409.43437692 -409.30067078 -409.25933319 -409.2557458  -409.25250457 -409.12624303 -409.09561985 -409.06871411 -408.87710019 -408.84901333 -408.82921436 -408.82605146 -408.82533837 -408.82106652 -408.82088232 -408.82074908 -408.80491485 -408.77254068 -408.77021184 -408.74043337 -408.73722401 -408.53162174 -408.43435941 -408.29201159 -408.10315122] 
12:[-361.88412447 -361.77991794 -361.62764668 -361.09937825 -360.99587357 -360.87831647 -360.55285412 -360.5504387  -360.54336066 -360.53888077 -360.38205036 -360.16048795 -360.12932132 -360.0721048  -360.05966582 -360.0564745  -360.05647289 -359.96162005 -359.9616175  -359.89187941 -359.51862434 -359.48801362 -359.48800794 -359.48774046 -359.43818747] 
13:[-901.54918838 -901.54827982 -901.54131758 -901.47978483 -901.38343007 -901.38339087 -901.34265518 -901.32891009 -901.31935397 -901.31455239 -901.27126506 -901.24870606 -901.2114962  -901.1969086  -901.19338855 -901.1922721  -901.18586097 -901.17919523 -901.17624572 -901.15984651 -901.15900808 -901.15884404 -901.13163625 -900.84910163 -899.86017159] 
14:[-414.37379937 -414.37249339 -414.37029717 -414.36984658 -414.18438958 -414.18236946 -414.18207648 -414.14803802 -414.14630788 -414.14502373 -414.14180929 -414.139643   -414.11774559 -414.08076076 -414.03802741 -413.96233908 -413.80853577 -413.76632896 -413.4487874  -413.38439082 -413.37779012 -412.81973128 -412.77946012 -412.77945394 -412.77552021] 
15:[-196.42875569 -196.19346551 -196.02268329 -195.98688612 -195.89793851 -195.89667389 -195.873909   -195.83592523 -195.75746735 -195.73108835 -195.73061877 -195.72838296 -195.68663399 -195.46753022 -195.41188421 -195.39480035 -195.39426399 -194.93174577 -194.93123351 -194.9284022 -194.92483584 -194.92053614 -194.51643358 -194.32392753 -194.16343237] 
16:[-1140.88118655 -1140.74799411 -1140.74521522 -1140.72683316 -1140.7222383  -1140.54330587 -1140.53652207 -1140.25575203 -1140.23974822 -1140.21352376 -1140.20674065 -1140.20621854 -1140.13226976 -1140.12290083 -1140.11519889 -1140.1003466 -1140.07957727 -1140.02842914 -1140.01106425 -1139.83289786 -1139.83261514 -1139.82606538 -1139.72689476 -1139.48763103 -1138.96756484] 
17:[-954.74647592 -954.74573324 -954.74323989 -954.73473844 -954.73399961 -954.70013071 -954.2479129  -954.24744465 -954.24155464 -953.9567085 -953.95649958 -953.95579819 -953.95552219 -953.91612008 -953.69967401 -953.69499511 -953.64168006 -953.63408109 -953.46748682 -953.4635878 -953.33149254 -953.31708918 -953.2720745  -952.92451499 -952.66994142] 
18:[-121.74998379 -121.70626233 -121.67502562 -121.64190352 -121.64174465 -121.60740145 -121.60698165 -121.59949221 -121.51669463 -121.50932855 -121.40137318 -121.39356258 -121.37841123 -121.35909983 -121.34631592 -121.30134143 -121.30056951 -121.23501907 -121.19934977 -121.16701162 -120.91284619 -120.91264542 -120.91088807 -120.79352039 -120.46298415] 
19:[-284.90735165 -284.89929998 -284.8986623  -284.89693969 -284.8859612 -284.87710189 -284.85905604 -284.85444442 -284.8433244  -284.83124328 -284.82414758 -284.82398775 -284.80003361 -284.79815806 -284.79558066 -284.79311401 -284.78919393 -284.66143553 -284.25139353 -284.20389499 -284.11887966 -284.10653456 -284.10638756 -284.10038976 -282.54373578] 
20:[-180.52723124 -180.50580575 -180.50579788 -180.09384769 -180.06586174 -180.03708662 -179.99776052 -179.75454064 -178.93390646 -178.93334982 -178.92487217 -178.9029461  -178.9029216  -178.90279682 -178.8766196 -178.86883406 -178.83417799 -178.5750976  -178.49008627 -177.79430882 -177.79227049 -177.15193291 -176.75135356 -176.74972407 -176.74583096] 
21:[-414.63788139 -414.6378637  -414.63689335 -414.63223226 -413.73753223 -413.6098896  -413.53262398 -413.00238142 -412.98631974 -412.68224914 -412.68224282 -412.64029641 -412.44398118 -412.11494111 -412.0596928 -411.86626658 -411.66722141 -411.66546077 -411.66226105 -411.43481517 -410.8304831  -410.83047597 -410.82612506 -410.82438033 -410.1546732 ] 
22:[-196.42875569 -196.19346551 -196.02268329 -195.98688612 -195.89793851 -195.89667389 -195.873909   -195.83592523 -195.75746735 -195.73108835 -195.73061877 -195.72838296 -195.68663399 -195.46753022 -195.41188421 -195.39480035 -195.39426399 -194.93174577 -194.93123351 -194.9284022 -194.92483584 -194.92053614 -194.51643358 -194.32392753 -194.16343237] 
23:[-119.79770711 -119.65993783 -119.65896517 -119.63003505 -119.62290633 -119.46950854 -119.46876622 -119.46474246 -119.37994926 -119.15851988 -118.88069027 -118.86712519 -118.84165106 -118.80093189 -118.80074563 -118.79580563 -118.65356001 -118.62114238 -118.57835228 -118.55899128 -117.88805208 -117.83083695 -117.24530152 -117.23975193 -117.23945935] 
24:[-177.51264274 -177.51253118 -177.51233591 -177.46181995 -177.45264418 -177.19141016 -176.81874    -176.81633159 -176.81520264 -176.77302072 -176.62659612 -176.59241071 -176.43676932 -176.41554996 -176.28672826 -175.87923546 -175.8263018  -175.60097699 -175.51762576 -175.504662 -175.46973215 -175.46772344 -175.09186362 -175.09183236 -174.34214144] 
RANKING VECTORS IDX
0:[ 0. 15. 23.  6.  3. 13. 10. 18.  2.  1. 19. 12. 16. 21.  5.  4. 17.  7. 24. 11.  9. 20. 14. 22.  8.] 
1:[ 2.  1.  6. 24. 16. 18. 19.  3. 10. 13. 22. 21. 11. 12. 20.  9.  0. 15. 17.  7.  5.  4. 23. 14.  8.] 
2:[ 6.  2.  1. 18.  3. 10. 13.  0. 19. 21. 24. 16. 15. 11. 22. 12.  9. 23. 17.  7.  5.  4. 14. 20.  8.] 
3:[ 1. 13.  3. 10. 19. 24. 16.  6.  2. 11. 12.  9. 20. 21. 22.  0. 18. 15.  5.  4. 17.  7. 23. 14.  8.] 
4:[19.  5.  4. 17.  7. 18. 24. 14. 20. 16. 21.  0. 13.  3. 10.  8. 12. 15. 23. 22.  9. 11.  1.  6.  2.] 
5:[ 5.  7. 17. 19.  4. 18. 15. 10.  3. 13. 21. 20. 14. 24. 16.  0.  8. 12.  6. 23. 11.  9. 22.  1.  2.] 
6:[ 6. 21. 16. 24. 15. 19.  0. 11.  4.  5. 23. 17.  7. 12. 22. 18.  2.  9. 13.  3. 10. 20. 14.  1.  8.] 
7:[ 9.  3. 10. 13.  5.  4. 17.  7. 19. 18.  0. 15.  1.  6.  2. 23. 16. 24. 14. 21. 20. 12. 22. 11.  8.] 
8:[ 8. 20. 14. 16. 11. 15.  2.  6.  5. 19.  4. 17.  7. 18. 23. 22.  9.  0.  1. 21. 24. 12.  3. 10. 13.] 
9:[ 9. 22. 15.  6.  2. 19. 16. 24. 11.  0. 12. 14. 20.  8. 23. 18.  5.  4. 17.  7.  3. 13. 10.  1. 21.] 
10:[ 3. 13. 10. 18.  0.  2.  6.  1. 19.  9. 22. 12. 15. 17.  7.  5.  4. 11. 16. 24. 21. 23. 20. 14.  8.] 
11:[ 6. 15. 16. 24. 11.  0. 22.  9. 19. 21. 13.  3. 12. 20. 14. 10. 18. 17.  7.  4.  5. 23.  8.  2.  1.] 
12:[12. 21.  0. 11. 23. 15. 22. 24.  6.  9.  2. 19. 16.  5.  4. 17.  7. 20. 14. 18.  8.  3. 10. 13.  1.] 
13:[ 3. 10. 13. 19.  2.  1.  6. 18. 24. 16. 15. 11.  9. 14. 12. 20.  0.  5. 22.  4. 17.  7. 21. 23.  8.] 
14:[20. 14. 12.  8. 21. 24. 16. 19.  5.  4. 17.  7. 15. 18.  2.  6. 11.  0. 23. 22.  9.  1. 13. 10.  3.] 
15:[ 0. 15.  2. 23. 14. 20. 12. 11.  8. 18. 24. 16. 19.  5.  4. 17.  7.  3. 10. 22.  9. 13.  1. 21.  6.] 
16:[19. 16. 24.  6.  0. 15. 11. 23. 18. 20. 14. 12. 17.  7.  5.  4.  8.  9. 22. 10. 13.  3.  1.  2. 21.] 
17:[ 5. 19.  4. 17.  7. 18.  3. 13. 10. 24. 14. 20. 16.  0.  1. 15. 12.  8.  2.  6. 22.  9. 11. 23. 21.] 
18:[18.  5.  4. 17.  7.  3. 10. 13.  9. 19.  0.  1. 22. 16. 24.  6.  2. 12. 11. 21. 20. 14.  8. 15. 23.] 
19:[ 9.  6.  2.  1. 19. 18. 24. 16. 15. 12. 14. 20. 22. 21.  3. 13. 10. 11.  0. 23.  5. 17.  7.  4.  8.] 
20:[ 8. 20. 14. 16. 11. 15.  2.  6.  5. 19.  4. 17.  7. 18. 23. 22.  9.  0.  1. 21. 24. 12.  3. 10. 13.] 
21:[16. 24. 21.  2. 19.  0.  6. 15. 18. 20. 14. 12. 23.  9. 22. 11. 13.  3. 10.  1. 17.  7.  4.  5.  8.] 
22:[ 0. 15.  2. 23. 14. 20. 12. 11.  8. 18. 24. 16. 19.  5.  4. 17.  7.  3. 10. 22.  9. 13.  1. 21.  6.] 
23:[23. 21. 24. 15.  6. 14. 20.  8. 16. 11.  0. 19.  4. 17.  7.  5. 18.  2.  9. 22.  1. 12. 13.  3. 10.] 
24:[16. 21. 24.  6.  2. 18.  3. 13. 10. 15. 11. 19. 23.  0.  1. 12. 22.  9.  5.  4. 17.  7. 20. 14.  8.] 
POSCARS
EA114   2.546  2.586  4.018 108.38 72.25 89.09 Sym.group:  139
1.0
   2.5375939999999999   -0.1679290000000000    0.1117830000000000
   0.2128880000000000    2.5775969999999999   -0.0226080000000000
   0.9802280000000000   -1.3202320000000001    3.6662240000000001
N Li
2 2
direct
   0.1015080000000000    0.9211620000000000    0.8257960000000000 N
   0.9305960000000000    0.0943010000000000    0.1707700000000000 N
   0.6756560000000000    0.3464750000000000    0.6766320000000000 Li
   0.3564550000000000    0.6689889999999999    0.3199300000000000 Li
EA114   4.141  4.141  4.162 60.89 119.12 88.62 Sym.group:  141
1.0
   2.0541250000000000    3.5947680000000002    0.0624260000000000
  -2.0546489999999999    1.2305200000000001    3.3777879999999998
   0.0434070000000000   -2.4165770000000002    3.3888379999999998
Al Na
2 2
direct
   0.6281440000000000    0.2378450000000000    0.7580070000000000 Al
   0.3775850000000000    0.9872760000000000    0.2580290000000000 Al
   0.1281480000000000    0.7376060000000000    0.7579740000000000 Na
   0.8776800000000000    0.4874720000000000    0.2579760000000000 Na
EA7     2.948  2.944  3.616 89.99 66.16 60.06 Sym.group:  166
1.0
   1.4841850000000001    2.5475240000000001    0.0100190000000000
  -1.4640850000000001    2.5535790000000000   -0.0250440000000000
   1.4244509999999999    0.8490500000000000    3.2129509999999999
B Li
2 2
direct
   0.8114250000000000    0.0247860000000000    0.4788280000000000 B
   0.4544910000000000    0.7026990000000000    0.5085790000000000 B
   0.3658470000000000    0.2473590000000000    0.1431600000000000 Li
   0.9000990000000000    0.4801040000000000    0.8442120000000000 Li
EA122   3.658  3.658  3.371 90.00 90.00 92.66 Sym.group:  123
1.0
   3.6567090000000002   -0.0867660000000000   -0.0089370000000000
  -0.0832930000000000    3.6570149999999999    0.0165820000000000
   0.0077750000000000   -0.0150320000000000    3.3704790000000000
Al Si
2 2
direct
   0.7587080000000000    0.2476840000000000    0.4975030000000000 Al
   0.2581390000000000    0.7474740000000000    0.4974190000000000 Al
   0.2589800000000000    0.2473450000000000    0.9974730000000001 Si
   0.7578530000000000    0.7477740000000000    0.9974440000000000 Si
EA23    2.797  2.797  2.797 60.00 120.00 90.00 Sym.group:  225
1.0
   2.7970839999999999   -0.0019080000000000   -0.0005040000000000
   0.0019740000000000    2.7972070000000002    0.0004340000000000
  -1.3971169999999999    1.3991499999999999    1.9785990000000000
O Mg
1 1
direct
   0.6095090000000000    0.4019480000000000    0.1968680000000000 O
   0.1094800000000000    0.9018730000000000    0.1968580000000000 Mg
EA5     2.359  2.360  4.082 106.80 90.01 60.03 Sym.group:  225
1.0
   1.1935640000000001   -2.0350649999999999   -0.0041010000000000
   2.3600629999999998    0.0172160000000000    0.0214400000000000
  -1.2097329999999999   -0.7161810000000000    3.8327450000000001
H Li
2 2
direct
   0.6184950000000000    0.7575160000000000    0.3815790000000000 H
   0.1190320000000000    0.7566050000000000    0.8816970000000000 H
   0.8690400000000000    0.2571020000000000    0.6313450000000000 Li
   0.3686920000000000    0.2571480000000000    0.1312920000000000 Li
EA104   2.393  7.779  2.394 90.76 62.10 81.30 Sym.group:  166
1.0
   2.3920650000000001    0.0650340000000000    0.0412650000000000
   0.9647100000000000    7.7172099999999997    0.1542300000000000
   1.0897640000000000   -0.2104310000000000    2.1206930000000002
C Cl
2 2
direct
   0.9111640000000000    0.3648850000000000    0.1786930000000000 C
   0.5753700000000000    0.3649480000000000    0.8429700000000000 C
   0.0196780000000000    0.6956360000000000    0.6201170000000000 Cl
   0.4567960000000000    0.0341320000000000    0.3925650000000000 Cl
EA11    3.320  3.330  3.323 60.43 119.70 119.61 Sym.group:  225
1.0
   3.3203900000000002    0.0230500000000000   -0.0013930000000000
  -1.6563500000000000    1.6711760000000000    2.3568050000000000
  -1.6336679999999999   -1.6770050000000001    2.3577640000000000
Cl Na
1 1
direct
   0.4963550000000000    0.5034310000000000    0.4894050000000000 Cl
   0.9965030000000000    0.0034120000000000    0.9897200000000000 Na
EA97    4.276  2.469  2.469 119.97 73.24 106.76 Sym.group:  216
1.0
   4.2761579999999997    0.0215250000000000    0.0394400000000000
  -0.7002260000000000    1.2684359999999999   -1.9996860000000001
   0.6871410000000000    1.2016739999999999    2.0448279999999999
N B
2 2
direct
   0.6083840000000000    0.6889510000000000    0.8151490000000000 N
   0.1083840000000000    0.1885460000000000    0.3157960000000000 N
   0.9834430000000000    0.8135540000000000    0.6908970000000000 B
   0.4834420000000000    0.3139750000000000    0.1902190000000000 B
EA16    2.634  2.632  5.796 77.11 89.87 119.64 Sym.group:  166
1.0
   2.5643349999999998   -0.5950740000000000    0.0862310000000000
  -0.7559740000000000    2.5187360000000001    0.1038400000000000
   0.0878040000000000    1.1436679999999999    5.6817510000000002
Al O
2 2
direct
   0.8713770000000000    0.2547800000000000    0.2520090000000000 Al
   0.3712730000000000    0.2545730000000000    0.7520200000000000 Al
   0.9803200000000000    0.4741660000000000    0.9259300000000000 O
   0.7625100000000000    0.0352760000000000    0.5780880000000000 O
EA120   2.598  2.598  7.015 89.99 90.00 90.12 Sym.group:  123
1.0
   2.5977730000000001    0.0045990000000000    0.0007530000000000
  -0.0099900000000000    2.5976319999999999   -0.0048070000000000
  -0.0022590000000000    0.0136650000000000    7.0149210000000002
Na S
2 2
direct
   0.2562920000000000    0.7504700000000000    0.2723070000000000 Na
   0.2587670000000000    0.7522600000000000    0.7722890000000000 Na
   0.7580800000000000    0.2533620000000000    0.0222570000000000 S
   0.7573110000000000    0.2499810000000000    0.5222440000000000 S
EA268   2.874  2.873  6.121 89.71 90.32 119.87 Sym.group:  164
1.0
   2.8744070000000002   -0.0061880000000000    0.0068930000000000
  -1.4253830000000001    2.4946869999999999   -0.0017290000000000
  -0.0491440000000000    0.0120510000000000    6.1205809999999996
Be Cl
2 2
direct
   0.9931480000000000    0.0035690000000000    0.1559510000000000 Be
   0.9977680000000000    0.0010590000000000    0.8496060000000000 Be
   0.3303930000000000    0.6685950000000001    0.6854789999999999 Cl
   0.6605470000000000    0.3360420000000000    0.3201440000000000 Cl
EA37    2.292  2.292  6.496 80.22 99.77 119.46 Sym.group:  160
1.0
   2.2919470000000000    0.0024120000000000   -0.0190910000000000
  -1.1291789999999999    1.9945290000000000    0.0090090000000000
  -1.0500389999999999    0.6442890000000000    6.3776999999999999
O N
2 2
direct
   0.2241560000000000    0.7810360000000000    0.1617740000000000 O
   0.7211400000000000    0.2779780000000000    0.6617980000000000 O
   0.2821760000000000    0.7230350000000000    0.3399740000000000 N
   0.7791709999999999    0.2199780000000000    0.8400069999999999 N
EA7     3.625  3.625  3.332 90.00 90.00 90.00 Sym.group:  123
1.0
   3.6252330000000001   -0.0011210000000000    0.0003220000000000
   0.0011950000000000    3.6252190000000000    0.0016460000000000
  -0.0002880000000000   -0.0015150000000000    3.3316040000000000
Mg Li
2 2
direct
   0.6201150000000000    0.6232880000000000    0.6368300000000000 Mg
   0.1202830000000000    0.1232430000000000    0.6365030000000000 Mg
   0.1199110000000000    0.6231380000000000    0.1366970000000000 Li
   0.6202810000000000    0.1232470000000000    0.1366900000000000 Li
EA9     2.558  2.558  4.154 90.00 90.00 120.00 Sym.group:  186
1.0
   1.2797879999999999   -2.2145630000000001    0.0001290000000000
   1.2780560000000001    2.2155209999999999   -0.0019060000000000
   0.0026940000000000    0.0021730000000000    4.1543720000000004
O Be
2 2
direct
   0.3187550000000000    0.6586500000000000    0.1303500000000000 O
   0.6521370000000000    0.3252110000000000    0.6303460000000000 O
   0.6520600000000000    0.3252690000000000    0.0078250000000000 Be
   0.3187180000000000    0.6585320000000000    0.5077120000000001 Be
EA255   2.808  7.269  2.809 89.99 119.98 90.01 Sym.group:  156
1.0
   1.4083650000000001   -0.0007640000000000    2.4297300000000002
   0.0079270000000000    7.2686140000000004   -0.0038130000000000
  -2.8088030000000002    0.0037370000000000    0.0056440000000000
N Si
3 3
direct
   0.5507530000000000    0.1724370000000000    0.9972450000000000 N
   0.8840190000000000    0.9074050000000000    0.6634409999999999 N
   0.8834540000000000    0.4380670000000000    0.6644550000000000 N
   0.8841000000000000    0.1756560000000000    0.6637750000000000 Si
   0.2167830000000000    0.5436650000000000    0.3309670000000000 Si
   0.5505630000000000    0.8060200000000000    0.9970550000000000 Si
EA272   2.821  2.821  5.546 89.92 90.16 119.84 Sym.group:  164
1.0
   2.8214020000000000    0.0030940000000000    0.0052530000000000
  -1.4062340000000000    2.4455480000000001    0.0005210000000000
  -0.0261630000000000   -0.0068980000000000    5.5460919999999998
F Mg
2 2
direct
   0.3251680000000000    0.6632720000000000    0.6423250000000000 F
   0.6577290000000000    0.3290550000000000    0.3590160000000000 F
   0.3229400000000000    0.6630130000000000    0.1933900000000000 Mg
   0.6598600000000000    0.3292440000000000    0.8079980000000000 Mg
EA161   4.663  3.307  3.307 90.00 90.00 90.00 Sym.group:  225
1.0
   4.6632980000000002   -0.0034580000000000    0.0014890000000000
   0.0022380000000000    3.3066650000000002   -0.0021100000000000
  -0.0009630000000000    0.0023220000000000    3.3070949999999999
Mg S
2 2
direct
   0.1267730000000000    0.7812550000000000    0.7745649999999999 Mg
   0.6280880000000000    0.2806070000000000    0.2750160000000000 Mg
   0.1280070000000000    0.2813220000000000    0.2745110000000000 S
   0.6270160000000000    0.7806980000000000    0.7749300000000000 S
EA40    3.302  3.304  5.255 90.00 90.00 119.97 Sym.group:  194
1.0
   3.3019690000000002    0.0002330000000000   -0.0010690000000000
  -1.6505240000000001    2.8620000000000001   -0.0003000000000000
   0.0014970000000000    0.0013480000000000    5.2548159999999999
Al P
2 2
direct
   0.9987549999999999    0.0054590000000000    0.9985550000000000 Al
   0.9988020000000000    0.0054790000000000    0.4985540000000000 Al
   0.6655219999999999    0.3390830000000000    0.7485600000000000 P
   0.3320310000000000    0.6718530000000000    0.2485520000000000 P
EA43    2.375  2.385  5.000 89.99 90.04 90.00 Sym.group:  129
1.0
   2.3750279999999999    0.0002990000000000    0.0165700000000000
  -0.0002360000000000    2.3852609999999999   -0.0065260000000000
  -0.0383010000000000    0.0145730000000000    4.9994470000000000
Be Li
2 2
direct
   0.0068570000000000    0.5065260000000000    0.6047220000000000 Be
   0.5064880000000000    0.0065580000000000    0.3984820000000000 Be
   0.0061030000000000    0.5066880000000000    0.1389080000000000 Li
   0.5072530000000000    0.0064070000000000    0.8642900000000000 Li
EA14    2.461  2.461  4.073 90.00 90.00 120.00 Sym.group:  186
1.0
   2.4611839999999998    0.0001860000000000   -0.0017710000000000
  -1.2306960000000000    2.1314380000000002    0.0008860000000000
   0.0031600000000000    0.0000000000000000    4.0726279999999999
N B
2 2
direct
   0.6728370000000000    0.3458740000000000    0.1324850000000000 N
   0.3397440000000000    0.6799690000000000    0.6324850000000000 N
   0.3395030000000000    0.6792210000000000    0.0064780000000000 B
   0.6730610000000000    0.3466200000000000    0.5064770000000000 B
EA12    2.446  2.445  4.951 90.04 90.14 60.01 Sym.group:  164
1.0
   1.2238709999999999    2.1174430000000002    0.0050860000000000
  -1.2220370000000000    2.1179109999999999    0.0011470000000000
  -0.0159580000000000   -0.0163780000000000    4.9512000000000000
C F
2 2
direct
   0.5732030000000000    0.5824680000000000    0.4103930000000000 C
   0.2392400000000000    0.2492650000000000    0.3130770000000000 C
   0.5750720000000000    0.5818719999999999    0.6815540000000000 F
   0.2371290000000000    0.2495140000000000    0.0419140000000000 F
EA184   2.628  2.628  5.549 76.48 89.99 60.00 Sym.group:  166
1.0
   2.6278120000000000   -0.0009680000000000   -0.0010900000000000
   1.3147050000000000    2.2752759999999999    0.0152080000000000
   0.0035370000000000    1.4601759999999999    5.3531079999999998
N Si
2 2
direct
   0.1769520000000000    0.4017870000000000    0.2829340000000000 N
   0.3939690000000000    0.9685220000000000    0.9215370000000001 N
   0.2838900000000000    0.1855700000000000    0.6022390000000000 Si
   0.7855080000000000    0.1851400000000000    0.1022340000000000 Si
EA1     3.706  2.687  2.687 89.98 68.77 111.23 Sym.group:  139
1.0
   3.7063630000000001   -0.0127100000000000    0.0119180000000000
  -0.9640260000000000    2.5075820000000002   -0.0154630000000000
   0.9661270000000000    0.3877260000000000    2.4767039999999998
C B
2 2
direct
   0.2250170000000000    0.1202560000000000    0.8870150000000000 C
   0.7720690000000000    0.8942380000000000    0.1136900000000000 C
   0.4985170000000000    0.2574860000000000    0.2503560000000000 B
   0.4985700000000000    0.7570080000000000    0.7503500000000000 B
EA105   2.428  2.428  5.036 90.05 90.04 60.01 Sym.group:  164
1.0
   1.2154870000000000   -2.1018800000000000    0.0020810000000000
   2.4280529999999998    0.0019900000000000    0.0042800000000000
  -0.0133960000000000    0.0014390000000000    5.0355910000000002
C Li
2 2
direct
   0.0379250000000000    0.6681760000000000    0.9610740000000000 C
   0.7046490000000000    0.3349480000000000    0.0347930000000000 C
   0.7042840000000000    0.3343490000000000    0.6734100000000000 Li
   0.0382670000000000    0.6689450000000000    0.3224520000000000 Li
