NUMBER OF TEMPLATES 49
COMPOSITION A 3 B
pairs , SPACEGROUPS 
[S Cl] , 162 
[Na Cl] , 123 
[Mg O] , 166 
[B S] , 164 
[C F] , 166 
[P F] , 129 
[Cl Al] , 148 
[Mg H] , 155 
[Li F] , 160 
[P S] , 164 
[C S] , 166 
[F Al] , 127 
[Li Si] , 225 
[F P] , 148 
[Li H] , 162 
[S H] , 107 
[Be F] , 123 
[Si Al] , 160 
[Al C] , 166 
[B C] , 107 
[S Li] , 229 
[N C] , 156 
[Li Mg] , 123 
[Al Be] , 123 
[F Si] , 139 
[Al Li] , 139 
[Mg N] , 164 
[Na P] , 225 
[C B] , 115 
[Na F] , 164 
[Si S] , 229 
[Al S] , 123 
[Al Si] , 123 
[Al Si] , 139 
[Li Cl] , 160 
[Mg S] , 148 
[Li P] , 225 
[Cl Al] , 162 
[H C] , 148 
[Si H] , 166 
[Na H] , 164 
[Li O] , 164 
[Be Li] , 139 
[Si Li] , 191 
[Cl C] , 148 
[Mg P] , 221 
[C P] , 164 
[Li S] , 194 
[N B] , 187 
RANKING VECTORS ENTHALPIES
0:[-331.5686082  -331.56246843 -331.54346475 -331.53948452 -331.51258765 -331.49098691 -331.48406657 -331.48259113 -331.48207766 -331.46212641 -331.45073337 -331.43848351 -331.43749216 -331.4339077  -331.42433482 -331.41077433 -331.40719104 -331.34738693 -331.32970205 -331.32338405 -331.30021573 -331.29930448 -331.27787617 -331.27315089 -331.26981117 -331.25096945 -331.24494127 -331.2418467  -331.24177053 -331.23913472 -331.22921834 -331.21424591 -331.21064492 -331.21048982 -331.20258495 -331.18936018 -331.1865611  -331.15832223 -331.13887651 -331.13217436 -331.13208927 -331.12030104 -331.11596376 -331.10759909 -331.10311194 -331.05553765 -330.92364347 -330.5770522  -329.83443041] 
1:[-1039.56431567 -1039.53458337 -1039.47544736 -1039.47479407 -1039.37770456 -1039.34694599 -1039.34499428 -1039.34333293 -1039.32626367 -1039.31922709 -1039.30143678 -1039.29605919 -1039.29513096 -1039.29507915 -1039.28135505 -1039.24399305 -1039.24375362 -1039.23817644 -1039.22540375 -1039.18940278 -1039.18114316 -1039.16685204 -1039.14639779 -1039.13744643 -1039.13516381 -1039.13420831 -1039.12650218 -1039.12613412 -1039.12357922 -1039.12353374 -1039.10754885 -1039.09563414 -1038.9823413  -1038.95875286 -1038.89993325 -1038.86666653 -1038.86467544 -1038.86164928 -1038.85881485 -1038.85019503 -1038.82175197 -1038.75685296 -1038.74594099 -1038.73234177 -1038.58854621 -1038.57870042 -1038.53749328 -1038.15657467 -1038.05513726] 
2:[-1320.84166537 -1320.81944046 -1320.78577453 -1320.78426614 -1320.76802004 -1320.76662331 -1320.75611759 -1320.75193697 -1320.74733835 -1320.74721933 -1320.6590961  -1320.65895972 -1320.65495378 -1320.65005514 -1320.64564082 -1320.62175942 -1320.61411523 -1320.50393417 -1320.5038353  -1320.48388895 -1320.30698313 -1320.26457763 -1320.21955697 -1320.08745052 -1319.84069113 -1319.82861819 -1319.82827978 -1319.80017677 -1319.74970338 -1319.74960836 -1319.7344322  -1319.69232559 -1319.69086585 -1319.6626883  -1319.63274755 -1319.6099776 -1319.48890846 -1319.48423693 -1319.4698902  -1319.45314294 -1319.31080396 -1319.24716193 -1319.11269921 -1319.09239105 -1319.08847045 -1319.04081339 -1318.96307583 -1318.84344636 -1318.84246677] 
3:[-132.16509091 -132.15112584 -132.04930925 -132.03156875 -132.03020672 -131.99694336 -131.98631581 -131.89836787 -131.88477771 -131.82392895 -131.8107828  -131.80397783 -131.73789345 -131.67444642 -131.67323076 -131.67138709 -131.66033868 -131.65475439 -131.6399066  -131.62765793 -131.6266651  -131.60828786 -131.60114297 -131.59872412 -131.58811394 -131.58706674 -131.55748153 -131.53139873 -131.51086977 -131.46618465 -131.41642518 -131.39150555 -131.32110627 -131.28727587 -131.26576417 -131.08149934 -131.04364147 -130.8959786  -130.77020911 -130.75885949 -130.72845219 -130.72448389 -130.70167757 -130.67424207 -130.66534747 -130.64892897 -130.63868322 -130.63728292 -130.19020438] 
4:[-288.31814605 -288.30729838 -288.23254309 -288.06174555 -287.69757154 -287.49865069 -287.42753148 -287.40802436 -287.02501702 -286.89216567 -286.76573985 -286.64473708 -286.50945117 -286.50869374 -286.49795589 -286.37855944 -286.37383831 -286.30438505 -286.09330106 -286.00716811 -285.85382189 -285.84680359 -285.84652365 -285.77535746 -285.73484686 -285.73209181 -285.73008444 -285.50688648 -285.42796567 -285.31912865 -285.27646053 -285.23603894 -285.20571587 -285.20429449 -285.197181 -285.12629938 -285.12411515 -284.9754629  -284.55850485 -284.55360902 -284.54924974 -284.549186   -284.54886616 -284.54772985 -284.47520054 -284.34311251 -284.3372177  -283.95622519 -283.2365678 ] 
5:[-305.20733256 -305.06984287 -304.91332536 -304.88994104 -304.85620043 -304.83921328 -304.82027007 -304.79702066 -304.78657452 -304.78657169 -304.78230834 -304.7670363  -304.76598757 -304.74507993 -304.7442443 -304.72693519 -304.71157637 -304.70844582 -304.69650946 -304.68551774 -304.67094808 -304.65279923 -304.62822458 -304.62645026 -304.61972939 -304.60681299 -304.60507743 -304.59606497 -304.59087182 -304.58118124 -304.55809985 -304.54759318 -304.5426617  -304.54249377 -304.54043372 -304.52350357 -304.52316927 -304.52184231 -304.52164435 -304.50863159 -304.49776292 -304.4490615  -304.32355323 -304.18770638 -304.1869811 -304.15217866 -304.00392284 -303.98348795 -302.88242427] 
6:[-346.69878809 -346.69797686 -346.69314406 -346.69142265 -346.68780703 -346.67579772 -346.60053141 -346.08920577 -346.08899213 -346.08307209 -346.08134106 -346.06063734 -346.03385383 -346.03293622 -346.03019542 -346.001575   -345.98252423 -345.84470356 -345.84266328 -345.79679239 -345.79629529 -345.79589979 -345.79525804 -345.79408448 -345.79355795 -345.78962539 -345.77999047 -345.76325328 -345.7608434  -345.75798391 -345.72574965 -345.72139953 -345.5097209  -345.40879183 -345.37282504 -345.34639404 -345.3304955  -345.31245769 -345.30987878 -345.27107232 -345.14677493 -345.09038762 -345.00452948 -344.99073468 -344.89218208 -344.88518069 -344.85258574 -344.79852415 -344.32409073] 
7:[-1211.55122168 -1211.54666993 -1211.53309793 -1211.53231474 -1211.53169173 -1211.53168111 -1211.52590738 -1211.51395682 -1211.50535087 -1211.50480997 -1211.50370477 -1211.49111465 -1211.480005   -1211.41844552 -1211.3974685  -1211.34614882 -1211.33644379 -1211.32426352 -1211.31836113 -1211.27300391 -1211.21232669 -1211.2074397  -1211.20337817 -1211.11553549 -1211.09688014 -1210.98443228 -1210.98060442 -1210.96361756 -1210.87480493 -1210.86944457 -1210.86163401 -1210.85783491 -1210.85508297 -1210.85227716 -1210.84513546 -1210.81045456 -1210.80503875 -1210.80016092 -1210.78713655 -1210.78057592 -1210.78033472 -1210.76488618 -1210.72364335 -1210.72364008 -1210.72362742 -1210.53623051 -1210.35904084 -1210.34673795 -1210.33050217] 
8:[-312.52964596 -312.50223946 -312.49312207 -312.49136059 -312.48649732 -312.45830026 -312.44502013 -312.44494981 -312.44410072 -312.43543505 -312.43384989 -312.4337252  -312.43355918 -312.41168821 -312.4116014 -312.4111142  -312.38068131 -312.3331465  -312.33207321 -312.3245543 -312.31586076 -312.2483957  -312.21273474 -312.17566148 -312.16646234 -312.09543739 -312.090019   -312.03580255 -312.03565733 -312.03290285 -312.02473431 -312.00045343 -311.95515584 -311.94788673 -311.93898907 -311.90971562 -311.79772868 -311.76153735 -311.74363775 -311.72177783 -311.66323792 -311.63180539 -311.61885273 -311.59446282 -311.55432287 -311.5530651  -311.55029597 -311.43842553 -311.43800531] 
9:[-212.0730089  -212.07044307 -212.05626085 -212.05216509 -212.04647991 -212.04589698 -212.04381755 -212.04307553 -212.04278768 -212.04162034 -211.92363603 -211.85486106 -211.8494037  -211.84278847 -211.83992925 -211.82957071 -211.81935786 -211.7846392  -211.76901817 -211.75802782 -211.75767227 -211.75427396 -211.73311206 -211.7228093  -211.7174887 -211.71708819 -211.7096465  -211.7042447  -211.70305436 -211.70214544 -211.69642602 -211.68590925 -211.68339578 -211.68277065 -211.6714567 -211.65981824 -211.65853614 -211.60979779 -211.58884728 -211.58450289 -211.58212444 -211.58130393 -211.54443116 -211.46361238 -211.42563166 -211.29747682 -210.97637376 -210.69548724 -210.12181564] 
10:[-195.12307295 -195.02877686 -194.66222173 -194.49344168 -194.43305138 -194.42555262 -194.38020808 -194.37757284 -194.37045802 -194.36882158 -194.33187187 -194.24246449 -194.23778896 -194.23711319 -194.0598486 -194.03275694 -193.9466712  -193.66870774 -193.39534838 -193.30073888 -193.27769123 -193.27144969 -193.24523128 -193.23357758 -193.20537762 -193.17678643 -193.16714226 -193.11898365 -193.11699031 -193.04237382 -193.0398457  -193.03967961 -193.03967079 -192.86275238 -192.76242966 -192.56834418 -192.45219863 -192.43758889 -192.33764931 -191.95730239 -191.95730188 -191.95258642 -191.92123127 -191.92023015 -191.91647244 -191.88269501 -191.88227188 -191.75572282 -191.55172618] 
11:[-517.57818026 -517.56080986 -517.55900561 -517.54759056 -517.54497854 -517.53904649 -517.45015129 -517.44662185 -517.39214969 -517.35760523 -517.35754131 -517.20181491 -517.15982062 -517.12672835 -517.10300773 -516.97384766 -516.95501907 -516.81986963 -516.81513104 -516.73080083 -516.68649752 -516.6811008  -516.68053092 -516.67015105 -516.64321768 -516.61690484 -516.61260189 -516.61231978 -516.59975872 -516.5994541 -516.55118883 -516.55078839 -516.52751272 -516.51973354 -516.47531179 -516.4749225  -516.43516277 -516.31383358 -516.31293409 -516.24981056 -516.23313539 -516.20874305 -516.20862617 -515.08743174 -514.90600839 -514.56415585 -514.34473456 -514.3008746  -514.20733709] 
12:[-172.69147892 -172.68148162 -172.68092975 -172.68092259 -172.67458573 -172.67443567 -172.67073217 -172.66882778 -172.55742905 -172.55098714 -172.54120989 -172.53876029 -172.53808119 -172.52797269 -172.49382506 -172.44725542 -172.44462076 -172.444421   -172.44364214 -172.44338869 -172.43187505 -172.36342444 -172.32703105 -172.26588233 -172.25333197 -172.20400465 -172.18886973 -172.18639817 -172.18568792 -172.18551845 -172.18286636 -172.1366011  -172.12652501 -172.12478664 -172.09354698 -172.09346646 -172.08869933 -172.06418371 -172.00227359 -171.99146227 -171.94278    -171.94252168 -171.92707044 -171.85828063 -171.84037206 -171.81567066 -171.77610149 -171.58539169 -170.60822326] 
13:[-547.31641182 -547.24171419 -547.04533284 -546.95329704 -546.95043626 -546.93585553 -546.93301733 -546.84747884 -546.82239482 -546.77052042 -546.70987337 -546.66222721 -546.53432313 -546.48339849 -546.46920413 -546.45266967 -546.44686361 -546.44510768 -546.44473779 -546.42358779 -546.42256453 -546.41014055 -546.39236393 -546.37485544 -546.32597072 -546.25576221 -546.24847267 -546.24555191 -546.21205609 -546.1868798 -546.16308383 -546.08541727 -546.08419728 -546.05912927 -545.9734743 -545.97310178 -545.82907312 -545.72673509 -545.66970534 -545.64416653 -545.61560288 -545.6114501  -545.60355415 -545.59681853 -545.58918486 -545.57805547 -545.4882615  -545.46740684 -544.98144137] 
14:[-148.41555321 -148.41503135 -148.414627   -148.40883331 -148.4080886 -148.40096984 -148.40010936 -148.39710576 -148.39402483 -148.39371651 -148.3918273  -148.38855356 -148.38625663 -148.38061097 -148.38052868 -148.37884928 -148.37665875 -148.36369275 -148.35513595 -148.34812838 -148.27729618 -148.26836864 -148.24508615 -148.17964418 -148.17510198 -148.15906845 -148.14521412 -148.1281663  -148.10897269 -148.01837989 -147.9574157  -147.9489671  -147.94887035 -147.94117482 -147.93825124 -147.93087202 -147.91042521 -147.82798868 -147.82541148 -147.81257349 -147.77543552 -147.73257676 -147.71965247 -147.71806268 -147.71678352 -147.7125989  -147.7122614  -147.70149303 -147.66101752] 
15:[-225.05507223 -225.02855256 -225.00945917 -224.99750888 -224.9458818 -224.93884861 -224.93741041 -224.8958444  -224.8948234  -224.88479239 -224.86962259 -224.84825836 -224.82742703 -224.80573197 -224.78876015 -224.78204656 -224.77643119 -224.76495691 -224.76329405 -224.76260071 -224.76203057 -224.75944722 -224.7583964  -224.75808898 -224.75669834 -224.74398981 -224.72345738 -224.72065962 -224.71919362 -224.70210113 -224.69732544 -224.68811923 -224.66325766 -224.63189101 -224.5629675 -224.55649059 -224.54591835 -224.44269535 -224.43105858 -224.40911659 -224.40294602 -224.39821238 -224.38476211 -224.37888128 -224.3750052 -224.37332971 -224.36431478 -224.35038001 -224.33745319] 
16:[-450.27833128 -450.2664872  -450.07977768 -449.96017168 -449.95682787 -449.94927783 -449.86158198 -449.86153891 -449.861475   -449.83944083 -449.83536869 -449.80294875 -449.76930293 -449.71798507 -449.70397709 -449.70226648 -449.64539671 -449.63544345 -449.61111859 -449.55808107 -449.53506742 -449.51036751 -449.49028846 -449.48924212 -449.39740372 -449.38081201 -449.37547476 -449.35571365 -449.33866184 -449.30776702 -449.30528757 -449.29868469 -449.20088084 -449.15152218 -449.12671946 -449.10321536 -449.04688684 -449.03430297 -448.95471384 -448.8691506 -448.7918694  -448.75284194 -448.71764504 -448.70632216 -448.56250232 -448.45359053 -448.45344556 -448.45277512 -448.40399218] 
17:[-97.90141301 -97.90117457 -97.88359121 -97.8565135  -97.85376751 -97.85363967 -97.85347955 -97.84861408 -97.84827222 -97.84730531 -97.84715539 -97.84606423 -97.83842231 -97.83516584 -97.83238826 -97.81601809 -97.80603278 -97.8058708  -97.80162631 -97.79708025 -97.7764926  -97.77488879 -97.7715328  -97.77028703 -97.77026823 -97.76811866 -97.76754992 -97.70297616 -97.70240557 -97.69501141 -97.67800107 -97.64223658 -97.58379926 -97.56998828 -97.56217602 -97.54591033 -97.54020946 -97.50269613 -97.46940599 -97.40932075 -97.35660258 -97.31824031 -97.3119406  -97.30511512 -97.30219867 -97.2422899  -96.57475957 -96.5553285  -95.30023071] 
18:[-84.59368969 -84.57304623 -84.56038126 -84.55907048 -84.55642769 -84.52089257 -84.49072422 -84.48868733 -84.47448147 -84.47044216 -84.46516746 -84.4423336  -84.41684744 -84.41245696 -84.40027871 -84.3681585  -84.35115031 -84.14625466 -84.12728904 -84.11997586 -84.07733743 -83.9479597  -83.8649159  -83.84774204 -83.74380974 -83.73904683 -83.72494119 -83.72166427 -83.67969531 -83.60749339 -83.60583913 -83.60114786 -83.60027277 -83.59323558 -83.58572029 -83.58257733 -83.55475368 -83.53218937 -83.52913393 -83.50850215 -83.42632047 -83.39273749 -83.36513289 -83.24101155 -83.23801285 -83.14926109 -82.98674264 -82.9345663  -82.90507525] 
19:[-98.80846565 -98.71836558 -98.6136942  -98.4740327  -98.4509382 -98.42547589 -98.3666622  -98.25531692 -98.23827758 -98.22926815 -98.15903832 -98.09613561 -98.05573033 -98.04564441 -98.04204348 -98.01301138 -98.00845276 -98.00489883 -97.96624034 -97.95306278 -97.95057343 -97.94842776 -97.87661478 -97.8580235  -97.79043564 -97.7904145  -97.78892716 -97.77261975 -97.73780461 -97.73676458 -97.72494904 -97.7242428  -97.68369506 -97.60458988 -97.50470258 -97.39172609 -97.37640601 -97.35442728 -97.29648908 -97.13830583 -97.13615369 -97.04052333 -97.03944404 -96.95881131 -96.94932709 -96.93534321 -96.72362179 -96.72362144 -96.68703583] 
20:[-270.37968927 -270.37952445 -270.37463719 -270.37205292 -270.3465322 -270.34518149 -270.3425697  -270.30498907 -270.30054811 -270.18907189 -270.1822609  -270.15860349 -270.0330425  -270.02759978 -270.02737398 -270.02120067 -270.01183279 -269.98727156 -269.96431872 -269.96316342 -269.95602241 -269.95318054 -269.94683768 -269.94552601 -269.94097019 -269.93276189 -269.9281539  -269.92301152 -269.89346554 -269.85248272 -269.85207901 -269.84723171 -269.83706281 -269.82631987 -269.82100922 -269.80808682 -269.78661135 -269.78577653 -269.77393766 -269.76774305 -269.76465626 -269.73829231 -269.72428014 -269.71986216 -269.71100506 -269.7037166  -269.62681425 -269.39131328 -269.28516283] 
21:[-249.44131295 -249.4322344  -249.20946305 -249.19854533 -249.16887777 -248.99956658 -248.96566947 -248.94042239 -248.70878098 -248.70017937 -248.69706478 -248.65560581 -248.53414367 -248.45239191 -248.44607755 -248.44134981 -248.41175548 -248.37543626 -248.37501173 -248.35995791 -248.35476898 -248.29274685 -248.2602046  -248.14422196 -248.1243246 -248.12392392 -247.8614829  -247.83354233 -247.83349854 -247.81298807 -247.7927145  -247.76419683 -247.72836624 -247.60978035 -247.60939874 -247.60931472 -247.37177414 -247.27654722 -246.39442969 -246.38794423 -246.30777492 -246.30776814 -246.30488183 -246.30429656 -246.30019005 -246.30013708 -246.28863392 -246.246697   -245.97885423] 
22:[-546.93180751 -546.93073817 -546.92948359 -546.9287961  -546.92463823 -546.9236942  -546.92354902 -546.91778113 -546.91757194 -546.91753045 -546.91748684 -546.91463955 -546.91453155 -546.91097916 -546.91086461 -546.90976958 -546.90907088 -546.90899354 -546.89608945 -546.8915537 -546.89125666 -546.88992122 -546.87946451 -546.87831811 -546.87818198 -546.85164047 -546.83731573 -546.83453096 -546.83433874 -546.82739815 -546.82382572 -546.73493874 -546.7171871  -546.7100006  -546.70480737 -546.70295027 -546.69939431 -546.69521574 -546.69355842 -546.68804349 -546.64622418 -546.64129752 -546.58706407 -546.54017117 -546.47834637 -546.4273266  -546.25498128 -546.18182165 -545.21270317] 
23:[-138.31657083 -138.30823016 -138.30148944 -138.29102975 -138.21803257 -138.21026224 -138.20162507 -138.19809045 -138.19757897 -138.18446297 -138.17912934 -138.17145346 -138.16599973 -138.15257564 -138.14642881 -138.14037738 -138.13967922 -138.13614136 -138.10972519 -138.08476328 -138.07681828 -138.06635002 -138.06479793 -138.06045787 -138.04832336 -138.0403182  -138.039589   -138.03133235 -137.99217531 -137.96972175 -137.96308609 -137.92635578 -137.90653073 -137.87672194 -137.86222224 -137.85785691 -137.81445849 -137.66673234 -137.62966923 -137.59436958 -137.56222264 -137.53037628 -137.51832355 -137.47807946 -137.15415113 -137.15142967 -137.09946091 -136.90373812 -136.54650125] 
24:[-529.75976727 -529.74546338 -529.74492243 -529.46723179 -529.14901484 -529.06896151 -529.03596056 -528.97617561 -528.95439611 -528.95202407 -528.89808341 -528.83104865 -528.75664811 -528.73132924 -528.72800546 -528.67012135 -528.65626066 -528.6158362  -528.54998512 -528.54797624 -528.50388756 -528.47561702 -528.47438863 -528.47412186 -528.47407617 -528.47068913 -528.46580419 -528.46369259 -528.46200058 -528.44820608 -528.4224701  -528.34967642 -528.27450653 -528.22215626 -528.22127201 -528.2093282  -528.17630479 -528.17327803 -528.03277976 -527.9160077 -527.70336656 -527.6922996  -527.67248332 -527.67140671 -527.66284806 -527.63155431 -527.47838545 -527.31707875 -527.29945873] 
25:[-92.29051173 -92.28423764 -92.28336024 -92.28317136 -92.28287616 -92.26820952 -92.2659712  -92.26576724 -92.26281967 -92.25317563 -92.24561479 -92.24541177 -92.23366971 -92.22797068 -92.20794777 -92.20779364 -92.2073731  -92.20463179 -92.20067    -92.19873863 -92.19109252 -92.16974941 -92.13964866 -92.1355273  -92.08515413 -92.08469269 -92.07735938 -92.04177957 -91.99083409 -91.97340155 -91.96417654 -91.91271989 -91.89924987 -91.8903744  -91.87341685 -91.86981372 -91.86802207 -91.84283505 -91.73963606 -91.69583714 -91.637108   -91.63107963 -91.62595744 -91.61433233 -91.24625878 -91.24149285 -91.07722246 -90.67748917 -90.50074819] 
26:[-1278.43575224 -1278.43210169 -1278.42741413 -1278.42298757 -1278.42269661 -1278.42265518 -1278.42247343 -1278.41759688 -1278.41411726 -1278.40978809 -1278.4011619  -1278.40043588 -1278.38769651 -1278.3758129  -1278.26214429 -1278.23139747 -1278.23081968 -1278.22613348 -1278.12149912 -1277.96396822 -1277.75059428 -1277.73989465 -1277.72292549 -1277.70928274 -1277.6848114  -1277.68343107 -1277.68021871 -1277.67658779 -1277.67009682 -1277.63874796 -1277.62944475 -1277.62094157 -1277.56504899 -1277.46854727 -1277.43146054 -1277.37491736 -1277.34566842 -1277.2965575  -1277.26257268 -1277.2540659 -1277.2523946  -1277.15249597 -1276.98321802 -1276.94957204 -1276.91074554 -1276.74426421 -1276.74117579 -1276.69862862 -1276.01116554] 
27:[-975.27466073 -975.27410385 -975.27403284 -975.27402716 -975.27368029 -975.27323929 -975.2726302  -975.27261694 -975.26637639 -974.99917711 -974.99831102 -974.97595124 -974.93516389 -974.9332493  -974.93282802 -974.91744045 -974.90674397 -974.87396554 -974.75004624 -974.74593251 -974.72413062 -974.68501625 -974.67766358 -974.65678892 -974.57216546 -974.56242612 -974.55934151 -974.4566873  -974.43223573 -974.43123246 -974.43053232 -974.41426778 -974.41100913 -974.40969204 -974.40267584 -974.35900425 -974.33977846 -974.32107106 -974.3034569  -974.23579627 -974.20601149 -974.199367   -974.1339873  -973.99769754 -973.92154568 -973.91068081 -973.66950112 -973.42104168 -972.99611242] 
28:[-140.84077301 -140.79323567 -140.75913201 -140.75506129 -140.75108224 -140.49725009 -140.40403282 -140.32956788 -140.30619855 -140.17222876 -140.01383431 -139.68108538 -139.6548889  -139.64830927 -139.64689369 -139.62162486 -139.61656854 -139.49810639 -139.47793889 -139.37573025 -139.37566304 -139.10692857 -139.09501614 -139.04809381 -139.03023768 -139.01379294 -139.00741382 -139.00590274 -138.81668974 -138.81499815 -138.81499238 -138.72915178 -138.55332841 -138.40917116 -138.34064364 -138.25858708 -138.18207136 -137.816889   -137.68507523 -137.39210455 -137.37266886 -137.37067155 -137.33095555 -137.32761248 -137.32761063 -137.32268168 -137.32268128 -137.31616757 -137.17200007] 
29:[-1096.44786163 -1096.38595373 -1096.37860177 -1096.37829925 -1096.37782077 -1096.3581926  -1096.34730383 -1096.34672391 -1096.34647325 -1096.34120056 -1096.29807858 -1096.28055467 -1096.28045808 -1096.26581728 -1096.26366867 -1096.25155921 -1096.21060683 -1096.20295594 -1096.1993766  -1096.06665714 -1096.04572046 -1096.03581673 -1096.02868945 -1096.02427457 -1096.01276027 -1096.01020386 -1096.00984689 -1095.98487782 -1095.9354002  -1095.90911471 -1095.8943044  -1095.89420356 -1095.89334254 -1095.86232869 -1095.83092899 -1095.81184051 -1095.80603522 -1095.79110512 -1095.79081446 -1095.75234202 -1095.74544783 -1095.72497998 -1095.69715422 -1095.65665737 -1095.65482298 -1095.54346709 -1095.52974975 -1095.45837795 -1095.40565173] 
30:[-157.07032269 -157.05558967 -157.04052694 -157.01624543 -157.00801909 -157.00292151 -157.00162099 -156.98434327 -156.98268509 -156.97386582 -156.97153221 -156.96351243 -156.95002152 -156.94537107 -156.94372376 -156.94315237 -156.94123487 -156.94112586 -156.9368846  -156.91583915 -156.91027951 -156.89595817 -156.89147254 -156.85703245 -156.83807405 -156.8281921  -156.80602705 -156.80456288 -156.80382817 -156.80243774 -156.78382027 -156.78135789 -156.77621333 -156.76938534 -156.76626017 -156.76617818 -156.76572305 -156.75804759 -156.75694595 -156.75682822 -156.7557857  -156.7285323  -156.72361762 -156.70255811 -156.67941437 -156.6308689  -156.07772188 -155.71678192 -154.95586512] 
31:[-118.21325583 -118.20939434 -118.16903148 -118.06910513 -118.05372223 -118.05313497 -118.03394947 -118.02243892 -118.02188314 -118.020475 -118.01831518 -118.00818291 -117.99888509 -117.9926929  -117.98886473 -117.95951356 -117.95031919 -117.94528457 -117.93089642 -117.92973697 -117.91698493 -117.89832405 -117.88685473 -117.87573123 -117.87407834 -117.8740456  -117.853405   -117.85066937 -117.83128697 -117.81881192 -117.81868086 -117.79891812 -117.78051401 -117.76793968 -117.71946572 -117.70948106 -117.69880694 -117.67650344 -117.66764228 -117.65167788 -117.56826611 -117.55912889 -117.54742041 -117.51437579 -117.50439945 -117.45212765 -116.81878279 -116.62909745 -116.00321612] 
32:[-72.37145719 -71.86180349 -71.84504253 -71.84434806 -71.83542287 -71.83516678 -71.83497242 -71.8317177  -71.83131986 -71.82664462 -71.81837213 -71.79768562 -71.78874894 -71.78845669 -71.78840387 -71.78041747 -71.77893721 -71.77860195 -71.74955504 -71.70159156 -71.69902476 -71.6885859  -71.68432085 -71.68430098 -71.66573763 -71.63975588 -71.637431   -71.63203756 -71.61084986 -71.58132637 -71.54741512 -71.49325148 -71.48144867 -71.47265271 -71.47218577 -71.44263092 -71.43483648 -71.39271198 -71.3487428  -71.32528198 -71.29396834 -71.27661586 -71.2340519  -70.90269565 -70.88596908 -70.84656368 -70.36323014 -70.15079238 -69.39122038] 
33:[-72.37145719 -71.86180349 -71.84504253 -71.84434806 -71.83542287 -71.83516678 -71.83497242 -71.8317177  -71.83131986 -71.82664462 -71.81837213 -71.79768562 -71.78874894 -71.78845669 -71.78840387 -71.78041747 -71.77893721 -71.77860195 -71.74955504 -71.70159156 -71.69902476 -71.6885859  -71.68432085 -71.68430098 -71.66573763 -71.63975588 -71.637431   -71.63203756 -71.61084986 -71.58132637 -71.54741512 -71.49325148 -71.48144867 -71.47265271 -71.47218577 -71.44263092 -71.43483648 -71.39271198 -71.3487428  -71.32528198 -71.29396834 -71.27661586 -71.2340519  -70.90269565 -70.88596908 -70.84656368 -70.36323014 -70.15079238 -69.39122038] 
34:[-255.66138939 -255.6611159  -255.64788616 -255.64785307 -255.64625657 -255.64619286 -255.64332778 -255.55743443 -255.55655395 -255.55361038 -255.54316038 -255.53897225 -255.53791895 -255.53095984 -255.51322072 -255.46925453 -255.4566572  -255.45355218 -255.44356912 -255.43362877 -255.43308489 -255.43145715 -255.42033265 -255.31588974 -255.31213204 -255.31204196 -255.30906654 -255.29084327 -255.28850716 -255.2863223 -255.17161808 -255.15961831 -255.15777129 -255.11921211 -255.10665028 -255.09830084 -255.06288465 -255.03068938 -255.03067457 -255.01666445 -254.96383205 -254.93596323 -254.85954238 -254.85319419 -254.83683812 -254.83656194 -254.72412032 -254.54901069 -254.4946299 ] 
35:[-1282.33558616 -1282.32896263 -1282.32239168 -1282.21291074 -1282.19497336 -1282.12427708 -1282.12315244 -1282.12284041 -1282.11980633 -1282.10823326 -1282.09928291 -1282.09099329 -1282.09023    -1282.08118464 -1282.06068014 -1282.06040634 -1282.03632765 -1282.03521335 -1282.02990566 -1282.02743609 -1282.01995743 -1282.01751353 -1282.00919582 -1281.97692968 -1281.97443943 -1281.92843658 -1281.90741805 -1281.83828583 -1281.82088047 -1281.80516115 -1281.75439705 -1281.74756959 -1281.74695101 -1281.72511    -1281.66651588 -1281.65432952 -1281.56036372 -1281.52898857 -1281.51124407 -1281.50613977 -1281.47573297 -1281.46582764 -1281.38418711 -1281.24805145 -1281.22404807 -1281.00253319 -1280.73712357 -1280.65234602 -1280.50141047] 
36:[-191.65793881 -191.65588319 -191.65569531 -191.65465725 -191.65465254 -191.64511833 -191.64428079 -191.63557078 -191.632182   -191.41905994 -191.41562715 -191.39179836 -191.38170868 -191.32596654 -191.29999721 -191.28541004 -191.26449446 -191.26285227 -191.26280865 -191.26192133 -191.12874182 -191.01342354 -190.98226078 -190.97660362 -190.94992599 -190.90116738 -190.88389698 -190.87607516 -190.82506761 -190.7274428 -190.7101895  -190.70895878 -190.7087614  -190.69757999 -190.69485128 -190.69474718 -190.68431763 -190.67969016 -190.67780533 -190.65439983 -190.64693182 -190.6340674  -190.53004018 -190.52428711 -190.44694902 -190.32964371 -190.24908098 -190.13517776 -189.72032419] 
37:[-346.69878809 -346.69797686 -346.69314406 -346.69142265 -346.68780703 -346.67579772 -346.60053141 -346.08920577 -346.08899213 -346.08307209 -346.08134106 -346.06063734 -346.03385383 -346.03293622 -346.03019542 -346.001575   -345.98252423 -345.84470356 -345.84266328 -345.79679239 -345.79629529 -345.79589979 -345.79525804 -345.79408448 -345.79355795 -345.78962539 -345.77999047 -345.76325328 -345.7608434  -345.75798391 -345.72574965 -345.72139953 -345.5097209  -345.40879183 -345.37282504 -345.34639404 -345.3304955  -345.31245769 -345.30987878 -345.27107232 -345.14677493 -345.09038762 -345.00452948 -344.99073468 -344.89218208 -344.88518069 -344.85258574 -344.79852415 -344.32409073] 
38:[-51.57049317 -51.55092755 -51.55077808 -51.55043699 -51.37618679 -51.34158039 -51.27007033 -51.04709067 -50.98722201 -50.97689399 -50.93056745 -50.91140351 -50.8985206  -50.8966263  -50.73307392 -50.7179962  -50.61014098 -50.56026256 -50.55783254 -50.46371483 -50.46190469 -50.45999567 -50.45337484 -50.44924903 -50.44800985 -50.43463054 -50.367999   -50.34108548 -50.32912335 -50.32528489 -50.24532513 -50.23471934 -50.22836048 -50.2265223  -50.19671747 -50.15575108 -50.14867611 -50.1041924  -50.05739633 -50.05345099 -50.01784172 -50.01687377 -50.01686443 -49.98238356 -49.94895218 -49.86891911 -49.8689191  -49.86665546 -49.83245465] 
39:[-86.91072182 -86.67091917 -86.66463354 -86.65930123 -86.62973321 -86.6261371  -86.6238306  -86.61758473 -86.6149592  -86.61329575 -86.61074178 -86.58059175 -86.57873408 -86.56978616 -86.56212715 -86.56162061 -86.55244235 -86.54757608 -86.53852495 -86.53581223 -86.53530475 -86.53067289 -86.52275361 -86.51538211 -86.48562585 -86.45234132 -86.45089983 -86.44519328 -86.44038077 -86.41875354 -86.41475129 -86.41075522 -86.40624731 -86.39820485 -86.38974072 -86.389206   -86.38865814 -86.3842928  -86.36203568 -86.35697291 -86.35546641 -86.35177241 -86.3392193  -86.28956712 -86.28624965 -86.16345911 -85.94929485 -85.92972951 -85.90764399] 
40:[-932.1474425  -932.14654112 -932.14648832 -932.14635096 -932.14054431 -932.12858094 -932.12315576 -932.11681704 -932.11675943 -932.11659284 -932.10803909 -932.10755403 -932.10631296 -932.09497941 -932.09438796 -932.08187519 -932.04951342 -932.02101788 -932.01773011 -931.96067042 -931.88189859 -931.87581397 -931.85897439 -931.85772306 -931.85378819 -931.80617056 -931.8059014  -931.80519436 -931.7752945  -931.76408544 -931.73268136 -931.73233918 -931.73204001 -931.73024392 -931.72485756 -931.72474892 -931.7238891  -931.72339623 -931.70975794 -931.69673524 -931.66335334 -931.57057443 -931.56021901 -931.55775625 -931.54739272 -931.54161098 -931.49747289 -931.25315336 -930.98785179] 
41:[-257.71689256 -257.71687484 -257.65060298 -257.64551184 -257.64506667 -257.63788417 -257.57099134 -257.48438018 -257.4839141  -257.48223663 -257.47894925 -257.47494779 -257.45557381 -257.44445818 -257.44441999 -257.43862573 -257.41755496 -257.39911766 -257.39898449 -257.37009018 -257.36618864 -257.35149839 -257.32698447 -257.29222316 -257.29085811 -257.26916238 -257.26868266 -257.26852623 -257.23433138 -257.22634098 -257.11053625 -257.10260218 -257.10138963 -257.09859282 -257.05720397 -256.87369514 -256.86309249 -256.86299986 -256.8620526  -256.84202832 -256.6752193  -256.65790797 -256.65187262 -256.61596989 -256.59603244 -256.52177164 -256.42162096 -256.40660087 -255.93294463] 
42:[-331.24896552 -331.2371257  -331.22479064 -331.22476141 -331.22125539 -331.2176933  -331.21712692 -331.21683505 -331.20508735 -331.20266909 -331.17630709 -331.1645821  -331.1624803  -331.1553795  -331.15088199 -331.14710919 -331.14663606 -331.14653929 -331.14552758 -331.11934129 -331.10825514 -331.07524741 -331.07032355 -331.06227946 -331.06158562 -331.0356107  -331.0058767  -331.00061402 -330.99617665 -330.96973223 -330.93312927 -330.88975056 -330.86405037 -330.83437665 -330.83430721 -330.82892908 -330.72388131 -330.68919893 -330.67252078 -330.63496978 -330.60202819 -330.56041645 -330.55794144 -330.42305043 -330.15784247 -330.13698369 -330.07746    -329.37469703 -328.90269695] 
43:[-131.55057182 -131.55051525 -131.54898086 -131.54189835 -131.54164487 -131.54101834 -131.51861484 -131.50262402 -131.50058917 -131.49241316 -131.49096194 -131.48180152 -131.4252505  -131.42453271 -131.41188624 -131.40315045 -131.39886389 -131.39066885 -131.37240459 -131.37126427 -131.37064295 -131.36170488 -131.35939191 -131.35617431 -131.35307079 -131.34682629 -131.34034369 -131.33886649 -131.30866261 -131.2846265 -131.22941064 -131.2261092  -131.19327218 -131.1866217  -131.15319932 -131.1315468  -131.12638498 -131.09816283 -131.06416056 -131.03114859 -130.9641589  -130.9436354  -130.88519441 -130.78558979 -130.75911407 -130.47803765 -130.4734114  -130.29127534 -129.94107251] 
44:[-370.93252447 -370.70128098 -370.59188963 -370.52237263 -370.52116363 -370.40350641 -370.22035728 -370.19577647 -370.08125114 -370.08104594 -370.02499661 -369.98352521 -369.9226037  -369.88715873 -369.88679402 -369.85844381 -369.84609465 -369.84536708 -369.8429584  -369.83860855 -369.83436046 -369.80613388 -369.8046932  -369.76346103 -369.75876084 -369.74696062 -369.65104572 -369.64539902 -369.61453455 -369.56436665 -369.48245155 -369.47438519 -369.43034555 -369.41250738 -369.35410247 -369.27418816 -369.18665013 -369.18513562 -369.18513547 -369.17604362 -369.1697682  -369.16693278 -369.10823465 -369.10451867 -369.02201677 -368.98962337 -368.94238906 -368.90212371 -368.8972941 ] 
45:[-1254.308421   -1254.30765204 -1254.3010051  -1254.30087635 -1254.29995424 -1254.29449316 -1254.26045527 -1254.25713818 -1254.22332897 -1254.22322727 -1254.22056016 -1254.157181 -1254.08171083 -1254.06970839 -1254.03247958 -1253.9938332 -1253.97251531 -1253.94670538 -1253.94629736 -1253.93936815 -1253.93812226 -1253.9284565  -1253.92333987 -1253.91727356 -1253.91170573 -1253.90951638 -1253.90824614 -1253.81915545 -1253.79922118 -1253.79605251 -1253.7587601  -1253.72590234 -1253.71807313 -1253.69436594 -1253.69379801 -1253.6818126 -1253.54515108 -1253.54198334 -1253.52716771 -1253.49917883 -1253.43110008 -1253.29960549 -1253.2189292  -1253.20898577 -1253.20408573 -1252.82292577 -1252.77482957 -1252.56062736 -1252.33578259] 
46:[-167.43594421 -167.40628769 -166.99865255 -166.97966078 -166.93043837 -166.91773201 -166.86015699 -166.82795907 -166.79415204 -166.75640461 -166.71687147 -166.6805839  -166.67656102 -166.64786863 -166.53373881 -166.50548727 -166.44515856 -166.36767906 -166.12255139 -165.8370641 -165.81540846 -165.81475734 -165.81199642 -165.70711146 -165.6832714 -165.65953979 -165.64088879 -165.61093777 -165.58861599 -165.58860499 -165.58773075 -165.54518511 -165.29248521 -165.22827082 -165.16654942 -164.98418233 -164.76414616 -164.75665208 -164.43190088 -164.41941095 -164.4194106  -164.41623077 -164.40797836 -164.40778759 -164.39346763 -164.39179594 -164.3832923  -164.25674315 -164.10790168] 
47:[-219.74334525 -219.73842896 -219.73839619 -219.73731005 -219.73179408 -219.73102155 -219.71657851 -219.69558036 -219.69460043 -219.63966757 -219.55698303 -219.54870038 -219.53933495 -219.52523738 -219.52013133 -219.51327501 -219.41937144 -219.41916821 -219.40454127 -219.40453695 -219.40047159 -219.40025363 -219.35901396 -219.3585048  -219.29451374 -219.21266776 -219.19915548 -219.17793382 -219.16723462 -219.16142534 -219.15747296 -219.10455397 -219.10434471 -219.0917856  -219.0851055 -219.07367237 -219.0051012  -218.98329406 -218.95304335 -218.90811376 -218.89992544 -218.87496324 -218.71898413 -218.58109145 -218.51814119 -218.29002595 -218.26536708 -218.23592753 -218.23528283] 
48:[-229.35032773 -229.34998479 -229.05581046 -229.01609889 -228.9663785 -228.96529219 -228.91862065 -228.73084856 -228.6546425  -228.64678106 -228.58185994 -228.5001111  -228.46279778 -228.4081464  -228.27780879 -228.27256504 -228.20789412 -228.15597744 -228.0336917  -227.95493994 -227.95192117 -227.92277275 -227.92102171 -227.78518177 -227.73914355 -227.73909033 -227.73451424 -227.70001386 -227.62418827 -227.62415154 -227.6236545  -227.54916016 -227.25148014 -227.20098106 -226.94614001 -226.90111896 -226.79435422 -226.57451929 -226.57430446 -226.56706104 -226.30068515 -226.30006068 -226.24616657 -226.24540347 -226.24539761 -226.24322453 -226.24073238 -226.24073211 -225.93921843] 
RANKING VECTORS IDX
0:[ 0. 37. 18.  2. 26.  5. 40. 38.  3. 29. 44.  4. 14. 46. 35. 43.  9. 10. 13. 21.  6.  8.  1. 17. 47. 33. 16. 42. 24. 39. 25. 41. 23. 27. 32. 36. 12. 34. 28. 22. 15. 20.  7. 30. 45. 31. 19. 48. 11.] 
1:[ 1. 23. 35. 45. 44.  3. 34. 47. 26. 40. 29. 33. 25. 42.  8. 18.  2.  9. 21. 13. 41.  7. 43. 27. 39. 15.  6. 14. 36. 12. 37.  0.  5. 10. 17. 32. 24. 22.  4. 31. 28. 30. 46. 20. 48. 38. 16. 19. 11.] 
2:[34.  5. 18.  2. 41.  9. 40.  8. 26. 29. 37. 14.  6. 44. 35.  0. 21.  1. 23.  7. 10.  4. 24. 28. 11. 13. 38.  3. 42. 25. 33. 19. 15. 48. 17. 31. 22. 32. 47. 45. 16. 39. 27. 36. 12. 43. 46. 30. 20.] 
3:[28.  3.  4. 44.  6. 46. 35. 38. 41. 21.  8. 10.  9. 24.  0. 18. 30. 37. 13.  2. 17. 14. 19. 15. 20. 26. 40. 29. 16. 34. 43. 31.  5.  7. 47. 23.  1. 48. 33. 25. 36. 12. 32. 22. 39. 42. 27. 45. 11.] 
4:[10. 46.  4. 41.  9.  0. 37. 14. 38.  5. 13. 34.  7.  8. 44.  6. 21. 28. 35. 19. 39. 18.  2. 24. 26. 40. 29. 47. 48. 16. 15.  3. 20. 30. 17. 43. 23.  1. 27. 33. 36. 12. 31. 25. 42. 32. 22. 45. 11.] 
5:[ 5.  0. 38. 46. 43. 16.  9. 27. 36. 12. 39. 15. 28. 25. 42. 47. 33. 10. 34.  3.  1. 17. 13. 44. 23. 21.  6.  8. 26. 37. 41.  2. 32. 22. 45. 29. 40. 18.  7. 35. 24.  4. 31. 20. 30. 14. 48. 19. 11.] 
6:[44.  6. 35. 37.  0. 14.  7. 18.  2. 47.  3. 41.  8. 26. 24. 40. 29. 34. 23. 15. 42. 19. 33. 21. 25. 13. 39. 36. 12.  1. 27. 11. 38. 17. 32. 45.  9. 28. 22. 31. 16. 48.  4. 46. 30. 20.  5. 43. 10.] 
7:[18.  7.  6. 14. 37. 35.  2.  8. 29. 40. 26.  9.  0.  4. 21. 44. 10. 23.  1. 24. 41. 38. 13. 28. 48. 16. 11. 46.  3. 15. 31. 19. 25. 42. 33. 47. 17. 22. 45. 32. 39. 34. 27. 36. 12.  5. 30. 43. 20.] 
8:[ 5. 34. 26. 40. 29. 21. 44. 35.  6.  8. 18.  2. 23. 37.  0. 14.  7. 10.  1.  9. 41.  4. 46. 28. 11. 24.  3. 32. 45. 48. 17. 22. 13. 19. 38. 47. 33. 31. 25. 16. 15. 43. 42. 39. 36. 12. 27. 20. 30.] 
9:[24. 30. 17.  9. 18. 15. 20. 13. 35.  5. 10. 26. 40. 41. 29. 34.  8. 16. 38. 36. 12. 47.  0. 23. 37.  6. 39.  7. 42.  1. 31. 33. 25. 32. 22. 44. 43. 27. 46. 21.  2.  3.  4. 14. 45. 28. 19. 48. 11.] 
10:[46.  4.  9. 34. 37.  6. 35.  8. 14. 21.  0. 10. 44. 13. 38. 28. 41. 24. 19. 20. 15. 17. 30.  2. 18.  7.  3. 11.  5. 29. 39. 26. 40. 47. 16. 31. 48. 23.  1. 36. 12. 27. 25. 33. 42. 32. 22. 43. 45.] 
11:[ 7. 44.  6. 37.  0. 14. 35. 11. 24. 40. 29. 26.  9. 41.  8. 15. 47.  2. 18. 19. 27. 36. 12. 39. 13. 34. 17.  3. 33. 25. 21. 48. 42. 38. 45. 32. 22. 31. 28. 23.  1. 30. 20. 43.  5. 16. 10. 46.  4.] 
12:[27. 33. 36. 12. 39. 25. 42. 15. 22. 32. 38. 13. 47.  3. 43.  1. 23. 35. 45. 17.  6.  0. 44. 41.  9. 10. 21.  5. 26. 40. 29. 37.  7. 14. 18.  2. 34.  8. 30. 20. 28. 31. 24. 46.  4. 16. 48. 19. 11.] 
13:[13. 17.  3. 38. 35. 15.  6. 34. 44. 24. 41.  0.  7. 39. 37. 27. 36. 47. 12. 25. 33. 14. 42. 45. 28. 32. 16. 11. 22.  1. 31. 20. 30. 23. 48. 21.  5. 19. 10.  4. 43. 29. 18.  2. 26.  8. 46. 40.  9.] 
14:[29. 26. 40. 35.  6. 14. 37. 44.  0.  5. 21. 23. 34. 18.  2.  8.  7.  1.  9. 41. 11. 10. 24. 48.  4. 46. 28. 47. 13. 38.  3. 32. 45. 17. 19. 22. 39. 33. 25. 31. 15. 16. 20. 30. 27. 36. 12. 43. 42.] 
15:[10. 16. 24. 15.  4.  5. 41.  9.  2. 18. 17. 38.  8. 46. 48. 21. 30. 37. 26. 20.  6. 39.  0. 23. 35. 40.  3. 29. 44. 13. 34. 14.  7. 47. 11. 31.  1. 32. 43. 22. 25. 28. 42. 33. 36. 12. 45. 19. 27.] 
16:[16.  9.  5. 18.  8.  2. 29. 26. 40. 23.  1. 34.  6. 31. 14. 37. 28. 10. 46. 21. 35.  3. 32. 22.  7. 13. 38.  4. 47. 33. 44. 25.  0. 15. 17. 19. 42. 24. 43. 39. 48. 41. 30. 20. 45. 36. 11. 27. 12.] 
17:[18.  2.  8. 35. 17. 32. 45.  6. 22. 33. 25. 42.  3. 23. 47. 29. 26. 40.  1. 43. 15.  5. 21. 36. 12.  9.  4. 38. 39. 13. 44. 27. 37. 14. 46. 10. 28. 34.  0. 16. 41. 31.  7. 30. 24. 20. 19. 48. 11.] 
18:[35.  0.  5. 14.  6. 37. 26.  9. 18. 41.  2. 40.  8. 29. 34. 21.  7. 23. 38. 13.  1.  4. 44. 24. 33. 25. 42. 10.  3. 15. 31. 32. 46. 17. 19. 28. 45. 22. 47. 11. 48. 39. 16. 36. 12. 27. 20. 30. 43.] 
19:[19. 10.  4. 28. 38. 13. 34.  3.  8. 46. 41. 35.  6. 14.  0.  9. 18. 21.  5. 44. 37.  2. 31. 47. 26. 40. 29.  7. 20. 15. 16. 30. 17.  1. 24. 11. 43. 39. 48. 25. 42. 33. 23. 22. 32. 45. 36. 12. 27.] 
20:[20. 13. 38.  6. 19. 35. 17. 30. 15. 24. 23. 28. 32. 21.  1. 18. 22. 44. 26.  9. 41. 39. 25. 33.  3. 47. 34.  2.  7.  8.  0. 29. 37. 45. 31. 40. 36. 12. 42. 43. 27. 10. 46. 14.  4. 16.  5. 48. 11.] 
21:[21. 48.  8. 38.  9. 41. 44.  3. 10. 46.  4. 11. 13. 24.  5. 28. 15. 37. 14.  0. 19. 17. 34.  7.  6. 35. 43. 18.  2. 20. 30. 39. 16. 29. 26. 40. 31. 47. 23.  1. 36. 12. 22. 32. 33. 25. 27. 42. 45.] 
22:[35.  7. 23. 47.  3. 33. 25.  1. 32. 17. 45. 39. 15. 22. 42. 38. 36. 12. 27.  6.  5. 13. 44. 18.  2.  8. 29. 26. 40.  9. 43. 24. 30. 20. 37. 41.  0. 34. 10. 14. 46. 31. 28. 16. 21.  4. 19. 48. 11.] 
23:[ 5. 10.  1. 23.  9. 32. 35. 22. 45.  3. 33. 47. 17.  8. 26. 40. 29. 25. 13. 39. 38. 36. 12. 27. 18.  2. 21. 42. 15.  7. 37.  6. 14. 34.  0. 44. 41. 43. 24. 46. 31. 28. 16.  4. 48. 30. 20. 11. 19.] 
24:[24. 38. 13. 44.  7.  6. 35. 17.  0. 37. 26. 14. 41.  9. 34. 15. 11.  3. 18. 47. 39. 27. 31. 32. 22. 45. 33. 36. 12. 42. 25. 28. 19. 20. 30.  1. 21. 48. 23. 16.  2.  8. 40.  5. 29. 43.  4. 46. 10.] 
25:[ 5. 35. 17. 32. 45. 27.  3. 47. 23. 22. 33. 25.  1. 42. 15. 36. 12. 29. 26. 40.  9. 39. 38. 13. 18.  2.  8. 21. 44. 34.  0. 37. 14.  7.  6. 43. 10. 46. 31. 16. 28. 41.  4. 24. 30. 20. 48. 11. 19.] 
26:[ 6. 35. 18. 29. 26. 40.  2.  5.  9. 41.  7.  8. 14.  0. 34. 23.  1. 21. 37. 24. 15. 38.  3. 17. 42. 33. 32. 45. 47. 22. 13. 44. 48. 28. 46. 19. 31. 39. 27. 36. 12. 10. 11. 16. 43. 20. 30. 25.  4.] 
27:[39. 15. 42. 25. 19. 33. 36. 12. 27.  3. 47. 13. 35. 32. 45. 22. 41. 17.  0. 43. 37. 30. 20. 44.  1. 23.  6.  7. 29. 26. 40. 21. 18.  2.  8. 38. 24.  9. 28. 31. 10. 14. 16.  4. 34.  5. 46. 48. 11.] 
28:[ 4. 28.  8. 34. 13. 46. 41. 10. 38. 21.  9. 35. 14.  6. 37. 44.  0.  5. 24.  3. 19.  2. 18.  7. 15. 17. 20. 30. 29. 26. 40.  1. 11. 48. 16. 43. 31. 47. 39. 23. 22. 32. 42. 33. 25. 36. 12. 27. 45.] 
29:[23.  5. 26. 40. 29. 34.  8. 18.  2. 21.  1. 35. 44. 14. 37.  0.  7.  9. 41. 24. 47. 28.  4.  3. 17. 32. 45. 22. 15. 10. 25. 42. 33. 11. 48. 39. 27. 36. 12. 31.  6. 38. 43. 30. 20. 16. 13. 19. 46.] 
30:[ 4.  6. 35. 13. 27. 15. 20.  1. 31.  9. 23. 30. 22.  8. 26. 40. 18.  2. 29. 24. 38. 25. 10. 39. 42. 46.  7. 41. 44. 16. 47. 33.  3. 17. 36. 12. 14. 21. 32. 45. 37. 28. 34.  5. 43.  0. 19. 48. 11.] 
31:[ 1. 23.  5. 29. 26. 40.  8.  6.  2. 18. 31. 35.  9. 32. 22. 37. 14. 13. 33. 25. 38. 42. 15. 34. 36. 12.  3. 21. 47. 45. 17. 41. 39. 10. 44. 27.  0. 16. 46.  7.  4. 30. 20. 24. 28. 43. 19. 48. 11.] 
32:[10.  6. 33. 25. 32. 17. 45. 22. 23. 42. 35.  3. 26. 47. 40. 29. 18.  2.  8.  1.  5. 15. 36. 12. 34. 39. 21. 13. 38. 27. 44. 37. 46. 14. 41.  0. 43.  9.  4. 16. 28. 31.  7. 24. 20. 30. 48. 19. 11.] 
33:[10.  6. 33. 25. 32. 17. 45. 22. 23. 42. 35.  3. 26. 47. 40. 29. 18.  2.  8.  1.  5. 15. 36. 12. 34. 39. 21. 13. 38. 27. 44. 37. 46. 14. 41.  0. 43.  9.  4. 16. 28. 31.  7. 24. 20. 30. 48. 19. 11.] 
34:[ 1. 23. 32. 45. 35. 17. 22.  6. 44. 26. 40.  3. 47. 29. 34. 33.  9. 41.  5. 42. 25.  8.  7. 13. 18.  2.  0. 14. 37. 38.  4. 21. 46. 10. 15. 24. 27. 36. 12. 39. 43. 19. 31. 48. 20. 30. 28. 11. 16.] 
35:[ 5. 23.  1. 33. 42. 18. 35.  2.  6. 41. 40. 26. 29.  8. 22. 32. 47.  3. 44. 17. 45. 37. 14. 13. 38.  9. 21.  0.  7. 15. 39. 36. 12. 27. 43.  4. 31. 10. 25. 16. 28. 34. 24. 20. 30. 19. 48. 46. 11.] 
36:[39. 19. 33. 36. 12. 15. 27. 42. 25.  3. 47. 41.  9. 13. 38. 22. 45. 17. 32. 35. 43.  0.  1. 23. 44. 34. 20. 30.  7. 21. 29. 26. 40.  8. 18.  2. 37. 10. 14.  5. 48.  6. 24. 31. 28. 16. 46.  4. 11.] 
37:[44.  6. 35. 37.  0. 14.  7. 18.  2. 47.  3. 41.  8. 26. 24. 40. 29. 34. 23. 15. 42. 19. 33. 21. 25. 13. 39. 36. 12.  1. 27. 11. 38. 17. 32. 45.  9. 28. 22. 31. 16. 48.  4. 46. 30. 20.  5. 43. 10.] 
38:[38.  6. 13. 44.  4. 10. 17.  9. 35.  5. 19. 15.  3. 24. 11. 46. 16. 41.  8. 26. 29. 34.  7.  0. 40. 28. 31. 14. 43. 37. 22. 32. 20. 30.  1. 39. 47. 23. 18.  2. 42. 25. 33. 48. 21. 12. 36. 27. 45.] 
39:[34. 35. 10. 44. 18.  2.  6.  8.  7.  9. 39. 13. 38. 29. 40. 26. 37. 14.  1. 46. 23.  5. 41. 24. 21. 42. 28. 19. 15. 33. 25.  3. 16. 27.  0. 36. 12. 31. 47. 32. 17. 45. 22.  4. 48. 11. 20. 43. 30.] 
40:[26. 29. 40.  5. 23. 21.  1. 18.  8.  2. 44.  6. 35. 14. 37.  0.  7.  9. 41. 24.  3.  4. 11. 38. 47. 32. 45. 17. 48. 22. 33. 42. 25. 39. 15. 36. 12. 19. 10. 34. 27. 31. 20. 30. 43. 28. 16. 13. 46.] 
41:[ 9. 41. 47.  3. 34. 24.  4. 26. 40.  0. 14. 29. 37. 32. 45. 22. 17. 44. 35.  6. 13. 38.  8.  1. 23. 18.  2.  7. 21. 48. 15. 33. 25. 42. 11.  5. 36. 12. 27. 39. 30. 20. 10. 31. 19. 43. 46. 28. 16.] 
42:[18.  2. 25. 33. 42. 27. 15. 39. 36. 12.  8. 23. 22.  1. 32. 29. 26.  5. 40.  9.  3. 47. 35. 17. 45. 13.  6. 14. 37. 21.  0. 46. 44. 16. 43. 38. 31. 41. 34. 24.  4. 28. 10.  7. 20. 30. 19. 48. 11.] 
43:[33. 25. 35. 32. 17. 45. 42. 47.  3. 43. 22. 23. 18.  2.  8. 39. 15. 21.  1. 13. 44.  5. 26. 29. 40. 38. 36. 12.  9. 34.  7. 27.  0. 28. 10. 14. 37. 41. 46.  6. 31. 16. 24. 20. 30.  4. 48. 19. 11.] 
44:[44. 38.  9. 35.  6.  4. 13.  5. 37. 14.  0.  7. 24. 40. 29.  2. 26. 41. 18.  3. 16. 17.  8. 46. 21. 39. 34. 10. 28. 19. 15. 11. 47.  1. 23. 31. 27. 36. 12. 48. 25. 42. 33. 22. 32. 20. 45. 30. 43.] 
45:[17. 22. 32. 35. 45.  6.  3. 47. 25. 42. 33.  1. 18.  2. 44. 23. 15. 36. 12.  5. 39. 27. 40. 29.  8. 38. 13. 26.  9. 21. 43.  7.  0. 37. 14. 34. 10.  4. 28. 16. 31. 41. 24. 20. 30. 48. 46. 19. 11.] 
46:[ 4. 46. 10.  9. 34. 41.  8. 21.  3. 28. 44. 35. 38. 13. 37.  6.  0. 14. 24. 20. 30. 15. 17. 19.  2. 18.  7. 11. 26. 40. 29.  5. 47. 16. 48. 31.  1. 23. 39. 36. 12. 27. 32. 22. 33. 42. 25. 43. 45.] 
47:[ 6. 32. 45. 17. 22. 35. 13. 47.  3. 38. 33. 25. 42.  9. 41. 15. 18. 27. 36. 12. 39.  2. 24.  8. 34.  1. 23. 44.  0. 14. 37. 26. 40. 29.  4. 46. 30. 20. 43.  7. 21. 48. 28.  5. 31. 10. 16. 11. 19.] 
48:[21. 48. 13.  8.  9.  3. 41.  6. 38. 35. 11.  0. 24. 28. 14. 37. 19. 15. 44. 17. 34. 30. 20. 10. 18.  2.  7.  5. 26. 40. 29.  4. 31. 47. 39. 46. 16. 23.  1. 43. 32. 22. 27. 33. 25. 42. 36. 12. 45.] 
POSCARS
EA10    6.277  6.261  3.017 89.78 89.91 119.42 Sym.group:  162
1.0
   6.2771420000000004    0.0051010000000000    0.0010780000000000
  -3.0795029999999999    5.4508450000000002   -0.0025160000000000
   0.0043460000000000    0.0173220000000000    3.0167220000000001
S Cl
6 2
direct
   0.0052370000000000    0.7161200000000000    0.1596360000000000 S
   0.2856130000000000    0.9971670000000000    0.8429150000000000 S
   0.2830900000000000    0.2805870000000000    0.1550340000000000 S
   0.0011910000000000    0.2836330000000000    0.8412310000000000 S
   0.7208710000000000    0.0026590000000000    0.1582200000000000 S
   0.7233140000000000    0.7192170000000000    0.8460250000000000 S
   0.3400640000000000    0.6651760000000000    0.5004800000000000 Cl
   0.6663070000000000    0.3346740000000000    0.5003850000000000 Cl
EA25    4.358  4.358  5.426 89.95 89.97 89.74 Sym.group:  123
1.0
   4.3579410000000003   -0.0084760000000000    0.0003470000000000
   0.0284910000000000    4.3581430000000001   -0.0037910000000000
   0.0025530000000000    0.0093220000000000    5.4260109999999999
Na Cl
6 2
direct
   0.7495390000000000    0.7499530000000000    0.8863550000000000 Na
   0.2492800000000000    0.2494980000000000    0.8868710000000000 Na
   0.2489800000000000    0.7494810000000000    0.6187250000000000 Na
   0.7502529999999999    0.2507260000000000    0.1544940000000000 Na
   0.2497470000000000    0.7502770000000000    0.1546400000000000 Na
   0.7499580000000000    0.2499070000000000    0.6186570000000000 Na
   0.7496170000000000    0.7502500000000000    0.3867020000000000 Cl
   0.2500310000000000    0.2498790000000000    0.3868280000000000 Cl
EA305   2.731  2.746  6.898 79.26 90.01 60.19 Sym.group:  166
1.0
   2.7307470000000000    0.0006470000000000   -0.0013580000000000
   1.3647330000000000    2.3830870000000002    0.0030340000000000
   0.0015410000000000    1.4716430000000000    6.7390220000000003
Mg O
3 1
direct
   0.0538140000000000    0.5506210000000000    0.8638790000000000 Mg
   0.6079850000000000    0.4389080000000000    0.5101290000000001 Mg
   0.8359730000000000    0.0019350000000000    0.1869850000000000 Mg
   0.3308240000000000    0.9943630000000000    0.6869330000000000 O
EA37    4.264  4.264  4.208 90.00 90.01 120.00 Sym.group:  164
1.0
   4.2638410000000002   -0.0001180000000000   -0.0004540000000000
  -2.1315990000000000    3.6926410000000001    0.0000530000000000
   0.0000810000000000    0.0002780000000000    4.2083029999999999
B S
6 2
direct
   0.1314800000000000    0.2601690000000000    0.1607050000000000 B
   0.7458590000000000    0.8756090000000000    0.1606640000000000 B
   0.1304490000000000    0.8744990000000000    0.1597110000000000 B
   0.8732080000000000    0.7472510000000000    0.8391130000000000 B
   0.2588290000000000    0.1318100000000000    0.8391550000000000 B
   0.8742340000000000    0.1329190000000000    0.8401110000000001 B
   0.6689410000000000    0.3370830000000000    0.6199970000000000 S
   0.3357490000000000    0.6703380000000000    0.3798190000000000 S
EA421   2.441  2.441  9.044 97.49 97.70 60.05 Sym.group:  166
1.0
   2.4404210000000002    0.0263450000000000   -0.0126750000000000
   1.1958730000000000    2.1279390000000000   -0.0421010000000000
  -1.1598180000000000   -0.5240660000000000    8.9535909999999994
C F
6 2
direct
   0.0677500000000000    0.7396820000000000    0.6030700000000000 C
   0.2387960000000000    0.8964950000000000    0.1041810000000000 C
   0.4197060000000000    0.0903880000000000    0.6578920000000000 C
   0.8294400000000000    0.4935540000000000    0.8815600000000000 C
   0.4770630000000000    0.1426080000000000    0.8256920000000000 C
   0.8868200000000001    0.5457820000000000    0.0493590000000000 C
   0.2895180000000000    0.9448990000000000    0.2539940000000000 F
   0.0173660000000000    0.6913899999999999    0.4532580000000000 F
EA30    3.144  3.142  8.398 90.00 90.02 90.00 Sym.group:  129
1.0
   3.1436099999999998    0.0003610000000000    0.0006840000000000
  -0.0003830000000000    3.1424930000000000   -0.0022080000000000
  -0.0049950000000000    0.0062330000000000    8.3981119999999994
P F
6 2
direct
   0.0025110000000000    0.2526560000000000    0.3849900000000000 P
   0.5026520000000000    0.7526240000000000    0.4036780000000000 P
   0.0007810000000000    0.2531300000000000    0.8513640000000000 P
   0.5008460000000000    0.7531409999999999    0.8700630000000000 P
   0.0016140000000000    0.2527730000000000    0.1281950000000000 P
   0.5017160000000001    0.7527390000000000    0.1268600000000000 P
   0.0011080000000000    0.2532120000000000    0.6590730000000000 F
   0.5012980000000000    0.7531430000000000    0.5959650000000000 F
EA137   5.147  5.147  5.590 117.41 90.01 120.00 Sym.group:  148
1.0
   2.6573030000000002   -4.4082229999999996    0.0528200000000000
   2.4891310000000000    4.5046239999999997   -0.0942770000000000
  -2.5085440000000001   -1.4543210000000000    4.7792729999999999
Cl Al
6 2
direct
   0.0614710000000000    0.7189140000000001    0.4315130000000000 Cl
   0.9190360000000000    0.0750940000000000    0.9659160000000000 Cl
   0.4202330000000000    0.3985410000000000    0.4315890000000000 Cl
   0.7406260000000000    0.0779020000000000    0.4318570000000000 Cl
   0.2394280000000000    0.7544540000000000    0.9661840000000000 Cl
   0.5981910000000000    0.4340810000000000    0.9662590000000000 Cl
   0.1632790000000000    0.2431980000000000    0.6987610000000000 Al
   0.4963830000000000    0.9097960000000000    0.6990120000000000 Al
EA117   5.139  4.753  4.750 119.96 62.48 117.53 Sym.group:  155
1.0
   2.9475129999999998   -2.3496320000000002    3.4931109999999999
  -0.0164260000000000    4.7534140000000003   -0.0210150000000000
  -2.1922530000000000   -2.3643489999999998    3.4881959999999999
Mg H
6 2
direct
   0.2129970000000000    0.2512070000000000    0.6587990000000000 Mg
   0.7132400000000000    0.7405920000000000    0.8167900000000000 Mg
   0.2133730000000000    0.9131110000000000    0.9896620000000000 Mg
   0.2129670000000000    0.5820800000000000    0.3281720000000000 Mg
   0.7131250000000000    0.4238000000000000    0.1581220000000000 Mg
   0.7129860000000000    0.0820470000000000    0.4996440000000000 Mg
   0.4733820000000000    0.0019890000000000    0.2381270000000000 H
   0.9527960000000000    0.1623410000000000    0.0784630000000000 H
EA461   2.370  2.378  6.254 79.25 79.25 60.29 Sym.group:  160
1.0
   1.1861610000000000   -2.0519140000000000   -0.0014570000000000
   2.3775270000000002    0.0131660000000000   -0.0111830000000000
   1.1990989999999999   -0.6582090000000000    6.1025679999999998
Li F
3 1
direct
   0.1620430000000000    0.8175460000000000    0.6258640000000000 Li
   0.9183680000000000    0.5940960000000000    0.3065120000000000 Li
   0.3761920000000000    0.0294630000000000    0.9845739999999999 Li
   0.7694970000000000    0.4235700000000000    0.8048020000000000 F
EA309   3.124  3.123 10.959 90.13 89.88 119.64 Sym.group:  164
1.0
   3.1232570000000002   -0.0490040000000000    0.0310040000000000
  -1.5005489999999999    2.7350590000000001   -0.1534920000000000
  -0.0765650000000000    0.5440080000000000   10.9452230000000004
P S
6 2
direct
   0.8142980000000000    0.6039410000000000    0.1301040000000000 P
   0.4848110000000000    0.9354160000000000    0.7235210000000000 P
   0.4836550000000000    0.9358160000000000    0.3694230000000000 P
   0.1534270000000000    0.2671320000000000    0.6094700000000000 P
   0.8153049999999999    0.6045280000000000    0.4840730000000000 P
   0.1459080000000000    0.2727800000000000    0.2441500000000000 P
   0.4751320000000000    0.9430220000000000    0.0120100000000000 S
   0.8236200000000000    0.5962760000000000    0.8416050000000000 S
EA253   2.449  2.461 10.419 96.72 96.70 60.75 Sym.group:  166
1.0
   1.2800060000000000    2.0878540000000001    0.0093590000000000
  -1.2022320000000000    2.1473490000000002    0.0245600000000000
   0.0365320000000000   -1.4941640000000000   10.3115299999999994
C S
6 2
direct
   0.0697190000000000    0.3043280000000000    0.4846960000000000 C
   0.2155190000000000    0.4531080000000000    0.9182300000000000 C
   0.8660390000000000    0.1033890000000000    0.8713180000000000 C
   0.8174360000000001    0.0539610000000000    0.7252950000000000 C
   0.4679800000000000    0.7035160000000000    0.6776300000000000 C
   0.4192400000000000    0.6540540000000000    0.5316080000000000 C
   0.2722760000000000    0.5122130000000000    0.0902550000000000 S
   0.0122220000000000    0.2450630000000000    0.3126720000000000 S
EA256   4.576  4.577  3.359 89.97 89.98 90.01 Sym.group:  127
1.0
   4.5757550000000000    0.0019970000000000   -0.0189800000000000
  -0.0028800000000000    4.5768459999999997   -0.0229820000000000
   0.0152470000000000    0.0186430000000000    3.3589500000000001
F Al
6 2
direct
   0.6246180000000000    0.3804320000000000    0.4975920000000000 F
   0.1245840000000000    0.8804590000000000    0.4975960000000000 F
   0.4559110000000000    0.7117100000000000    0.9964680000000000 F
   0.7931970000000000    0.0490830000000000    0.9980450000000000 F
   0.9559280000000000    0.5489350000000000    0.9979970000000000 F
   0.2930570000000000    0.2117180000000000    0.9978270000000000 F
   0.1244920000000000    0.8802870000000000    0.9975990000000000 Al
   0.6244470000000000    0.3803370000000000    0.9975940000000000 Al
EA28    3.597  6.311  3.657 88.97 60.55 73.45 Sym.group:  225
1.0
   1.8077070000000000    0.4377700000000000    3.0783909999999999
   1.8470290000000000    6.0324150000000003    0.1577050000000000
  -1.8473470000000001    0.5534210000000001    3.1066460000000000
Li Si
6 2
direct
   0.8810890000000000    0.9373170000000000    0.8096800000000000 Li
   0.8806010000000000    0.4373940000000000    0.3089500000000000 Li
   0.1309080000000000    0.5611960000000000    0.6849890000000000 Li
   0.1315640000000000    0.0613750000000000    0.1842660000000000 Li
   0.3815370000000000    0.6852070000000000    0.0605880000000000 Li
   0.3818720000000000    0.1852070000000000    0.5591090000000000 Li
   0.6312750000000000    0.8112870000000000    0.4351710000000000 Si
   0.6312460000000000    0.3113000000000000    0.9339990000000000 Si
EA250   4.111  4.113  4.100 94.76 94.83 94.63 Sym.group:  148
1.0
   4.1110970000000000    0.0022630000000000   -0.0198340000000000
  -0.3344760000000000    4.0995119999999998   -0.0433880000000000
  -0.3254540000000000   -0.3246420000000000    4.0743809999999998
F P
6 2
direct
   0.5926410000000000    0.1641030000000000    0.2918080000000000 F
   0.4030230000000000    0.8392050000000000    0.7123280000000000 F
   0.2867760000000000    0.5947590000000000    0.1640870000000000 F
   0.7089500000000000    0.4087220000000000    0.8401100000000000 F
   0.8348540000000000    0.7116540000000000    0.4074860000000000 F
   0.1606750000000000    0.2915180000000000    0.5964050000000000 F
   0.2185440000000000    0.2212390000000000    0.2219280000000000 P
   0.7771740000000000    0.7821820000000000    0.7819650000000000 P
EA33    3.961  3.961  3.868 89.97 89.62 60.01 Sym.group:  162
1.0
   3.9607239999999999    0.0001430000000000   -0.0028020000000000
   1.9795590000000001    3.4305530000000002   -0.0018280000000000
   0.0285870000000000   -0.0124190000000000    3.8680219999999998
Li H
6 2
direct
   0.3347190000000000    0.0052410000000000    0.2498340000000000 Li
   0.6604650000000000    0.3421820000000000    0.2491500000000000 Li
   0.9979330000000000    0.6679550000000000    0.2493650000000000 Li
   0.6641899999999999    0.0034180000000000    0.7540530000000000 Li
   0.3383000000000000    0.6665960000000000    0.7547170000000000 Li
   0.0008560000000000    0.3408890000000000    0.7545610000000000 Li
   0.6660020000000000    0.6712770000000000    0.0024830000000000 H
   0.3328290000000000    0.3374860000000000    0.0014690000000000 H
EA2     3.768  3.749  3.766 108.79 109.00 110.48 Sym.group:  107
1.0
   1.1982489999999999   -1.8385670000000001   -3.0631460000000001
   1.1596070000000001    3.5647400000000000   -0.0719440000000000
   1.4112130000000001   -1.6733359999999999    3.0643660000000001
S H
3 1
direct
   0.3439790000000000    0.3512090000000000    0.0017120000000000 S
   0.3158530000000000    0.8223350000000000    0.5021450000000000 S
   0.8155240000000000    0.3221430000000000    0.5016010000000000 S
   0.0248190000000000    0.0256390000000000    0.0030680000000000 H
EA151   2.211  5.436  2.208 90.05 90.00 89.91 Sym.group:  123
1.0
   2.2109899999999998    0.0293350000000000    0.0011930000000000
  -0.0631640000000000    5.4352349999999996   -0.0332400000000000
  -0.0014330000000000    0.0114740000000000    2.2083810000000001
Be F
3 1
direct
   0.2408190000000000    0.3943120000000000    0.7488640000000000 Be
   0.7391400000000000    0.6228040000000000    0.2499610000000000 Be
   0.2372880000000000    0.8514980000000000    0.7509550000000000 Be
   0.2340590000000000    0.1228960000000000    0.7418140000000000 F
EA41    3.627  3.629  3.629 99.11 80.97 80.98 Sym.group:  160
1.0
   3.6270259999999999    0.0014270000000000    0.0012190000000000
   0.5674890000000000    3.5843349999999998    0.0012870000000000
   0.5689570000000000   -0.6731830000000000    3.5207269999999999
Si Al
3 1
direct
   0.3711660000000000    0.1538180000000000    0.5700539999999999 Si
   0.8188900000000000    0.1577790000000000    0.0203730000000000 Si
   0.3703620000000000    0.7074470000000000    0.0167630000000000 Si
   0.8887870000000000    0.6420270000000000    0.5054900000000000 Al
EA307   2.812  2.804  6.326 90.00 77.18 60.11 Sym.group:  166
1.0
   1.4198620000000000    2.4268190000000001    0.0097690000000000
  -1.3923970000000001    2.4333499999999999   -0.0076820000000000
   1.3675029999999999    0.8014350000000000    6.1245019999999997
Al C
3 1
direct
   0.4916770000000000    0.8797350000000000    0.9824349999999999 Al
   0.9377890000000000    0.6575450000000000    0.3130020000000000 Al
   0.0444150000000000    0.1039860000000000    0.6518770000000000 Al
   0.4910790000000000    0.3808070000000000    0.4824420000000000 C
EA1     2.604  2.604  7.032 90.00 90.01 90.00 Sym.group:  107
1.0
   2.6037180000000002    0.0003170000000000    0.0032510000000000
  -0.0003130000000000    2.6037900000000000    0.0013080000000000
  -0.0094340000000000   -0.0037520000000000    7.0321819999999997
B C
6 2
direct
   0.0081670000000000    0.9979360000000000    0.0917870000000000 B
   0.5063290000000000    0.4984870000000000    0.5917780000000000 B
   0.0061400000000000    0.4983840000000000    0.7496570000000000 B
   0.5060970000000000    0.9985360000000000    0.7496570000000000 B
   0.5086490000000000    0.9980920000000000    0.2496560000000000 B
   0.0085640000000000    0.4979960000000000    0.2496610000000000 B
   0.0063290000000000    0.9983379999999999    0.8776430000000000 C
   0.5084320000000000    0.4981740000000000    0.3776530000000000 C
EA6     3.853  3.852  3.853 109.46 109.48 109.46 Sym.group:  229
1.0
   3.8525220000000000   -0.0087600000000000   -0.0092680000000000
  -1.2750619999999999    3.6347939999999999   -0.0060750000000000
  -1.2813500000000000   -1.8047100000000000    3.1533329999999999
S Li
3 1
direct
   0.8762550000000000    0.3775450000000000    0.8753350000000000 S
   0.8765030000000000    0.8773590000000000    0.3752980000000000 S
   0.3763370000000000    0.8773690000000000    0.8753400000000000 S
   0.3765350000000000    0.3778190000000000    0.3754550000000000 Li
EA53    2.363  2.363  5.424 89.93 89.95 60.01 Sym.group:  156
1.0
   2.3631080000000000    0.0001610000000000    0.0019400000000000
   1.1812680000000000    2.0469149999999998    0.0016730000000000
   0.0001950000000000    0.0035560000000000    5.4235080000000000
N C
3 1
direct
   0.2599130000000000    0.7428570000000000    0.2681910000000000 N
   0.5930170000000000    0.0796780000000000    0.8666260000000000 N
   0.2600240000000000    0.7424180000000000    0.4714860000000000 N
   0.9262899999999999    0.4129200000000000    0.9036030000000000 C
EA189   2.900  3.661  3.672 90.08 90.05 90.08 Sym.group:  123
1.0
   2.8998930000000001   -0.0010510000000000   -0.0006150000000000
  -0.0037780000000000    3.6611400000000001    0.0078060000000000
  -0.0023180000000000   -0.0127030000000000    3.6721309999999998
Li Mg
3 1
direct
   0.9081780000000000    0.2291460000000000    0.9279440000000000 Li
   0.9087340000000000    0.7319550000000000    0.4280560000000000 Li
   0.4089830000000000    0.2309890000000000    0.4278420000000000 Li
   0.4081690000000000    0.7291400000000000    0.9282960000000000 Mg
EA171   2.509  2.508 13.424 90.00 90.00 88.96 Sym.group:  123
1.0
   2.5036360000000002   -0.1662780000000000   -0.0014410000000000
   0.2114110000000000    2.4992489999999998   -0.0004310000000000
   0.0079900000000000    0.0016470000000000   13.4242869999999996
Al Be
6 2
direct
   0.2579760000000000    0.5985130000000000    0.0597730000000000 Al
   0.7578780000000001    0.0985190000000000    0.1997860000000000 Al
   0.7575750000000000    0.0980200000000000    0.9197620000000000 Al
   0.7574250000000000    0.0980990000000000    0.4197920000000000 Al
   0.2576760000000000    0.5981490000000000    0.5597860000000000 Al
   0.7576490000000000    0.0979840000000000    0.6997760000000000 Al
   0.2575120000000000    0.5978599999999999    0.8097640000000000 Be
   0.2575620000000000    0.5982360000000000    0.3097950000000000 Be
EA49    3.429  3.428  5.892 73.75 106.55 89.69 Sym.group:  139
1.0
   3.4286680000000000   -0.0290100000000000   -0.0190210000000000
   0.0478230000000000    3.4277579999999999    0.0508410000000000
  -1.6349940000000001    1.5913090000000001    5.4320709999999996
F Si
6 2
direct
   0.4572150000000000    0.9223990000000000    0.1505830000000000 F
   0.9617780000000000    0.4160390000000000    0.1563520000000000 F
   0.6030219999999999    0.2810480000000000    0.4418350000000000 F
   0.1003910000000000    0.7761920000000000    0.4417150000000000 F
   0.8159900000000000    0.0573970000000000    0.8651460000000000 F
   0.3186350000000000    0.5622070000000000    0.8652590000000000 F
   0.1057130000000000    0.2734180000000000    0.4472950000000000 Si
   0.3133020000000000    0.0649530000000000    0.8597010000000000 Si
EA177   4.251  4.252  5.159 90.00 90.00 75.05 Sym.group:  139
1.0
   4.2154579999999999    0.5472930000000000   -0.0052450000000000
   0.5589560000000000    4.2148469999999998    0.0066010000000000
   0.0078940000000000   -0.0094680000000000    5.1587009999999998
Al Li
6 2
direct
   0.0010910000000000    0.4990050000000000    0.7501610000000000 Al
   0.0011200000000000    0.4990300000000000    0.2504570000000000 Al
   0.5013290000000000    0.9987460000000000    0.7504430000000000 Al
   0.5013069999999999    0.9987150000000000    0.2501470000000000 Al
   0.5013890000000000    0.4983640000000000    0.0002660000000000 Al
   0.0010260000000000    0.9993800000000000    0.5003410000000000 Al
   0.5003830000000000    0.4998140000000000    0.4999400000000000 Li
   0.0020690000000000    0.9979560000000000    0.0006490000000000 Li
EA215   2.900  6.201  2.901 89.89 60.06 89.92 Sym.group:  164
1.0
   2.9000569999999999   -0.0011820000000000    0.0008240000000000
   0.0113450000000000    6.2013040000000004   -0.0053170000000000
   1.4471220000000000    0.0048800000000000    2.5139710000000002
Mg N
3 1
direct
   0.3270950000000000    0.8593220000000000    0.2148300000000000 Mg
   0.9945610000000000    0.5350670000000000    0.8830330000000000 Mg
   0.6567060000000000    0.1970950000000000    0.5532350000000000 Mg
   0.6609840000000000    0.6972100000000000    0.5488080000000000 N
EA116   4.096  4.095  4.099 60.09 60.09 90.09 Sym.group:  225
1.0
   4.0959519999999996    0.0070610000000000   -0.0055870000000000
  -0.0135790000000000    4.0946309999999997    0.0019490000000000
   2.0443020000000001    2.0494849999999998    2.9018890000000002
Na P
3 1
direct
   0.7443610000000001    0.6901700000000000    0.0603990000000000 Na
   0.2448690000000000    0.1903020000000000    0.0600230000000000 Na
   0.4945900000000000    0.9402199999999999    0.5602090000000000 Na
   0.9946650000000000    0.4402530000000000    0.5601770000000000 P
EA26    3.787  2.390  2.421 89.99 89.77 90.00 Sym.group:  115
1.0
   3.7741810000000000   -0.1598870000000000   -0.2637700000000000
   0.0910430000000000    2.3835430000000000   -0.1420740000000000
   0.1841920000000000    0.1371600000000000    2.4098830000000002
C B
3 1
direct
   0.3904840000000000    0.9936980000000000    0.3644610000000000 C
   0.8456630000000001    0.4936930000000000    0.8664590000000000 C
   0.6190260000000000    0.4937060000000000    0.3710200000000000 C
   0.1220860000000000    0.9937420000000000    0.8721710000000000 B
EA108   2.663  2.633  7.262 90.15 89.75 60.53 Sym.group:  164
1.0
   2.6627109999999998   -0.0028240000000000   -0.0033660000000000
   1.2975570000000001    2.2906209999999998    0.0006150000000000
   0.0414410000000000   -0.0478060000000000    7.2615650000000000
Na F
3 1
direct
   0.0076430000000000    0.0054250000000000    0.0009020000000000 Na
   0.3353380000000000    0.3333280000000000    0.3144020000000000 Na
   0.6486459999999999    0.6776870000000000    0.6873670000000000 Na
   0.9918040000000000    0.0055350000000000    0.5009270000000000 F
EA83    3.974  3.974  3.974 109.47 70.53 70.53 Sym.group:  229
1.0
   1.3223830000000001    3.7479019999999998   -0.0005040000000000
  -1.3267840000000000    1.8723420000000000   -3.2447080000000001
  -1.3255159999999999    1.8727529999999999    3.2449590000000001
Si S
3 1
direct
   0.0021250000000000    0.4959550000000000    0.4931330000000000 Si
   0.5021080000000000    0.9959620000000000    0.4931560000000000 Si
   0.5021910000000001    0.4958970000000000    0.9931390000000000 Si
   0.0021730000000000    0.9958590000000000    0.9931750000000000 S
EA255   4.468  4.468  2.491 90.05 90.03 89.99 Sym.group:  123
1.0
   4.4678649999999998   -0.0009370000000000    0.0023130000000000
   0.0013610000000000    4.4678690000000003    0.0049230000000000
  -0.0024130000000000   -0.0049830000000000    2.4912660000000000
Al S
3 1
direct
   0.0421480000000000    0.6911100000000000    0.5145990000000000 Al
   0.0355200000000000    0.1913820000000000    0.0128100000000000 Al
   0.5423990000000000    0.6843800000000000    0.0160920000000000 Al
   0.5358320000000000    0.1846910000000000    0.0132800000000000 S
EA198   3.656  3.657  3.458 90.00 90.00 90.00 Sym.group:  123
1.0
   3.6553079999999998    0.0008300000000000   -0.0552610000000000
  -0.0007190000000000    3.6573180000000001    0.0090670000000000
   0.0522590000000000   -0.0086020000000000    3.4578419999999999
Al Si
3 1
direct
   0.3193290000000000    0.4019020000000000    0.8863200000000000 Al
   0.8192900000000000    0.4020560000000000    0.3863060000000000 Al
   0.3192610000000000    0.9019900000000000    0.3863200000000000 Al
   0.8193150000000000    0.9017750000000000    0.8863060000000000 Si
EA101   3.652  6.940  3.654 90.07 90.06 90.00 Sym.group:  139
1.0
   3.6517900000000001   -0.0027420000000000    0.0247750000000000
   0.0044030000000000    6.9401700000000002    0.0459820000000000
  -0.0284070000000000   -0.0285350000000000    3.6539320000000002
Al Si
6 2
direct
   0.7535770000000001    0.8758440000000000    0.0004310000000000 Al
   0.2539870000000000    0.3754450000000000    0.5007310000000000 Al
   0.7534120000000000    0.3750630000000000    0.0021270000000000 Al
   0.2539800000000000    0.8746699999999999    0.5024160000000000 Al
   0.2527320000000000    0.6251860000000000    0.0015760000000000 Al
   0.7547739999999999    0.1253090000000000    0.5012440000000000 Al
   0.2552240000000000    0.1252190000000000    0.0007900000000000 Si
   0.7522520000000000    0.6253080000000000    0.5020210000000001 Si
EA172   2.988  2.994  9.528 98.94 90.39 118.82 Sym.group:  160
1.0
   2.9793430000000001   -0.2293830000000000   -0.0157910000000000
  -1.2378499999999999    2.7263480000000002    0.0031160000000000
  -0.1473770000000000   -1.7040360000000001    9.3730480000000007
Li Cl
6 2
direct
   0.4741630000000000    0.2503150000000000    0.1499850000000000 Li
   0.8792660000000000    0.0808770000000000    0.3839260000000000 Li
   0.1782560000000000    0.6744430000000000    0.2776130000000000 Li
   0.5830200000000000    0.4938540000000000    0.4997930000000000 Li
   0.9705310000000000    0.2370420000000000    0.6329210000000000 Li
   0.3842710000000000    0.0814710000000000    0.8892500000000000 Li
   0.6743500000000000    0.6559199999999999    0.7539630000000000 Cl
   0.0952890000000000    0.5085960000000000    0.0274240000000000 Cl
EA72    5.184  5.184  5.459 117.48 62.16 119.40 Sym.group:  148
1.0
   5.1834069999999999    0.0202250000000000    0.0387030000000000
  -2.5627909999999998    4.5066660000000001   -0.0064280000000000
   2.5204930000000001   -1.4579130000000000    4.6171790000000001
Mg S
6 2
direct
   0.9079640000000000    0.8987520000000000    0.4647820000000000 Mg
   0.5962160000000000    0.6026650000000000    0.0352470000000000 Mg
   0.5263220000000000    0.0994040000000000    0.4750460000000000 Mg
   0.9778840000000000    0.4021800000000000    0.0248660000000000 Mg
   0.0945560000000000    0.4710040000000000    0.4755280000000000 Mg
   0.4095520000000000    0.0306020000000000    0.0244910000000000 Mg
   0.0570620000000000    0.9409800000000000    0.8283430000000001 S
   0.4469920000000000    0.5606310000000000    0.6717919999999999 S
EA163   3.598  3.598  6.216 106.77 106.77 60.09 Sym.group:  225
1.0
   3.5982870000000000   -0.0027330000000000    0.0006900000000000
   1.7967310000000001    3.1173790000000001   -0.0156590000000000
  -1.7952450000000000   -1.0057640000000001    5.8656170000000003
Li P
6 2
direct
   0.9406740000000000    0.5619459999999999    0.5638590000000000 Li
   0.5654480000000000    0.1868380000000000    0.4383540000000000 Li
   0.4406010000000000    0.0618760000000000    0.0637170000000000 Li
   0.8158360000000000    0.4372040000000000    0.1892540000000000 Li
   0.0654270000000000    0.6867560000000000    0.9384520000000000 Li
   0.3157530000000000    0.9371200000000000    0.6891530000000000 Li
   0.1906520000000000    0.8120450000000000    0.3138150000000000 P
   0.6905900000000000    0.3119320000000000    0.8138010000000000 P
EA83    5.148  4.741  5.149 90.00 60.01 90.01 Sym.group:  162
1.0
   5.1460509999999999    0.1050740000000000   -0.0664380000000000
  -0.0973360000000000    4.7397669999999996    0.0273200000000000
   2.6310180000000001    0.0283900000000000    4.4261179999999998
Cl Al
6 2
direct
   0.8754590000000000    0.4127620000000000    0.8120420000000000 Cl
   0.1965540000000000    0.8792330000000000    0.4911480000000000 Cl
   0.5543320000000000    0.8791560000000000    0.8118430000000000 Cl
   0.8761020000000000    0.8787310000000000    0.1696030000000000 Cl
   0.5550130000000000    0.4122400000000000    0.4904840000000000 Cl
   0.1972300000000000    0.4123250000000000    0.1697900000000000 Cl
   0.5427270000000000    0.1451900000000000    0.1573960000000000 Al
   0.2088350000000000    0.1462870000000000    0.8242290000000000 Al
EA27    3.219  3.219  3.217 76.69 103.39 76.53 Sym.group:  148
1.0
   3.2168570000000001   -0.0864470000000000    0.0774050000000000
   0.8332060000000000    3.1094210000000002    0.0414280000000000
  -0.7919420000000000    0.9394510000000000    2.9733269999999998
H C
6 2
direct
   0.6609230000000000    0.2896720000000000    0.9750270000000000 H
   0.4603420000000000    0.8968670000000000    0.7846959999999999 H
   0.8525160000000001    0.0875460000000000    0.5825110000000000 H
   0.1014170000000000    0.4451650000000000    0.0330330000000000 H
   0.9101200000000000    0.6475340000000001    0.4255300000000000 H
   0.3023170000000000    0.8379560000000000    0.2233010000000000 H
   0.5603810000000000    0.1887440000000000    0.6830130000000000 C
   0.2021790000000000    0.5461260000000000    0.3249580000000000 C
EA186   3.504  3.501  3.504 109.09 109.12 70.91 Sym.group:  166
1.0
   3.5032969999999999    0.0440030000000000   -0.0319580000000000
   1.1028420000000001    3.3221720000000001   -0.0318940000000000
  -1.1081960000000000   -0.8085170000000000    3.2239810000000002
Si H
3 1
direct
   0.2281920000000000    0.9756089999999999    0.7083220000000000 Si
   0.9345180000000000    0.6828610000000001    0.0007900000000000 Si
   0.6420480000000000    0.3901260000000000    0.2944580000000000 Si
   0.4274450000000000    0.1829280000000000    0.4937710000000000 H
EA43    2.670  2.639  6.865 90.33 89.74 119.52 Sym.group:  164
1.0
   1.4526889999999999   -2.2407970000000001    0.0049070000000000
   1.2194680000000000    2.3401369999999999    0.0040710000000000
  -0.0288820000000000   -0.0410790000000000    6.8647250000000000
Na H
3 1
direct
   0.6943530000000000    0.2231150000000000    0.1750140000000000 Na
   0.3755450000000000    0.5579390000000000    0.8223100000000000 Na
   0.0363030000000000    0.8894339999999999    0.4987130000000000 Na
   0.0347670000000000    0.8907020000000000    0.9986790000000000 H
EA1     2.916  2.915  7.106 89.98 90.02 119.98 Sym.group:  164
1.0
   1.4623340000000000   -2.5226600000000001    0.0014090000000000
   1.4541970000000000    2.5268380000000001   -0.0016330000000000
   0.0004350000000000    0.0075920000000000    7.1064179999999997
Li O
6 2
direct
   0.6699640000000000    0.9604210000000000    0.1676180000000000 Li
   0.0035520000000000    0.6270070000000000    0.0086470000000000 Li
   0.3364680000000000    0.2936960000000000    0.8397130000000000 Li
   0.3359180000000000    0.2939730000000000    0.3415060000000000 Li
   0.6691660000000000    0.9605629999999999    0.6694080000000000 Li
   0.0022710000000000    0.6273800000000000    0.5005140000000000 Li
   0.6700790000000000    0.9603640000000000    0.9220110000000000 O
   0.3356900000000000    0.2939890000000000    0.5870980000000000 O
EA18    3.248  3.248  3.339 61.02 61.03 89.82 Sym.group:  139
1.0
   3.2480790000000002    0.0045190000000000   -0.0058990000000000
   0.0058190000000000    3.2482050000000000   -0.0068860000000000
   1.6198720000000000    1.6200829999999999    2.4296650000000000
Be Li
3 1
direct
   0.9642360000000000    0.4716470000000000    0.0702960000000000 Be
   0.4635920000000000    0.9720680000000000    0.0704490000000000 Be
   0.7139160000000000    0.7218610000000000    0.5703680000000000 Be
   0.2139200000000000    0.2218540000000000    0.5703730000000000 Li
EA107   4.643  4.643  4.599 90.04 89.99 60.00 Sym.group:  191
1.0
   2.3216230000000002    4.0206679999999997   -0.0014180000000000
  -2.3211919999999999    4.0209050000000000    0.0060600000000000
   0.0109400000000000   -0.0039540000000000    4.5993810000000002
Si Li
6 2
direct
   0.5024630000000000    0.4977590000000000    0.2502180000000000 Si
   0.5019000000000000    0.9971460000000000    0.7511510000000000 Si
   0.0024770000000000    0.4977390000000000    0.2500210000000000 Si
   0.5023300000000001    0.4969330000000000    0.7502180000000001 Si
   0.5025539999999999    0.9977360000000000    0.2511640000000000 Si
   0.0021060000000000    0.4971010000000000    0.7500240000000000 Si
   0.0020040000000000    0.9970880000000000    0.0005670000000000 Li
   0.0028110000000000    0.9967800000000000    0.5005520000000000 Li
EA44    4.830  5.537  4.828 115.81 119.98 90.04 Sym.group:  148
1.0
   4.8291860000000000   -0.0601380000000000   -0.0206400000000000
   0.0264990000000000    3.8230400000000002   -4.0048360000000001
  -2.3807710000000002    1.1911360000000000    4.0273709999999996
Cl C
6 2
direct
   0.6646080000000000    0.3231730000000000    0.0836850000000000 Cl
   0.9985470000000000    0.3231320000000000    0.7401190000000000 Cl
   0.8334400000000000    0.8380190000000000    0.0861720000000000 Cl
   0.5107230000000000    0.8381200000000000    0.4201660000000000 Cl
   0.1768910000000000    0.8381630000000000    0.7638400000000000 Cl
   0.3419100000000000    0.3232780000000000    0.4177780000000000 Cl
   0.1400170000000000    0.7372800000000000    0.3562590000000000 C
   0.0353540000000000    0.4240060000000000    0.1476720000000000 C
EA19    5.190  5.189  5.190 119.97 60.04 89.95 Sym.group:  221
1.0
   5.1893539999999998   -0.0423180000000000   -0.0031950000000000
   0.0471190000000000    5.1891299999999996   -0.0029890000000000
   2.5733250000000001   -2.6140300000000001    3.6718590000000000
Mg P
6 2
direct
   0.9984520000000000    0.3714420000000000    0.4981880000000000 Mg
   0.5000090000000000    0.3734500000000000    0.4949120000000000 Mg
   0.4991900000000000    0.8721160000000000    0.9970240000000000 Mg
   0.0022810000000000    0.3732850000000000    0.9971470000000000 Mg
   0.0014490000000000    0.8719430000000000    0.4991510000000000 Mg
   0.5029770000000000    0.8740580000000000    0.4960820000000000 Mg
   0.0007020000000000    0.8727680000000000    0.9971210000000000 P
   0.5007670000000000    0.3727000000000000    0.9970230000000000 P
EA327   2.430  2.430 10.306 90.04 90.04 60.00 Sym.group:  164
1.0
   2.4299750000000002    0.0029530000000000    0.0154170000000000
   1.2122100000000000    2.1059139999999998    0.0157600000000000
  -0.0723080000000000   -0.0447310000000000   10.3060500000000008
C P
6 2
direct
   0.5403620000000000    0.2428460000000000    0.0702420000000000 C
   0.5382980000000001    0.2420360000000000    0.6357650000000000 C
   0.2055110000000000    0.9087170000000000    0.8290190000000000 C
   0.8734459999999999    0.5760280000000000    0.0235170000000000 C
   0.8724390000000000    0.5754950000000000    0.8769880000000000 C
   0.2050950000000000    0.9087620000000000    0.6824890000000000 C
   0.5406110000000000    0.2447010000000000    0.2480930000000000 P
   0.5403720000000000    0.2419160000000000    0.4579140000000000 P
EA100   4.666  4.664  3.530 90.04 90.04 60.03 Sym.group:  194
1.0
   4.6653770000000003    0.0470670000000000   -0.0396690000000000
   2.2886229999999999    4.0634189999999997   -0.0393060000000000
   0.0271610000000000    0.0157990000000000    3.5293779999999999
Li S
6 2
direct
   0.0903270000000000    0.6970820000000000    0.7398550000000000 Li
   0.2618280000000000    0.8669390000000000    0.2394270000000000 Li
   0.0901660000000000    0.2076010000000000    0.7392670000000000 Li
   0.7508240000000000    0.3777190000000000    0.2395850000000000 Li
   0.5793580000000000    0.2077920000000000    0.7400139999999999 Li
   0.7510540000000000    0.8671500000000000    0.2401720000000000 Li
   0.2539610000000000    0.3706830000000000    0.2397080000000000 S
   0.5872200000000000    0.7040710000000000    0.7397319999999999 S
EA301   2.469  2.469  5.438 90.03 89.21 119.99 Sym.group:  187
1.0
   1.2351710000000000   -2.1378849999999998    0.0008290000000000
   1.2343860000000000    2.1382580000000000   -0.0010090000000000
   0.0731500000000000   -0.0424050000000000    5.4378320000000002
N B
3 1
direct
   0.2811560000000000    0.7461880000000000    0.0963260000000000 N
   0.6069750000000000    0.4074460000000000    0.4953130000000000 N
   0.2643370000000000    0.7404430000000000    0.8958500000000000 N
   0.9403899999999999    0.0740740000000000    0.4952310000000000 B
