NUMBER OF TEMPLATES 31
COMPOSITION A 1 B
pairs , SPACEGROUPS 
[S Si] , 166 
[C H] , 164 
[Be F] , 166 
[F Mg] , 164 
[F Li] , 225 
[C Si] , 216 
[F Si] , 191 
[Be O] , 186 
[F Na] , 225 
[C P] , 164 
[Be S] , 119 
[Cl Li] , 194 
[Al F] , 191 
[B Li] , 166 
[Mg O] , 225 
[B Be] , 164 
[B P] , 216 
[H Na] , 225 
[Li N] , 187 
[Al Li] , 123 
[Cl Na] , 225 
[N Si] , 156 
[Li O] , 187 
[Be O] , 216 
[N O] , 160 
[Mg N] , 187 
[Cl Li] , 225 
[Al P] , 194 
[H Si] , 191 
[Al B] , 166 
[B S] , 166 
RANKING VECTORS ENTHALPIES
0:[-203.45362754 -203.45107245 -203.45085605 -203.38022156 -203.37682343 -203.29574886 -203.29384947 -203.27021636 -203.27020648 -203.27011859 -203.27011264 -203.26585116 -203.26539913 -203.26343303 -203.26134505 -203.261345   -203.25867787 -203.25490902 -203.17735272 -203.08149876 -203.05099762 -203.04730453 -203.0445242  -203.04147177 -203.04139592 -203.00263289 -202.99287005 -202.92952007 -201.91833907 -201.91833597 -201.90907054] 
1:[-88.37504288 -88.37308147 -88.36963553 -88.35745056 -88.35482105 -88.34258814 -87.95717818 -87.67129334 -86.98828392 -86.72998022 -86.7205056  -86.63578713 -86.63551958 -86.63521654 -86.63371122 -86.58301606 -86.57464465 -86.18822152 -85.88137277 -85.88129756 -85.8673706  -85.83177494 -85.71809612 -85.71809611 -85.69673713 -85.67775459 -85.67774118 -85.6760759  -85.67576637 -85.66500538 -85.62148054] 
2:[-523.52463793 -523.50766542 -523.50720415 -523.49671869 -523.46388473 -523.46000012 -523.44045663 -523.33215738 -523.19929053 -522.92240423 -522.92147211 -522.91366499 -522.60902972 -522.58376043 -522.57936295 -522.57589239 -522.57375575 -522.57281243 -522.26951682 -522.16312619 -522.16301988 -522.15806448 -522.15459064 -521.88999734 -521.88653692 -521.87134631 -521.86843564 -521.86843477 -521.86842404 -521.86842376 -521.76347332] 
3:[-1140.74799411 -1140.74465249 -1140.72913642 -1140.68097048 -1140.6761157  -1140.58013092 -1140.55664107 -1140.54330587 -1140.24106688 -1140.23974822 -1140.20674065 -1140.20621854 -1140.16362641 -1140.15870632 -1140.15814528 -1140.12290083 -1140.12196492 -1140.12195497 -1140.11532312 -1140.10128343 -1140.1003466  -1140.07835015 -1140.07001478 -1140.05786373 -1140.05785609 -1139.83236176 -1139.83203267 -1139.82340971 -1139.8232711  -1139.48763103 -1138.97141415] 
4:[-432.96020383 -432.96018222 -432.96001184 -432.95994256 -432.95994229 -432.95958656 -432.90849909 -432.90805624 -432.90792424 -432.78909932 -432.78866407 -432.75057293 -432.71830185 -432.6670681  -432.6665441 -432.66552708 -432.66437085 -432.66430904 -432.54990304 -432.54987636 -432.54987549 -432.54983464 -432.51364735 -432.38589551 -432.3079571 -432.25110702 -432.25063311 -432.250384   -431.43080177 -431.43067126 -431.43056852] 
5:[-136.68756527 -136.68262435 -136.68092235 -136.68022208 -136.6800797 -136.68002434 -136.5260775  -136.5136196  -136.51361959 -136.51357499 -136.51357072 -136.47994386 -136.44886757 -136.44886691 -136.44798338 -136.42137477 -136.33410148 -136.33388179 -136.20265074 -136.19777373 -136.0065814  -135.88949594 -135.82276045 -135.82266614 -135.63722325 -135.03811027 -135.03494267 -135.02271149 -134.87967761 -134.87945094 -134.87767599] 
6:[-389.87894334 -389.87885476 -389.8781304  -389.67950546 -389.6536072 -389.60542253 -389.60509392 -389.52707754 -389.50235374 -389.47570861 -389.43281752 -389.3618475  -389.3585022  -389.35849821 -389.33467693 -389.29774687 -389.29774113 -389.01858599 -388.65046586 -388.08630299 -388.08456716 -388.08456683 -387.90578796 -387.90505896 -387.90505878 -387.90467964 -387.90448523 -387.90447476 -387.41782844 -387.41776246 -387.40711201] 
7:[-414.37249339 -414.37029717 -414.36964902 -414.36951236 -414.36836253 -414.36681629 -414.18207648 -414.18082774 -414.14528405 -414.14521096 -414.14502373 -414.14317887 -414.14298168 -414.139643   -414.11774559 -414.08076076 -414.07774786 -414.04021279 -414.03802741 -413.96144578 -413.75622699 -413.75135973 -413.6939492  -413.61425667 -413.61424446 -413.61011704 -412.77946772 -412.39198616 -412.38958706 -412.3885482 -410.9227007 ] 
8:[-955.55806206 -955.45402021 -955.45398544 -955.45395185 -955.45340743 -955.45327696 -955.45312158 -955.40558909 -955.40206655 -955.40102894 -955.38417417 -955.38336686 -955.19993619 -955.15110122 -954.90496005 -954.90470397 -954.90461938 -954.90401231 -954.85425091 -954.85049077 -954.85005777 -954.8484334  -954.81095195 -954.70921108 -954.6486843 -954.59191703 -954.59191618 -954.59186641 -953.78938722 -953.78915519 -953.78910169] 
9:[-172.81744624 -172.6253521  -172.49669306 -172.39125899 -172.38986813 -172.35015304 -172.3460479  -172.33451609 -172.31737267 -172.31736452 -172.31731302 -172.31729582 -172.31729582 -172.30518643 -172.305065 -172.28817856 -172.28481529 -172.28357652 -172.26433673 -172.25667174 -172.19579757 -172.19579688 -172.19469975 -172.06062284 -172.06049105 -171.97171284 -171.95696968 -171.54127246 -171.54090371 -171.53499691 -171.1838748 ] 
10:[-337.14709277 -337.14667518 -337.14530887 -337.14530342 -337.14433945 -337.13729757 -337.12970586 -337.12898457 -337.0828677  -337.07521421 -337.06396473 -337.06341099 -337.06339698 -337.04239465 -337.03864745 -337.02482945 -337.02429451 -336.90174842 -336.58819483 -336.57523189 -336.57254281 -336.57174624 -336.48490473 -336.47536603 -336.42000011 -336.19229182 -336.0910905  -335.86401352 -335.83923593 -335.83906444 -335.81280788] 
11:[-318.96924207 -318.96866486 -318.96865453 -318.96859921 -318.96859741 -318.96562578 -318.95805442 -318.95704273 -318.95665884 -318.71589016 -318.69513849 -318.69473519 -318.64215554 -318.54468906 -318.4650621 -318.46501874 -318.46499758 -318.46498656 -318.42450214 -318.35669071 -318.35412917 -318.35405491 -318.35405257 -318.28277214 -318.28188645 -318.281784   -318.25199865 -318.15489032 -317.16462238 -317.16404592 -317.16401719] 
12:[-364.23876135 -364.23843142 -364.23802846 -364.17732336 -364.17127917 -364.16890427 -364.16027445 -364.07600408 -364.06796505 -364.05255801 -364.04857679 -364.04162296 -364.03668902 -363.94196606 -363.77150188 -363.59423454 -363.17426171 -362.85573918 -362.85572642 -362.85189268 -362.80480181 -362.80478903 -362.80199396 -362.7979265  -362.72528073 -362.64779396 -362.64266407 -362.64261487 -362.64261114 -362.61990009 -362.60386893] 
13:[-135.91859688 -135.90449089 -135.86477316 -135.8643729  -135.49640752 -135.49623006 -135.48720687 -135.3120857  -135.09881231 -135.03529021 -134.92328817 -134.91987316 -134.91820684 -134.86158986 -134.81722197 -134.80314713 -134.50241079 -134.50067416 -134.48794426 -133.94134114 -133.94131362 -133.9290007  -133.88913186 -133.87596793 -133.8759611 -133.87592128 -133.87591989 -133.37501602 -132.64260689 -132.60620206 -132.60620093] 
14:[-1031.63721418 -1031.63669936 -1031.63629825 -1031.63623523 -1031.63483223 -1031.63377781 -1031.45571022 -1031.45508875 -1031.3263837  -1031.32168574 -1031.32042131 -1031.17304911 -1031.1718707  -1031.17174856 -1031.17168708 -1031.11715609 -1030.96407976 -1030.89388816 -1030.89388431 -1030.89383439 -1030.88897354 -1030.69668811 -1030.65800403 -1030.60940158 -1030.15945716 -1030.07780603 -1028.56023986 -1028.54068095 -1028.43111404 -1028.43101719 -1028.43087432] 
15:[-227.62667475 -227.62578313 -227.62529306 -227.57734614 -227.57683368 -227.41646827 -227.24666945 -227.16119182 -227.15899068 -227.15485444 -227.12669416 -227.09786591 -227.02429604 -226.86725877 -226.86723232 -226.86365516 -226.8582671  -226.66253471 -226.48367604 -226.4826733 -226.48048455 -226.42268712 -226.35824826 -226.35818743 -226.35781858 -226.35774724 -226.32381253 -226.27702211 -225.35365914 -225.35365592 -225.33675407] 
16:[-131.33084122 -131.32871241 -131.32114916 -131.32001472 -131.31879505 -131.31255775 -130.74634655 -130.73328799 -130.73097716 -130.70568253 -130.70568253 -130.70492631 -130.7022033  -130.70146907 -130.68222344 -130.67705375 -130.67705083 -130.67695926 -130.67242775 -130.64611367 -130.64456523 -130.63002968 -130.58140219 -130.54312249 -130.54258916 -130.44563142 -130.44552954 -130.42192595 -130.14954169 -130.14057012 -130.00744027] 
17:[-626.95290051 -626.89968904 -626.89939226 -626.89938735 -626.89926597 -626.89801683 -626.89766359 -626.85016143 -626.84380272 -626.84214916 -626.83923535 -626.83819653 -626.73375392 -626.68523511 -626.4993921 -626.4993315  -626.4992757  -626.49870588 -626.44612398 -626.4313691 -626.43080986 -626.42352596 -626.41948004 -626.37262097 -626.3322854 -626.33228198 -626.33216728 -626.28823594 -625.65846208 -625.65837619 -625.65772544] 
18:[-237.00136182 -237.00077914 -237.00076687 -236.7707081  -236.66811787 -236.6394628  -236.58333967 -236.45539278 -236.20627926 -236.20612867 -236.15367043 -236.11452232 -236.11070559 -235.78944145 -235.73456815 -235.7325767  -235.69657215 -235.68845081 -235.68843551 -235.68836314 -235.68835024 -235.66539535 -235.57581643 -235.5038941  -235.3800719 -235.27645731 -235.27048599 -235.27041153 -234.76238336 -234.7476656 -234.74766486] 
19:[-125.93906097 -125.8439578  -125.77927415 -125.77291305 -125.77289761 -125.75012082 -125.75011248 -125.68405564 -125.68263156 -125.65715393 -125.6558159  -125.56979083 -125.54258702 -125.46040854 -125.45673521 -125.32528498 -125.31437847 -125.24744067 -125.24533868 -125.22379742 -125.06344168 -125.0458104  -125.02605891 -125.02603916 -125.02596236 -125.02596016 -125.00943655 -124.27196996 -123.56725108 -123.54598347 -123.54598005] 
20:[-841.6519411  -841.54587974 -841.54574237 -841.54566506 -841.54566185 -841.54565675 -841.54460164 -841.51058811 -841.51008765 -841.50988939 -841.43722164 -841.43488931 -841.23670374 -841.17554369 -840.92095708 -840.8933381  -840.8930908  -840.82512142 -840.8121037  -840.73376331 -840.73374007 -840.73298311 -840.72696857 -840.6569699  -840.3143224 -840.31424627 -840.31423844 -840.25540065 -839.79485107 -839.79478934 -839.79444487] 
21:[-196.19346551 -196.09648348 -196.02268329 -196.01460602 -195.97997259 -195.89793851 -195.873909   -195.77567899 -195.75559234 -195.74436126 -195.74433379 -195.73108835 -195.73094982 -195.72838296 -195.7263829 -195.68096467 -195.67549874 -195.47135386 -195.47134496 -195.47088902 -195.43635961 -195.41189504 -195.41188421 -195.41176798 -195.41176798 -195.39426399 -194.92721737 -194.74301736 -194.74276233 -194.74267172 -194.31964613] 
22:[-321.00449173 -321.00429075 -321.00414578 -320.78991963 -320.78279574 -320.76297936 -320.73655012 -320.69429345 -320.68570763 -320.68546238 -320.67088195 -320.60448594 -320.57559531 -320.57558816 -320.57519664 -320.57510802 -320.57107643 -320.27343937 -320.27340006 -320.27336064 -320.2726839  -320.25376705 -320.18039055 -320.14485277 -320.14240124 -319.89200562 -319.88884823 -319.88884686 -319.56015171 -319.56012283 -319.55411889] 
23:[-414.37249339 -414.37029717 -414.36964902 -414.36951236 -414.36836253 -414.36681629 -414.18207648 -414.18082774 -414.14528405 -414.14521096 -414.14502373 -414.14317887 -414.14298168 -414.139643   -414.11774559 -414.08076076 -414.07774786 -414.04021279 -414.03802741 -413.96144578 -413.75622699 -413.75135973 -413.6939492  -413.61425667 -413.61424446 -413.61011704 -412.77946772 -412.39198616 -412.38958706 -412.3885482 -410.9227007 ] 
24:[-361.88412447 -361.77968243 -360.87831647 -360.48477509 -360.38205036 -360.37785796 -360.37665908 -360.28974512 -360.23893202 -360.23663884 -360.23316427 -360.13045928 -360.12932132 -360.07100083 -360.06043075 -360.0596659  -360.05966582 -360.05966514 -360.05966512 -360.05647289 -360.00752804 -359.9616175  -359.93866366 -359.93866329 -359.93808524 -359.89277864 -359.89187941 -359.52294944 -359.52274226 -359.52164473 -359.48732229] 
25:[-946.25378227 -946.24654399 -946.23359922 -946.0586664  -946.02732193 -946.00282769 -946.00224191 -946.00219454 -946.00217298 -945.999115 -945.9629758  -945.96231485 -945.90335981 -945.86738825 -945.73385722 -945.57720918 -945.48221268 -945.48203848 -945.48095567 -945.30257646 -945.14628582 -945.09712753 -944.98415332 -944.98414465 -944.97953505 -944.55521549 -944.54488804 -944.05114337 -943.60494506 -943.60482652 -943.60248469] 
26:[-318.96924207 -318.96866486 -318.96865453 -318.96859921 -318.96859741 -318.96562578 -318.95805442 -318.95704273 -318.95665884 -318.71589016 -318.69513849 -318.69473519 -318.64215554 -318.54468906 -318.4650621 -318.46501874 -318.46499758 -318.46498656 -318.42450214 -318.35669071 -318.35412917 -318.35405491 -318.35405257 -318.28277214 -318.28188645 -318.281784   -318.25199865 -318.15489032 -317.16462238 -317.16404592 -317.16401719] 
27:[-121.74998379 -121.74957828 -121.70319169 -121.6750488  -121.67502562 -121.6749365  -121.67493357 -121.64174465 -121.59990899 -121.47506464 -121.47499483 -121.47171191 -121.37653614 -121.35909983 -121.358135 -121.33764011 -121.3185575  -121.31835644 -121.31311912 -121.31217814 -121.30729314 -121.30056951 -121.23501907 -121.16683186 -121.07441206 -120.91304946 -120.91264542 -120.91071011 -120.89978276 -120.89977654 -120.79352039] 
28:[-62.48794351 -62.47578354 -62.47427056 -62.46681771 -62.43302688 -62.43107021 -62.42702457 -62.41721762 -62.41497066 -62.41439122 -62.39514944 -62.39514944 -62.39428638 -62.38346916 -62.37740857 -62.37740209 -62.37580848 -62.36979742 -62.3541385  -62.35372526 -62.35162332 -62.34790136 -62.34789948 -62.33378951 -62.33060056 -62.32081153 -62.27700626 -62.25825311 -62.13917078 -62.13897042 -62.08510958] 
29:[-68.5776475  -68.5613201  -68.56072536 -68.30853017 -68.26869505 -68.26310036 -68.2627722  -68.24949968 -68.24065064 -68.24045428 -68.07554463 -67.98755173 -67.98620959 -67.86163151 -67.82940296 -67.79948273 -67.71760399 -67.68689514 -67.68675769 -67.68539033 -67.68493807 -67.68480766 -67.4058535  -67.23676171 -67.20347084 -66.62146422 -66.62129238 -66.60899552 -66.52461128 -66.52062856 -66.5206249 ] 
30:[-186.94242881 -186.58542887 -186.5756847  -186.5523587  -186.52295534 -186.45937628 -186.39893709 -186.39893709 -186.39510584 -186.39436866 -186.38757956 -186.37813809 -186.37255201 -186.36965879 -186.31338665 -186.3133838  -186.26881023 -186.22135254 -186.22135242 -186.21865992 -186.19679911 -186.19568364 -186.18548594 -186.18316511 -186.09963543 -185.78386431 -185.77683893 -185.77673815 -185.65038498 -185.45501653 -185.32749641] 
RANKING VECTORS IDX
0:[13.  2. 29.  3. 15. 20.  0. 17. 14.  8. 26. 27. 11.  4. 18. 22. 19. 25. 21.  9. 10. 28. 30.  6. 12.  1. 24.  7.  5. 16. 23.] 
1:[ 1.  3. 15.  2. 29.  0.  9. 21. 13. 27. 11.  6. 12. 28. 30.  7. 24. 19. 22. 18. 25. 10. 16.  5. 23. 26.  8. 17. 14. 20.  4.] 
2:[ 0. 29. 13.  2. 15.  3.  9. 30. 21. 22. 18. 25.  1.  7. 24. 28.  6. 12. 11.  5. 16. 10. 23. 27. 20.  4. 17. 14.  8. 26. 19.] 
3:[ 3. 15.  0.  2. 29.  9. 30. 21. 11. 27.  7. 24. 25. 18. 22. 20.  8. 26.  4. 17. 14. 23. 10.  5. 16. 19. 28.  6. 12. 13.  1.] 
4:[17. 14.  4.  8. 26. 20. 25. 18. 22. 27. 11. 21. 10.  7. 15.  3.  1. 19. 24.  5. 16. 23.  0. 30.  9.  2. 29. 13. 28.  6. 12.] 
5:[24. 23. 10.  7.  5. 16.  4. 17. 14.  8. 26. 20. 22. 18. 25. 21. 15.  3.  1.  2. 30.  0. 27. 11.  9. 29. 13. 19.  6. 12. 28.] 
6:[ 6. 12. 28.  7. 24. 29. 13.  0.  3. 21. 30.  9. 15.  1.  2. 27. 11. 19. 10. 25. 22. 18. 20.  8. 26.  4. 17. 14.  5. 16. 23.] 
7:[ 7. 24.  5. 16. 23. 10.  3. 15.  4. 17. 14.  8. 26. 20. 21. 27. 11. 30. 13.  0.  2. 29.  9. 18. 22. 25. 19. 28. 12.  6.  1.] 
8:[19. 17. 14.  4.  8. 26. 20. 25. 18. 22. 27. 11. 10. 21.  7.  1. 15.  3.  0. 13.  2. 29. 30. 24.  9. 23.  5. 16. 28.  6. 12.] 
9:[ 1. 30. 21.  9. 29.  7. 24. 20. 17. 14. 10. 26.  8.  5. 16. 23. 13.  4.  2. 15. 18. 22. 25. 27. 11.  3.  0.  6. 12. 28. 19.] 
10:[23. 10.  5. 16. 24.  7. 27. 11. 14.  4. 17. 26.  8. 20. 30.  3. 15. 21.  2. 25. 18. 22.  9.  0. 29. 19.  1. 28.  6. 12. 13.] 
11:[ 4. 17. 14.  8. 26. 20. 25. 18. 22. 21. 27. 11. 10. 19.  7.  3. 15.  1.  0. 24. 23.  5. 16. 13.  2. 29.  9. 30. 28.  6. 12.] 
12:[28.  6. 12.  2.  0. 29. 13. 21.  9.  7. 24.  3. 15. 30. 11.  1. 19. 22. 18. 25.  5. 16. 10. 23. 27.  4. 14.  8. 26. 17. 20.] 
13:[29.  0.  2. 13. 27. 11.  9. 19. 25. 10.  1.  3. 15. 21. 30. 24.  6. 12. 28. 22. 18. 20.  4. 17. 14.  8. 26.  7. 23.  5. 16.] 
14:[17. 14.  8. 26.  4. 20. 27. 11. 25. 18. 22.  7. 15.  3.  1. 10. 19.  5. 16. 23. 24. 21. 30.  0.  2.  9. 29. 13. 28.  6. 12.] 
15:[15.  1.  3. 27. 11. 19.  9.  0. 13. 29. 21.  2. 30. 22. 18. 24. 25. 10.  6. 12. 28.  7. 17. 14.  8. 26.  4. 20.  5. 16. 23.] 
16:[24. 10. 23.  5.  7. 16.  9.  3. 15.  8. 26.  4. 17. 14. 21. 22. 18. 25.  2. 20.  0. 30.  1. 11. 27.  6. 12. 28. 13. 29. 19.] 
17:[19. 17.  8. 26. 14. 20.  4. 25. 18. 22. 27. 11. 10. 21.  1. 15.  3.  7.  0. 29. 13. 30.  2. 24.  5. 16. 23.  9.  6. 12. 28.] 
18:[25. 22. 18.  0.  9. 21.  2. 19. 27. 11. 10. 29. 13. 24.  3. 15.  4. 17. 14.  8. 26. 20. 30.  1.  7. 28.  6. 12. 23.  5. 16.] 
19:[19. 13. 25. 18. 22. 27. 11.  2. 29.  3. 15.  9.  0. 24. 30. 10.  1.  6. 12. 28.  4. 20. 17. 14.  8. 26. 21.  7. 23.  5. 16.] 
20:[19.  4. 14. 17.  8. 26. 20. 25. 18. 22. 27. 11. 10. 21.  2. 29. 13.  0.  9.  3. 15.  1.  7. 24.  5. 16. 23. 30.  6. 12. 28.] 
21:[21.  9. 13.  2. 29.  7. 24. 10. 23.  5. 16. 27. 11.  3. 15.  0. 30. 18. 22. 25.  4. 17. 14. 26.  8. 20. 19. 28.  6. 12.  1.] 
22:[25. 22. 18. 19.  0. 21. 10.  9. 27. 11.  2. 20. 17. 14.  8. 26.  4. 15.  3.  1.  7. 24. 30. 13. 29. 23.  5. 16.  6. 12. 28.] 
23:[ 7. 24.  5. 16. 23. 10.  3. 15.  4. 17. 14.  8. 26. 20. 21. 27. 11. 30. 13.  0.  2. 29.  9. 18. 22. 25. 19. 28. 12.  6.  1.] 
24:[24.  1. 21. 30. 13. 29.  0.  2.  6. 12. 28. 15.  3.  4. 10. 17. 14.  8. 26. 20.  9.  7. 18. 22. 25. 11. 27.  5. 16. 23. 19.] 
25:[25. 18. 22. 21. 20. 17. 14.  8. 26.  4. 27. 11. 19.  0. 10.  9. 15.  7.  3.  2. 24. 30.  5. 16. 23. 13. 29.  1.  6. 12. 28.] 
26:[ 4. 17. 14.  8. 26. 20. 25. 18. 22. 21. 27. 11. 10. 19.  7.  3. 15.  1.  0. 24. 23.  5. 16. 13.  2. 29.  9. 30. 28.  6. 12.] 
27:[27. 11.  4. 17. 14.  8. 26. 20. 19. 18. 22. 25.  9.  3.  2. 29.  6. 12. 28.  0. 30. 13. 24.  1. 15. 10.  7. 23.  5. 16. 21.] 
28:[ 0.  6. 12. 28. 15.  1.  3. 13.  2. 29. 17. 14.  8. 24. 18. 22. 30. 25.  7. 20.  4. 27. 11. 21. 26. 10. 19.  9.  5. 16. 23.] 
29:[13.  2. 29.  0. 25. 22. 18.  1.  3. 15. 30. 11. 27. 19. 21.  9. 20. 17. 14.  4.  8. 26. 10. 24.  7.  6. 12. 28. 23.  5. 16.] 
30:[30. 21. 13.  2. 10.  0. 26.  8. 17. 14. 20.  9.  4.  7.  5. 16. 23. 18. 22. 25. 11. 27. 15.  3.  1. 28.  6. 12. 29. 19. 24.] 
POSCARS
EA237   3.077  3.077  6.387 103.80 103.81 60.08 Sym.group:  166
1.0
   1.5414200000000000    2.6636389999999999    0.0010510000000000
  -1.5398769999999999    2.6643400000000002   -0.0072570000000000
  -0.0179460000000000   -1.7529170000000001    6.1412370000000003
S Si
2 2
direct
   0.8843330000000000    0.1459110000000000    0.9263890000000000 S
   0.1010140000000000    0.3622070000000000    0.5762550000000000 S
   0.7013260000000000    0.9626040000000000    0.3776210000000000 Si
   0.2840180000000000    0.5455179999999999    0.1250220000000000 Si
EA54    2.431  2.432  3.419 89.93 89.92 60.01 Sym.group:  164
1.0
   2.4311050000000001   -0.0018390000000000   -0.0004700000000000
   1.2170589999999999    2.1050010000000001   -0.0004580000000000
   0.0054850000000000    0.0025470000000000    3.4190719999999999
C H
2 2
direct
   0.3421560000000000    0.8341480000000000    0.8283880000000000 C
   0.6756470000000000    0.1676600000000000    0.6961030000000000 C
   0.6762980000000000    0.1681510000000000    0.3806000000000000 H
   0.3415220000000000    0.8336330000000000    0.1438910000000000 H
EA83    2.354  2.335  5.556 90.14 102.13 119.49 Sym.group:  166
1.0
   2.3518390000000000   -0.0925950000000000    0.0066780000000000
  -1.0686279999999999    2.0757140000000001    0.0172670000000000
  -1.2107920000000001   -0.6831660000000001    5.3792720000000003
Be F
2 2
direct
   0.4774560000000000    0.3644900000000000    0.3385240000000000 Be
   0.0195150000000000    0.1386650000000000    0.6588619999999999 Be
   0.4619270000000000    0.8595840000000000    0.8206120000000000 F
   0.0351830000000000    0.6438820000000000    0.1767780000000000 F
EA272   2.821  2.821  5.546 89.92 90.16 119.84 Sym.group:  164
1.0
   2.8214020000000000    0.0030940000000000    0.0052530000000000
  -1.4062340000000000    2.4455480000000001    0.0005210000000000
  -0.0261630000000000   -0.0068980000000000    5.5460919999999998
F Mg
2 2
direct
   0.3251680000000000    0.6632720000000000    0.6423250000000000 F
   0.6577290000000000    0.3290550000000000    0.3590160000000000 F
   0.3229400000000000    0.6630130000000000    0.1933900000000000 Mg
   0.6598600000000000    0.3292440000000000    0.8079980000000000 Mg
EA21    2.552  2.552  2.552 60.00 90.00 120.00 Sym.group:  225
1.0
   1.2773699999999999    1.2758929999999999   -1.8042149999999999
  -1.2757680000000000    1.2766130000000000    1.8047700000000000
   1.2766960000000001    1.2750390000000000    1.8053770000000000
F Li
1 1
direct
   0.7466190000000000    0.4931490000000000    0.7566740000000000 F
   0.2466160000000000    0.4931440000000000    0.2566920000000000 Li
EA157   2.927  2.927  5.064 106.78 73.22 119.98 Sym.group:  216
1.0
   2.9268130000000001   -0.0061000000000000    0.0118420000000000
  -1.4573590000000001    2.5381730000000000   -0.0117750000000000
   1.4405770000000000   -0.8361280000000000    4.7824660000000003
C Si
2 2
direct
   0.1811680000000000    0.8183610000000000    0.1865780000000000 C
   0.6810480000000000    0.3187240000000000    0.6865980000000000 C
   0.8062030000000000    0.1933240000000000    0.3113380000000000 Si
   0.3060940000000000    0.6936730000000000    0.8113290000000000 Si
EA121   2.396  2.396  7.158 90.00 89.95 120.00 Sym.group:  191
1.0
   2.3963960000000002   -0.0031500000000000    0.0044340000000000
  -1.1953890000000000    2.0769579999999999    0.0003370000000000
  -0.0075610000000000   -0.0050310000000000    7.1579179999999996
F Si
2 2
direct
   0.2383830000000000    0.2455900000000000    0.2484410000000000 F
   0.2359420000000000    0.2482310000000000    0.7484380000000000 F
   0.2369940000000000    0.2440530000000000    0.9984350000000000 Si
   0.2372740000000000    0.2445330000000000    0.4984360000000000 Si
EA9     2.558  2.558  4.154 90.00 90.00 120.00 Sym.group:  186
1.0
   1.2797879999999999   -2.2145630000000001    0.0001290000000000
   1.2780560000000001    2.2155209999999999   -0.0019060000000000
   0.0026940000000000    0.0021730000000000    4.1543720000000004
O Be
2 2
direct
   0.3187550000000000    0.6586500000000000    0.1303500000000000 O
   0.6521370000000000    0.3252110000000000    0.6303460000000000 O
   0.6520600000000000    0.3252690000000000    0.0078250000000000 Be
   0.3187180000000000    0.6585320000000000    0.5077120000000001 Be
EA1     2.891  2.880  4.081 89.57 90.09 90.00 Sym.group:  225
1.0
   2.8911319999999998   -0.0003270000000000    0.0019110000000000
   0.0002030000000000    2.8802469999999998   -0.0082450000000000
  -0.0088840000000000    0.0424570000000000    4.0804640000000001
F Na
2 2
direct
   0.3711040000000000    0.8696680000000000    0.9639440000000000 F
   0.8750260000000000    0.3707220000000000    0.4635940000000000 F
   0.8712290000000000    0.3703310000000000    0.9633980000000000 Na
   0.3753950000000000    0.8713330000000000    0.4642500000000000 Na
EA18    2.822  2.833  4.690 90.32 90.23 60.73 Sym.group:  164
1.0
   1.4439240000000000   -2.4244420000000000    0.0032630000000000
   2.8324150000000001    0.0742730000000000   -0.0098110000000000
  -0.0105710000000000    0.0217840000000000    4.6904250000000003
C P
2 2
direct
   0.9990000000000000    0.9942210000000000    0.3454370000000000 C
   0.9988210000000000    0.9991910000000001    0.6608760000000000 C
   0.3326470000000000    0.3291990000000000    0.1795880000000000 P
   0.6651750000000000    0.6642130000000001    0.8267250000000000 P
EA231   4.336  3.143  3.143 90.00 89.99 90.00 Sym.group:  119
1.0
   4.3364339999999997    0.0001780000000000   -0.0005190000000000
  -0.0000800000000000    3.1427200000000002    0.0032470000000000
   0.0009940000000000   -0.0031540000000000    3.1431719999999999
Be S
2 2
direct
   0.1191090000000000    0.0092710000000000    0.2522740000000000 Be
   0.6191480000000000    0.5094050000000000    0.7523470000000000 Be
   0.3691760000000000    0.5092680000000001    0.2524190000000000 S
   0.8691770000000000    0.0093890000000000    0.7523570000000001 S
EA12    3.052  3.052  5.051 89.98 90.01 60.02 Sym.group:  194
1.0
   3.0516519999999998    0.0006860000000000   -0.0006070000000000
   1.5246480000000000    2.6440519999999998    0.0017880000000000
   0.0005290000000000   -0.0020950000000000    5.0506380000000002
Cl Li
2 2
direct
   0.3282430000000000    0.3356440000000000    0.2505880000000000 Cl
   0.6614650000000000    0.6687270000000000    0.7505940000000000 Cl
   0.9944100000000000    0.0025990000000000    0.0005910000000000 Li
   0.9952970000000000    0.0017800000000000    0.5005920000000000 Li
EA38    2.493  4.344  3.535 90.06 90.01 89.98 Sym.group:  191
1.0
   2.4929779999999999    0.0120400000000000    0.0011120000000000
  -0.0193490000000000    4.3433999999999999    0.0228970000000000
  -0.0021150000000000   -0.0226460000000000    3.5351050000000002
Al F
2 2
direct
   0.1352800000000000    0.3769140000000000    0.3730740000000000 Al
   0.6352830000000000    0.8769150000000000    0.3735150000000000 Al
   0.6350260000000000    0.8773110000000000    0.8734630000000000 F
   0.1346930000000000    0.3773080000000000    0.8731260000000000 F
EA7     2.948  2.944  3.616 89.99 66.16 60.06 Sym.group:  166
1.0
   1.4841850000000001    2.5475240000000001    0.0100190000000000
  -1.4640850000000001    2.5535790000000000   -0.0250440000000000
   1.4244509999999999    0.8490500000000000    3.2129509999999999
B Li
2 2
direct
   0.8114250000000000    0.0247860000000000    0.4788280000000000 B
   0.4544910000000000    0.7026990000000000    0.5085790000000000 B
   0.3658470000000000    0.2473590000000000    0.1431600000000000 Li
   0.9000990000000000    0.4801040000000000    0.8442120000000000 Li
EA23    2.797  2.797  2.797 60.00 120.00 90.00 Sym.group:  225
1.0
   2.7970839999999999   -0.0019080000000000   -0.0005040000000000
   0.0019740000000000    2.7972070000000002    0.0004340000000000
  -1.3971169999999999    1.3991499999999999    1.9785990000000000
O Mg
1 1
direct
   0.6095090000000000    0.4019480000000000    0.1968680000000000 O
   0.1094800000000000    0.9018730000000000    0.1968580000000000 Mg
EA245   2.766  2.767  3.637 90.04 90.12 61.32 Sym.group:  164
1.0
   2.7660790000000000   -0.0258580000000000   -0.0020680000000000
   1.3504849999999999    2.4147609999999999   -0.0082960000000000
  -0.0049130000000000    0.0122750000000000    3.6371820000000001
B Be
2 2
direct
   0.0054240000000000    0.9968560000000000    0.3645330000000000 B
   0.6704410000000000    0.6611390000000000    0.1543400000000000 B
   0.0075860000000000    0.9983230000000000    0.8967300000000000 Be
   0.6683190000000000    0.6596810000000000    0.6221790000000000 Be
EA147   2.996  2.999  5.178 73.37 73.35 60.38 Sym.group:  216
1.0
   1.4932460000000001   -2.5971039999999999    0.0180820000000000
   2.9985070000000000    0.0145310000000000    0.0061030000000000
   1.4761340000000001   -0.8287470000000000    4.8930449999999999
B P
2 2
direct
   0.9908850000000000    0.6463530000000000    0.3190910000000000 B
   0.4906340000000000    0.1463590000000000    0.8190930000000000 B
   0.3659650000000000    0.0219840000000000    0.1948480000000000 P
   0.8657210000000000    0.5219900000000000    0.6948470000000000 P
EA9     2.754  2.763  3.898 89.91 90.24 90.00 Sym.group:  225
1.0
   2.7536130000000001    0.0003320000000000    0.0059160000000000
  -0.0002510000000000    2.7629459999999999   -0.0025380000000000
  -0.0248570000000000    0.0096260000000000    3.8976380000000002
H Na
2 2
direct
   0.3749810000000000    0.3733480000000000    0.1248950000000000 H
   0.8862890000000000    0.8732330000000000    0.6259860000000000 H
   0.8751960000000000    0.8737360000000000    0.1259200000000000 Na
   0.3859780000000000    0.3737420000000000    0.6251810000000000 Na
EA95    2.819  2.835  3.702 89.97 89.92 119.80 Sym.group:  187
1.0
   2.8190840000000001   -0.0028790000000000   -0.0080200000000000
  -1.4061539999999999    2.4614129999999999   -0.0040410000000000
   0.0159180000000000    0.0177750000000000    3.7024219999999999
N Li
2 2
direct
   0.1551770000000000    0.8194080000000000    0.0768000000000000 N
   0.1540580000000000    0.8185680000000000    0.4189950000000000 N
   0.4866310000000000    0.4827560000000000    0.2473230000000000 Li
   0.8219990000000000    0.1529250000000000    0.7472940000000000 Li
EA10    2.564  5.886  2.618 90.00 90.00 90.00 Sym.group:  123
1.0
   2.5467900000000001    0.2942280000000000   -0.0141000000000000
  -0.6755030000000000    5.8468320000000000    0.0418430000000000
   0.0165320000000000   -0.0169070000000000    2.6176940000000002
Al Li
2 2
direct
   0.7493430000000000    0.1230640000000000    0.2620230000000000 Al
   0.7493700000000000    0.6230850000000000    0.2621960000000000 Al
   0.2494330000000000    0.3732320000000000    0.7621880000000000 Li
   0.2493380000000000    0.8728780000000000    0.7620720000000000 Li
EA11    3.320  3.330  3.323 60.43 119.70 119.61 Sym.group:  225
1.0
   3.3203900000000002    0.0230500000000000   -0.0013930000000000
  -1.6563500000000000    1.6711760000000000    2.3568050000000000
  -1.6336679999999999   -1.6770050000000001    2.3577640000000000
Cl Na
1 1
direct
   0.4963550000000000    0.5034310000000000    0.4894050000000000 Cl
   0.9965030000000000    0.0034120000000000    0.9897200000000000 Na
EA255   2.808  7.269  2.809 89.99 119.98 90.01 Sym.group:  156
1.0
   1.4083650000000001   -0.0007640000000000    2.4297300000000002
   0.0079270000000000    7.2686140000000004   -0.0038130000000000
  -2.8088030000000002    0.0037370000000000    0.0056440000000000
N Si
3 3
direct
   0.5507530000000000    0.1724370000000000    0.9972450000000000 N
   0.8840190000000000    0.9074050000000000    0.6634409999999999 N
   0.8834540000000000    0.4380670000000000    0.6644550000000000 N
   0.8841000000000000    0.1756560000000000    0.6637750000000000 Si
   0.2167830000000000    0.5436650000000000    0.3309670000000000 Si
   0.5505630000000000    0.8060200000000000    0.9970550000000000 Si
EA5     2.791  2.792  3.569 89.82 89.86 60.04 Sym.group:  187
1.0
   1.4297830000000000    2.3968550000000000   -0.0448400000000000
  -1.3630290000000000    2.4357240000000000   -0.0493280000000000
  -0.0070970000000000    0.0812810000000000    3.5685330000000000
O Li
2 2
direct
   0.3330630000000000    0.0810250000000000    0.5309900000000000 O
   0.3322780000000000    0.0798410000000000    0.9545490000000000 O
   0.9994960000000001    0.7465440000000000    0.7427790000000000 Li
   0.6655300000000000    0.4143290000000000    0.2427620000000000 Li
EA118   2.551  2.551  2.551 119.95 90.07 119.96 Sym.group:  216
1.0
   1.2619750000000001   -1.2899860000000001   -1.8029480000000000
   0.0274840000000000    2.5509700000000000   -0.0034260000000000
   1.2615529999999999   -1.2848050000000000    1.8066160000000000
O Be
1 1
direct
   0.8638620000000000    0.7405340000000000    0.3600090000000000 O
   0.6139280000000000    0.2405760000000000    0.6099370000000000 Be
EA37    2.292  2.292  6.496 80.22 99.77 119.46 Sym.group:  160
1.0
   2.2919470000000000    0.0024120000000000   -0.0190910000000000
  -1.1291789999999999    1.9945290000000000    0.0090090000000000
  -1.0500389999999999    0.6442890000000000    6.3776999999999999
O N
2 2
direct
   0.2241560000000000    0.7810360000000000    0.1617740000000000 O
   0.7211400000000000    0.2779780000000000    0.6617980000000000 O
   0.2821760000000000    0.7230350000000000    0.3399740000000000 N
   0.7791709999999999    0.2199780000000000    0.8400069999999999 N
EA111   3.064  3.065  4.052 89.99 90.03 60.00 Sym.group:  187
1.0
   3.0644469999999999    0.0054710000000000    0.0071540000000000
   1.5274850000000000    2.6566920000000001   -0.0020150000000000
  -0.0114100000000000    0.0102490000000000    4.0519959999999999
N Mg
2 2
direct
   0.9948500000000000    0.0043460000000000    0.8350550000000000 N
   0.9939829999999999    0.0049470000000000    0.3959230000000000 N
   0.3279030000000000    0.3378790000000000    0.1154070000000000 Mg
   0.6611650000000000    0.6712720000000000    0.6155530000000000 Mg
EA96    3.064  3.065  3.065 60.02 60.02 60.02 Sym.group:  225
1.0
   1.5412220000000001   -2.6484809999999999    0.0005390000000000
   3.0644819999999999    0.0113070000000000    0.0178740000000000
   1.5201570000000000   -0.8868710000000000    2.5093260000000002
Cl Li
1 1
direct
   0.2629950000000000    0.8232710000000000    0.1687850000000000 Cl
   0.7628950000000000    0.3232900000000000    0.6687460000000000 Li
EA40    3.302  3.304  5.255 90.00 90.00 119.97 Sym.group:  194
1.0
   3.3019690000000002    0.0002330000000000   -0.0010690000000000
  -1.6505240000000001    2.8620000000000001   -0.0003000000000000
   0.0014970000000000    0.0013480000000000    5.2548159999999999
Al P
2 2
direct
   0.9987549999999999    0.0054590000000000    0.9985550000000000 Al
   0.9988020000000000    0.0054790000000000    0.4985540000000000 Al
   0.6655219999999999    0.3390830000000000    0.7485600000000000 P
   0.3320310000000000    0.6718530000000000    0.2485520000000000 P
EA52    3.213  2.318  2.318 120.00 89.99 90.01 Sym.group:  191
1.0
   3.2133159999999998    0.0024550000000000   -0.0044090000000000
  -0.0041960000000000    1.1843830000000000   -1.9923780000000000
   0.0022070000000000    1.1333370000000000    2.0218630000000002
H Si
1 1
direct
   0.3412390000000000    0.2445300000000000    0.9988190000000000 H
   0.8412180000000000    0.2504320000000000    0.0009270000000000 Si
EA73    2.789  5.243  2.809 91.06 60.23 105.42 Sym.group:  166
1.0
   1.3985540000000001   -0.3513360000000000    2.3871799999999999
  -1.4309570000000000    5.0436110000000003   -0.0478810000000000
  -1.4091160000000000   -0.4309690000000000    2.3911660000000001
Al B
2 2
direct
   0.8150870000000000    0.2544920000000000    0.2685300000000000 Al
   0.4180680000000000    0.6509380000000000    0.4598690000000000 Al
   0.2867430000000000    0.9585540000000000    0.0297150000000000 B
   0.9464220000000000    0.9468760000000001    0.6986730000000000 B
EA197   2.847  2.845  5.780 75.79 75.77 60.12 Sym.group:  166
1.0
   2.8470230000000001    0.0280920000000000    0.0087170000000000
   1.3929590000000001    2.4807440000000001    0.0406380000000000
   1.3965620000000001    0.7523430000000000    5.5580829999999999
B S
2 2
direct
   0.9827570000000000    0.6458840000000000    0.2853540000000000 B
   0.0785050000000000    0.7424670000000000    0.9946940000000000 B
   0.7925930000000000    0.4566900000000000    0.8509330000000001 S
   0.2686690000000000    0.9316610000000000    0.4291140000000000 S
