NUMBER OF PAIRS 105
COMPOSITION A 1 B
NUMBER OF TEMPLATES 2
RELAXED pairs
[B P] 
[Mg S] 
[Be Na] 
[Be O] 
[O P] 
[Be S] 
[Li N] 
[S Si] 
[F Na] 
[C Si] 
[Al C] 
[Li P] 
[O S] 
[F P] 
[Na P] 
[H S] 
[Al O] 
[Be C] 
[O Si] 
[Be Li] 
[B Cl] 
[C Mg] 
[N Na] 
[B Si] 
[B O] 
[Al Na] 
[B Be] 
[B Li] 
[Al Si] 
[Cl Si] 
[Al Li] 
[Be Cl] 
[Al Be] 
[C H] 
[B Mg] 
[N S] 
[Al S] 
[Mg N] 
[Mg O] 
[H O] 
[Li S] 
[Li O] 
[Cl Li] 
[P S] 
[B N] 
[F N] 
[Cl F] 
[Be Mg] 
[H N] 
[F Si] 
[C Na] 
[Al Cl] 
[H Mg] 
[Mg P] 
[Mg Na] 
[Al P] 
[Al Mg] 
[Na S] 
[F Mg] 
[H Li] 
[Cl P] 
[Li Si] 
[B C] 
[C F] 
[Be F] 
[Be P] 
[N O] 
[Be N] 
[Be Si] 
[Mg Si] 
[N Si] 
[Na Si] 
[Al N] 
[C O] 
[P Si] 
[H Na] 
[Cl N] 
[B Na] 
[B F] 
[H P] 
[C P] 
[F H] 
[Al F] 
[Na O] 
[Cl S] 
[Al H] 
[C Cl] 
[Li Na] 
[C Li] 
[Cl Na] 
[F S] 
[Cl H] 
[Be H] 
[C N] 
[Cl O] 
[F O] 
[C S] 
[Al B] 
[B S] 
[F Li] 
[H Si] 
[B H] 
[Li Mg] 
[Cl Mg] 
[N P] 
RANKING VECTORS ENTHALPIES
0:[ 9.42487523e-01 -6.88969877e-01  5.75874160e-01 -2.83874662e+00 -1.02389952e+00  5.26507087e-01 -1.10558679e+02 -4.37709684e-01 -3.40207134e+00  1.36705637e+00  4.13762135e-01 -4.39546736e-01 -5.63977267e-01 -1.33277459e+00 -4.24596486e-01  2.35046533e-01 -2.49827322e+00  7.28211154e-01 -1.59282012e+00 -2.04456078e-02  1.04082186e+00  8.72185474e-01 -1.11230192e+02  8.77106923e-01 -1.72210320e+00 -1.12962133e-01  4.98094069e-01 -7.56075445e-01  1.02820749e-01 -2.61470613e-03 -2.91931278e-01  7.05284124e-01  3.80917236e-01  1.27422755e+00 -4.49290128e-01 -1.09459143e+02 -4.88801022e-01 -1.10015200e+02 -9.02198184e-01 -1.55943646e-01 -9.14974576e-01 -1.49435927e+00 -1.83426371e+00 -8.07803498e-02 -1.11666866e+02 -1.09551867e+02 -4.30475490e-01  3.14307172e-01 -1.09972211e+02 -1.52512850e+00 -1.80532389e-01  9.04956542e-02 -1.55538289e-01 -1.42095026e-01  7.91469296e-02  2.35188774e-01  3.88822875e-02 -1.06999638e+00 -1.64506651e+00 -1.99311822e-01  2.13032702e-01 -3.85155132e-01  1.33433454e+00 -9.30477554e-01 -2.10384162e+00  5.26381698e-01 -1.08508960e+02 -1.10826353e+02  3.98908379e-01 -8.07252018e-02 -1.11245267e+02 -2.67046927e-01 -1.11058364e+02  1.24304388e+00  2.14781942e-01 -4.21633657e-01 -1.09417055e+02 -2.09352133e-01 -7.38674203e-01  2.06337514e-01  8.75525336e-01 -1.38482058e+00 -2.08310209e+00 -1.67827598e+00  1.41770797e-01  5.44299934e-02  2.67840178e+00  1.00540945e-01 -2.76035317e-01 -1.85073818e+00 -8.32272657e-01 -9.91643903e-02  9.87899933e-02 -1.09426748e+02  7.62826111e-01  7.26759449e-01  1.28966065e+00 -2.46752923e-01 -6.28896082e-03 -3.39580876e+00  2.23504564e-01  6.29727412e-01 -6.60113990e-02 -1.34800140e+00 -1.10642819e+02] 
1:[ 1.07984313e+00 -1.46939596e+00  6.82753407e-01 -1.57623942e+00  1.59139181e-01  1.18555807e-01 -1.10902736e+02 -2.46996419e-01 -4.11149858e+00  1.38723742e+00  9.83158788e-01 -8.81186646e-01  4.85881555e-01 -6.10807762e-01 -7.39701340e-01  5.06780260e-01 -1.22948830e+00  1.35108766e+00 -4.70931741e-01  8.26360243e-02  1.62399565e+00  6.37480918e-01 -1.10508215e+02  6.57279140e-01  1.00047931e+00  1.25932015e-01  2.38023190e-01 -2.03996447e-01 -8.05683128e-02  2.39436661e-01 -3.90524899e-01  1.71244255e-01  3.45626246e-01  1.97846655e+00  2.84473317e-01 -1.08771175e+02 -7.78778029e-01 -1.11368631e+02 -3.32534658e+00  9.24119133e-01 -1.36670644e+00 -2.14037503e+00 -2.09588256e+00  2.64399241e-01 -1.08420459e+02 -1.08150279e+02 -1.74995387e-01  3.13449568e-01 -1.08404681e+02 -9.38049446e-01  1.21771985e+00 -1.59508803e-01  1.19657202e-02 -4.77602258e-01  1.25587061e-01 -7.16431699e-02 -2.81308255e-02 -1.51988904e+00 -1.98350086e+00 -9.21017107e-01  5.85512572e-01 -7.04213508e-01  2.71572499e+00  2.03629394e+00 -3.60607547e-01  3.69435708e-01 -1.07614923e+02 -1.10118119e+02  1.48112121e-01 -3.27590250e-01 -1.10154329e+02 -3.80508360e-01 -1.10987414e+02  2.96028585e+00  9.65565512e-02 -9.46348847e-01 -1.08147907e+02  6.63300868e-01  8.65294902e-01  4.02198687e-01  1.98770453e+00 -1.46949148e-01 -1.09433040e+00 -2.06966634e+00  4.28522660e-01  4.11577517e-01  2.86110039e+00  4.91654149e-02  3.57868864e-01 -2.60996743e+00 -4.36324947e-01  8.15429632e-01  6.32003091e-01 -1.06373696e+02  1.01560328e+00  1.43439372e+00  2.35987973e+00  4.65802551e-01  1.12752513e+00 -3.80938155e+00  3.55104419e-01  1.02275316e+00 -2.31769709e-01 -1.25358201e+00 -1.09233872e+02] 
R(T) IDX
0:[  0.   1.   2.   3.   4.   5.   6.   7.   8.   9.  10.  11.  12.  13.  14.  15.  16.  17.  18.  19.  20.  21.  22.  23.  24.  25.  26.  27.  28.  29.  30.  31.  32.  33.  34.  35.  36.  37.  38.  39.  40.  41.  42.  43.  44.  45.  46.  47.  48.  49.  50.  51.  52.  53.  54.  55.  56.  57.  58.  59.  60.  61.  62.  63.  64.  65.  66.  67.  68.  69.  70.  71.  72.  73.  74.  75.  76.  77.  78.  79.  80.  81.  82.  83.  84.  85.  86.  87.  88.  89.  90.  91.  92.  93.  94.  95.  96.  97.  98.  99. 100. 101. 102. 103. 104.] 
1:[  0.   1.   2.   3.   4.   5.   6.   7.   8.   9.  10.  11.  12.  13.  14.  15.  16.  17.  18.  19.  20.  21.  22.  23.  24.  25.  26.  27.  28.  29.  30.  31.  32.  33.  34.  35.  36.  37.  38.  39.  40.  41.  42.  43.  44.  45.  46.  47.  48.  49.  50.  51.  52.  53.  54.  55.  56.  57.  58.  59.  60.  61.  62.  63.  64.  65.  66.  67.  68.  69.  70.  71.  72.  73.  74.  75.  76.  77.  78.  79.  80.  81.  82.  83.  84.  85.  86.  87.  88.  89.  90.  91.  92.  93.  94.  95.  96.  97.  98.  99. 100. 101. 102. 103. 104.] 
R(P) IDX
0:[0. 0. 0. 0. 0. 0. 0. 0. 0. 0. 0. 0. 0. 0. 0. 0. 0. 0. 0. 0. 0. 0. 0. 0. 0. 0. 0. 0. 0. 0. 0. 0. 0. 0. 0. 0. 0. 0. 0. 0. 0. 0. 0. 0. 0. 0. 0. 0. 0. 0. 0. 0. 0. 0. 0. 0. 0. 0. 0. 0. 0. 0. 0. 0. 0. 0. 0. 0. 0. 0. 0. 0. 0. 0. 0. 0. 0. 0. 0. 0. 0. 0. 0. 0. 0. 0. 0. 0. 0. 0. 0. 0. 0. 0. 0. 0. 0. 0. 0. 0. 0. 0. 0. 0. 0.] 
1:[1. 1. 1. 1. 1. 1. 1. 1. 1. 1. 1. 1. 1. 1. 1. 1. 1. 1. 1. 1. 1. 1. 1. 1. 1. 1. 1. 1. 1. 1. 1. 1. 1. 1. 1. 1. 1. 1. 1. 1. 1. 1. 1. 1. 1. 1. 1. 1. 1. 1. 1. 1. 1. 1. 1. 1. 1. 1. 1. 1. 1. 1. 1. 1. 1. 1. 1. 1. 1. 1. 1. 1. 1. 1. 1. 1. 1. 1. 1. 1. 1. 1. 1. 1. 1. 1. 1. 1. 1. 1. 1. 1. 1. 1. 1. 1. 1. 1. 1. 1. 1. 1. 1. 1. 1.] 
