NUMBER OF PAIRS 28
COMPOSITION A 1 B
NUMBER OF TEMPLATES 9
RELAXED COUPLES
[Li Mg] 
[B O] 
[Li Na] 
[Mg Na] 
[B Li] 
[B C] 
[C Na] 
[C Li] 
[Be C] 
[Mg O] 
[Be Li] 
[Mg N] 
[Be N] 
[Be O] 
[C O] 
[Li N] 
[N O] 
[Be Na] 
[C Mg] 
[B N] 
[C N] 
[Na O] 
[N Na] 
[B Mg] 
[B Na] 
[B Be] 
[Be Mg] 
[Li O] 
RANKING VECTORS ENTHALPIES
0:[ 0.06861055 -2.73922231  0.10796861  0.14903113  0.23303646  0.59476189  0.18416614  0.12147166  1.35760896 -3.67863471  0.20115151 -0.5834507 -0.63849842 -3.50035585  0.43174206 -0.58263973  0.71832589  0.69229558  0.3551323  -1.77795419 -0.26707034 -2.3219516  -1.23271079  0.51943737  0.89788995  0.4737162   0.89455199 -2.20872634] 
1:[-0.22016385  0.30941406  0.05555031  0.14243557 -0.24137694  2.67559068  1.23215392  0.34867634  1.35086714 -3.98173323  0.07387938 -1.38366433 -0.1336858  -2.23378902  1.62952888 -0.92362721  1.03989938  0.69926038  0.63553625  1.54540573  2.25881004 -2.71304422 -0.50600234  0.26226886  0.64935978  0.22050586  0.32421476 -2.80613185] 
2:[ 0.11576443 -1.37805499  0.10340324  0.15109963  1.69706599  0.45764076  3.25230301  2.07726791  1.39372107 -4.19198116  1.7635765  -0.95353973 -0.75993271 -3.83112685  0.77603705  0.152318    1.24510836  0.54478719  1.61698897 -2.21508357  1.25100113 -1.56114971  1.17294891  1.79238915  2.89181625  1.20523249  2.10124125 -2.28770677] 
3:[ 1.45350408 -0.75227947  0.65538167  1.92695091  2.4294513   0.46236623  3.74034559  2.82695819  1.965678   -3.91268197  2.32825407 -0.45096881 -0.67148804 -3.82724503  2.21812663  0.77001625  1.67781415  3.02886399  2.28526134 -2.23650979  1.55754185 -1.12263496  1.70002124  2.4889747  3.30626704  2.29319198  2.83116498 -1.90709293] 
4:[ 0.45184202 -0.10704816  0.41451643  1.29697701  0.44353515  0.12945951  0.97385691  0.73019011  0.63919233 -3.42920054  0.6663331  -0.99855074 -1.24685422 -2.90806902  0.89596201 -1.09039902  0.20871809  0.58564459  1.14569075 -0.58596518  1.78663013 -2.54671133  0.12434127  0.65836283  0.53244329  0.86536639  0.78836731 -2.60917028] 
5:[ 0.15013794 -0.20839774  0.18982503  0.66280941  1.19604482  1.08545176  2.5002557   1.66432663  1.3648013  -4.65673253  0.77103051 -1.47494792 -0.8864137  -3.60444235  1.65231973 -0.15617367  1.14236073  1.81264927  1.05565753 -0.63424402  1.95143169 -2.14304694  0.55323244  1.07939892  2.06213634  1.27058015  1.32509125 -2.59070747] 
6:[-0.04648804 -0.7568054   0.05992881  0.83524932  1.13058608  1.5876126  2.51446015  1.66618423  0.60233388 -4.34790005 -0.01203298 -1.72228203 -0.9214134  -3.07287879  1.67795565 -1.46867862  1.26664318  1.92923814  0.81909546  0.23238095  2.25976669 -2.77668367  0.56924865  0.73707918  2.12556639  0.76132929  0.65274057 -3.01989468] 
7:[ 0.11390063 -1.37637736  0.10229517  0.13475652  0.2652367   2.0756825  1.95673049  1.29780958  1.30370147 -3.9126478   0.05397599 -0.61336053 -0.76048114 -3.82717341  0.21417564 -0.29825779 -0.6826735   0.5508829  1.61176935  1.08610661  1.27188435 -1.82885172  0.27918556  1.3135784  1.10659478  0.75894011  0.96914891 -2.28531558] 
8:[ 0.12408665 -0.69427548  0.20034763  0.51438382 -0.13430657  1.04623351  0.06005055  0.02865762  0.50515087 -4.01657233  0.61991457 -1.46549415 -0.76995464 -3.22432491 -0.13904448 -1.63981298  0.48975725  1.39852297 -0.00853311 -0.2863008   1.59976259 -2.82873431 -1.34143447  0.33664561  0.49459546  0.67807637  0.79783056 -2.93288405] 
R(T) IDX
0:[ 0.  1.  2.  3.  4.  5.  6.  7.  8.  9. 10. 11. 12. 13. 14. 15. 16. 17. 18. 19. 20. 21. 22. 23. 24. 25. 26. 27.] 
1:[ 0.  1.  2.  3.  4.  5.  6.  7.  8.  9. 10. 11. 12. 13. 14. 15. 16. 17. 18. 19. 20. 21. 22. 23. 24. 25. 26. 27.] 
2:[ 0.  1.  2.  3.  4.  5.  6.  7.  8.  9. 10. 11. 12. 13. 14. 15. 16. 17. 18. 19. 20. 21. 22. 23. 24. 25. 26. 27.] 
3:[ 0.  1.  2.  3.  4.  5.  6.  7.  8.  9. 10. 11. 12. 13. 14. 15. 16. 17. 18. 19. 20. 21. 22. 23. 24. 25. 26. 27.] 
4:[ 0.  1.  2.  3.  4.  5.  6.  7.  8.  9. 10. 11. 12. 13. 14. 15. 16. 17. 18. 19. 20. 21. 22. 23. 24. 25. 26. 27.] 
5:[ 0.  1.  2.  3.  4.  5.  6.  7.  8.  9. 10. 11. 12. 13. 14. 15. 16. 17. 18. 19. 20. 21. 22. 23. 24. 25. 26. 27.] 
6:[ 0.  1.  2.  3.  4.  5.  6.  7.  8.  9. 10. 11. 12. 13. 14. 15. 16. 17. 18. 19. 20. 21. 22. 23. 24. 25. 26. 27.] 
7:[ 0.  1.  2.  3.  4.  5.  6.  7.  8.  9. 10. 11. 12. 13. 14. 15. 16. 17. 18. 19. 20. 21. 22. 23. 24. 25. 26. 27.] 
8:[ 0.  1.  2.  3.  4.  5.  6.  7.  8.  9. 10. 11. 12. 13. 14. 15. 16. 17. 18. 19. 20. 21. 22. 23. 24. 25. 26. 27.] 
R(P) IDX
0:[0. 0. 0. 0. 0. 0. 0. 0. 0. 0. 0. 0. 0. 0. 0. 0. 0. 0. 0. 0. 0. 0. 0. 0. 0. 0. 0. 0.] 
1:[1. 1. 1. 1. 1. 1. 1. 1. 1. 1. 1. 1. 1. 1. 1. 1. 1. 1. 1. 1. 1. 1. 1. 1. 1. 1. 1. 1.] 
2:[2. 2. 2. 2. 2. 2. 2. 2. 2. 2. 2. 2. 2. 2. 2. 2. 2. 2. 2. 2. 2. 2. 2. 2. 2. 2. 2. 2.] 
3:[3. 3. 3. 3. 3. 3. 3. 3. 3. 3. 3. 3. 3. 3. 3. 3. 3. 3. 3. 3. 3. 3. 3. 3. 3. 3. 3. 3.] 
4:[4. 4. 4. 4. 4. 4. 4. 4. 4. 4. 4. 4. 4. 4. 4. 4. 4. 4. 4. 4. 4. 4. 4. 4. 4. 4. 4. 4.] 
5:[5. 5. 5. 5. 5. 5. 5. 5. 5. 5. 5. 5. 5. 5. 5. 5. 5. 5. 5. 5. 5. 5. 5. 5. 5. 5. 5. 5.] 
6:[6. 6. 6. 6. 6. 6. 6. 6. 6. 6. 6. 6. 6. 6. 6. 6. 6. 6. 6. 6. 6. 6. 6. 6. 6. 6. 6. 6.] 
7:[7. 7. 7. 7. 7. 7. 7. 7. 7. 7. 7. 7. 7. 7. 7. 7. 7. 7. 7. 7. 7. 7. 7. 7. 7. 7. 7. 7.] 
8:[8. 8. 8. 8. 8. 8. 8. 8. 8. 8. 8. 8. 8. 8. 8. 8. 8. 8. 8. 8. 8. 8. 8. 8. 8. 8. 8. 8.] 
