NUMBER OF TEMPLATES 51
COMPOSITION A 2 B
pairs , SPACEGROUPS 
[Li P] , 139 
[C F] , 164 
[N S] , 129 
[Be H] , 166 
[H S] , 224 
[Al Na] , 139 
[B Al] , 191 
[Li B] , 164 
[C B] , 141 
[Na Li] , 164 
[B O] , 189 
[Be C] , 225 
[N B] , 160 
[H Mg] , 129 
[Mg H] , 164 
[C Li] , 191 
[Mg S] , 164 
[Be F] , 139 
[Cl Si] , 140 
[Mg S] , 129 
[B S] , 141 
[P F] , 139 
[Na O] , 139 
[O P] , 121 
[O Si] , 136 
[Si S] , 122 
[C Li] , 166 
[Al H] , 115 
[Na Al] , 191 
[Mg Na] , 164 
[Na N] , 191 
[O C] , 136 
[Si Na] , 191 
[P S] , 164 
[Mg Be] , 140 
[C Na] , 191 
[N Mg] , 194 
[S P] , 166 
[H Mg] , 225 
[Al O] , 166 
[Al B] , 164 
[Si B] , 164 
[Al C] , 164 
[Al F] , 187 
[H Be] , 164 
[C Li] , 1166 
[O C] , 166 
[P Na] , 139 
[Mg F] , 164 
[P Mg] , 113 
[Be Al] , 227 
RANKING VECTORS ENTHALPIES
0:[-190.78890493 -190.77655775 -190.77337698 -190.77136096 -190.77135218 -190.76333024 -190.74927073 -190.74906128 -190.74828279 -190.73966943 -190.6209808  -190.6182017  -190.61796511 -190.61551946 -190.56345446 -190.50282943 -190.38889083 -190.33150379 -190.31815399 -190.3166835 -190.31116257 -190.3025824  -190.28199991 -190.26156122 -190.25630382 -190.20824526 -190.20396955 -190.16863878 -190.16818511 -190.1655758 -190.16373159 -190.1520038  -190.15166576 -190.13907103 -190.1337538 -190.13334653 -190.12692254 -190.04707847 -190.03955694 -189.96993777 -189.7930407  -189.77298456 -189.74449131 -189.72582104 -189.68733124 -189.62257109 -189.57091613 -189.54584413 -189.53384459 -189.02615921 -188.15616783] 
1:[-330.45276997 -330.17502525 -329.86037013 -329.85956811 -329.63511821 -329.63322684 -329.63302241 -329.63293425 -329.63287965 -329.63285253 -329.63245659 -329.63243219 -329.63200742 -329.63107318 -329.62605573 -329.6147723  -329.59923972 -329.59034931 -329.56000248 -329.50163248 -329.24498316 -329.21592025 -329.03446803 -328.65325614 -328.62138645 -328.37769976 -328.36351821 -328.35658847 -328.3486908  -328.11265892 -328.02494767 -328.02455441 -327.99507305 -327.95193821 -327.85227192 -327.85013932 -327.71950136 -327.59915517 -327.52696799 -327.50963386 -327.30455509 -327.21608069 -327.0973301  -327.06483889 -327.04792352 -326.87482557 -326.67773376 -326.58381307 -325.39469248 -325.35735073 -325.25213806] 
2:[-284.35946922 -284.35878852 -284.1709918  -284.14431503 -284.11870932 -284.1186202  -284.11821533 -284.11799622 -284.11778865 -284.11778737 -284.11773431 -284.11746085 -284.09765103 -284.07827574 -283.97901223 -283.91331597 -283.78974583 -283.77011987 -283.76200693 -283.71568026 -283.6064569  -283.60128292 -283.56587282 -283.5313333  -283.51567462 -283.49268989 -283.49223249 -283.48374965 -283.38730129 -283.33278134 -283.31473633 -283.28628602 -283.28057409 -283.1962384  -283.09065022 -283.08464801 -283.06054457 -283.02971665 -282.97523669 -282.97523013 -282.9411506  -282.92237664 -282.9041875  -282.89931101 -282.82933161 -282.61793557 -282.36418106 -282.35774505 -282.35004275 -282.31770242 -282.06818023] 
3:[-256.34305256 -256.3430511  -256.26518703 -256.23621543 -256.22450351 -256.21252875 -256.17612915 -256.16809567 -256.16650914 -256.13917321 -256.122563   -256.11711447 -256.11691489 -256.1165847  -256.11319536 -256.11028698 -256.1096919  -256.10968889 -256.10736833 -256.09903115 -256.07523249 -256.06750729 -256.06490353 -256.03674742 -256.03340987 -256.01029326 -256.00579494 -255.99785162 -255.9925275  -255.98916177 -255.98726865 -255.98619594 -255.98455269 -255.98341184 -255.95005769 -255.90986445 -255.87036225 -255.85040508 -255.75093396 -255.74367294 -255.50132625 -255.49831925 -255.37046992 -255.36651418 -255.36420098 -255.36028302 -255.35213037 -255.31980612 -255.31149189 -255.24059011 -253.79764118] 
4:[-108.09189082 -107.99060317 -107.98748709 -107.98132758 -107.93609022 -107.907726   -107.89347682 -107.88691667 -107.88248808 -107.87708412 -107.87032637 -107.86238958 -107.86166558 -107.84298029 -107.83497324 -107.83259083 -107.81736319 -107.81279062 -107.78354552 -107.77793498 -107.77702537 -107.7526639  -107.74586506 -107.74563838 -107.73766926 -107.73670524 -107.73633676 -107.73575888 -107.73504381 -107.73449572 -107.73432018 -107.73428561 -107.73266235 -107.72609495 -107.72608508 -107.71794021 -107.70866797 -107.70530673 -107.69421987 -107.68959566 -107.68434408 -107.67204132 -107.65970972 -107.60274824 -107.52843956 -107.52761426 -107.41673485 -107.41036529 -107.4102946  -107.40835571 -107.25176482] 
5:[-451.69788631 -451.64855384 -451.64602374 -451.63058724 -451.60825005 -451.60662705 -451.60651606 -451.60490446 -451.59603531 -451.53812192 -451.53452156 -451.53260277 -451.53146351 -451.5285206  -451.52780784 -451.52286604 -451.4907803  -451.48932146 -451.48786599 -451.48597231 -451.4838829  -451.4822526  -451.47632259 -451.47548367 -451.46913493 -451.45918447 -451.43231211 -451.43071243 -451.38798975 -451.38741298 -451.34238062 -451.33345606 -451.26374586 -451.19691061 -451.16939156 -451.16817391 -451.1063172  -451.09079353 -451.08053609 -451.02233975 -451.00902917 -450.89413826 -450.80526853 -450.78328474 -450.3820602 -450.38203547 -450.24388987 -450.10356665 -449.73125921 -449.72847245 -448.10601683] 
6:[-71.98378079 -71.9826735  -71.98266646 -71.98171845 -71.98142737 -71.98133527 -71.98100255 -71.98079798 -71.97963683 -71.97930892 -71.97740171 -71.97710517 -71.97590701 -71.97543916 -71.85020157 -71.8463677  -71.71582839 -71.61990927 -71.61632661 -71.47905195 -71.46991604 -71.45742638 -71.39396982 -71.35802727 -71.13618029 -71.12383623 -71.11440633 -71.11175248 -71.08075941 -71.07686159 -71.07384824 -70.99003176 -70.92305768 -70.92305268 -70.87392258 -70.85341377 -70.80925655 -70.70128968 -70.69918034 -70.68654069 -70.6487057  -70.57187239 -70.37408652 -70.33458328 -70.3344459 -70.32609121 -70.14367917 -70.05518671 -70.0512923  -69.68150967 -67.72102143] 
7:[-154.76675352 -154.76671157 -154.76581277 -154.75371255 -154.72097474 -154.71954957 -154.71927402 -154.71906037 -154.71372262 -154.71303593 -154.71007334 -154.70396592 -154.70364388 -154.66227681 -154.643334 -154.46924963 -154.42136569 -154.41232974 -154.40591864 -154.38097565 -154.29044277 -154.24791807 -154.21430714 -154.2000517  -154.17682705 -154.15950098 -154.14432107 -154.12065932 -154.10234257 -154.10100262 -154.10026774 -154.09897452 -154.09837841 -154.09769142 -154.09632497 -154.06726603 -153.98414538 -153.96477695 -153.96070498 -153.94623921 -153.9064108  -153.8847731  -153.88223309 -153.85884881 -153.68958234 -153.68790554 -153.45085539 -153.44810212 -153.34793228 -153.19911686 -152.34058134] 
8:[-133.79457503 -133.77887292 -133.75714763 -133.71150042 -133.70516072 -133.32135805 -133.30623174 -132.82662267 -132.82300508 -132.79452818 -132.72246271 -132.70849232 -132.68121737 -132.65368437 -132.64072945 -132.64015361 -132.63738323 -132.63570689 -132.53834196 -132.43954632 -132.43871151 -132.43830785 -132.43830673 -132.43797019 -132.4367247 -132.43620167 -132.43204723 -132.33575824 -132.20787005 -132.20718621 -132.19120586 -132.15717118 -132.13895916 -132.13277794 -132.09109988 -132.04807954 -132.04646461 -131.93886277 -131.86068199 -131.8458184 -131.75694587 -131.74197958 -131.60486563 -131.60074728 -131.56684126 -131.56683741 -131.50850781 -131.50693913 -131.49636214 -131.2395111 -130.24033846] 
9:[-889.17980498 -889.1278463  -889.11124761 -889.10975216 -889.10973868 -889.10384238 -889.09867496 -889.09761453 -889.09660063 -889.09647735 -889.09634537 -889.08586797 -889.08581657 -889.08515667 -889.08357527 -889.07816357 -889.07228036 -889.07082144 -889.06628008 -889.05971618 -889.05673152 -889.05553451 -889.0537173  -889.05256686 -889.04971358 -889.04873075 -889.04822406 -889.04694621 -889.04616931 -889.03898237 -889.02967208 -889.0172527  -889.01232701 -889.00190081 -888.99893103 -888.99882669 -888.98559919 -888.97031529 -888.96738678 -888.95811839 -888.95001535 -888.9036283  -888.59500591 -888.59468152 -888.59120995 -888.56259081 -888.54627946 -888.47063294 -888.3001362  -888.28048665 -888.20934241] 
10:[-201.35775697 -201.13417478 -201.05015879 -201.04530275 -201.01253356 -201.00910295 -201.00854157 -201.0008878  -200.88815052 -200.87662672 -200.82039381 -200.766752   -200.70965285 -200.61912364 -200.41748733 -200.2867472  -200.23999953 -200.15234115 -200.15112676 -200.15112187 -200.14882414 -200.14816172 -200.14768422 -200.14549322 -200.14513904 -200.12974849 -200.12090771 -200.09146718 -199.98311127 -199.94973311 -199.8166503  -199.81451016 -199.61434095 -199.53631782 -199.52077474 -199.41584268 -199.41398011 -199.4139767  -199.41093793 -199.40941884 -199.28151064 -199.10319091 -199.10222278 -199.09998984 -199.07755092 -199.04449184 -198.92181344 -198.81575732 -198.41334882 -197.74070792 -197.74060466] 
11:[-305.9794268  -305.97886762 -305.97721727 -305.97550844 -305.96472899 -305.62572159 -305.5194362  -305.51804852 -305.49450129 -305.24977696 -305.24718084 -305.18564396 -305.17504577 -305.17322157 -305.17227693 -305.10597334 -305.05064057 -305.03270766 -304.97749169 -304.97749085 -304.95928393 -304.93848566 -304.93669913 -304.91922243 -304.91216784 -304.89733871 -304.73832193 -304.69705545 -304.69593597 -304.68956154 -304.68022233 -304.67580193 -304.66573592 -304.66292882 -304.56728587 -304.54791971 -304.54629201 -304.37891661 -304.23953902 -304.18991633 -304.08942253 -304.01229792 -303.97345101 -303.97302926 -303.95401525 -303.94967817 -303.9338087  -303.92734295 -303.91159064 -303.47665993 -302.41573849] 
12:[-212.85818656 -212.78866571 -212.64767478 -212.59997199 -212.5794464 -212.56628161 -212.55411064 -212.41486177 -212.37778008 -212.3678495 -211.86159407 -211.72250556 -211.71210743 -211.70640203 -211.70008299 -211.68164281 -211.54945491 -211.52222382 -211.42951175 -211.42662772 -211.42631739 -211.42549155 -211.4244284  -211.42433578 -211.42431991 -211.42277883 -211.3572171  -211.35525183 -211.35462184 -211.29938787 -211.29909618 -211.06727587 -210.86867199 -210.76659204 -210.76647783 -210.74590967 -210.73899473 -210.723296   -210.72328002 -210.7166067 -210.71326128 -210.21854859 -210.16811656 -210.09080186 -209.86069705 -209.86036129 -209.84812194 -209.25894093 -209.25570147 -209.06379734 -208.73654135] 
13:[-547.07402852 -546.97636646 -546.96726645 -546.96612768 -546.96287556 -546.95415413 -546.91195301 -546.90910844 -546.89749891 -546.86113878 -546.86048307 -546.86027887 -546.86025963 -546.8589207  -546.85595787 -546.85447172 -546.85129583 -546.85092057 -546.8393806  -546.82874017 -546.78004227 -546.77549222 -546.76407641 -546.76046054 -546.75880762 -546.75419275 -546.75068584 -546.75017761 -546.74871161 -546.74611671 -546.74438205 -546.74169405 -546.73489454 -546.73003674 -546.7252973 -546.71865748 -546.63052154 -546.62829953 -546.62391416 -546.62335699 -546.62115849 -546.59488095 -546.57381844 -546.28679319 -546.24616956 -546.225256   -546.10479706 -545.95640006 -545.86955645 -545.77956366 -545.54946283] 
14:[-1078.6054032  -1078.60351006 -1078.60190381 -1078.60069859 -1078.5987605  -1078.59830864 -1078.59773482 -1078.59439221 -1078.59277402 -1078.58380946 -1078.58206223 -1078.57956937 -1078.57268333 -1078.56963617 -1078.55601104 -1078.55236045 -1078.52984549 -1078.52958256 -1078.52224454 -1078.50420872 -1078.4936992  -1078.47769195 -1078.46379858 -1078.45732318 -1078.45156885 -1078.43690064 -1078.43451643 -1078.4078061 -1078.39729078 -1078.36837469 -1078.34804998 -1078.33517642 -1078.33283084 -1078.31216945 -1078.30186467 -1078.2516495 -1078.23371882 -1078.22279292 -1078.10529177 -1078.07421959 -1078.04518088 -1077.93574589 -1077.87906443 -1077.46946763 -1077.29415536 -1077.29134285 -1077.28748375 -1077.282292 -1077.27425059 -1077.27383427 -1076.72400231] 
15:[-172.48064249 -172.47904233 -172.47857131 -172.47848733 -172.47763781 -172.47710333 -172.47668187 -172.47607591 -172.47435413 -172.47254286 -172.46876449 -172.38923574 -172.37313967 -172.35478019 -172.21864496 -172.2043487  -172.15720788 -172.10486982 -172.08281003 -171.91786601 -171.91627777 -171.19134059 -171.18671484 -171.18662363 -171.16355003 -171.08104748 -171.07634742 -171.07477859 -171.06011266 -170.96918206 -170.96021324 -170.96019542 -170.95818766 -170.89362088 -170.88551574 -170.85516045 -170.84685839 -170.49115439 -170.4797744  -170.44342454 -170.43485431 -170.43383512 -170.43199537 -170.34982566 -170.25161483 -170.12818115 -170.12786039 -170.1227323  -169.93111915 -169.37097065 -167.66346467] 
16:[-1173.02649506 -1172.99917779 -1172.92768486 -1172.91491593 -1172.9133517  -1172.90980845 -1172.90886089 -1172.90755678 -1172.87912534 -1172.87829847 -1172.87810493 -1172.87797094 -1172.87780786 -1172.87710395 -1172.87540609 -1172.86352699 -1172.85581539 -1172.84788802 -1172.84149654 -1172.81881639 -1172.64165307 -1172.60072651 -1172.58372904 -1172.56090343 -1172.52699777 -1172.52561183 -1172.36317332 -1172.32517871 -1172.32490517 -1172.31921265 -1172.30578443 -1172.30074058 -1172.24784935 -1172.24232251 -1172.21053481 -1172.17014358 -1172.16573206 -1172.06633849 -1172.06524809 -1172.04755169 -1172.04434886 -1172.0307707  -1171.99091095 -1171.93185925 -1171.90913263 -1171.80391037 -1171.48500959 -1171.42805335 -1170.93205212 -1170.83462143 -1170.62630993] 
17:[-474.63355094 -474.62720122 -474.60418554 -474.48389612 -474.46929874 -474.35738889 -474.32446911 -474.30140817 -474.2758981  -474.22889279 -474.17615774 -474.17499105 -474.16654117 -474.16418377 -474.16417925 -474.16383348 -474.16381543 -474.14040552 -474.12801404 -474.09794148 -474.06899193 -474.055838   -474.02632812 -474.0002982  -473.9981746 -473.98725439 -473.97067044 -473.93611781 -473.92798181 -473.92094136 -473.88636598 -473.82024751 -473.73093527 -473.67599272 -473.58077585 -473.48854655 -473.46662412 -473.43374731 -473.40914156 -473.30217479 -473.17449757 -473.08171624 -473.05224226 -472.6334049  -472.63329749 -472.63246122 -472.6324262  -472.63118137 -472.61929964 -472.51475459 -472.50002351] 
18:[-331.46678232 -331.06378996 -330.91176748 -330.87836287 -330.8783603 -330.8764987  -330.87240176 -330.86726845 -330.84596629 -330.84272451 -330.83963085 -330.83955037 -330.83951333 -330.83918167 -330.83885414 -330.8381667  -330.83716481 -330.8358097  -330.8117254  -330.80887648 -330.80376189 -330.80314909 -330.76113658 -330.74905561 -330.72310301 -330.72122801 -330.70379866 -330.69465313 -330.68523575 -330.68499633 -330.66765423 -330.65014257 -330.64892614 -330.64737509 -330.64627303 -330.6385704  -330.61791076 -330.53281593 -330.52374932 -330.51095283 -330.34493385 -330.29603158 -330.2219167  -330.21587578 -330.21587538 -330.21294406 -330.21260207 -330.2121139  -330.0328359  -329.67340596 -329.61312725] 
19:[-1173.02649506 -1172.99917779 -1172.92768486 -1172.91491593 -1172.9133517  -1172.90980845 -1172.90886089 -1172.90755678 -1172.87912534 -1172.87829847 -1172.87810493 -1172.87797094 -1172.87780786 -1172.87710395 -1172.87540609 -1172.86352699 -1172.85581539 -1172.84788802 -1172.84149654 -1172.81881639 -1172.64165307 -1172.60072651 -1172.58372904 -1172.56090343 -1172.52699777 -1172.52561183 -1172.36317332 -1172.32517871 -1172.32490517 -1172.31921265 -1172.30578443 -1172.30074058 -1172.24784935 -1172.24232251 -1172.21053481 -1172.17014358 -1172.16573206 -1172.06633849 -1172.06524809 -1172.04755169 -1172.04434886 -1172.0307707  -1171.99091095 -1171.93185925 -1171.90913263 -1171.80391037 -1171.48500959 -1171.42805335 -1170.93205212 -1170.83462143 -1170.62630993] 
20:[-150.67871313 -150.66563969 -150.27358151 -150.20864248 -150.1801219 -150.00817617 -150.00576671 -149.95491145 -149.88350048 -149.8624951 -149.8621129  -149.8608355  -149.86058595 -149.85979822 -149.8590586 -149.85893238 -149.85817127 -149.85667969 -149.85663138 -149.85297558 -149.85297326 -149.84782407 -149.82106893 -149.81090061 -149.79868604 -149.79520787 -149.79102769 -149.75206263 -149.7488643  -149.70349094 -149.70321687 -149.66189017 -149.61465617 -149.59601255 -149.56353935 -149.56353737 -149.56262013 -149.5617867  -149.56127071 -149.56126712 -149.53695401 -149.39051194 -149.36951849 -149.35109932 -148.98542539 -148.98410616 -148.9488199  -148.94489398 -148.874702   -148.78191952 -148.47748252] 
21:[-345.57860767 -345.55891962 -345.55768465 -345.55705102 -345.54854326 -345.52085532 -345.51641464 -345.51423568 -345.42231325 -345.39161792 -345.30319061 -345.30242352 -345.29553522 -345.202591   -345.18441827 -345.1163711  -345.08616329 -344.99680164 -344.99530209 -344.97947203 -344.97314112 -344.971965   -344.95433803 -344.95109218 -344.92570307 -344.92560653 -344.92508989 -344.92465162 -344.92461534 -344.91861828 -344.88490784 -344.86452332 -344.85894323 -344.84476058 -344.8350145 -344.82409012 -344.81516433 -344.81476584 -344.78900729 -344.67817419 -344.6187977  -344.54080961 -344.38309276 -344.15601034 -344.08388852 -344.08200731 -344.06076105 -344.00268544 -343.6797346  -343.63394562 -343.06432413] 
22:[-975.91325955 -975.89795544 -975.89795356 -975.89772287 -975.89736703 -975.8967571  -975.88610524 -975.87272865 -975.87014626 -975.87014412 -975.86953401 -975.85956965 -975.81917629 -975.80720345 -975.80718174 -975.80704009 -975.8068601  -975.80672103 -975.80653308 -975.8050581 -975.8034045  -975.80338581 -975.79971993 -975.79807479 -975.77576347 -975.77295471 -975.73117691 -975.71804844 -975.70467258 -975.7046725 -975.70447295 -975.70445937 -975.70445106 -975.70439215 -975.67615833 -975.66988846 -975.59918983 -975.59848975 -975.41985244 -975.41979894 -975.19369335 -974.74398135 -974.73382248 -974.71426349 -974.70337943 -974.39407839 -973.91747018 -973.68007702 -973.66652934 -973.60898862 -972.43827528] 
23:[-360.08126177 -359.5539963  -359.4891494  -359.4684853  -359.4382073 -359.41011728 -359.22613107 -359.22408386 -359.21881376 -359.20024548 -359.19232599 -359.19142056 -359.19141063 -359.19139229 -359.18900191 -359.18854775 -359.1883086  -359.17297241 -359.13929933 -359.04502577 -359.02546352 -358.98381648 -358.95539981 -358.9553758  -358.95458852 -358.88395473 -358.77122059 -358.58562743 -358.52240236 -358.49634727 -358.48958898 -358.4593167  -358.37118242 -358.36471232 -358.3447365 -358.34246203 -358.34008487 -358.16328537 -358.12025425 -358.04166197 -357.99506021 -357.79064522 -357.73132917 -357.58891954 -357.43511764 -357.43473051 -357.43144735 -357.42485841 -357.41581591 -357.39069796 -356.896885  ] 
24:[-337.08088295 -337.08001761 -336.72829864 -336.72828501 -336.72827949 -336.7282741  -336.72825497 -336.72791583 -336.72704624 -336.7257218 -336.7238867  -336.57038346 -336.54087484 -336.53954073 -336.52510895 -336.48582113 -336.48553762 -336.48265506 -336.17369201 -336.11767839 -336.09349266 -336.04577265 -336.01470605 -336.01469546 -336.01011056 -335.84933532 -335.65349941 -335.45185605 -335.25719076 -335.08850502 -335.08804207 -335.07336388 -335.04585995 -335.03049264 -334.43507745 -334.37674123 -334.36449107 -334.19031199 -333.83323537 -333.71736903 -333.60998218 -333.50787811 -333.45697804 -333.45673948 -333.45410808 -333.45130298 -333.4497093  -333.44553607 -333.40450179 -333.39492055 -332.82165089] 
25:[-172.86261627 -172.52006288 -172.46678662 -172.46677697 -172.46643792 -172.39562517 -172.3956037  -172.39355408 -172.39291242 -172.39228919 -172.39166696 -172.39166172 -172.38924029 -172.38582098 -172.37248951 -172.37020644 -172.36910358 -172.35983612 -172.35860127 -172.35465324 -172.35318569 -172.35228539 -172.33442097 -172.3305977  -172.31699259 -172.2996241  -172.24406331 -172.22941162 -172.21396196 -172.20370996 -172.19184783 -172.15858099 -172.11998929 -172.11711333 -172.10728036 -172.10721781 -172.10692865 -172.10246012 -172.09939889 -172.09419119 -172.07435675 -172.07384084 -171.99895095 -171.977213   -171.87927825 -171.68692707 -171.68644141 -171.59273165 -171.18781171 -171.18747025 -170.11213911] 
26:[-172.48064249 -172.47904233 -172.47857131 -172.47848733 -172.47763781 -172.47710333 -172.47668187 -172.47607591 -172.47435413 -172.47254286 -172.46876449 -172.38923574 -172.37313967 -172.35478019 -172.21864496 -172.2043487  -172.15720788 -172.10486982 -172.08281003 -171.91786601 -171.91627777 -171.19134059 -171.18671484 -171.18662363 -171.16355003 -171.08104748 -171.07634742 -171.07477859 -171.06011266 -170.96918206 -170.96021324 -170.96019542 -170.95818766 -170.89362088 -170.88551574 -170.85516045 -170.84685839 -170.49115439 -170.4797744  -170.44342454 -170.43485431 -170.43383512 -170.43199537 -170.34982566 -170.25161483 -170.12818115 -170.12786039 -170.1227323  -169.93111915 -169.37097065 -167.66346467] 
27:[-44.01657347 -44.01316357 -44.00674914 -44.00420652 -44.00235243 -44.00214448 -43.99802097 -43.99642793 -43.99238903 -43.98594581 -43.97976576 -43.97495263 -43.97477975 -43.97318116 -43.95926081 -43.94081377 -43.9169274  -43.91370842 -43.91163596 -43.90923156 -43.90760969 -43.88749478 -43.88452712 -43.87599236 -43.86404781 -43.84714992 -43.82595836 -43.81250457 -43.80334742 -43.79396308 -43.76163938 -43.76163913 -43.74259978 -43.71276413 -43.65258026 -43.64314583 -43.63161025 -43.6157835  -43.55232194 -43.42993839 -43.41270647 -43.34688852 -43.3342573  -43.18317875 -42.71101912 -42.69763018 -42.68983688 -42.6895487  -42.68936854 -42.66377277 -42.16985975] 
28:[-844.67555369 -844.65158959 -844.64768278 -844.64021961 -844.63373291 -844.63371181 -844.63147349 -844.62916667 -844.61434189 -844.60903797 -844.58253013 -844.56730431 -844.55716824 -844.55296531 -844.55277215 -844.5483196  -844.54418202 -844.5430752  -844.52458188 -844.52409791 -844.5215489  -844.51213049 -844.50999014 -844.4825821  -844.47956391 -844.47899762 -844.44808126 -844.4343731  -844.41270684 -844.37119923 -844.30882886 -844.21706688 -844.17814914 -844.13623248 -844.13029847 -844.12686599 -844.10113499 -844.0495879  -844.04051082 -843.92519531 -843.90790407 -843.78654173 -843.60232724 -843.59976285 -843.35265085 -843.34750286 -843.3327202  -843.16903956 -843.11107352 -842.95651557 -841.69931966] 
29:[-1486.04435384 -1486.03636719 -1486.03238364 -1486.0323606 -1486.03232595 -1486.03026371 -1486.02866658 -1486.02197463 -1486.01995589 -1486.01897783 -1486.01885801 -1486.01561094 -1486.00622312 -1485.97990913 -1485.97755641 -1485.9730538 -1485.95813654 -1485.95306008 -1485.91617646 -1485.90917085 -1485.8952049  -1485.88444985 -1485.88003449 -1485.87923199 -1485.87842832 -1485.87691939 -1485.8660601  -1485.86569542 -1485.79594085 -1485.77192702 -1485.75855236 -1485.72310084 -1485.70833707 -1485.70433699 -1485.70029785 -1485.68926821 -1485.67753907 -1485.65362032 -1485.48048776 -1485.4666408 -1485.07579767 -1485.07557478 -1485.05050435 -1485.04366965 -1484.89872759 -1484.77105413 -1484.77034549 -1484.6748537 -1484.55141427 -1484.29975696 -1483.82445355] 
30:[-919.12016035 -919.10698559 -919.10685745 -919.10677503 -919.09053722 -919.08891287 -919.0816139  -919.08103866 -919.08068327 -919.05802622 -919.05802247 -919.05786778 -918.99683538 -918.98787437 -918.98429435 -918.98317968 -918.9816054  -918.84200158 -918.82405485 -918.80785851 -918.80122925 -918.79645101 -918.77949428 -918.770246   -918.76916318 -918.76895045 -918.76827828 -918.76313701 -918.66391583 -918.60149242 -918.59075877 -918.58914268 -918.56529527 -918.29471633 -918.26617438 -918.2658484  -918.17960913 -918.05353162 -918.05026708 -918.04895509 -918.04567306 -918.03198131 -917.61683671 -917.38888594 -917.38266016 -917.35135459 -917.33275451 -917.30947311 -917.16419692 -917.14723978 -917.10975262] 
31:[-351.58567637 -351.50708099 -351.47874945 -351.45672633 -351.39867696 -351.36327918 -351.31229817 -351.14830972 -350.75521493 -350.71111519 -350.62823358 -350.61748321 -350.60412316 -350.60397339 -350.60394816 -350.60361036 -350.60347384 -350.6031029  -350.60270776 -350.60104044 -350.59357967 -350.50324847 -350.47788812 -350.14934524 -350.03810602 -349.82593396 -349.70631936 -349.56900759 -349.52946661 -349.50367383 -349.35529414 -349.35021004 -349.34926939 -348.93749066 -348.87773106 -348.76329446 -348.76329289 -348.67975711 -348.6392763  -348.58889028 -348.58802345 -348.48816832 -348.48473648 -348.45715942 -348.44969705 -348.37753026 -347.77340512 -347.69955476 -347.68304448 -347.66065628 -347.26047359] 
32:[-486.71964591 -486.70214921 -486.69988645 -486.69600858 -486.69561914 -486.69125405 -486.69097126 -486.69035295 -486.68847284 -486.67670517 -486.67576737 -486.55744034 -486.55239586 -486.55117514 -486.50750314 -486.49025265 -486.48423276 -486.47993815 -486.45638912 -486.45082545 -486.44901134 -486.43981954 -486.41561636 -486.41421584 -486.39492528 -486.35981631 -486.32210357 -486.28950531 -486.27405878 -486.26329197 -486.22629218 -486.2091228  -486.16376996 -486.06539747 -486.00604323 -485.99367769 -485.98363578 -485.93148613 -485.90708962 -485.89728389 -485.8524152  -485.83022343 -485.74056695 -485.71133282 -485.43565332 -485.42673785 -485.42669013 -485.33182958 -484.52052518 -484.51947095 -482.40452142] 
33:[-221.52216102 -221.46934998 -221.35388951 -221.35208627 -221.35100313 -221.3500874  -221.34894173 -221.34887373 -221.34709443 -221.33590349 -221.33447768 -221.33438313 -221.31387867 -221.28230632 -221.27748369 -221.24663704 -221.18535067 -221.15195634 -221.10139173 -221.06670442 -221.05771734 -221.03598917 -221.0359891  -221.03577258 -221.02193866 -221.01998562 -221.01673254 -221.00255933 -220.96724535 -220.96710682 -220.94481242 -220.94435097 -220.89336226 -220.88220663 -220.88192037 -220.860117   -220.85224175 -220.81948648 -220.81048926 -220.78722182 -220.74575357 -220.72298784 -220.72139419 -220.71505058 -220.58761388 -220.18144969 -220.18038954 -220.14238194 -220.13712192 -220.08474056 -219.061558  ] 
34:[-1199.20139834 -1199.18372968 -1199.12298892 -1199.117144 -1199.10715736 -1199.09722654 -1199.08611301 -1199.03509718 -1198.99015876 -1198.95827544 -1198.95291847 -1198.93407441 -1198.9152831  -1198.89439413 -1198.89423236 -1198.89367612 -1198.89267021 -1198.89156083 -1198.88764939 -1198.88624022 -1198.88479924 -1198.88190838 -1198.88119258 -1198.88107446 -1198.88058492 -1198.87977317 -1198.87656995 -1198.86303412 -1198.8213944  -1198.81701277 -1198.70131296 -1198.70069717 -1198.6683647  -1198.62176586 -1198.566421   -1198.55684339 -1198.55561829 -1198.53568746 -1198.52527544 -1198.51254869 -1198.39038026 -1198.36734567 -1198.35859096 -1198.23057419 -1198.1244423  -1198.00829734 -1197.53620124 -1197.37328791 -1196.98019026 -1195.8867341  -1191.50701437] 
35:[-520.77357443 -520.7731491  -520.76737791 -520.76674542 -520.76622748 -520.76553316 -520.76516705 -520.76311476 -520.76304651 -520.76270464 -520.76258182 -520.61618967 -520.54984796 -520.54460522 -520.47688849 -520.46747178 -520.46725834 -520.43263659 -520.34886591 -520.3027821 -520.27322344 -520.2692626  -519.54128681 -519.27829461 -519.25617564 -519.24764568 -519.2464087  -519.23347019 -519.09484209 -519.03239882 -519.03111801 -518.9987681  -518.99503844 -518.91828673 -518.91011344 -518.90503277 -518.88007666 -518.84576119 -518.83664634 -518.82600319 -518.8250044  -518.81725385 -518.7793094  -518.53201123 -518.47452293 -518.473675   -518.46904736 -518.16101155 -517.08332121 -517.08191177 -514.39929099] 
36:[-724.043175   -724.00161597 -723.80165718 -723.79952728 -723.66385271 -723.65801482 -723.61829418 -723.59467397 -723.59384735 -723.51761506 -723.31869254 -723.25488374 -723.19804393 -723.16030574 -723.00684814 -723.00159632 -723.00136015 -722.90714122 -722.87732688 -722.87729246 -722.87637525 -722.87043062 -722.86886329 -722.86765636 -722.86596638 -722.83555334 -722.82113465 -722.81461213 -722.81233835 -722.81041137 -722.80976547 -722.80961041 -722.80903602 -722.7870478  -722.77472154 -722.65168374 -722.65125207 -722.6495172  -722.64867931 -722.60907552 -722.59196334 -722.53299503 -722.46791014 -722.46649365 -722.4569324 -722.22244601 -722.01081952 -721.94177727 -721.85876485 -721.30726708 -720.31233613] 
37:[-258.50683624 -258.47766132 -258.47648243 -258.47588249 -258.47584462 -258.47575757 -258.47514787 -258.47469479 -258.47308713 -258.47176201 -258.46462786 -258.45877028 -258.39522408 -258.25600531 -258.23566369 -258.23319858 -258.23019642 -258.21937051 -258.1296254  -258.07486276 -258.07400208 -258.07084157 -258.04112069 -258.03798055 -258.0359756 -258.03581757 -258.03470976 -258.02604567 -258.02487863 -258.02304942 -258.02304652 -258.01826538 -258.01329492 -258.00298894 -257.96901911 -257.90272854 -257.89991839 -257.89702451 -257.77768865 -257.76210621 -257.76210575 -257.74854494 -257.73259039 -257.71601875 -257.71504264 -257.70716834 -257.7054682  -257.52942242 -257.41894699 -257.19916007 -257.1254383 ] 
38:[-547.07402852 -546.97636646 -546.96726645 -546.96612768 -546.96287556 -546.95415413 -546.91195301 -546.90910844 -546.89749891 -546.86113878 -546.86048307 -546.86027887 -546.86025963 -546.8589207  -546.85595787 -546.85447172 -546.85129583 -546.85092057 -546.8393806  -546.82874017 -546.78004227 -546.77549222 -546.76407641 -546.76046054 -546.75880762 -546.75419275 -546.75068584 -546.75017761 -546.74871161 -546.74611671 -546.74438205 -546.74169405 -546.73489454 -546.73003674 -546.7252973 -546.71865748 -546.63052154 -546.62829953 -546.62391416 -546.62335699 -546.62115849 -546.59488095 -546.57381844 -546.28679319 -546.24616956 -546.225256   -546.10479706 -545.95640006 -545.86955645 -545.77956366 -545.54946283] 
39:[-189.31108819 -189.20883064 -189.10828822 -189.08689501 -189.07667151 -189.06081024 -189.04774809 -189.04536949 -189.04387556 -189.04383174 -189.0436507  -189.04327105 -189.04095135 -189.03544788 -189.02648215 -188.97022296 -188.90753223 -188.90722803 -188.87660116 -188.87583035 -188.80945966 -188.78730484 -188.74904329 -188.71257584 -188.66424853 -188.58851375 -188.54353573 -188.51674482 -188.51655664 -188.51571205 -188.5038458  -188.49300993 -188.47719703 -188.40400292 -188.39797599 -188.33230585 -188.33050025 -188.30496669 -188.29442795 -188.16649947 -187.28907233 -187.28896074 -187.16853773 -186.92236104 -186.92233635 -186.92217631 -186.92149462 -186.91946062 -186.91899211 -186.72689692 -186.61561746] 
40:[-65.24230339 -65.23985429 -65.2397686  -65.11697103 -65.08592798 -65.0398146  -65.0072325  -65.00570913 -64.9999779  -64.99473403 -64.99146317 -64.96686064 -64.90170688 -64.89435826 -64.89335572 -64.88598088 -64.86839841 -64.86152974 -64.86152771 -64.80129707 -64.79541552 -64.79229827 -64.79187298 -64.79035825 -64.78492234 -64.77820352 -64.7616449  -64.75982137 -64.75466946 -64.74777447 -64.7441495  -64.62787579 -64.58451697 -64.57738417 -64.49222972 -64.48596264 -64.39076935 -64.33603474 -64.2050275  -63.99051544 -63.97054337 -63.91496064 -63.91241287 -63.8903065  -63.88786153 -63.88785823 -63.88188504 -63.87914289 -63.69034679 -63.59817188 -63.45943888] 
41:[-99.81608876 -99.81167123 -99.8108174  -99.80988975 -99.80586259 -99.8052546  -99.80451919 -99.80349296 -99.69971369 -99.69958456 -99.69909243 -99.68285584 -99.64921169 -99.64824401 -99.63057568 -99.62946248 -99.57749801 -99.55857465 -99.55822537 -99.55001456 -99.54411181 -99.53715065 -99.52834648 -99.48028383 -99.47754569 -99.46882453 -99.46881841 -99.44736311 -99.44072453 -99.3582243 -99.34448655 -99.34225767 -99.30460363 -99.28116693 -99.27991885 -99.27901845 -99.24737665 -99.2458371  -99.21904018 -99.19006309 -99.13646621 -99.06572411 -98.93743826 -98.78227308 -98.77742726 -98.77742719 -98.77427331 -98.77241851 -98.7665399  -98.42404473 -98.30203341] 
42:[-93.26038588 -93.25937676 -93.25897641 -93.25875326 -93.25874395 -93.25835264 -93.25703151 -93.25504906 -93.20782619 -93.12211073 -93.11996082 -93.10760316 -93.04536856 -92.96414369 -92.96290746 -92.89056795 -92.89056576 -92.88550856 -92.86633761 -92.82203627 -92.81897092 -92.77590017 -92.73155213 -92.73007736 -92.72076881 -92.70853541 -92.7007997  -92.66251477 -92.64961455 -92.64960843 -92.64957152 -92.5600878  -92.53840133 -92.46222358 -92.41879616 -92.37555301 -92.36783198 -92.22575694 -92.17359084 -91.98364458 -91.85726825 -91.79207032 -91.6670469  -91.61857688 -91.16379617 -91.1567709  -91.14812041 -91.14744871 -91.1435991  -91.14357965 -90.83117039] 
43:[-262.37747177 -262.29508112 -262.28556642 -262.10524683 -262.06449039 -262.0422659  -262.04125423 -262.04016737 -262.03854683 -262.0374095 -262.03739953 -262.03729061 -262.03252204 -262.00922937 -261.99084732 -261.98723358 -261.98190278 -261.9778605  -261.974741   -261.8240627 -261.81639832 -261.79606431 -261.71648683 -261.67789814 -261.67286403 -261.64982474 -261.62549035 -261.60800288 -261.59378856 -261.57833277 -261.57019907 -261.56939098 -261.56594323 -261.56582952 -261.50303847 -261.40936742 -261.39641117 -261.38953816 -261.34115805 -261.26891289 -261.25631012 -261.21356879 -261.03990199 -261.03576153 -261.03552814 -261.03126824 -261.02894543 -261.02390502 -260.71026154 -260.70879915 -260.60355406] 
44:[-135.58934303 -135.5871286  -135.58643201 -135.58627574 -135.58592348 -135.58548952 -135.58347314 -135.58333458 -135.58215088 -135.57867087 -135.56661005 -135.55699331 -135.55579482 -135.55048541 -135.55043252 -135.52239883 -135.46162708 -135.45027541 -135.45023764 -135.44565041 -135.40247347 -135.37834047 -135.34493697 -135.33629169 -135.31395444 -135.31076754 -135.30828147 -135.29574193 -135.2872863  -135.28249712 -135.25891727 -135.25052505 -135.19962478 -135.1121847  -135.0841408 -135.07377334 -135.07256735 -135.06873152 -135.05734273 -135.0563348 -135.0552117  -135.05514119 -135.04157481 -135.03999486 -135.01353679 -135.01145771 -134.9982921  -134.98185849 -134.92885665 -134.91385833 -134.81493997] 
45:[-172.48064249 -172.47904233 -172.47857131 -172.47848733 -172.47763781 -172.47710333 -172.47668187 -172.47607591 -172.47435413 -172.47254286 -172.46876449 -172.38923574 -172.37313967 -172.35478019 -172.21864496 -172.2043487  -172.15720788 -172.10486982 -172.08281003 -171.91786601 -171.91627777 -171.19134059 -171.18671484 -171.18662363 -171.16355003 -171.08104748 -171.07634742 -171.07477859 -171.06011266 -170.96918206 -170.96021324 -170.96019542 -170.95818766 -170.89362088 -170.88551574 -170.85516045 -170.84685839 -170.49115439 -170.4797744  -170.44342454 -170.43485431 -170.43383512 -170.43199537 -170.34982566 -170.25161483 -170.12818115 -170.12786039 -170.1227323  -169.93111915 -169.37097065 -167.66346467] 
46:[-351.58567637 -351.50708099 -351.47874945 -351.45672633 -351.39867696 -351.36327918 -351.31229817 -351.14830972 -350.75521493 -350.71111519 -350.62823358 -350.61748321 -350.60412316 -350.60397339 -350.60394816 -350.60361036 -350.60347384 -350.6031029  -350.60270776 -350.60104044 -350.59357967 -350.50324847 -350.47788812 -350.14934524 -350.03810602 -349.82593396 -349.70631936 -349.56900759 -349.52946661 -349.50367383 -349.35529414 -349.35021004 -349.34926939 -348.93749066 -348.87773106 -348.76329446 -348.76329289 -348.67975711 -348.6392763  -348.58889028 -348.58802345 -348.48816832 -348.48473648 -348.45715942 -348.44969705 -348.37753026 -347.77340512 -347.69955476 -347.68304448 -347.66065628 -347.26047359] 
47:[-535.74981175 -535.74941894 -535.74720102 -535.73379264 -535.73354035 -535.73043504 -535.72532055 -535.72474699 -535.71086573 -535.70155189 -535.63836849 -535.62601071 -535.61180146 -535.59765476 -535.582404 -535.58230096 -535.52374277 -535.51968628 -535.51360378 -535.48833107 -535.48316129 -535.48268884 -535.47117178 -535.47103195 -535.46466325 -535.46354275 -535.4223179  -535.39159165 -535.37567132 -535.34337551 -535.34294005 -535.3326563  -535.30312578 -535.28425765 -535.23674733 -535.18216359 -535.16914738 -535.16533211 -535.12360481 -535.12306041 -535.0457541  -535.04050754 -534.79498889 -534.78602127 -534.69581101 -534.69570427 -534.58430777 -534.45224698 -534.21728678 -533.98195386 -531.45902845] 
48:[-1297.31465224 -1297.30527374 -1297.21479431 -1297.20994958 -1297.1979796  -1297.17034863 -1297.16493093 -1297.11447297 -1297.11395048 -1297.10080395 -1297.09899728 -1297.09837829 -1297.09801114 -1297.09692138 -1297.07649422 -1297.07434253 -1297.06928574 -1297.06298699 -1297.03962379 -1297.00731122 -1296.94689461 -1296.92224229 -1296.91224703 -1296.89096577 -1296.87674654 -1296.85739718 -1296.85123036 -1296.84810537 -1296.84386918 -1296.83042769 -1296.82281695 -1296.77109125 -1296.77105883 -1296.71367347 -1296.70655642 -1296.63512636 -1296.54158779 -1296.53307463 -1296.51089798 -1296.45086397 -1296.21585148 -1296.20557163 -1295.97843978 -1295.79464016 -1295.79059965 -1295.79009007 -1295.78937666 -1295.78739549 -1295.7834054  -1295.46045818 -1294.84604953] 
49:[-659.94716264 -659.94373748 -659.9394964  -659.85134106 -659.85105333 -659.85002327 -659.84103106 -659.8382326  -659.83762793 -659.83748057 -659.81464514 -659.79418436 -659.72521102 -659.72001575 -659.71436932 -659.71334173 -659.71113278 -659.68789211 -659.68447119 -659.68104859 -659.67588461 -659.67433381 -659.62302502 -659.61860104 -659.61582801 -659.59114952 -659.57280339 -659.57068331 -659.56948243 -659.54835953 -659.53955348 -659.52421555 -659.50700204 -659.48592955 -659.35320999 -659.29359272 -659.23441223 -659.16436652 -659.16428487 -659.16117253 -659.15651749 -659.15620827 -659.12715925 -658.96431377 -658.96409686 -658.85146546 -658.77521615 -658.67725002 -658.6428834  -658.64143696 -656.46244733] 
50:[-271.17990977 -271.16276167 -271.01831137 -270.99453313 -270.99296531 -270.92178597 -270.91957317 -270.91882428 -270.91750085 -270.91636674 -270.91396378 -270.91374404 -270.90341868 -270.86121688 -270.85429495 -270.85098806 -270.84819568 -270.84659615 -270.77581366 -270.76532752 -270.7492267  -270.74013729 -270.73924867 -270.73777603 -270.73565303 -270.73449411 -270.70639779 -270.67482336 -270.63187004 -270.6069575 -270.56424691 -270.54037016 -270.54010748 -270.53223849 -270.49812126 -270.43825119 -270.36749276 -270.33515157 -270.33467484 -270.31863457 -270.28301917 -270.09445696 -270.02212715 -270.00132081 -269.98485659 -269.5963154  -269.49686574 -269.48073296 -269.30838061 -269.30795805 -267.15318039] 
RANKING VECTORS IDX
0:[41. 42. 33. 28. 32. 30. 15.  6. 35. 44.  2. 47.  0. 22.  5. 13. 34. 49. 46. 40.  7. 12. 25. 20.  8. 45. 50. 39. 29.  9. 14. 37. 26. 23. 19. 16. 36. 11. 38. 27.  1. 24. 18. 48. 17. 31. 43. 21.  3. 10.  4.] 
1:[ 1. 45. 26. 37. 33. 35. 16.  9. 14. 42. 15. 30. 41. 44. 28. 48.  6. 40. 32.  7.  3. 12. 13.  8. 20.  0. 17. 22. 47. 21. 39. 27. 43. 49. 19.  2. 25. 10. 46. 23. 34.  5. 36. 24. 50. 18. 29. 31. 11. 38.  4.] 
2:[31. 24. 18. 37.  9. 16. 33. 29. 42. 14. 41. 44. 27.  2. 36.  4. 34.  8. 20. 49. 12. 23. 13. 45.  1. 19. 40. 26.  3. 48. 47. 17.  7. 21. 46. 43.  5. 39. 38. 11. 25. 35. 15. 22. 10.  0. 32. 28.  6. 30. 50.] 
3:[48. 40. 39.  1. 12.  3. 18. 23. 34. 29. 19.  9. 33. 27. 37.  4. 14. 42. 41. 16. 45. 44. 49. 31. 25. 43. 24. 17.  5.  2. 20.  0. 47. 36. 22.  7. 13. 10. 46. 26. 38. 11. 30. 15.  6. 32. 28. 35. 21. 50.  8.] 
4:[ 4. 48. 49. 25. 20. 13.  1. 18.  7. 31. 24. 19.  2.  3.  5. 17. 45. 47. 34. 39.  9. 27. 22. 36. 33. 46. 41. 23. 21.  0. 42. 14. 44. 38. 11. 37. 29. 12. 16. 10.  8. 43. 26. 40. 35. 15. 28. 30. 32.  6. 50.] 
5:[37. 48. 40.  5. 16. 14. 44. 29.  9. 47. 33. 19. 26. 42. 41.  0. 22. 35.  6. 28. 32.  7. 30. 15. 25. 39. 43. 50. 27. 36.  3.  1. 13. 12. 34. 18.  2. 45. 17. 46.  8. 20. 49. 21. 11. 38. 23. 10. 31. 24.  4.] 
6:[41. 32. 28. 33. 15. 35. 30.  9. 29. 44. 16.  6. 42. 14.  8. 20. 45. 37. 26. 40.  7. 48. 12. 13. 50. 25.  3.  1. 23. 34. 27. 46.  0. 22.  2. 19. 47. 49. 10. 36.  5. 39. 43. 11. 38. 17. 21. 31. 24. 18.  4.] 
7:[40. 48.  7.  1. 33. 42.  6. 15. 32. 30. 28. 35. 41. 34. 18. 45.  0. 47. 22.  5. 12. 49. 19.  2. 23. 37. 25.  3. 16. 36.  9. 14. 26. 44. 29. 46. 13. 24. 27.  8. 20. 39. 50. 21. 17. 43. 38. 11. 10. 31.  4.] 
8:[ 8.  1. 20. 48.  3. 26. 37. 40.  7. 12. 36. 10. 39. 45. 19.  2. 23. 49. 25. 16.  9. 42. 14. 41. 44. 29. 33. 18. 15. 35. 27.  6. 47. 17.  5.  0. 22. 21. 46. 13.  4. 34. 24. 31. 11. 38. 32. 28. 30. 43. 50.] 
9:[12. 39. 19. 40. 48. 16.  9. 29. 37.  5. 44. 14. 42. 41.  0. 26. 36. 33.  7. 47.  3. 22.  2. 15. 25.  6. 30. 28. 32.  1. 35. 27. 34. 43. 13. 46. 45. 18. 20. 49. 17. 50. 11. 38. 24. 31. 21. 10. 23.  8.  4.] 
10:[10. 26. 17. 48. 40. 20.  8.  7. 43.  3.  2. 39. 49. 12. 27. 23. 45. 44. 42. 14. 33. 41. 16. 29.  9.  1. 13. 25. 46. 19. 37. 34. 21. 36. 18.  5. 22.  0. 47. 31.  4. 15.  6. 35. 30. 32. 28. 50. 24. 11. 38.] 
11:[46. 38. 37. 11. 26. 13. 31. 24. 45.  8. 20. 33. 42. 41. 44. 34. 49.  3. 48. 40. 36.  0. 25. 22. 12. 23. 27. 16. 14.  9.  2. 19. 18. 29.  5.  4. 39. 17.  7. 43. 50. 10. 35.  6. 15. 30. 28. 32.  1. 21. 47.] 
12:[12. 49. 48. 40. 36.  7.  3.  8. 20. 18. 10. 27.  4. 19. 13. 23.  2. 25. 29. 41. 16.  9. 33. 42. 14. 44. 31. 24. 34. 39. 37. 46.  1. 17. 21.  5. 22. 11. 38.  0. 47. 43. 45. 26. 32. 28. 30.  6. 15. 35. 50.] 
13:[13. 12. 26. 11. 38. 37. 46.  3. 45. 33. 44. 42. 16. 41.  9. 25. 31. 24. 29. 14. 49. 39. 34.  2.  5. 47. 17.  0.  7. 48.  1. 40. 22. 19. 23. 27. 32. 15.  6. 28. 30. 36. 20.  4.  8. 50. 18. 10. 35. 43. 21.] 
14:[41. 44. 16. 14.  9. 33. 42. 24. 31. 19. 29. 45.  3. 37. 26. 13. 48. 40.  7. 23. 49.  4.  1. 27. 39. 12. 34. 25. 36. 18.  2. 22.  5. 47.  0.  8. 46. 21. 10. 11. 38. 43. 17. 20. 35. 15. 32. 28.  6. 30. 50.] 
15:[29.  6. 41. 44. 42. 15. 14. 35.  9. 33. 16. 45. 26. 37. 48.  7. 40. 12.  1. 20.  8. 49.  2. 19. 27. 32. 28. 30. 13. 17.  0. 22. 47. 25. 50. 23. 36. 10. 46. 39. 31. 34. 24. 21. 18. 38. 11.  5.  3. 43.  4.] 
16:[13. 19. 25.  0. 22.  2. 47.  5. 29. 41. 42. 44. 14. 33. 16. 34. 26.  9. 37. 49. 23. 46. 45. 36.  7. 40. 39. 18.  3. 12. 11. 38. 27. 50. 48. 31. 24. 30. 35. 28. 32.  6. 15. 43. 17.  1. 10.  8. 21.  4. 20.] 
17:[48. 40.  3. 17. 39. 27. 19. 43. 45.  2. 33. 16. 44. 14. 42. 29. 41. 10.  9.  8. 26. 37. 20.  5. 22. 47.  0.  7. 25.  1. 23. 12. 18. 36. 13. 34. 49.  4. 46. 50. 21. 24. 31.  6. 30. 28. 32. 15. 35. 11. 38.] 
18:[18. 34. 49.  0. 22. 45. 47.  5.  8. 33. 16. 41.  9. 44. 14. 13. 42. 29. 25. 37. 43. 20.  7. 23. 31. 24. 19. 26. 48. 40. 36. 38. 17. 46. 11.  1.  3. 27. 39. 12.  2. 21. 35. 32. 28.  6. 15. 30. 10.  4. 50.] 
19:[13. 19. 25.  0. 22.  2. 47.  5. 29. 41. 42. 44. 14. 33. 16. 34. 26.  9. 37. 49. 23. 46. 45. 36.  7. 40. 39. 18.  3. 12. 11. 38. 27. 50. 48. 31. 24. 30. 35. 28. 32.  6. 15. 43. 17.  1. 10.  8. 21.  4. 20.] 
20:[ 8. 20.  3. 10. 39. 48.  7.  1. 23. 16.  9. 33. 42. 44. 29. 17. 41. 14. 47.  0. 22.  5. 49. 43. 19. 46. 36.  2. 45. 25. 26. 37. 27. 34. 15. 35.  6. 30. 32. 28. 12. 18. 13. 21. 40. 31. 50. 38. 11. 24.  4.] 
21:[21. 28. 32. 30. 35. 41.  6. 15. 19.  7. 40. 36.  1.  3. 43. 17. 46. 20. 39. 47.  0. 22. 37. 50. 14. 44. 45. 16. 33. 25.  9. 42. 29. 12.  2.  5. 26. 13. 48. 49. 27. 18. 34. 23. 11. 38.  8. 10. 24. 31.  4.] 
22:[13.  2. 19.  0.  5. 22. 47. 12. 38. 37. 11. 46.  3. 33. 41. 42. 14. 44. 16. 29.  7. 48.  1. 40. 26. 45.  9. 25. 28. 30. 35. 32. 15.  6. 34. 49. 27. 23. 31. 24. 36.  8. 20. 50. 18.  4. 10. 17. 43. 39. 21.] 
23:[23. 18. 24. 31. 27. 49. 13.  4. 37. 26. 44. 41. 42. 14. 45. 33. 16. 29.  9.  8. 20. 36. 38. 11. 46. 19. 25. 48. 34. 12. 10. 40.  5.  0. 17. 22.  7.  1. 43. 47. 21.  3. 39.  2.  6. 15. 30. 32. 28. 35. 50.] 
24:[31. 24. 33. 41. 42. 14. 16. 29. 37. 44.  9. 36.  4. 45.  7. 27. 23. 49. 20.  8. 13. 46. 38. 11. 26. 12. 25. 18. 34. 47.  5.  0. 22. 19. 48. 10. 40.  3. 43. 17.  1. 39.  6. 32. 15. 28. 30. 35.  2. 21. 50.] 
25:[20. 25. 40. 48.  7. 42. 14. 16. 29. 44.  9. 45. 33. 41.  0. 22. 26.  2. 13. 47. 37.  5. 46. 19.  3. 43.  1. 12. 23. 27. 17. 49. 28. 32.  6. 21. 30. 36. 15.  8. 34. 18. 39. 35. 50. 11. 38. 10. 31. 24.  4.] 
26:[29.  6. 41. 44. 42. 15. 14. 35.  9. 33. 16. 45. 26. 37. 48.  7. 40. 12.  1. 20.  8. 49.  2. 19. 27. 32. 28. 30. 13. 17.  0. 22. 47. 25. 50. 23. 36. 10. 46. 39. 31. 34. 24. 21. 18. 38. 11.  5.  3. 43.  4.] 
27:[19. 16. 26. 33. 29. 44.  9. 14. 41. 42. 37. 40. 48. 13. 45.  3. 27. 31. 24. 18. 49.  1.  4. 23. 34. 39. 12.  5. 25. 47.  0. 22. 36. 43. 46. 20.  8.  2. 10. 21. 17. 38. 11.  7. 35. 30.  6. 32. 28. 15. 50.] 
28:[33.  7. 40. 32.  6. 35. 30. 28. 15. 41. 37. 48.  9. 14. 16. 44. 42. 29.  2. 19. 36.  3.  5.  0. 50. 47. 25. 39. 22. 43. 27. 34. 46. 26. 49. 13. 45. 17. 18. 21. 12. 20. 23.  1. 24. 11. 38. 10. 31.  8.  4.] 
29:[33. 41.  7.  9. 42. 37. 19. 48. 29. 14. 16. 26. 40. 47.  5.  0. 44. 22.  3. 43.  1.  6. 28. 15. 32. 30. 36. 35. 27. 25. 34. 45. 18. 13. 50.  2. 17. 46. 49. 21. 11. 38. 23. 39. 12. 31. 24. 10. 20.  8.  4.] 
30:[45. 33. 42. 16. 41. 14. 28. 32. 30. 35. 44.  6. 15.  5.  0. 47. 22. 23. 34. 13. 49. 46. 12. 40.  7. 48. 25.  1. 27. 37. 11. 38. 26. 18.  8. 24. 31.  9. 29. 36.  3. 50. 39. 17.  2. 43. 19. 10.  4. 20. 21.] 
31:[27. 23. 31. 46.  8. 20. 19. 17.  4.  1. 24. 13. 44. 14. 33. 42. 41. 26. 16. 37.  9. 36. 45. 21. 10. 18. 12. 39. 43.  2. 48.  7. 40.  3. 25. 32. 28. 30. 34. 11. 38.  5. 49. 22. 47.  0. 29.  6. 15. 35. 50.] 
32:[33. 50. 15. 32. 28. 30. 25. 42. 41. 35.  6. 40.  3.  5. 37. 16. 29. 14.  9.  7. 39. 19. 22.  0. 36. 47. 13. 27. 48.  8. 44. 43.  1. 18. 34. 17. 46. 21. 45. 26. 49.  2. 12. 20. 23. 11. 38. 10. 31. 24.  4.] 
33:[20. 39. 44.  9. 33. 41. 42. 14. 16.  7. 40. 48. 21.  2. 19. 25. 45. 17. 13. 26. 37. 28. 32. 30. 35. 15.  6. 46. 22.  1. 47.  0. 23. 27. 43.  5. 36.  3. 18. 34. 49. 29. 12. 50.  8. 11. 38. 31. 24. 10.  4.] 
34:[34. 19.  5. 22. 47.  0. 45. 18.  7. 40. 37. 48.  2. 16. 33.  9. 14. 44. 42. 41. 29.  6. 30. 28. 32.  1. 49. 13. 15. 25. 23. 36. 46. 12. 20. 38. 11. 39. 26. 27. 24. 31. 43. 50. 17.  3. 21. 10.  4.  8. 35.] 
35:[33. 16. 29. 44. 15.  9. 35. 14. 42.  6. 41. 45. 26. 37.  3. 48. 40. 12.  1.  7. 20.  8. 13. 27.  5.  0. 17. 47. 49.  2. 19. 46. 34. 50. 25. 22. 23. 36. 10. 32. 28. 30. 18. 39. 31. 24. 43. 21. 38. 11.  4.] 
36:[49. 36.  2. 19.  0. 22. 34. 31. 24. 23. 40.  7. 18.  3.  8. 27. 20. 13. 41. 42. 14. 44. 16.  9. 33. 29. 12. 28. 32. 15. 35.  6. 30. 48. 45. 17.  5. 47. 25. 26. 37. 46. 11. 38. 39. 50. 21. 10.  1. 43.  4.] 
37:[20. 44. 16. 42. 14.  9. 29. 41. 33. 45. 26. 37. 17. 48. 19.  7. 40. 18. 21.  2. 34.  3. 49. 31. 47.  1. 24. 27. 46.  0. 22. 39. 43. 13.  5. 12. 23. 25.  8. 28. 32. 35. 30. 15.  6. 11. 38. 10. 36. 50.  4.] 
38:[13. 12. 26. 11. 38. 37. 46.  3. 45. 33. 44. 42. 16. 41.  9. 25. 31. 24. 29. 14. 49. 39. 34.  2.  5. 47. 17.  0.  7. 48.  1. 40. 22. 19. 23. 27. 32. 15.  6. 28. 30. 36. 20.  4.  8. 50. 18. 10. 35. 43. 21.] 
39:[39. 19. 48. 40.  7.  3. 29.  9. 41. 16. 42. 44. 14. 33.  2. 27. 37. 49. 26. 45. 12. 20.  8. 36. 23.  4. 18.  5. 22. 47. 13. 10.  0. 25. 34. 31. 24. 43. 17. 46. 11. 38.  1. 28. 15. 32.  6. 30. 35. 21. 50.] 
40:[ 7. 40. 48. 34. 13.  3. 11. 46. 26. 38.  1. 45. 24. 49. 31. 47.  5.  0. 22.  9. 44. 29. 20. 14. 16. 25. 33. 37. 42. 41. 19. 18.  8. 23.  2. 36. 27. 39. 12. 21. 43.  6. 15. 30. 28. 32. 35. 17.  4. 10. 50.] 
41:[33. 41. 42. 14. 44. 16.  9. 29.  7. 40. 48. 39.  1. 19. 49.  3. 46. 26. 34. 45. 36. 25. 37. 27. 23.  0. 22. 13.  5. 47. 18. 38. 11.  2. 31. 24. 20.  8. 12. 21. 43. 10. 17. 30. 28. 32. 35. 15.  6.  4. 50.] 
42:[44. 41. 16.  9. 33. 42. 14. 29. 19. 26. 45. 37. 36. 24. 31. 48. 40. 34.  7. 49.  1. 27. 12. 25.  3. 23. 13.  5.  0. 22. 47.  2. 46. 18. 39. 11. 38.  8. 20.  4. 10. 21. 43. 17. 30. 35. 15.  6. 28. 32. 50.] 
43:[48. 43. 40. 19. 37. 33. 16. 44.  9. 14. 42. 41. 29. 26. 18. 17. 39. 27. 12. 45. 36.  1. 34.  5.  2. 49.  8. 25. 20.  7.  0. 22. 10. 47. 46.  3.  4. 23. 24. 13. 31. 21. 28.  6. 32. 30. 15. 35. 11. 38. 50.] 
44:[45. 29. 37. 44. 33.  9. 41. 42. 14. 26. 16. 31. 24. 40.  7. 36. 49. 27. 23. 25. 13. 12.  8. 20.  1. 46. 48.  3. 38. 11. 34.  4. 19.  2.  5. 17. 47. 39. 35.  6. 30. 15. 28. 21.  0. 22. 32. 18. 50. 10. 43.] 
45:[29.  6. 41. 44. 42. 15. 14. 35.  9. 33. 16. 45. 26. 37. 48.  7. 40. 12.  1. 20.  8. 49.  2. 19. 27. 32. 28. 30. 13. 17.  0. 22. 47. 25. 50. 23. 36. 10. 46. 39. 31. 34. 24. 21. 18. 38. 11.  5.  3. 43.  4.] 
46:[27. 23. 31. 46.  8. 20. 19. 17.  4.  1. 24. 13. 44. 14. 33. 42. 41. 26. 16. 37.  9. 36. 45. 21. 10. 18. 12. 39. 43.  2. 48.  7. 40.  3. 25. 32. 28. 30. 34. 11. 38.  5. 49. 22. 47.  0. 29.  6. 15. 35. 50.] 
47:[ 0. 22. 47.  6. 35. 30. 28. 15. 50. 32. 39. 25.  3. 13. 40. 48.  5. 36. 26. 37. 19.  2. 16. 14. 44. 29.  7. 27. 49. 41. 42. 33.  9. 45. 34. 18. 20. 46. 21. 12. 43. 23.  1. 17. 38. 11. 10.  8. 24. 31.  4.] 
48:[ 2. 19. 48.  7.  3. 40. 12. 42. 41. 29. 16. 44. 33. 14. 39.  9. 37. 26. 45. 27. 25. 18. 23. 36. 34. 49.  5. 22. 47.  8.  0. 31. 24. 43.  4. 17. 46. 20. 13. 10. 11. 38.  1.  6. 28. 15. 30. 35. 32. 50. 21.] 
49:[47.  0. 22. 32. 28. 25. 30.  6. 15. 49. 42. 35. 33. 44. 16. 14. 29. 46. 26. 23. 27.  9. 13. 50. 37. 41.  2.  3. 19. 36.  7.  5. 34. 40. 48. 39. 45. 11. 38. 21. 20. 18. 43. 12.  1. 17. 10.  8. 31. 24.  4.] 
50:[25. 50. 13. 19.  2. 33. 30. 41.  6. 15. 32. 28. 35. 42.  0. 22. 47.  5. 37. 49. 26. 16. 29. 14.  9. 44. 48.  7. 45. 20. 40. 12. 27. 34.  3. 23.  1. 46. 39. 36. 43. 17. 11. 38.  8. 10. 21. 18. 24. 31.  4.] 
POSCARS
EA237   3.887  5.570  2.813 104.61 68.81 109.67 Sym.group:  139
1.0
   3.8763290000000001    0.2824430000000000    0.0174490000000000
  -2.2491409999999998    5.0888859999999996   -0.2544160000000000
   1.0216860000000001   -0.1942060000000000    2.6135809999999999
Li P
4 2
direct
   0.6371390000000000    0.1663920000000000    0.1451050000000000 Li
   0.6392030000000000    0.8320370000000000    0.4766910000000000 Li
   0.1392200000000000    0.3320580000000000    0.4766930000000000 Li
   0.1371560000000000    0.6664120000000000    0.1451070000000000 Li
   0.1381750000000000    0.9992300000000000    0.8109060000000000 P
   0.6381840000000000    0.4992190000000000    0.8108919999999999 P
EA117   2.441  6.940  2.439 89.93 60.03 89.99 Sym.group:  164
1.0
   2.4405880000000000   -0.0032440000000000    0.0317050000000000
   0.0102660000000000    6.9404120000000002   -0.0051650000000000
   1.1909360000000000    0.0028260000000000    2.1287370000000001
C F
4 2
direct
   0.0209080000000000    0.8044960000000000    0.7718980000000000 C
   0.6883740000000000    0.0914460000000000    0.4366490000000000 C
   0.3551190000000000    0.1622560000000000    0.1031540000000000 C
   0.6877950000000000    0.8753150000000000    0.4382620000000000 C
   0.3542960000000000    0.3551080000000000    0.1038270000000000 F
   0.0194920000000000    0.6116549999999999    0.7733680000000001 F
EA120   2.777  2.779  7.553 90.00 90.03 90.00 Sym.group:  129
1.0
   2.7774310000000000    0.0004750000000000    0.0052100000000000
  -0.0006890000000000    2.7785820000000001    0.0010650000000000
  -0.0177050000000000   -0.0033940000000000    7.5533999999999999
N S
4 2
direct
   0.9973340000000001    0.4973700000000000    0.2866310000000000 N
   0.4967430000000000    0.9973280000000000    0.7133250000000000 N
   0.9976180000000000    0.4955750000000000    0.4327480000000000 N
   0.4974360000000000    0.9955030000000000    0.5672110000000000 N
   0.9967770000000000    0.4980550000000000    0.9368010000000000 S
   0.4969250000000000    0.9980770000000000    0.0631590000000000 S
EA333   8.079  2.072  2.054 119.70 89.64 97.35 Sym.group:  166
1.0
   7.8278400000000001   -1.0398710000000000   -1.7085140000000001
   0.0032390000000000    2.0724040000000001    0.0077980000000000
   0.2616510000000000   -1.0247809999999999    1.7609720000000000
Be H
4 2
direct
   0.0186730000000000    0.4754430000000000    0.6049830000000000 Be
   0.6031260000000001    0.2078130000000000    0.4719820000000000 Be
   0.2293400000000000    0.2696450000000000    0.0026470000000000 Be
   0.8137900000000000    0.0000040000000000    0.8692130000000000 Be
   0.4882500000000000    0.4577290000000000    0.0988800000000000 H
   0.3442040000000000    0.0216170000000000    0.3763610000000000 H
EA39    3.469  3.452  3.449 89.98 90.02 90.05 Sym.group:  224
1.0
   3.4685589999999999    0.0170140000000000    0.0090690000000000
  -0.0197140000000000    3.4517449999999998   -0.0015360000000000
  -0.0102770000000000    0.0028630000000000    3.4491070000000001
H S
4 2
direct
   0.4984280000000000    0.0047170000000000    0.0021610000000000 H
   0.0097970000000000    0.4906150000000000    0.9968230000000000 H
   0.9883110000000001    0.9979440000000001    0.5040350000000000 H
   0.4995720000000000    0.5118690000000000    0.4957120000000000 H
   0.2493610000000000    0.2497720000000000    0.2526540000000000 S
   0.7488380000000000    0.7497630000000000    0.7531140000000000 S
EA109   3.530  3.628  6.249 90.01 73.84 90.00 Sym.group:  139
1.0
   3.5281129999999998   -0.0009740000000000   -0.1197560000000000
   0.0011450000000000    3.6279200000000000    0.0017790000000000
   1.9421860000000000   -0.0040730000000000    5.9393440000000002
Al Na
4 2
direct
   0.0117500000000000    0.4981200000000000    0.1499670000000000 Al
   0.5117510000000000    0.9981190000000000    0.1499680000000000 Al
   0.1610270000000000    0.9979960000000000    0.8489030000000000 Al
   0.6610250000000000    0.4979970000000000    0.8489030000000000 Al
   0.3360230000000000    0.4984780000000000    0.4994460000000000 Na
   0.8360300000000001    0.9984820000000000    0.4994530000000000 Na
EA171   3.022  2.844  2.844 60.17 90.06 89.65 Sym.group:  191
1.0
   2.2411759999999998   -0.8250630000000000    1.8512329999999999
   0.9712010000000000    2.6730489999999998    0.0442100000000000
  -0.9564870000000000    1.8202890000000000    1.9642290000000000
B Al
2 1
direct
   0.8287380000000000    0.3307850000000000    0.7243410000000000 B
   0.8287300000000000    0.6647180000000000    0.0583240000000000 B
   0.3287310000000000    0.9976900000000000    0.3914120000000000 Al
EA159   3.005  4.958  3.003 90.33 60.33 90.06 Sym.group:  164
1.0
   3.0038040000000001    0.0794550000000000    0.0041180000000000
  -0.1361460000000000    4.9538320000000002    0.1546900000000000
   1.4845910000000000   -0.0581280000000000    2.6093030000000002
Li B
4 2
direct
   0.6598800000000000    0.3844180000000000    0.7470540000000000 Li
   0.9964850000000000    0.7966030000000000    0.0789650000000000 Li
   0.3181630000000000    0.5457200000000000    0.4170910000000000 Li
   0.6547670000000000    0.9579090000000000    0.7490030000000000 Li
   0.9988750000000000    0.2021890000000000    0.0762570000000000 B
   0.3157730000000000    0.1401380000000000    0.4197990000000000 B
EA145   5.959  2.427  2.427 89.86 78.32 78.32 Sym.group:  141
1.0
   5.9586899999999998   -0.0047310000000000   -0.0069140000000000
   0.4931810000000000    2.3764759999999998   -0.0035760000000000
   0.4939800000000000   -0.0929830000000000    2.3744980000000000
C B
4 2
direct
   0.9645359999999999    0.7461320000000000    0.6428100000000000 C
   0.6036820000000001    0.4260490000000000    0.3227530000000000 C
   0.1036820000000000    0.6751250000000000    0.0736340000000000 C
   0.4645370000000000    0.9952240000000000    0.3937210000000000 C
   0.2841100000000000    0.0862570000000000    0.9825610000000000 B
   0.7841080000000000    0.3350040000000000    0.7339070000000000 B
EA144   2.588  2.565  6.125 90.29 90.44 61.58 Sym.group:  164
1.0
   2.5874169999999999    0.0593180000000000   -0.0063500000000000
   1.1688030000000000    2.2837239999999999   -0.0101980000000000
  -0.0326880000000000    0.0094320000000000    6.1245110000000000
Na Li
2 1
direct
   0.3270970000000000    0.9863110000000000    0.8235930000000000 Na
   0.9786980000000000    0.6498610000000000    0.1951210000000000 Na
   0.6544540000000000    0.3195020000000000    0.5093760000000001 Li
EA13    4.040  4.040  2.484 90.00 89.99 120.00 Sym.group:  189
1.0
   4.0395149999999997   -0.0006620000000000    0.0028050000000000
  -2.0191110000000001    3.4988310000000000   -0.0005280000000000
  -0.0013510000000000   -0.0004930000000000    2.4843660000000001
B O
4 2
direct
   0.9965260000000000    0.9947460000000000    0.9994350000000000 B
   0.9965070000000000    0.2791460000000000    0.4994770000000000 B
   0.2809440000000000    0.9947370000000000    0.4992420000000000 B
   0.7121300000000000    0.7103610000000000    0.4995940000000000 B
   0.3298670000000000    0.6614210000000000    0.4995670000000000 O
   0.6631990000000000    0.3280790000000000    0.4992720000000000 O
EA106   2.884  2.884  4.990 106.75 106.75 60.03 Sym.group:  225
1.0
   2.8833560000000000    0.0218490000000000   -0.0445210000000000
   1.4212780000000000    2.5088870000000001   -0.0440710000000000
  -1.3588800000000001   -0.7998189999999999    4.7339089999999997
Be C
4 2
direct
   0.3590910000000000    0.2910700000000000    0.0081400000000000 Be
   0.8595110000000000    0.7909480000000000    0.5081120000000000 Be
   0.1096250000000000    0.0410430000000000    0.2582580000000000 Be
   0.6092170000000000    0.5411460000000000    0.7582860000000000 Be
   0.4845840000000000    0.4160010000000000    0.3831870000000000 C
   0.9841310000000000    0.9161000000000000    0.8831840000000000 C
EA194   2.461  2.462  7.863 81.08 90.00 119.98 Sym.group:  160
1.0
   2.4611459999999998   -0.0028400000000000    0.0104920000000000
  -1.2275290000000001    2.1338620000000001    0.0062310000000000
  -0.0308620000000000    1.3659170000000000    7.7438330000000004
N B
4 2
direct
   0.3174410000000000    0.9532720000000000    0.9239570000000000 N
   0.2690000000000000    0.8566940000000000    0.0655210000000000 N
   0.5117000000000000    0.3369480000000000    0.3420030000000000 N
   0.7433060000000000    0.7984770000000000    0.6487760000000000 N
   0.8433659999999999    0.0000180000000000    0.3472970000000000 B
   0.4071740000000000    0.1260470000000000    0.6574230000000000 B
EA43    2.781  2.781  4.412 90.00 89.99 89.98 Sym.group:  129
1.0
   2.7809270000000001   -0.0027270000000000   -0.0068720000000000
   0.0035170000000000    2.7805580000000001   -0.0088120000000000
   0.0114490000000000    0.0141780000000000    4.4116220000000004
H Mg
4 2
direct
   0.8323930000000000    0.0072610000000000    0.8337450000000000 H
   0.8322170000000000    0.5074760000000000    0.1878110000000000 H
   0.3327400000000000    0.5068160000000000    0.8339890000000000 H
   0.3329160000000000    0.0082780000000000    0.4799040000000000 H
   0.8327890000000000    0.5069570000000000    0.5897900000000000 Mg
   0.3324690000000000    0.0066890000000000    0.0779600000000000 Mg
EA157   2.728  2.719  4.467 89.53 90.60 119.78 Sym.group:  164
1.0
   2.7274699999999998   -0.0184590000000000    0.0064640000000000
  -1.3344790000000000    2.3693059999999999   -0.0056770000000000
  -0.0573660000000000    0.0208810000000000    4.4667599999999998
Mg H
2 1
direct
   0.0559830000000000    0.0479370000000000    0.1694330000000000 Mg
   0.3925780000000000    0.7182539999999999    0.6941120000000000 Mg
   0.7268520000000001    0.3826200000000000    0.4296680000000000 H
EA38    2.495  3.975  3.922 113.71 71.48 108.18 Sym.group:  191
1.0
   2.4931030000000001   -0.0840380000000000    0.0333730000000000
  -1.1140239999999999    3.8137110000000001    0.1071380000000000
   1.1529460000000000   -1.4047050000000001    3.4759120000000001
C Li
4 2
direct
   0.8565570000000000    0.5159680000000000    0.5146700000000000 C
   0.8611890000000000    0.1876500000000000    0.1761520000000000 C
   0.3612230000000000    0.6877060000000000    0.6761040000000000 C
   0.3564670000000000    0.0159050000000000    0.0147330000000000 C
   0.1099120000000000    0.1018780000000000    0.5954410000000000 Li
   0.6077840000000000    0.6017140000000000    0.0953630000000000 Li
EA42    3.127  3.125  4.830 89.97 89.94 60.04 Sym.group:  164
1.0
   1.5659959999999999    2.7062970000000002   -0.0016600000000000
  -1.5618390000000000    2.7071790000000000   -0.0015190000000000
   0.0023860000000000    0.0070330000000000    4.8304400000000003
Mg S
2 1
direct
   0.6734869999999999    0.3313350000000000    0.8707940000000000 Mg
   0.3397780000000000    0.9979100000000000    0.4565910000000000 Mg
   0.0067440000000000    0.6645890000000000    0.1636390000000000 S
EA4     3.207  4.405  3.132 89.91 90.00 68.82 Sym.group:  139
1.0
   3.2065120000000000    0.0059750000000000   -0.0026320000000000
   1.5837900000000000    4.1106530000000001   -0.0059840000000000
   0.0026590000000000    0.0087550000000000    3.1319979999999998
Be F
4 2
direct
   0.5720410000000000    0.3567840000000000    0.7502730000000000 Be
   0.9293450000000000    0.6446650000000000    0.7495490000000000 Be
   0.4296320000000000    0.6446690000000000    0.2495620000000000 Be
   0.0723280000000000    0.3567880000000000    0.2502490000000000 Be
   0.2503210000000000    0.0007250000000000    0.2498290000000000 F
   0.7503980000000000    0.0007200000000000    0.7498089999999999 F
EA48    4.702  4.637  4.703 119.53 104.06 60.47 Sym.group:  140
1.0
   2.4257010000000001    4.0277180000000001    0.0025010000000000
  -2.2771740000000000    4.0395909999999997    0.0006250000000000
   1.1369020000000001   -2.0210569999999999    4.0916969999999999
Cl Si
4 2
direct
   0.9996699999999999    0.0720200000000000    0.8160849999999999 Cl
   0.6804650000000000    0.5725200000000000    0.4979480000000000 Cl
   0.9993400000000000    0.7526460000000000    0.1771530000000000 Cl
   0.3199700000000000    0.2527470000000000    0.4978370000000000 Cl
   0.4991340000000000    0.9128210000000000    0.9980760000000000 Si
   0.5003370000000000    0.4123870000000000    0.9984050000000000 Si
EA210   3.222  3.226  7.622 90.01 90.03 90.01 Sym.group:  129
1.0
   3.2222260000000000    0.0047260000000000    0.0092370000000000
  -0.0052130000000000    3.2260239999999998    0.0017970000000000
  -0.0263310000000000   -0.0052660000000000    7.6217959999999998
Mg S
4 2
direct
   0.9160450000000000    0.5828050000000000    0.1940220000000000 Mg
   0.4186260000000000    0.0833630000000000    0.8064090000000000 Mg
   0.4165880000000000    0.0860730000000000    0.4222590000000000 Mg
   0.9169870000000000    0.5861680000000000    0.5781380000000000 Mg
   0.4161610000000000    0.0825040000000000    0.1279000000000000 S
   0.9186390000000000    0.5830390000000000    0.8724960000000000 S
EA108   2.865  6.384  2.865 77.04 90.02 102.96 Sym.group:  141
1.0
   2.8651409999999999   -0.0140380000000000    0.0102970000000000
  -1.4012990000000001    6.2277870000000002    0.0105780000000000
  -0.0078370000000000    0.6522010000000000    2.7899259999999999
B S
4 2
direct
   0.7052840000000000    0.7688390000000001    0.2056640000000000 B
   0.0229090000000000    0.4040580000000000    0.8877950000000000 B
   0.9548870000000000    0.2688600000000000    0.4551430000000000 B
   0.2726950000000000    0.9040820000000001    0.1370120000000000 B
   0.6139720000000000    0.5864460000000000    0.7967590000000000 S
   0.3638460000000000    0.0864740000000000    0.5459480000000000 S
EA262   2.269  2.266 11.584 95.53 95.57 90.01 Sym.group:  139
1.0
   2.2684810000000000   -0.0046350000000000    0.0115890000000000
   0.0040890000000000    2.2658749999999999    0.0024060000000000
  -1.1854130000000000   -1.1265369999999999   11.4682010000000005
P F
4 2
direct
   0.4783240000000000    0.3049800000000000    0.2193560000000000 P
   0.6645410000000000    0.4955080000000000    0.6046230000000000 P
   0.7721270000000000    0.5968470000000000    0.7980980000000000 P
   0.5799410000000000    0.4048930000000000    0.4128510000000000 P
   0.4123350000000000    0.2363370000000000    0.0825680000000000 F
   0.8405070000000000    0.6644620000000000    0.9348900000000000 F
EA102   2.890  3.713  2.824 112.01 90.00 67.15 Sym.group:  139
1.0
   2.8898480000000002    0.0176440000000000    0.0036530000000000
   1.4211090000000000    3.4304070000000002   -0.0369890000000000
   0.0037030000000000   -1.1194560000000000    2.5931730000000002
Na O
2 1
direct
   0.2110190000000000    0.2481750000000000    0.7167980000000000 Na
   0.8983340000000000    0.8726470000000000    0.0298370000000000 Na
   0.5542540000000000    0.5603790000000000    0.3732810000000000 O
EA161   4.029  4.029  4.029 60.88 119.02 88.39 Sym.group:  121
1.0
   4.0285810000000000    0.0067750000000000   -0.0058240000000000
   0.1143420000000000    2.3087240000000002    3.2996979999999998
  -1.9477560000000000   -1.2144910000000000    3.3107470000000001
O P
4 2
direct
   0.4506330000000000    0.4879370000000000    0.8286440000000000 O
   0.7182460000000001    0.7898500000000001    0.3980780000000000 O
   0.1487870000000000    0.3565600000000000    0.2618520000000000 O
   0.0199300000000000    0.0547530000000000    0.8313720000000000 O
   0.3979100000000000    0.1087430000000000    0.8299640000000000 P
   0.7708280000000000    0.7357840000000000    0.8300070000000001 P
EA47    4.012  4.013  2.607 90.00 90.01 89.99 Sym.group:  136
1.0
   4.0117039999999999    0.0020750000000000    0.0021240000000000
  -0.0013130000000000    4.0129450000000002   -0.0000360000000000
  -0.0019040000000000   -0.0000240000000000    2.6073729999999999
O Si
4 2
direct
   0.3014490000000000    0.3055430000000000    0.0026490000000000 O
   0.6964900000000001    0.7000680000000000    0.0031420000000000 O
   0.8014190000000000    0.2000310000000000    0.5021610000000000 O
   0.1965120000000000    0.8054870000000000    0.5026230000000000 O
   0.9989990000000000    0.0027850000000000    0.0022330000000000 Si
   0.4989980000000000    0.5027890000000000    0.5030670000000000 Si
EA71    4.386  4.594  4.594 103.16 61.49 118.50 Sym.group:  122
1.0
   2.3277700000000001    1.8092699999999999   -3.2467830000000002
  -1.3056859999999999    2.6626120000000002    3.5088840000000001
   4.5821670000000001    0.0090980000000000    0.3285290000000000
Si S
4 2
direct
   0.7482940000000000    0.9482440000000000    0.6191480000000000 Si
   0.6994260000000000    0.4484170000000000    0.7179430000000000 Si
   0.2483480000000000    0.5466080000000000    0.2176920000000000 Si
   0.7973310000000000    0.0468320000000000    0.1192450000000000 Si
   0.3732330000000000    0.2476020000000000    0.4189410000000000 S
   0.1235500000000000    0.7478240000000000    0.9186120000000000 S
EA93    2.437  2.437  3.695 71.47 89.13 119.59 Sym.group:  166
1.0
   2.4367040000000002    0.0042920000000000    0.0233920000000000
  -1.2065509999999999    2.1163409999999998   -0.0446150000000000
   0.0211340000000000    1.4360940000000000    3.4049689999999999
C Li
2 1
direct
   0.2084680000000000    0.7516350000000001    0.4627810000000000 C
   0.8446950000000000    0.0266580000000000    0.5516270000000000 C
   0.0268860000000000    0.3884740000000000    0.0072080000000000 Li
EA98    2.605  2.606  3.843 89.89 90.00 90.00 Sym.group:  115
1.0
   2.6049060000000002   -0.0004020000000000    0.0020570000000000
   0.0004360000000000    2.6058620000000001   -0.0039900000000000
  -0.0028710000000000    0.0134370000000000    3.8426309999999999
Al H
2 1
direct
   0.1635800000000000    0.5012060000000000    0.5922460000000001 Al
   0.6638120000000000    0.9991250000000000    0.0555360000000000 Al
   0.6637050000000000    0.4977790000000000    0.3234380000000000 H
EA23    4.826  4.970  4.322 64.34 89.83 118.91 Sym.group:  191
1.0
   4.8244080000000000   -0.0773670000000000   -0.0893280000000000
  -2.3326259999999999    4.3884449999999999    0.0144290000000000
   0.1167360000000000    2.1696149999999998    3.7363390000000001
Na Al
4 2
direct
   0.1682030000000000    0.6630300000000000    0.6722270000000000 Na
   0.0018910000000000    0.3306540000000000    0.3384650000000000 Na
   0.5019760000000000    0.3304970000000000    0.3391620000000000 Na
   0.6682770000000000    0.6628039999999999    0.6729940000000000 Na
   0.0856370000000000    0.9968100000000000    0.0059390000000000 Al
   0.5855080000000000    0.9964810000000000    0.0058500000000000 Al
EA45    2.654  2.653  6.757 90.06 89.82 119.94 Sym.group:  164
1.0
   2.6535030000000002   -0.0020020000000000   -0.0001750000000000
  -1.3221480000000001    2.2998230000000000   -0.0000800000000000
   0.0222630000000000    0.0043180000000000    6.7570769999999998
Mg Na
2 1
direct
   0.3478080000000000    0.3296290000000000    0.1550550000000000 Mg
   0.6755250000000000    0.9927930000000000    0.4791620000000000 Mg
   0.0057790000000000    0.6636500000000000    0.8170180000000000 Na
EA298   3.582  3.581  2.204 90.06 90.10 119.99 Sym.group:  191
1.0
   3.5818780000000001   -0.0013250000000000    0.0025200000000000
  -1.7889250000000001    3.1023160000000001    0.0015000000000000
  -0.0054200000000000   -0.0068890000000000    2.2036020000000001
Na N
2 1
direct
   0.9937290000000000    0.6576250000000000    0.8379400000000000 Na
   0.3271670000000000    0.3244150000000000    0.8378679999999999 Na
   0.6605410000000000    0.9910960000000000    0.3383810000000000 N
EA99    3.368  3.843  3.426 89.99 89.99 90.00 Sym.group:  136
1.0
   3.3675639999999998   -0.0002350000000000    0.0011500000000000
   0.0002140000000000    3.8429650000000000    0.0034150000000000
  -0.0007610000000000   -0.0024030000000000    3.4259650000000001
O C
4 2
direct
   0.7609350000000000    0.0002610000000000    0.7413230000000000 O
   0.2380320000000000    0.0002750000000000    0.2601110000000000 O
   0.7380230000000000    0.5002590000000000    0.2413470000000000 O
   0.2609680000000000    0.5002750000000000    0.7601480000000000 O
   0.4994710000000000    0.5002740000000000    0.0007650000000000 C
   0.9994880000000000    0.0002740000000000    0.5006590000000000 C
EA19    4.078  4.897  4.075 89.99 60.05 90.00 Sym.group:  191
1.0
   4.0729069999999998    0.0064040000000000    0.1964380000000000
  -0.0071290000000000    4.8973120000000003   -0.0129730000000000
   1.8623810000000001    0.0126920000000000    3.6249639999999999
Si Na
4 2
direct
   0.2350680000000000    0.9126420000000000    0.2721720000000000 Si
   0.2347630000000000    0.4126480000000000    0.2728560000000000 Si
   0.9013660000000000    0.4123150000000000    0.9395550000000000 Si
   0.9016810000000000    0.9123160000000000    0.9388649999999999 Si
   0.5682400000000000    0.6625160000000000    0.6059390000000000 Na
   0.5683340000000000    0.1625580000000000    0.6057100000000000 Na
EA150   3.181  3.184  3.913 90.10 89.97 119.92 Sym.group:  164
1.0
   1.5973679999999999   -2.7509910000000000   -0.0103280000000000
   1.5889260000000001    2.7592639999999999    0.0233350000000000
  -0.0206560000000000   -0.0293840000000000    3.9130660000000002
P S
2 1
direct
   0.3370470000000000    0.6700770000000000    0.6456780000000000 P
   0.6701300000000000    0.3354650000000000    0.3519610000000000 P
   0.0035920000000000    0.0027740000000000    0.9988190000000000 S
EA7     4.511  4.323  4.485 118.80 76.85 118.62 Sym.group:  140
1.0
   4.5102669999999998   -0.0275780000000000    0.0727250000000000
  -2.1139480000000002    1.7781180000000001    3.3253260000000000
   0.9910580000000000   -4.3715780000000004    0.1588280000000000
Mg Be
4 2
direct
   0.0020600000000000    0.8389430000000000    0.1860930000000000 Mg
   0.3221700000000000    0.6601230000000000    0.5080380000000000 Mg
   0.0009360000000000    0.1605990000000000    0.8299500000000000 Mg
   0.6808280000000000    0.3391210000000000    0.5075140000000000 Mg
   0.5015790000000000    0.7491630000000000    0.0077720000000000 Be
   0.5014800000000000    0.2501970000000000    0.0077900000000000 Be
EA7     2.514  2.514  3.827 90.00 90.00 60.00 Sym.group:  191
1.0
   1.2572360000000000    2.1772900000000002    0.0000260000000000
  -1.2570230000000000    2.1774719999999999    0.0026280000000000
   0.0041730000000000   -0.0024520000000000    3.8273950000000001
C Na
2 1
direct
   0.3382550000000000    0.3356890000000000    0.9009600000000000 C
   0.6716000000000000    0.6690010000000000    0.9011710000000001 C
   0.0031900000000000    0.0035400000000000    0.4010370000000000 Na
EA16    2.735  2.738  7.377 90.00 90.00 60.11 Sym.group:  194
1.0
   2.7346240000000002    0.0007270000000000   -0.0017130000000000
   1.3637280000000001    2.3742749999999999   -0.0006100000000000
   0.0047750000000000   -0.0007220000000000    7.3772510000000002
N Mg
4 2
direct
   0.6695160000000000    0.6618140000000000    0.1650350000000000 N
   0.6700930000000000    0.6617090000000000    0.3306820000000000 N
   0.3364490000000000    0.3308240000000000    0.6650470000000001 N
   0.3362880000000000    0.3310100000000000    0.8306730000000000 N
   0.0026770000000000    0.9965780000000000    0.9979130000000000 Mg
   0.0032910000000000    0.9963379999999999    0.4979130000000000 Mg
EA106   3.025  4.985  5.176 70.10 90.00 90.00 Sym.group:  166
1.0
   3.0245259999999998    0.0026800000000000   -0.0019100000000000
  -0.0042900000000000    4.9852800000000004    0.0147680000000000
   0.0014330000000000    1.7469749999999999    4.8721019999999999
S P
4 2
direct
   0.8783670000000000    0.9777670000000001    0.0756110000000000 S
   0.3784180000000000    0.4240790000000000    0.0891870000000000 S
   0.3783810000000000    0.9783530000000000    0.5745110000000000 S
   0.8784030000000000    0.4234920000000000    0.5902880000000000 S
   0.8783960000000000    0.7017000000000000    0.8321300000000000 P
   0.3783880000000000    0.7001470000000000    0.3326680000000000 P
EA168   2.927  2.934  2.936 119.80 119.82 60.17 Sym.group:  225
1.0
   2.9270330000000002    0.0009150000000000   -0.0024200000000000
   1.4588749999999999    2.5459960000000001   -0.0133070000000000
  -1.4577869999999999   -0.8335560000000000    2.4080309999999998
H Mg
2 1
direct
   0.2414280000000000    0.2591850000000000    0.7521780000000000 H
   0.7405220000000000    0.7608030000000000    0.2503810000000000 H
   0.4911600000000000    0.5097980000000000    0.5012360000000000 Mg
EA401   2.618  2.618  9.952 82.49 89.99 119.99 Sym.group:  166
1.0
   1.3094520000000001   -2.2668180000000002   -0.0125980000000000
   1.3085249999999999    2.2669410000000001    0.0141830000000000
   1.2962110000000000    0.6923120000000000    9.8430269999999993
Al O
4 2
direct
   0.5997220000000000    0.8680920000000000    0.0466240000000000 Al
   0.8373969999999999    0.3370320000000000    0.3331320000000000 Al
   0.0729280000000000    0.8148460000000000    0.6196430000000001 Al
   0.3359670000000000    0.3430230000000000    0.8331340000000000 Al
   0.1372780000000000    0.9375300000000000    0.4331060000000000 O
   0.5374660000000000    0.7367540000000000    0.2331520000000000 O
EA242   2.755  2.755  8.971 89.98 89.99 60.02 Sym.group:  164
1.0
   1.4186240000000001    2.3620070000000002   -0.0316800000000000
  -1.3366659999999999    2.4091079999999998    0.0218160000000000
   0.1726250000000000    0.0178490000000000    8.9695219999999996
Al B
4 2
direct
   0.3330460000000000    0.5067400000000000    0.6288260000000000 Al
   0.6676060000000000    0.8387410000000000    0.8486860000000001 Al
   0.0001670000000000    0.1727220000000000    0.0689140000000000 Al
   0.0004730000000000    0.1727420000000000    0.4085990000000000 Al
   0.3336100000000000    0.5060400000000000    0.2362990000000000 B
   0.6670280000000000    0.8394160000000001    0.2412150000000000 B
EA3     2.934  2.934  3.748 90.00 90.00 60.00 Sym.group:  164
1.0
   1.4671660000000000   -2.5409649999999999    0.0006470000000000
   2.9341309999999998    0.0001350000000000    0.0009950000000000
  -0.0011320000000000    0.0002090000000000    3.7480030000000002
Si B
2 1
direct
   0.6799550000000000    0.6571020000000000    0.2465980000000000 Si
   0.0132860000000000    0.9903729999999999    0.7841360000000001 Si
   0.3466210000000000    0.3237370000000000    0.5153670000000000 B
EA63    2.890  8.046  2.878 89.87 119.39 89.78 Sym.group:  164
1.0
   1.6152820000000001    0.0472630000000000   -2.3957549999999999
  -0.1869380000000000    8.0441629999999993   -0.0040360000000000
   1.2884519999999999    0.0376980000000000    2.5729370000000000
Al C
4 2
direct
   0.5882390000000000    0.5494940000000000    0.3318760000000000 Al
   0.2607960000000000    0.3026170000000000    0.6667790000000000 Al
   0.5862790000000000    0.0494870000000000    0.3307470000000000 Al
   0.2588350000000000    0.8026090000000000    0.6656500000000000 Al
   0.9245510000000000    0.4260660000000000    0.9993480000000000 C
   0.9225240000000000    0.9260380000000000    0.9981780000000000 C
EA330  11.415  2.522  2.522 60.02 89.97 90.02 Sym.group:  187
1.0
  11.4146859999999997   -0.0000130000000000   -0.0038610000000000
  -0.0003210000000000    1.2623780000000000    2.1833990000000001
   0.0022490000000000   -1.2603400000000000    2.1845170000000000
Al F
4 2
direct
   0.2933500000000000    0.3053070000000000    0.9160239999999999 Al
   0.7933570000000000    0.9790680000000000    0.5791240000000000 Al
   0.6031290000000000    0.3097230000000000    0.9165300000000000 Al
   0.9835810000000000    0.3149590000000000    0.9101900000000001 Al
   0.1388780000000000    0.3012400000000000    0.9157350000000000 F
   0.4478170000000000    0.3102180000000000    0.9110590000000000 F
EA51    2.082  3.603  3.121 90.29 90.14 89.99 Sym.group:  164
1.0
   2.0819700000000001   -0.0001630000000000    0.0019660000000000
   0.0007600000000000    3.6030259999999998    0.0136480000000000
  -0.0103260000000000   -0.0276680000000000    3.1206160000000001
H Be
4 2
direct
   0.0798060000000000    0.0811250000000000    0.8858450000000000 H
   0.5820650000000001    0.9174790000000000    0.4417410000000000 H
   0.0818940000000000    0.4165850000000000    0.4415250000000000 H
   0.5795290000000000    0.5817680000000000    0.8860740000000000 H
   0.5809510000000000    0.2493100000000000    0.1629260000000000 Be
   0.0807690000000000    0.7491130000000000    0.1645710000000000 Be
EA39    2.462  2.462  6.725 79.81 89.77 119.93 Sym.group:  166
1.0
   1.2300130000000000   -2.1290629999999999    0.1191380000000000
   1.2326649999999999    2.1310769999999999   -0.0275270000000000
   0.9705990000000000    0.8985190000000000    6.5939189999999996
C Li
4 2
direct
   0.4933950000000000    0.4203830000000000    0.2409930000000000 C
   0.8204690000000000    0.0743250000000000    0.2602600000000000 C
   0.3351390000000000    0.0967170000000000    0.7275720000000000 C
   0.9851270000000000    0.4013630000000000    0.7736260000000000 C
   0.2404600000000000    0.9086460000000000    0.0087230000000000 Li
   0.0757190000000000    0.5880140000000000    0.4924930000000000 Li
EA71    2.824  2.818  2.818 86.66 93.33 86.65 Sym.group:  166
1.0
   2.8241459999999998    0.0049320000000000   -0.0024680000000000
   0.1596900000000000    2.8134939999999999    0.0016040000000000
  -0.1616060000000000    0.1722610000000000    2.8081339999999999
O C
2 1
direct
   0.5825060000000000    0.4112730000000000    0.2519760000000000 O
   0.0844320000000000    0.9095550000000000    0.7533350000000000 O
   0.8334380000000000    0.1604120000000000    0.5027180000000000 C
EA253   4.107  4.729  4.097 90.06 90.01 65.21 Sym.group:  139
1.0
   4.0958810000000003    0.3029240000000000    0.0076360000000000
   1.6611440000000000    4.4278639999999996    0.0159780000000000
  -0.0068030000000000   -0.0169200000000000    4.0974050000000002
P Na
4 2
direct
   0.3779100000000000    0.4081630000000000    0.7540140000000000 P
   0.8778540000000000    0.4081460000000000    0.2540860000000000 P
   0.2863680000000000    0.5955840000000000    0.2542570000000000 P
   0.7864280000000000    0.5955950000000000    0.7541920000000000 P
   0.5820000000000000    0.0018540000000000    0.2530240000000000 Na
   0.0825030000000000    0.0018310000000000    0.7537060000000000 Na
EA245   2.756  2.760  9.889 89.42 89.55 60.44 Sym.group:  164
1.0
   2.7560820000000001    0.0319560000000000   -0.0118030000000000
   1.3335140000000001    2.4164479999999999   -0.0159130000000000
   0.1186720000000000    0.1132730000000000    9.8880549999999996
Mg F
4 2
direct
   0.6586740000000000    0.6653770000000000    0.9846890000000000 Mg
   0.3263440000000000    0.3332300000000000    0.7689450000000000 Mg
   0.9926350000000000    0.9988410000000000    0.1984740000000000 Mg
   0.9947490000000000    0.0000650000000000    0.5550610000000000 Mg
   0.6612960000000000    0.6669730000000000    0.4581970000000000 F
   0.3259590000000000    0.3318840000000000    0.2953680000000000 F
EA33    5.403  5.405  2.549 90.39 89.36 90.03 Sym.group:  113
1.0
   5.4033160000000002    0.0050690000000000   -0.0441400000000000
  -0.0081460000000000    5.4048540000000003    0.0016530000000000
   0.0491220000000000   -0.0181630000000000    2.5487240000000000
P Mg
4 2
direct
   0.6340460000000000    0.1311340000000000    0.1244750000000000 P
   0.1315560000000000    0.3714950000000000    0.2149730000000000 P
   0.8674010000000000    0.6355490000000000    0.2055350000000000 P
   0.3697640000000000    0.8669790000000001    0.1206720000000000 P
   0.0039140000000000    0.0022900000000000    0.6665680000000000 Mg
   0.5011320000000000    0.4978920000000000    0.6668340000000000 Mg
EA306   4.039  4.046  4.046 60.87 118.92 118.92 Sym.group:  227
1.0
   4.0386030000000002    0.0495900000000000    0.0339720000000000
  -1.9998830000000001    3.5173980000000000   -0.0254670000000000
  -1.9990310000000000    1.1536679999999999    3.3234450000000000
Be Al
4 2
direct
   0.8681640000000000    0.6190000000000000    0.1254580000000000 Be
   0.8676220000000000    0.1187650000000000    0.1254190000000000 Be
   0.8680710000000000    0.1190220000000000    0.6255110000000000 Be
   0.3679430000000000    0.1192270000000000    0.1256190000000000 Be
   0.2434810000000000    0.7448620000000000    0.7513580000000000 Al
   0.4924800000000000    0.4931520000000000    0.4996470000000000 Al
