NUMBER OF TEMPLATES 35
COMPOSITION A 1 B
pairs , SPACEGROUPS 
[Li Na] , 187 
[F Mg] , 164 
[Al O] , 166 
[C Li] , 160 
[Be O] , 186 
[B S] , 166 
[Be Cl] , 166 
[Mg N] , 187 
[H P] , 129 
[Cl Li] , 225 
[Mg P] , 123 
[Cl Mg] , 164 
[Cl O] , 139 
[Na Si] , 123 
[F P] , 129 
[Al Mg] , 123 
[Na S] , 123 
[H Li] , 225 
[Al N] , 216 
[Li Si] , 123 
[S Si] , 166 
[Li Mg] , 123 
[Be S] , 119 
[Cl P] , 129 
[Al P] , 194 
[Cl Na] , 225 
[F Na] , 225 
[Mg O] , 225 
[B Li] , 166 
[Al F] , 191 
[Al B] , 156 
[B C] , 139 
[Al S] , 139 
[N Si] , 156 
[Li O] , 187 
RANKING VECTORS ENTHALPIES
0:[-714.89563825 -714.89537394 -714.89471654 -714.8925703  -714.89104481 -714.88975234 -714.87779571 -714.87743676 -714.87575219 -714.87491479 -714.87405071 -714.87402147 -714.87385614 -714.87372238 -714.87321123 -714.87287087 -714.87172554 -714.86780087 -714.86510441 -714.86019018 -714.85962339 -714.83496935 -714.82273264 -714.82158553 -714.7918539 -714.77449631 -714.77169443 -714.761666   -714.7511232  -714.73969709 -714.73967956 -714.73962391 -714.72607114 -714.51517341 -714.26993487] 
1:[-1140.88295972 -1140.88295887 -1140.88078794 -1140.74799411 -1140.74134008 -1140.72913642 -1140.72714384 -1140.72133631 -1140.72065378 -1140.71272507 -1140.70464306 -1140.55664107 -1140.54330587 -1140.25575203 -1140.23974822 -1140.20674065 -1140.18215969 -1140.16362641 -1140.15814528 -1140.12290083 -1140.12196492 -1140.12195497 -1140.11519889 -1140.1003466 -1140.07001478 -1140.05646686 -1140.02842914 -1139.83289786 -1139.83280349 -1139.83261514 -1139.83190127 -1139.83172756 -1139.830791   -1139.8232711  -1139.48763103] 
2:[-254.87313889 -254.63633892 -254.62626843 -254.44021169 -254.38927973 -254.37412279 -254.37335262 -254.37325385 -254.37136384 -254.3107239 -254.30358063 -254.30300746 -254.28389728 -254.27990493 -254.17844264 -254.17438311 -253.99411743 -253.92652194 -253.88519372 -253.87489188 -253.84392321 -253.78400608 -253.6651164  -253.47303534 -253.46218989 -253.4617     -253.46165472 -253.45993946 -253.11581143 -253.11398775 -253.10547149 -253.09992375 -253.09790848 -253.09749419 -252.9152524 ] 
3:[-177.51264274 -177.51102258 -177.50990961 -177.49934382 -177.46779915 -177.46273834 -177.45264418 -177.19141016 -177.1399891  -177.04669819 -176.88109016 -176.82218902 -176.82071058 -176.82030896 -176.81633159 -176.81520264 -176.77302072 -176.598111   -176.5975921  -176.59724023 -176.45322786 -176.43676932 -176.22362643 -175.99700189 -175.60097699 -175.51762576 -175.504662   -175.50442098 -175.50437889 -175.50249258 -175.49963529 -175.46772344 -175.40309379 -175.09183236 -174.37372992] 
4:[-414.37249339 -414.36835721 -414.36791578 -414.36681629 -414.18967479 -414.18207648 -414.17461939 -414.14835191 -414.14823056 -414.14660901 -414.14630788 -414.14502373 -414.14317887 -414.14298168 -414.139643 -414.11774559 -414.08076076 -414.04021279 -414.03802741 -413.96144578 -413.76489485 -413.76139091 -413.75419511 -413.61424446 -413.61011704 -413.58734613 -413.4487874  -413.37779012 -412.77946012 -412.77945394 -412.77945335 -412.77943144 -412.77942273 -412.77510324 -412.38958706] 
5:[-186.94242881 -186.58542887 -186.5756847  -186.52295534 -186.51365259 -186.49152024 -186.45937628 -186.39893709 -186.39893709 -186.39436866 -186.38757956 -186.37929281 -186.36965879 -186.36790092 -186.36092224 -186.35643112 -186.31319212 -186.22135242 -186.21865992 -186.19568364 -186.18619913 -186.18316511 -186.15068683 -186.06596202 -185.939378 -185.77673815 -185.72860756 -185.63022936 -185.61393543 -185.46596612 -185.4608447  -185.4542853  -185.45165139 -185.44808803 -184.93540276] 
6:[-409.41838657 -409.41698223 -409.31403131 -409.31050364 -409.30067078 -409.25933319 -409.25746111 -409.22723226 -409.13307916 -409.06871411 -409.02891112 -409.02352885 -408.94877887 -408.94556073 -408.87780539 -408.87423243 -408.83129902 -408.83021031 -408.82921436 -408.82587241 -408.82088232 -408.82074908 -408.81933261 -408.80491485 -408.77021184 -408.74043337 -408.73955369 -408.73948239 -408.73722401 -408.6574152 -408.53162174 -408.44037947 -408.36445426 -408.29201159 -407.98263574] 
7:[-946.25378227 -946.23359922 -946.0586664  -946.02732193 -946.00278322 -946.00247193 -946.00224191 -946.00219454 -946.00217298 -946.00183931 -946.00172002 -945.99412122 -945.9629758  -945.91236529 -945.9117461 -945.91079211 -945.90586414 -945.90316807 -945.90218306 -945.88835806 -945.86738825 -945.73385722 -945.65090386 -945.52620858 -945.48203848 -945.4809695  -945.48095567 -945.30186277 -945.09712753 -944.98394802 -944.86976907 -944.55521549 -944.4718997  -944.4223248  -943.60482652] 
8:[-99.34360644 -99.27956435 -99.19272625 -99.1824063  -99.17630417 -99.06964985 -99.03623934 -99.01565325 -98.99903983 -98.996863 -98.98961033 -98.98250701 -98.97979613 -98.97978863 -98.97913579 -98.97643219 -98.95137087 -98.9418078  -98.9134748  -98.88666847 -98.88578807 -98.88475757 -98.8737693  -98.84676805 -98.83557093 -98.8147509  -98.78718164 -98.78529316 -98.77857855 -98.73412015 -98.71598762 -98.71598426 -98.71598426 -98.70939107 -98.53186565] 
9:[-318.9695247  -318.96943266 -318.96937933 -318.96936772 -318.96865453 -318.96859921 -318.96859741 -318.96708919 -318.96562578 -318.95805442 -318.95665884 -318.71589016 -318.69513849 -318.69227159 -318.64215554 -318.61991846 -318.56437303 -318.56049883 -318.54459722 -318.5445681 -318.54435951 -318.54433957 -318.54348849 -318.54347627 -318.4650621 -318.46501874 -318.46501455 -318.42450214 -318.35402718 -318.28277214 -318.27701172 -318.15489032 -318.10928282 -318.10723341 -317.16401719] 
10:[-897.78507395 -897.78377878 -897.77835891 -897.77645827 -897.77603856 -897.77261313 -897.67886905 -897.65179683 -897.64911297 -897.59961263 -897.59605133 -897.59388137 -897.57666688 -897.56893913 -897.49048829 -897.45402771 -897.44324545 -897.43121289 -897.4311182  -897.43111355 -897.4310934  -897.37148769 -897.33253217 -897.32818399 -897.30229607 -897.29808062 -897.28714598 -897.24348008 -897.22473771 -897.10000957 -897.07741337 -896.82443471 -896.55211057 -896.46410411 -895.9296171 ] 
11:[-1026.85454699 -1026.85441373 -1026.84991217 -1026.7844991 -1026.78278696 -1026.78209065 -1026.78153913 -1026.77799209 -1026.77239057 -1026.743345   -1026.69837038 -1026.68687254 -1026.68656335 -1026.68649835 -1026.68439181 -1026.68431719 -1026.68197528 -1026.67515366 -1026.64104066 -1026.63201146 -1026.60240044 -1026.5918916  -1026.30821077 -1026.22513855 -1026.19174982 -1026.19148768 -1026.19146375 -1026.17872793 -1026.1445542  -1026.07555732 -1026.07535601 -1025.76310369 -1025.50371683 -1025.48866666 -1025.03222879] 
12:[-442.67262777 -442.64552846 -442.55701558 -442.55560891 -442.55377575 -442.38669334 -442.28153524 -442.01495901 -442.00674641 -441.99603318 -441.9698849  -441.96833847 -441.96802136 -441.96741712 -441.96723863 -441.96428828 -441.91632185 -441.9160645  -441.91539653 -441.89338811 -441.8550381  -441.84066457 -441.82311561 -441.76277272 -441.76087418 -441.76024897 -441.76000078 -441.75974811 -441.75883029 -441.75804551 -441.75622746 -441.75322354 -441.72250583 -441.69542957 -440.90580679] 
13:[-674.56394829 -674.53095805 -674.52836178 -674.52725541 -674.51882454 -674.51846478 -674.43784995 -674.4157107  -674.34784609 -674.34740243 -674.33838775 -674.30380428 -674.28036336 -674.24585603 -674.22841458 -674.22002314 -674.18545108 -674.12690752 -674.05099729 -673.97154178 -673.93825297 -673.7890729  -673.75855497 -673.71985533 -673.48794469 -673.47590525 -673.40922288 -673.18313005 -672.96827775 -672.96382446 -672.96381647 -672.96379092 -672.94630674 -671.93050972 -671.29789325] 
14:[-426.17108159 -426.06618491 -426.06556743 -426.06510903 -425.85877419 -425.74840254 -425.63557969 -425.62979369 -425.62360854 -425.4672102 -425.4654731  -425.45418477 -425.45400839 -425.45365921 -425.45112492 -425.44972994 -425.44955625 -425.44955238 -425.44937057 -425.43427816 -425.35376088 -425.34881452 -425.32798013 -424.84484463 -424.79894298 -424.44885996 -424.44856765 -424.39546909 -424.38988639 -423.97931268 -423.97603983 -423.97603698 -423.97603667 -423.97474308 -423.4339551 ] 
15:[-834.57397404 -834.57054116 -834.56678417 -834.56563543 -834.56429887 -834.5639257  -834.52753452 -834.51902563 -834.51594779 -834.51158188 -834.50859739 -834.50301535 -834.50113351 -834.4742029  -834.47411788 -834.46377415 -834.45500229 -834.44442064 -834.31602413 -834.24648601 -834.11093051 -833.90000103 -833.84375057 -833.66625886 -833.64254734 -833.48900552 -833.48799603 -833.4874847  -833.48738307 -833.46222534 -833.4430062  -833.12525381 -832.97889767 -832.4345404  -831.65467919] 
16:[-767.90367092 -767.90345114 -767.90341669 -767.90290211 -767.90285367 -767.8983766  -767.75486274 -767.70584473 -767.60209356 -767.564309 -767.55900083 -767.55152882 -767.54982464 -767.45436825 -767.43356072 -767.43261754 -767.31018833 -767.30822553 -767.30664577 -767.22467631 -767.09375954 -767.06574586 -767.04306922 -767.04116226 -767.04115821 -767.04115602 -766.92712717 -766.71880232 -766.71665872 -766.69252472 -766.64768226 -766.62608779 -766.44672399 -766.19436259 -765.56181881] 
17:[-104.52340365 -104.52305936 -104.52285825 -104.52285133 -104.52049635 -104.51966633 -104.51815025 -104.51800726 -104.45580401 -104.4557728 -104.41489689 -104.36892466 -104.36273694 -104.35098213 -104.33719314 -104.33614362 -104.33509943 -104.33490408 -104.33477984 -104.33203932 -104.3319393  -104.32680454 -104.29301169 -104.29153948 -104.28794452 -104.24839154 -104.23891557 -104.20530886 -104.10983294 -104.10740802 -103.98362091 -103.9307258  -103.86917597 -103.61464383 -103.19170027] 
18:[-171.4231052  -171.42212305 -171.42146896 -171.42016298 -171.41898076 -171.41894892 -171.41894884 -171.41686136 -171.41156543 -171.21239484 -171.07509777 -171.07486113 -171.00368641 -170.9733948  -170.9729275 -170.97012346 -170.74743274 -170.74547251 -170.74504782 -170.62438508 -170.62199691 -170.61288326 -170.48361754 -170.40882099 -169.8817596 -169.84150177 -169.83298724 -169.79984101 -169.76910382 -169.76833939 -169.76816183 -169.76556412 -169.76359334 -169.76176685 -168.02186496] 
19:[-152.25879708 -152.25554842 -152.25348919 -152.24322418 -152.23898803 -152.1899721  -152.17837902 -152.07608997 -152.01979673 -152.01883332 -152.01744418 -151.98055965 -151.93997471 -151.83344428 -151.7754416 -151.72750666 -151.68176826 -151.65991133 -151.64892349 -151.53795752 -151.50963107 -151.44615478 -151.4262201  -151.39443197 -151.39403853 -151.37933004 -151.29162635 -151.28249017 -151.15989342 -151.15986495 -151.15986313 -151.14522099 -151.10058372 -150.59913884 -149.70144438] 
20:[-203.46023722 -203.45362754 -203.41243439 -203.38022156 -203.37219651 -203.36648621 -203.34015271 -203.29574886 -203.29384947 -203.27020648 -203.27011859 -203.27011264 -203.26923839 -203.26585116 -203.26156158 -203.261345   -203.26007607 -203.25890417 -203.25785522 -203.2568669 -203.25490902 -203.25338033 -203.23954316 -203.17735272 -203.05099762 -203.0445242  -203.04139592 -203.0217416  -203.02070966 -203.01605503 -202.97419773 -202.92952007 -202.70541966 -202.68865282 -201.91826479] 
21:[-901.54827982 -901.54233213 -901.54131758 -901.53514858 -901.52883233 -901.52413478 -901.48056886 -901.4715911  -901.4679044  -901.39793856 -901.38343007 -901.38312056 -901.35706695 -901.35604312 -901.32891009 -901.32646587 -901.32031174 -901.31923446 -901.31455239 -901.30714057 -901.30151245 -901.29582462 -901.27126506 -901.2114962  -901.1969086 -901.18276082 -901.17919523 -901.17009443 -901.15984651 -901.15972092 -901.15971749 -901.15884404 -901.06892919 -900.84910163 -899.8613385 ] 
22:[-337.14667518 -337.14479129 -337.13729757 -337.12970586 -337.0828677 -337.08214636 -337.0794321  -337.06341099 -337.06339698 -337.04239465 -337.03864745 -337.02482945 -337.02351594 -336.90174842 -336.89489063 -336.8660546  -336.6678231  -336.5996438  -336.57523189 -336.57174624 -336.56965965 -336.53763136 -336.47536603 -336.25671849 -336.22647834 -336.22370177 -336.21631858 -336.20183483 -336.2003373  -336.1975026 -335.91715491 -335.84089542 -335.83906444 -335.83405085 -335.81280788] 
23:[-312.45662642 -312.45643357 -312.45639419 -312.41605719 -312.32956841 -312.30045302 -312.27108278 -312.25804307 -312.25590147 -312.23362436 -312.21920748 -312.18456819 -312.06792414 -312.02519808 -312.02472325 -312.02332796 -312.01303725 -311.85256964 -311.85108382 -311.85031906 -311.84735695 -311.84554943 -311.83932225 -311.81016401 -311.55587166 -311.45422739 -311.44971539 -311.28796228 -311.27267708 -311.26898985 -311.26865442 -311.25837615 -310.53479827 -310.41907151 -309.88564808] 
24:[-121.74998379 -121.70778699 -121.70626233 -121.70440136 -121.70310834 -121.67502562 -121.6749365  -121.67493357 -121.64174465 -121.61488093 -121.60698165 -121.59949221 -121.59819073 -121.59684276 -121.59333129 -121.51669463 -121.47499483 -121.47171191 -121.42010512 -121.4065187 -121.35985337 -121.35909983 -121.32714872 -121.32340031 -121.31835644 -121.31217814 -121.31209392 -121.30729314 -121.30056951 -121.07307879 -120.91304946 -120.91264542 -120.8996635  -120.79352039 -120.46298415] 
25:[-841.65251376 -841.65237808 -841.65171251 -841.65158282 -841.65130878 -841.65073401 -841.64803574 -841.5458183  -841.54574237 -841.54566185 -841.54565675 -841.54539439 -841.54460164 -841.54454604 -841.54347414 -841.54236064 -841.51058811 -841.50988939 -841.43722164 -841.42277007 -841.23670374 -841.21794581 -841.21490111 -841.17554369 -840.92846701 -840.92513485 -840.8930908  -840.82512142 -840.75144224 -840.73376331 -840.73278876 -840.72696857 -840.31421339 -840.25540065 -839.79478934] 
26:[-955.56030206 -955.55984853 -955.55901182 -955.55716565 -955.55681194 -955.55605256 -955.45453305 -955.45417043 -955.45398544 -955.45340743 -955.45327696 -955.45313379 -955.45312158 -955.45221428 -955.44504777 -955.40558909 -955.40102894 -955.38417417 -955.35885908 -955.19993619 -955.16251999 -955.16238163 -955.15110122 -954.9615403  -954.90496005 -954.90401231 -954.901292   -954.85425091 -954.85422275 -954.85049077 -954.85001369 -954.81095195 -954.59191302 -954.55595314 -953.78910169] 
27:[-1031.63857323 -1031.63822166 -1031.6378839  -1031.6369417 -1031.63669936 -1031.63629825 -1031.63623523 -1031.63377781 -1031.63340404 -1031.45571022 -1031.3263837  -1031.32042131 -1031.21507347 -1031.17304911 -1031.1717761  -1031.17174856 -1031.11829188 -1031.11715609 -1030.99699173 -1030.99544248 -1030.96549789 -1030.96549213 -1030.96387895 -1030.96379247 -1030.9637858  -1030.9637734  -1030.89376552 -1030.69668811 -1030.65800403 -1030.60940158 -1030.40951109 -1030.15701297 -1030.15570297 -1028.54068095 -1028.43087432] 
28:[-135.90449089 -135.90444801 -135.8643729  -135.49640752 -135.43343764 -135.32647913 -135.32524115 -135.32324968 -135.31336661 -135.31181832 -135.31063835 -135.30898129 -135.22825634 -135.21408368 -135.17110662 -135.16272687 -135.13478941 -135.09881231 -135.08216076 -135.03529021 -134.93986762 -134.91987316 -134.86158986 -134.81722197 -134.77905893 -134.6282714  -134.50067416 -133.94134114 -133.9290007  -133.91127694 -133.8759611  -133.87592128 -133.87591989 -133.37501602 -132.60618046] 
29:[-364.23802846 -364.17279885 -364.17127917 -364.16027445 -364.13537568 -364.10967822 -364.07600408 -364.05255801 -364.04162296 -364.02355082 -364.0158293  -363.94196606 -363.93847329 -363.87154709 -363.80252728 -363.80240616 -363.60089752 -363.17472788 -363.17407963 -363.17353178 -363.17327994 -363.17311791 -363.17284883 -363.11826019 -362.85573918 -362.85189268 -362.80454829 -362.80199396 -362.72528073 -362.64266407 -362.64261487 -362.64261114 -362.63741436 -362.60386893 -362.16838497] 
30:[-68.5776475  -68.48687261 -68.40540323 -68.37843763 -68.30853017 -68.26869505 -68.26310036 -68.24065064 -68.2398192  -68.15749834 -68.07554463 -67.98620959 -67.86635145 -67.86089081 -67.85955952 -67.85842554 -67.85617438 -67.85276776 -67.8506298  -67.84887689 -67.84661697 -67.82940296 -67.7620973  -67.71760399 -67.70684769 -67.68675769 -67.68493807 -67.68480766 -67.66313075 -67.45082891 -67.4058535  -67.20347084 -67.10756289 -66.62129238 -66.5205588 ] 
31:[-119.79770711 -119.63003505 -119.61976523 -119.47867246 -119.47492543 -119.46950854 -119.43508445 -119.38296134 -119.37994926 -119.33492911 -119.11429528 -118.92925082 -118.88810683 -118.87596673 -118.86908312 -118.84165106 -118.84156023 -118.84153098 -118.80074563 -118.79580563 -118.65356001 -118.62114238 -118.57835228 -118.35111581 -118.33933762 -118.33722869 -118.3286469  -118.02767834 -117.87091595 -117.54023457 -117.25123162 -117.24832967 -117.24530152 -117.24333305 -117.23945935] 
32:[-177.85155482 -177.84594982 -177.84047062 -177.79125015 -177.78478309 -177.78357692 -177.78299901 -177.78298735 -177.78152349 -177.77796655 -177.7582275  -177.72581892 -177.71370814 -177.70993638 -177.69388981 -177.69376726 -177.69376296 -177.51148756 -177.50950929 -177.50192582 -177.44248226 -177.42271411 -177.42200132 -177.41649077 -177.4085248 -177.37460806 -177.36917177 -177.35760799 -177.18859276 -177.17812913 -177.15294321 -176.83984411 -176.83470784 -176.71027767 -176.38017579] 
33:[-196.4310444  -196.42899977 -196.19346551 -196.02268329 -195.99243296 -195.98688612 -195.95636933 -195.89793851 -195.87569539 -195.77567899 -195.7425992  -195.73108835 -195.72838296 -195.7268481  -195.69699015 -195.68096467 -195.67549874 -195.47134496 -195.47088902 -195.46753022 -195.46090726 -195.45950778 -195.41188421 -195.41176798 -195.41176798 -195.39426399 -194.93123351 -194.9284086  -194.92652791 -194.92483584 -194.92053614 -194.91896678 -194.91807059 -194.74267172 -194.47263862] 
34:[-321.00449173 -321.00429075 -320.91786662 -320.90792757 -320.79258862 -320.79219327 -320.79049859 -320.7903342  -320.7897556  -320.78310441 -320.78279574 -320.76297936 -320.73655012 -320.71675602 -320.68570763 -320.66858968 -320.60943827 -320.60448594 -320.59418468 -320.57783857 -320.57712609 -320.57558816 -320.575511   -320.57519664 -320.57510802 -320.57374444 -320.33800401 -320.27540085 -320.27340006 -320.2726839 -320.21973682 -320.18039055 -320.14485277 -319.88882544 -319.56012283] 
RANKING VECTORS IDX
0:[30.  3.  1. 23.  8. 11.  6. 14. 10. 13. 15. 24. 16. 20. 21. 19.  0. 33. 12. 34.  7.  5. 28.  4. 29. 22.  2. 17. 25. 27.  9. 26. 32. 31. 18.] 
1:[14. 23.  8.  1. 11. 20. 32. 12. 30.  3.  6.  5. 33. 31. 24.  4.  0.  7. 34. 25. 26.  9. 17. 27. 22. 18.  2. 16. 19. 21. 13. 15. 10. 29. 28.] 
2:[ 2. 33. 32. 20.  6.  8. 14. 23. 28.  3. 30.  5.  1. 11. 34.  7. 12.  4. 18. 22.  0. 31. 24. 17. 27. 26.  9. 25. 10. 13. 15. 21. 16. 19. 29.] 
3:[ 1. 11. 30.  3. 20.  6. 28. 24. 32.  5. 10. 13. 19. 15. 21. 16. 33. 23. 14.  8. 22. 31.  0. 12.  2. 17. 27. 26.  9. 34.  7. 25. 29.  4. 18.] 
4:[ 4.  3. 18. 22. 30.  1. 11.  8. 14. 23. 17. 27. 26.  9. 25. 33. 24.  5. 28. 20. 32. 12.  6. 34.  7.  0. 31.  2. 21. 16. 19. 15. 13. 10. 29.] 
5:[ 5. 33. 28. 22.  6. 23. 20.  9. 26. 27. 25. 17.  4. 30. 32.  3. 18. 34.  7. 24. 11.  1. 31.  0.  2. 29.  8. 14. 12. 15. 21. 19. 10. 16. 13.] 
6:[ 6. 20. 30.  3. 33.  1. 11.  5. 32.  2.  7. 34. 22.  0. 14. 23. 10. 13. 21. 15.  4. 16. 19. 24. 25. 27. 26.  9. 17. 12. 31. 18. 29. 28.  8.] 
7:[ 7. 34. 33. 25. 17. 14. 27. 26.  9.  8. 23. 32. 24. 21. 13. 19. 15. 16. 10.  0. 20. 22. 12. 31.  4. 11.  1.  6.  5. 18.  2. 28. 30.  3. 29.] 
8:[12. 23. 28.  8. 14.  4. 29.  2. 19. 16. 10. 20. 30. 15. 31. 32.  5.  6.  3.  1. 33. 11.  0. 21. 13. 22. 34.  7. 24. 17. 27.  9. 26. 25. 18.] 
9:[23. 17. 14.  8. 27. 26.  9.  3. 25.  7. 34. 33. 24.  0. 22. 30. 12. 32. 21. 10. 19. 16. 13. 15.  4.  1. 11. 20. 18. 28.  6.  5.  2. 31. 29.] 
10:[21. 13. 10. 19. 16. 15. 24.  7. 34.  8. 23. 14. 22.  0. 32. 25. 28. 27. 17. 26.  9.  6.  2. 12. 30. 11.  1. 20.  3. 33.  5. 29.  4. 31. 18.] 
11:[ 8. 23. 14. 28. 20.  1.  6. 11. 30.  3.  0. 16. 15. 13. 10. 21. 24. 19. 12. 32. 33.  5.  4. 25. 27. 26.  9. 17.  2.  7. 34. 29. 22. 18. 31.] 
12:[ 4. 12. 23. 14.  8. 29.  2. 32. 28. 25. 27.  7. 34. 26.  9. 17.  0. 33.  6. 24. 22.  3. 30.  5. 13. 16. 19. 15. 21.  1. 11. 10. 20. 31. 18.] 
13:[10. 15. 16. 21. 13. 19. 20. 28. 23.  8. 14.  0. 24. 12. 11.  6.  5.  3. 30.  1. 29. 22. 33.  2. 34.  7. 32. 31. 17. 26.  9. 27. 25.  4. 18.] 
14:[28.  8. 14. 23.  4. 29.  2. 30. 33.  1. 11. 13. 19. 20. 10. 16. 15.  6. 21.  0.  5.  3. 12. 22. 32. 34.  7. 31. 24. 25. 27. 26.  9. 17. 18.] 
15:[10. 19. 16. 15. 21. 13.  0. 34.  7. 11.  3.  1. 28.  8. 23. 14. 20.  6. 12.  5.  2. 29. 22. 24. 30. 32. 27. 26.  9. 25. 17. 33. 31.  4. 18.] 
16:[21. 16. 15. 13. 19. 10. 22.  3. 24.  0.  7. 34. 32. 28. 20.  6. 23. 14.  8.  2. 33. 25. 17. 26. 27.  9. 12.  5. 30. 29. 11.  1. 31.  4. 18.] 
17:[ 8. 17. 14. 25. 27. 23. 26.  9. 34.  7. 24.  0. 22. 33. 16.  3. 19. 21. 10. 15. 13. 30.  4.  1. 11. 32. 12. 18.  5. 20. 31.  6.  2. 28. 29.] 
18:[14. 23.  8. 17. 27. 26.  9.  3. 25. 24.  1. 11.  4. 22. 18. 30. 33.  7. 34. 12. 32.  0.  5. 20. 31.  6. 28.  2. 13. 10. 15. 19. 21. 16. 29.] 
19:[16. 15. 21. 19. 13.  3. 10.  0. 14.  8. 23. 12. 28.  6. 11. 20.  5.  1. 30. 32. 22.  2. 31. 34. 29.  7. 33. 24. 27. 26.  9. 17. 25.  4. 18.] 
20:[ 6. 28. 30.  1. 11.  3. 32. 25. 20. 27. 26.  9. 31. 24. 16. 34. 17. 10.  0. 21.  7. 19. 15. 33. 22.  5. 29. 23. 14.  8.  2.  4. 13. 12. 18.] 
21:[16. 19. 21. 10. 15. 13. 23.  8. 14. 20. 28.  6.  7. 34. 24.  0.  3. 30.  1. 11.  5. 22. 33.  2.  4. 32. 17. 12. 27. 26.  9. 25. 29. 31. 18.] 
22:[22. 18.  4. 24. 27. 23. 17.  9. 26. 25.  5.  1. 11. 33. 30.  3. 32.  0.  7. 34.  6. 31. 20.  2. 16. 15. 10. 13. 21. 19. 12. 14. 29.  8. 28.] 
23:[14. 23.  8.  6. 30.  3. 12. 11.  1. 33. 28. 20. 29.  0.  5.  2. 24. 19. 21. 13. 16. 15. 10. 32. 22. 34.  7. 17. 27. 26.  9. 25. 31.  4. 18.] 
24:[24. 23. 17.  8. 14. 27. 26.  9. 25. 10. 16. 21. 13. 15. 19.  2. 34.  7.  0. 32.  6.  1. 11.  3. 29. 20. 12.  5. 28. 30. 22.  4. 18. 33. 31.] 
25:[ 2. 10. 16. 19. 15. 21. 13. 17. 27. 26.  9. 23. 25. 14.  3.  8.  7. 34. 24.  0. 22. 32. 12. 33. 30.  6. 28. 20. 31.  1. 11.  4. 18.  5. 29.] 
26:[13. 10. 21. 16. 15. 19. 23. 17. 27. 26.  9. 14. 25.  3.  8.  7. 34. 24.  0. 22. 12. 32. 33. 30.  4.  1. 11. 20. 31. 28.  6.  5. 18.  2. 29.] 
27:[14.  8. 17. 23. 27. 26.  9. 25.  3. 24.  7. 34.  0.  4. 11.  1. 30. 22. 32. 12. 13. 21. 10. 16. 19. 15. 18. 33.  5. 20. 31.  6.  2. 28. 29.] 
28:[20.  6. 28. 24.  3. 10. 13. 19. 15. 16. 21. 30.  8. 12. 14. 23. 32.  7.  0. 22. 11.  1. 33.  5.  2. 31. 29. 34. 25. 17. 27. 26.  9.  4. 18.] 
29:[29.  6. 20. 28. 30.  3. 33.  4.  1. 11.  2.  5. 23.  0.  8. 14. 12. 10. 21. 16. 13. 15. 19. 32. 34.  7. 18. 22. 24. 27. 26.  9. 17. 25. 31.] 
30:[28.  6. 30.  3. 20.  7. 34.  1. 11. 32.  5. 24. 10. 21. 13. 16. 23. 15. 14.  8. 19. 33. 12. 25. 17. 27. 26.  9.  0. 31. 22.  4.  2. 29. 18.] 
31:[31. 33. 20. 22. 18.  4.  6. 11.  1.  5. 30.  3. 32. 23. 14. 27. 26.  9. 25. 17. 24. 28.  2.  0. 34.  7.  8. 29. 12. 13. 15. 19. 21. 10. 16.] 
32:[ 0.  7. 34. 16. 13. 21. 15. 19. 10. 32. 24. 25. 23. 17. 27. 26.  9. 22. 33. 28.  6. 30.  2.  3. 20.  1. 11. 12.  5.  4. 29. 14.  8. 18. 31.] 
33:[12. 32. 33. 28. 30. 31.  6.  4.  3. 22. 18. 24.  1. 11.  0. 20.  5. 34.  7. 17. 23. 14. 27. 26.  9. 25. 16. 13. 15.  2. 21. 19. 10. 29.  8.] 
34:[ 7. 34. 32. 12. 19. 13. 15. 16. 21. 10. 20. 33. 22.  3. 24.  6.  0. 25. 31. 14. 23. 27. 17. 26.  9.  8. 30. 11.  1.  4.  2.  5. 28. 18. 29.] 
POSCARS
EA123   2.535  2.527  3.977 89.99 90.07 119.86 Sym.group:  187
1.0
   2.5352350000000001   -0.0039460000000000    0.0074930000000000
  -1.2548630000000001    2.1937220000000002   -0.0008400000000000
  -0.0165430000000000   -0.0073010000000000    3.9769760000000001
Na Li
1 1
direct
   0.6553780000000000    0.8328730000000000    0.9985810000000001 Na
   0.3173680000000000    0.1660210000000000    0.4986180000000000 Li
EA272   2.821  2.821  5.546 89.92 90.16 119.84 Sym.group:  164
1.0
   2.8214020000000000    0.0030940000000000    0.0052530000000000
  -1.4062340000000000    2.4455480000000001    0.0005210000000000
  -0.0261630000000000   -0.0068980000000000    5.5460919999999998
F Mg
2 2
direct
   0.3251680000000000    0.6632720000000000    0.6423250000000000 F
   0.6577290000000000    0.3290550000000000    0.3590160000000000 F
   0.3229400000000000    0.6630130000000000    0.1933900000000000 Mg
   0.6598600000000000    0.3292440000000000    0.8079980000000000 Mg
EA16    2.634  2.632  5.796 77.11 89.87 119.64 Sym.group:  166
1.0
   2.5643349999999998   -0.5950740000000000    0.0862310000000000
  -0.7559740000000000    2.5187360000000001    0.1038400000000000
   0.0878040000000000    1.1436679999999999    5.6817510000000002
Al O
2 2
direct
   0.8713770000000000    0.2547800000000000    0.2520090000000000 Al
   0.3712730000000000    0.2545730000000000    0.7520200000000000 Al
   0.9803200000000000    0.4741660000000000    0.9259300000000000 O
   0.7625100000000000    0.0352760000000000    0.5780880000000000 O
EA114   2.436  2.439  5.169 77.55 76.80 60.13 Sym.group:  160
1.0
   2.4355069999999999    0.0326110000000000    0.0116820000000000
   1.1858379999999999    2.1292949999999999    0.0868090000000000
   1.1506099999999999    0.4304810000000000    5.0213619999999999
C Li
2 2
direct
   0.5081329999999999    0.2797530000000000    0.7069520000000000 C
   0.1531480000000000    0.9274030000000000    0.7711570000000000 C
   0.3870170000000000    0.1686560000000000    0.0696140000000000 Li
   0.9309630000000000    0.7045960000000000    0.4353600000000000 Li
EA9     2.558  2.558  4.154 90.00 90.00 120.00 Sym.group:  186
1.0
   1.2797879999999999   -2.2145630000000001    0.0001290000000000
   1.2780560000000001    2.2155209999999999   -0.0019060000000000
   0.0026940000000000    0.0021730000000000    4.1543720000000004
O Be
2 2
direct
   0.3187550000000000    0.6586500000000000    0.1303500000000000 O
   0.6521370000000000    0.3252110000000000    0.6303460000000000 O
   0.6520600000000000    0.3252690000000000    0.0078250000000000 Be
   0.3187180000000000    0.6585320000000000    0.5077120000000001 Be
EA197   2.847  2.845  5.780 75.79 75.77 60.12 Sym.group:  166
1.0
   2.8470230000000001    0.0280920000000000    0.0087170000000000
   1.3929590000000001    2.4807440000000001    0.0406380000000000
   1.3965620000000001    0.7523430000000000    5.5580829999999999
B S
2 2
direct
   0.9827570000000000    0.6458840000000000    0.2853540000000000 B
   0.0785050000000000    0.7424670000000000    0.9946940000000000 B
   0.7925930000000000    0.4566900000000000    0.8509330000000001 S
   0.2686690000000000    0.9316610000000000    0.4291140000000000 S
EA275   2.813  2.813  6.299 89.87 102.79 60.12 Sym.group:  166
1.0
   1.4122960000000000    2.4327350000000001    0.0061990000000000
  -1.4056450000000000    2.4363750000000000    0.0073130000000000
  -1.4058700000000000   -0.8123250000000000    6.0864279999999997
Be Cl
2 2
direct
   0.0196630000000000    0.5948790000000000    0.4055390000000000 Be
   0.5253679999999999    0.8440730000000000    0.6624949999999999 Be
   0.9806180000000000    0.1164900000000000    0.8455670000000000 Cl
   0.5644380000000000    0.3224570000000000    0.2224670000000000 Cl
EA111   3.064  3.065  4.052 89.99 90.03 60.00 Sym.group:  187
1.0
   3.0644469999999999    0.0054710000000000    0.0071540000000000
   1.5274850000000000    2.6566920000000001   -0.0020150000000000
  -0.0114100000000000    0.0102490000000000    4.0519959999999999
N Mg
2 2
direct
   0.9948500000000000    0.0043460000000000    0.8350550000000000 N
   0.9939829999999999    0.0049470000000000    0.3959230000000000 N
   0.3279030000000000    0.3378790000000000    0.1154070000000000 Mg
   0.6611650000000000    0.6712720000000000    0.6155530000000000 Mg
EA125   3.047  3.111  3.202 89.76 90.52 90.00 Sym.group:  129
1.0
   3.0467860000000000   -0.0000550000000000    0.0033390000000000
  -0.0000940000000000    3.1108709999999999   -0.0101860000000000
  -0.0328360000000000    0.0237280000000000    3.2015600000000002
H P
2 2
direct
   0.2426430000000000    0.7489150000000000    0.5106240000000000 H
   0.7460620000000000    0.2478020000000000    0.4908810000000000 H
   0.2442380000000000    0.7486159999999999    0.9688870000000001 P
   0.7444740000000000    0.2483850000000000    0.0326210000000000 P
EA96    3.064  3.065  3.065 60.02 60.02 60.02 Sym.group:  225
1.0
   1.5412220000000001   -2.6484809999999999    0.0005390000000000
   3.0644819999999999    0.0113070000000000    0.0178740000000000
   1.5201570000000000   -0.8868710000000000    2.5093260000000002
Cl Li
1 1
direct
   0.2629950000000000    0.8232710000000000    0.1687850000000000 Cl
   0.7628950000000000    0.3232900000000000    0.6687460000000000 Li
EA54    2.761  3.165  2.761 90.01 90.06 90.05 Sym.group:  123
1.0
   2.7611260000000000   -0.0058660000000000    0.0104370000000000
   0.0041570000000000    3.1652330000000002   -0.0010700000000000
  -0.0132800000000000    0.0004560000000000    2.7611740000000000
Mg P
1 1
direct
   0.4719270000000000    0.5237270000000001    0.5175190000000000 Mg
   0.9723230000000000    0.0236670000000000    0.0171820000000000 P
EA88    2.997  2.995  6.979 90.01 90.09 119.93 Sym.group:  164
1.0
   2.9968309999999998   -0.0235090000000000    0.0037260000000000
  -1.4738770000000001    2.6074269999999999    0.0030110000000000
  -0.0203500000000000   -0.0214480000000000    6.9790400000000004
Cl Mg
2 2
direct
   0.0072470000000000    0.9945030000000000    0.0901720000000000 Cl
   0.3412810000000000    0.6617450000000000    0.7858309999999999 Cl
   0.3416280000000000    0.6614900000000000    0.2944480000000000 Mg
   0.0067290000000000    0.9948920000000000    0.5815460000000000 Mg
EA205   2.306  7.972  2.308 81.82 89.62 98.27 Sym.group:  139
1.0
   2.3061609999999999   -0.0346520000000000   -0.0060650000000000
  -1.0270500000000000    7.5629739999999996    2.3034640000000000
   0.0161510000000000   -0.3465170000000000    2.2814480000000001
Cl O
2 2
direct
   0.5634230000000000    0.1035520000000000    0.6642510000000000 Cl
   0.9118120000000000    0.7966740000000000    0.3194190000000000 Cl
   0.1997520000000000    0.3735880000000000    0.0297060000000000 O
   0.2769270000000000    0.5266230000000000    0.9541190000000001 O
EA51    4.796  2.354  4.879 90.01 119.41 90.00 Sym.group:  123
1.0
   4.7943530000000001    0.0034510000000000   -0.1058000000000000
  -0.0016520000000000    2.3544399999999999   -0.0011250000000000
  -2.3010370000000000   -0.0006120000000000    4.3019639999999999
Na Si
2 2
direct
   0.7457680000000000    0.7559950000000000    0.7465190000000000 Na
   0.2459260000000000    0.7541940000000000    0.7466760000000000 Na
   0.2460550000000000    0.2547740000000000    0.2466200000000000 Si
   0.7464430000000000    0.2548220000000000    0.2467900000000000 Si
EA351   3.101  4.005  3.168 89.75 90.00 89.84 Sym.group:  129
1.0
   3.1013400000000000   -0.0014890000000000    0.0003730000000000
   0.0128550000000000    4.0047420000000002   -0.0016520000000000
  -0.0004820000000000    0.0152050000000000    3.1680720000000000
F P
2 2
direct
   0.7378749999999999    0.9171750000000000    0.2530480000000000 F
   0.2378290000000000    0.0927400000000000    0.7519990000000000 F
   0.7508330000000000    0.5162980000000000    0.2485800000000000 P
   0.2511700000000000    0.4936080000000000    0.7513919999999999 P
EA56    2.543  4.045  2.494 90.00 89.96 90.00 Sym.group:  123
1.0
   2.5430709999999999    0.0003640000000000   -0.0105260000000000
  -0.0005950000000000    4.0454439999999998   -0.0003850000000000
   0.0122430000000000    0.0002370000000000    2.4935969999999998
Al Mg
1 1
direct
   0.0410140000000000    0.6772810000000000    0.1313260000000000 Al
   0.5412470000000000    0.1772920000000000    0.6312200000000000 Mg
EA120   2.598  2.598  7.015 89.99 90.00 90.12 Sym.group:  123
1.0
   2.5977730000000001    0.0045990000000000    0.0007530000000000
  -0.0099900000000000    2.5976319999999999   -0.0048070000000000
  -0.0022590000000000    0.0136650000000000    7.0149210000000002
Na S
2 2
direct
   0.2562920000000000    0.7504700000000000    0.2723070000000000 Na
   0.2587670000000000    0.7522600000000000    0.7722890000000000 Na
   0.7580800000000000    0.2533620000000000    0.0222570000000000 S
   0.7573110000000000    0.2499810000000000    0.5222440000000000 S
EA5     2.359  2.360  4.082 106.80 90.01 60.03 Sym.group:  225
1.0
   1.1935640000000001   -2.0350649999999999   -0.0041010000000000
   2.3600629999999998    0.0172160000000000    0.0214400000000000
  -1.2097329999999999   -0.7161810000000000    3.8327450000000001
H Li
2 2
direct
   0.6184950000000000    0.7575160000000000    0.3815790000000000 H
   0.1190320000000000    0.7566050000000000    0.8816970000000000 H
   0.8690400000000000    0.2571020000000000    0.6313450000000000 Li
   0.3686920000000000    0.2571480000000000    0.1312920000000000 Li
EA56    2.928  2.929  2.928 90.03 60.02 60.01 Sym.group:  216
1.0
   0.0455560000000000    1.6759340000000000    2.4007429999999998
  -1.4371959999999999    2.5516440000000000    0.0313810000000000
  -1.4453450000000001   -0.8452490000000000    2.4025780000000001
Al N
1 1
direct
   0.6233730000000000    0.5289710000000000    0.0214460000000000 Al
   0.1234450000000000    0.2789120000000000    0.2714300000000000 N
EA33    4.692  2.282  3.531 90.01 90.04 90.00 Sym.group:  123
1.0
   4.6914879999999997    0.0012920000000000   -0.0139000000000000
  -0.0006550000000000    2.2824710000000001   -0.0032430000000000
   0.0082610000000000    0.0045600000000000    3.5308790000000001
Li Si
2 2
direct
   0.2887400000000000    0.7046690000000000    0.8414420000000000 Li
   0.7887400000000000    0.7044020000000000    0.8414890000000000 Li
   0.5387830000000000    0.2046500000000000    0.3414680000000000 Si
   0.0387830000000000    0.2044340000000000    0.3414640000000000 Si
EA237   3.077  3.077  6.387 103.80 103.81 60.08 Sym.group:  166
1.0
   1.5414200000000000    2.6636389999999999    0.0010510000000000
  -1.5398769999999999    2.6643400000000002   -0.0072570000000000
  -0.0179460000000000   -1.7529170000000001    6.1412370000000003
S Si
2 2
direct
   0.8843330000000000    0.1459110000000000    0.9263890000000000 S
   0.1010140000000000    0.3622070000000000    0.5762550000000000 S
   0.7013260000000000    0.9626040000000000    0.3776210000000000 Si
   0.2840180000000000    0.5455179999999999    0.1250220000000000 Si
EA7     3.625  3.625  3.332 90.00 90.00 90.00 Sym.group:  123
1.0
   3.6252330000000001   -0.0011210000000000    0.0003220000000000
   0.0011950000000000    3.6252190000000000    0.0016460000000000
  -0.0002880000000000   -0.0015150000000000    3.3316040000000000
Mg Li
2 2
direct
   0.6201150000000000    0.6232880000000000    0.6368300000000000 Mg
   0.1202830000000000    0.1232430000000000    0.6365030000000000 Mg
   0.1199110000000000    0.6231380000000000    0.1366970000000000 Li
   0.6202810000000000    0.1232470000000000    0.1366900000000000 Li
EA231   4.336  3.143  3.143 90.00 89.99 90.00 Sym.group:  119
1.0
   4.3364339999999997    0.0001780000000000   -0.0005190000000000
  -0.0000800000000000    3.1427200000000002    0.0032470000000000
   0.0009940000000000   -0.0031540000000000    3.1431719999999999
Be S
2 2
direct
   0.1191090000000000    0.0092710000000000    0.2522740000000000 Be
   0.6191480000000000    0.5094050000000000    0.7523470000000000 Be
   0.3691760000000000    0.5092680000000001    0.2524190000000000 S
   0.8691770000000000    0.0093890000000000    0.7523570000000001 S
EA123   5.647  3.102  3.101 90.00 90.03 90.01 Sym.group:  129
1.0
   5.6474359999999999   -0.0058580000000000    0.0235360000000000
   0.0028310000000000    3.1019470000000000   -0.0016190000000000
  -0.0143380000000000    0.0016730000000000    3.1010089999999999
Cl P
2 2
direct
   0.0491200000000000    0.8893030000000000    0.6548640000000000 Cl
   0.3445530000000000    0.3894800000000000    0.1569170000000000 Cl
   0.6991170000000000    0.8893890000000000    0.6615680000000000 P
   0.6945690000000000    0.3892620000000000    0.1612970000000000 P
EA40    3.302  3.304  5.255 90.00 90.00 119.97 Sym.group:  194
1.0
   3.3019690000000002    0.0002330000000000   -0.0010690000000000
  -1.6505240000000001    2.8620000000000001   -0.0003000000000000
   0.0014970000000000    0.0013480000000000    5.2548159999999999
Al P
2 2
direct
   0.9987549999999999    0.0054590000000000    0.9985550000000000 Al
   0.9988020000000000    0.0054790000000000    0.4985540000000000 Al
   0.6655219999999999    0.3390830000000000    0.7485600000000000 P
   0.3320310000000000    0.6718530000000000    0.2485520000000000 P
EA11    3.320  3.330  3.323 60.43 119.70 119.61 Sym.group:  225
1.0
   3.3203900000000002    0.0230500000000000   -0.0013930000000000
  -1.6563500000000000    1.6711760000000000    2.3568050000000000
  -1.6336679999999999   -1.6770050000000001    2.3577640000000000
Cl Na
1 1
direct
   0.4963550000000000    0.5034310000000000    0.4894050000000000 Cl
   0.9965030000000000    0.0034120000000000    0.9897200000000000 Na
EA1     2.891  2.880  4.081 89.57 90.09 90.00 Sym.group:  225
1.0
   2.8911319999999998   -0.0003270000000000    0.0019110000000000
   0.0002030000000000    2.8802469999999998   -0.0082450000000000
  -0.0088840000000000    0.0424570000000000    4.0804640000000001
F Na
2 2
direct
   0.3711040000000000    0.8696680000000000    0.9639440000000000 F
   0.8750260000000000    0.3707220000000000    0.4635940000000000 F
   0.8712290000000000    0.3703310000000000    0.9633980000000000 Na
   0.3753950000000000    0.8713330000000000    0.4642500000000000 Na
EA23    2.797  2.797  2.797 60.00 120.00 90.00 Sym.group:  225
1.0
   2.7970839999999999   -0.0019080000000000   -0.0005040000000000
   0.0019740000000000    2.7972070000000002    0.0004340000000000
  -1.3971169999999999    1.3991499999999999    1.9785990000000000
O Mg
1 1
direct
   0.6095090000000000    0.4019480000000000    0.1968680000000000 O
   0.1094800000000000    0.9018730000000000    0.1968580000000000 Mg
EA7     2.948  2.944  3.616 89.99 66.16 60.06 Sym.group:  166
1.0
   1.4841850000000001    2.5475240000000001    0.0100190000000000
  -1.4640850000000001    2.5535790000000000   -0.0250440000000000
   1.4244509999999999    0.8490500000000000    3.2129509999999999
B Li
2 2
direct
   0.8114250000000000    0.0247860000000000    0.4788280000000000 B
   0.4544910000000000    0.7026990000000000    0.5085790000000000 B
   0.3658470000000000    0.2473590000000000    0.1431600000000000 Li
   0.9000990000000000    0.4801040000000000    0.8442120000000000 Li
EA38    2.493  4.344  3.535 90.06 90.01 89.98 Sym.group:  191
1.0
   2.4929779999999999    0.0120400000000000    0.0011120000000000
  -0.0193490000000000    4.3433999999999999    0.0228970000000000
  -0.0021150000000000   -0.0226460000000000    3.5351050000000002
Al F
2 2
direct
   0.1352800000000000    0.3769140000000000    0.3730740000000000 Al
   0.6352830000000000    0.8769150000000000    0.3735150000000000 Al
   0.6350260000000000    0.8773110000000000    0.8734630000000000 F
   0.1346930000000000    0.3773080000000000    0.8731260000000000 F
EA162   2.786  5.246  2.786 89.97 60.01 89.97 Sym.group:  156
1.0
   2.7858489999999998    0.0005360000000000    0.0050360000000000
   0.0016580000000000    5.2455730000000003    0.0213140000000000
   1.3884850000000000   -0.0086630000000000    2.4157860000000002
Al B
2 2
direct
   0.6532000000000000    0.0453550000000000    0.6908510000000000 Al
   0.9858230000000000    0.4236990000000000    0.0255270000000000 Al
   0.9867130000000000    0.7988150000000001    0.0247820000000000 B
   0.3200040000000000    0.7423149999999999    0.3582820000000000 B
EA1     3.706  2.687  2.687 89.98 68.77 111.23 Sym.group:  139
1.0
   3.7063630000000001   -0.0127100000000000    0.0119180000000000
  -0.9640260000000000    2.5075820000000002   -0.0154630000000000
   0.9661270000000000    0.3877260000000000    2.4767039999999998
C B
2 2
direct
   0.2250170000000000    0.1202560000000000    0.8870150000000000 C
   0.7720690000000000    0.8942380000000000    0.1136900000000000 C
   0.4985170000000000    0.2574860000000000    0.2503560000000000 B
   0.4985700000000000    0.7570080000000000    0.7503500000000000 B
EA273   3.267  5.262  3.275 72.09 89.92 72.14 Sym.group:  139
1.0
   3.2572770000000002   -0.2366790000000000   -0.0918090000000000
   1.9823670000000000    3.8341449999999999    3.0104280000000001
   0.0149660000000000   -1.0586789999999999    3.0996350000000001
Al S
2 2
direct
   0.8955780000000000    0.9574260000000000    0.0383110000000000 Al
   0.6404490000000000    0.4558070000000000    0.7833750000000000 Al
   0.1248000000000000    0.4889460000000000    0.2676990000000000 S
   0.4112270000000000    0.9242870000000000    0.5539870000000000 S
EA255   2.808  7.269  2.809 89.99 119.98 90.01 Sym.group:  156
1.0
   1.4083650000000001   -0.0007640000000000    2.4297300000000002
   0.0079270000000000    7.2686140000000004   -0.0038130000000000
  -2.8088030000000002    0.0037370000000000    0.0056440000000000
N Si
3 3
direct
   0.5507530000000000    0.1724370000000000    0.9972450000000000 N
   0.8840190000000000    0.9074050000000000    0.6634409999999999 N
   0.8834540000000000    0.4380670000000000    0.6644550000000000 N
   0.8841000000000000    0.1756560000000000    0.6637750000000000 Si
   0.2167830000000000    0.5436650000000000    0.3309670000000000 Si
   0.5505630000000000    0.8060200000000000    0.9970550000000000 Si
EA5     2.791  2.792  3.569 89.82 89.86 60.04 Sym.group:  187
1.0
   1.4297830000000000    2.3968550000000000   -0.0448400000000000
  -1.3630290000000000    2.4357240000000000   -0.0493280000000000
  -0.0070970000000000    0.0812810000000000    3.5685330000000000
O Li
2 2
direct
   0.3330630000000000    0.0810250000000000    0.5309900000000000 O
   0.3322780000000000    0.0798410000000000    0.9545490000000000 O
   0.9994960000000001    0.7465440000000000    0.7427790000000000 Li
   0.6655300000000000    0.4143290000000000    0.2427620000000000 Li
