NUMBER OF TEMPLATES 25
COMPOSITION A 1 B
pairs , SPACEGROUPS 
[Cl Li] , 225 
[Mg N] , 187 
[B P] , 216 
[F Mg] , 164 
[Cl O] , 139 
[Li Na] , 194 
[Li Si] , 123 
[H Na] , 225 
[H P] , 129 
[B N] , 186 
[Be F] , 166 
[C H] , 164 
[P Si] , 225 
[Li O] , 187 
[Al Na] , 141 
[Li Mg] , 123 
[Al S] , 139 
[Al Si] , 123 
[Al F] , 191 
[C H] , 166 
[Be S] , 119 
[C S] , 164 
[B Li] , 166 
[Al O] , 166 
[Mg O] , 225 
RANKING VECTORS ENTHALPIES
0:[-318.96936772 -318.96871684 -318.96866486 -318.96865453 -318.96859741 -318.95805442 -318.95764585 -318.95665884 -318.64215554 -318.56437303 -318.56049883 -318.54459722 -318.54439099 -318.54435951 -318.46501874 -318.46498656 -318.42539174 -318.35405257 -318.35396373 -318.28277214 -318.28188645 -318.10928282 -317.98509565 -317.16401719 -316.77390102] 
1:[-946.26043046 -946.25378227 -946.23359922 -946.00371766 -946.00282769 -946.00224191 -946.00217298 -946.00183931 -945.99412122 -945.91236529 -945.91079211 -945.90864705 -945.73385722 -945.65090386 -945.48223467 -945.48095567 -945.30257646 -944.98414465 -944.86976907 -944.859071 -944.55521549 -944.05205103 -944.05114337 -944.04993884 -943.60482652] 
2:[-131.32871241 -131.3191282  -131.31255775 -130.73328799 -130.70818451 -130.70568253 -130.70567774 -130.7022033  -130.70146907 -130.67705375 -130.67695926 -130.67586412 -130.67242775 -130.60692222 -130.58140219 -130.5270642  -130.44552954 -130.25317377 -130.24235816 -130.21470007 -130.14954169 -130.03550208 -130.02065135 -130.01971795 -130.01218609] 
3:[-1140.88078794 -1140.74799411 -1140.72714384 -1140.72133631 -1140.68097048 -1140.21352376 -1140.16362641 -1140.16076149 -1140.15814528 -1140.12195497 -1140.10476538 -1140.10128343 -1140.1003466  -1140.07001478 -1140.05785609 -1140.02842914 -1139.83280349 -1139.83261514 -1139.82606538 -1139.8232711 -1139.72689476 -1139.48763103 -1138.97141415 -1138.97005644 -1138.96857511] 
4:[-442.67321871 -442.64552846 -442.55377575 -442.42397914 -442.423397 -442.42077122 -442.38669334 -442.28153524 -442.01495901 -442.00674641 -441.97253316 -441.97019636 -441.9698849  -441.96833847 -441.96802136 -441.96723863 -441.96409371 -441.9340739  -441.8550381  -441.76000078 -441.75883029 -441.75804551 -441.75396924 -441.70869734 -440.90652749] 
5:[-714.89471654 -714.89104481 -714.89024726 -714.8870512  -714.87974199 -714.87634595 -714.87410817 -714.87321123 -714.87287087 -714.86510441 -714.86019018 -714.85962339 -714.84402353 -714.82454406 -714.82273264 -714.82074941 -714.7918539  -714.77449631 -714.77169443 -714.74151977 -714.73970108 -714.73969709 -714.73967956 -714.72607114 -714.27325177] 
6:[-152.25903308 -152.25348919 -152.24322418 -152.06178694 -152.01883332 -151.9970547  -151.98055965 -151.93997471 -151.88286559 -151.65991133 -151.65775121 -151.65518206 -151.53795752 -151.50963107 -151.44615478 -151.44308884 -151.39443197 -151.39403853 -151.37933004 -151.15998135 -151.15989589 -151.15989342 -151.15986313 -150.59918409 -149.70147762] 
7:[-626.95895239 -626.9579108  -626.95552505 -626.90020272 -626.89968904 -626.89938735 -626.89926597 -626.897459   -626.85300281 -626.85016143 -626.84214916 -626.73375392 -626.66427498 -626.66410168 -626.49993952 -626.4993921  -626.4992757  -626.4981476  -626.47846771 -626.43180418 -626.43080986 -626.41948004 -626.33228198 -626.23165691 -625.65837619] 
8:[-99.34360644 -99.19412888 -99.19272625 -99.1824063  -99.1236677 -99.06965173 -99.0501186  -99.03623934 -99.01565325 -98.99903983 -98.99686508 -98.97643219 -98.93778684 -98.88666847 -98.88606809 -98.84676805 -98.8147509  -98.78718164 -98.78654513 -98.78529316 -98.71598762 -98.71598762 -98.71598426 -98.70442781 -98.53759161] 
9:[-180.52731906 -180.52546917 -180.50580575 -180.09384769 -180.00248707 -179.99776052 -178.92488791 -178.92487217 -178.92472253 -178.92392455 -178.83417799 -178.72382083 -178.59336397 -178.57927287 -178.49008627 -178.06389207 -178.05780803 -178.05633114 -177.83709374 -177.79386708 -177.57604486 -177.25253863 -176.75553564 -176.75135356 -176.74583096] 
10:[-523.50720415 -523.49671869 -523.46000012 -523.29354578 -523.09937745 -523.00441868 -522.92240423 -522.91366499 -522.60902972 -522.60847046 -522.60099078 -522.58377538 -522.57281243 -522.4106711  -522.32280766 -522.16301988 -522.15806448 -521.95389832 -521.87094003 -521.86843564 -521.86843477 -521.86842376 -521.76397008 -521.76378242 -521.76360538] 
11:[-88.37504288 -88.37362139 -88.37308147 -88.36231441 -88.35745056 -87.48268848 -86.98828392 -86.88421409 -86.66856525 -86.63551958 -86.5847281  -86.46249673 -86.3166952  -86.28404492 -86.19247183 -86.16203644 -85.88137277 -85.8673706  -85.83177494 -85.79680727 -85.71809612 -85.67775459 -85.67749902 -85.6760759  -85.67576637] 
12:[-147.5767674  -147.57664081 -147.57663354 -147.57657138 -147.53187419 -147.5272872  -147.52707095 -147.52140209 -147.49888369 -147.44643762 -147.44199479 -147.43488252 -147.41916058 -147.37653416 -147.33709845 -147.32585807 -147.32427687 -147.32376939 -147.32336808 -147.25516619 -147.25383914 -147.12725894 -146.80289086 -146.68160989 -146.63160362] 
13:[-321.00449173 -321.00429075 -320.91786662 -320.90792757 -320.79258862 -320.79086852 -320.7897556  -320.73655012 -320.67088195 -320.67072023 -320.60896242 -320.57566427 -320.57559531 -320.57558816 -320.57510802 -320.57374444 -320.27602613 -320.27340006 -320.27336064 -320.27270322 -320.21973682 -320.1952179  -320.14485277 -319.88884686 -319.56012283] 
14:[-648.25956144 -648.25883285 -648.25142361 -648.14040044 -648.10531982 -648.05493474 -648.05233361 -648.04728747 -648.0199387  -648.01826235 -647.99986434 -647.95637308 -647.94864178 -647.93813314 -647.86487753 -647.81501371 -647.49194248 -647.17397665 -647.05235333 -647.04518242 -646.86437096 -646.86413707 -646.86405858 -646.86402171 -645.31609007] 
15:[-901.54918838 -901.54233213 -901.54131758 -901.4715911  -901.38343007 -901.38339087 -901.3736624  -901.35779198 -901.35706695 -901.35604312 -901.34365652 -901.31455239 -901.29582462 -901.2114962  -901.1922721 -901.18276082 -901.17009443 -901.16003977 -901.15984651 -901.1598401 -901.15971749 -901.13475909 -901.13033788 -901.06892919 -899.86143847] 
16:[-177.84594982 -177.844278   -177.84047062 -177.79190283 -177.78357692 -177.78298735 -177.77796655 -177.69430794 -177.69391855 -177.69388981 -177.69376296 -177.51148756 -177.50192582 -177.49534296 -177.42200132 -177.37460806 -177.35760799 -177.17830631 -177.15294321 -177.14853331 -177.10078049 -177.02228872 -176.97087423 -176.83470784 -176.71039455] 
17:[-84.87266455 -84.85888928 -84.85798501 -84.85117088 -84.82803034 -84.81715462 -84.77946561 -84.76414242 -84.67459595 -84.67383495 -84.60149574 -84.56314966 -84.55788738 -84.55593942 -84.5434905 -84.38197413 -84.37836579 -84.27053047 -84.26438753 -84.22117303 -84.16077056 -84.16045145 -84.16041942 -84.16029464 -82.80233134] 
18:[-364.23802846 -364.17732336 -364.16027445 -364.0511922  -364.04162296 -364.0158293  -363.84265485 -363.80252728 -363.60089752 -363.59423454 -363.59386696 -363.56196218 -363.19475506 -363.17407963 -363.17284883 -363.17150277 -363.11826019 -362.85573918 -362.85189268 -362.80478903 -362.80199396 -362.64266407 -362.64261114 -362.62659057 -362.61990009] 
19:[-88.37504288 -88.37362139 -88.37308147 -88.36231441 -88.35745056 -87.48268848 -86.98828392 -86.88421409 -86.66856525 -86.63551958 -86.5847281  -86.46249673 -86.3166952  -86.28404492 -86.19247183 -86.16203644 -85.88137277 -85.8673706  -85.83177494 -85.79680727 -85.71809612 -85.67775459 -85.67749902 -85.6760759  -85.67576637] 
20:[-337.14667518 -337.14530342 -337.13776611 -337.0828677  -337.06489338 -337.06396473 -337.06341099 -337.05883851 -337.02482945 -336.6678231 -336.58819483 -336.58539443 -336.57523189 -336.57174624 -336.25671849 -336.22075916 -336.2003373  -336.1975026  -336.0910905  -336.07116071 -336.06018433 -335.91715491 -335.83906444 -335.83405085 -335.81280788] 
21:[-228.34396192 -228.33538186 -227.57870038 -227.39104874 -227.3781654 -227.36584711 -227.36584711 -227.36575694 -227.36114822 -227.34804649 -227.22116091 -227.1996441  -227.0214247  -227.01801133 -226.99767258 -226.97471408 -226.88391003 -226.75623358 -226.69639758 -226.58197211 -226.52490684 -226.28346307 -226.27782741 -226.27752981 -226.1149247 ] 
22:[-135.92321726 -135.86477316 -135.8643729  -135.85970841 -135.32324968 -135.3122939  -135.31063835 -135.22825634 -135.21408368 -135.13478941 -135.09881231 -135.08267845 -135.03529021 -134.92328817 -134.92179638 -134.91987316 -134.77905893 -134.50067416 -133.94134114 -133.87603264 -133.87596793 -133.8759611  -133.87591989 -132.6861635  -132.60620093] 
23:[-254.87313889 -254.62626843 -254.37645078 -254.37412279 -254.37136384 -254.28389728 -254.17844264 -254.17438311 -253.99411743 -253.92403302 -253.8875681  -253.87746401 -253.87489188 -253.46222984 -253.46218989 -253.46165472 -253.46124071 -253.10257892 -253.09992375 -253.09749419 -252.9152524  -252.91048952 -251.66854346 -251.66584191 -251.66505489] 
24:[-1031.63822166 -1031.63800215 -1031.63721418 -1031.63669936 -1031.63623523 -1031.32923161 -1031.3263837  -1031.32042131 -1031.17202812 -1031.17174856 -1031.17168708 -1031.11715609 -1030.99699173 -1030.99544248 -1030.96549213 -1030.96382934 -1030.9637858  -1030.89388431 -1030.60923374 -1030.15945716 -1030.15570297 -1029.80216049 -1028.54068095 -1028.43087432 -1027.19551693] 
RANKING VECTORS IDX
0:[ 8. 12.  7. 24.  0.  1.  5. 13. 20.  4. 16. 15. 17.  6.  3. 11. 19.  2.  9. 22. 10. 23. 14. 18. 21.] 
1:[ 5.  1. 13. 12.  7. 24.  0.  8. 16. 15.  6. 17. 20.  4.  9.  3. 10.  2. 23. 14. 22. 19. 11. 21. 18.] 
2:[20.  9.  2.  3. 16.  0. 12.  7. 24. 13.  1.  5. 10. 19. 11. 21. 18.  8. 23.  4. 22. 14.  6. 15. 17.] 
3:[ 8.  3. 16.  4. 10.  9.  1.  5. 13.  0. 12.  7. 24. 20.  2. 23.  6. 15. 17. 18. 14. 22. 11. 19. 21.] 
4:[ 9.  4.  8. 11. 21. 19. 18. 23. 16. 22. 12.  7. 24.  1. 13.  0.  5. 10. 20.  6. 15.  3. 17. 14.  2.] 
5:[ 3.  8. 19. 11. 10.  5. 17. 15.  6.  4. 13.  1. 21. 14. 22.  9. 18. 20. 23. 12.  7. 24.  0. 16.  2.] 
6:[17. 15.  6.  5.  8. 14.  4. 22. 10.  3. 11. 19. 16. 20. 23. 21. 13. 18.  1. 12.  7. 24.  0.  9.  2.] 
7:[15.  6. 17. 12.  7.  0. 24.  8.  5.  1. 13. 20.  4. 16.  9. 11.  3. 21. 14. 19. 22. 10.  2. 23. 18.] 
8:[ 4. 19. 22.  8. 21.  9. 10. 18. 23.  6. 17. 16. 14.  3. 11. 15. 20. 13.  5.  1.  7. 24.  0. 12.  2.] 
9:[20.  2.  9.  3. 10. 22.  7. 24.  0. 12. 23.  8.  4. 16. 14.  5. 13.  1. 19. 11. 18. 21.  6. 17. 15.] 
10:[22. 10.  3. 23. 16.  4. 13.  1. 11. 21. 19.  9. 18.  8.  5.  2. 20. 14. 12.  7. 24.  0. 17.  6. 15.] 
11:[11. 21.  3. 19. 10.  8. 22. 16.  4. 18.  9. 14.  6. 17. 15. 23. 13.  1. 20.  5.  2.  0. 12.  7. 24.] 
12:[12.  7. 24.  0.  1. 13. 20. 18. 16. 15. 17. 23. 10. 14.  8.  3. 19. 22. 21.  5.  6.  4.  9. 11.  2.] 
13:[ 1. 13. 16.  4.  6. 17. 15. 20. 10. 19.  5. 12.  7. 24.  0.  8. 21.  3. 11.  9. 23. 14. 22.  2. 18.] 
14:[19. 22. 14. 10.  3.  8.  5.  4. 17. 15.  6. 11. 21.  9. 23. 18. 20. 16.  1. 13. 12. 24.  7.  0.  2.] 
15:[17.  6. 15.  8. 22. 14. 19.  5.  1. 13. 10.  3. 20. 23.  9. 16.  4. 12. 24.  7.  0. 21. 11. 18.  2.] 
16:[ 1.  5. 13. 17. 15.  6. 16. 12.  7. 24.  0. 20. 22. 10. 23.  3.  4.  9. 18. 14. 19. 11. 21.  8.  2.] 
17:[14. 15. 17.  6.  5. 10.  8.  3. 22.  4. 23.  9. 21. 11. 19. 20. 18.  1. 13. 16. 12.  7. 24.  0.  2.] 
18:[18. 10. 22.  9.  3. 23.  5.  8.  4. 11. 21. 19. 14. 15.  6. 17. 16. 13.  1.  2. 20. 24.  0. 12.  7.] 
19:[11. 21.  3. 19. 10.  8. 22. 16.  4. 18.  9. 14.  6. 17. 15. 23. 13.  1. 20.  5.  2.  0. 12.  7. 24.] 
20:[20.  2.  9. 24. 12.  7.  0. 19.  3. 16. 10.  5.  1. 13. 23. 17. 15.  6. 11. 21. 14.  4. 18.  8. 22.] 
21:[19. 21.  4. 10. 16.  7. 24.  0. 12. 22.  3. 20.  1. 13.  5.  9.  8. 23. 11. 18.  2. 15. 17.  6. 14.] 
22:[19. 10. 22. 14.  6. 17. 15.  8.  4. 16.  1.  5. 20. 11. 21.  3. 23. 18. 13. 12.  7. 24.  0.  9.  2.] 
23:[23. 16. 10.  8. 22.  3. 13.  1.  4.  9.  2.  5. 20.  7. 24.  0. 12. 17. 15.  6. 18. 14. 11. 21. 19.] 
24:[ 8. 12.  7. 24.  0.  5.  1. 13.  9.  3. 11. 20. 16.  4. 15. 17.  6.  2. 19. 10. 23. 14. 22. 18. 21.] 
POSCARS
EA96    3.064  3.065  3.065 60.02 60.02 60.02 Sym.group:  225
1.0
   1.5412220000000001   -2.6484809999999999    0.0005390000000000
   3.0644819999999999    0.0113070000000000    0.0178740000000000
   1.5201570000000000   -0.8868710000000000    2.5093260000000002
Cl Li
1 1
direct
   0.2629950000000000    0.8232710000000000    0.1687850000000000 Cl
   0.7628950000000000    0.3232900000000000    0.6687460000000000 Li
EA111   3.064  3.065  4.052 89.99 90.03 60.00 Sym.group:  187
1.0
   3.0644469999999999    0.0054710000000000    0.0071540000000000
   1.5274850000000000    2.6566920000000001   -0.0020150000000000
  -0.0114100000000000    0.0102490000000000    4.0519959999999999
N Mg
2 2
direct
   0.9948500000000000    0.0043460000000000    0.8350550000000000 N
   0.9939829999999999    0.0049470000000000    0.3959230000000000 N
   0.3279030000000000    0.3378790000000000    0.1154070000000000 Mg
   0.6611650000000000    0.6712720000000000    0.6155530000000000 Mg
EA147   2.996  2.999  5.178 73.37 73.35 60.38 Sym.group:  216
1.0
   1.4932460000000001   -2.5971039999999999    0.0180820000000000
   2.9985070000000000    0.0145310000000000    0.0061030000000000
   1.4761340000000001   -0.8287470000000000    4.8930449999999999
B P
2 2
direct
   0.9908850000000000    0.6463530000000000    0.3190910000000000 B
   0.4906340000000000    0.1463590000000000    0.8190930000000000 B
   0.3659650000000000    0.0219840000000000    0.1948480000000000 P
   0.8657210000000000    0.5219900000000000    0.6948470000000000 P
EA272   2.821  2.821  5.546 89.92 90.16 119.84 Sym.group:  164
1.0
   2.8214020000000000    0.0030940000000000    0.0052530000000000
  -1.4062340000000000    2.4455480000000001    0.0005210000000000
  -0.0261630000000000   -0.0068980000000000    5.5460919999999998
F Mg
2 2
direct
   0.3251680000000000    0.6632720000000000    0.6423250000000000 F
   0.6577290000000000    0.3290550000000000    0.3590160000000000 F
   0.3229400000000000    0.6630130000000000    0.1933900000000000 Mg
   0.6598600000000000    0.3292440000000000    0.8079980000000000 Mg
EA331   2.306  7.981  2.306 81.81 90.98 81.88 Sym.group:  139
1.0
   2.3060179999999999   -0.0191640000000000    0.0109330000000000
   1.1929110000000001    7.8913110000000000    0.0912200000000000
  -0.0476260000000000    0.3131370000000000    2.2843969999999998
Cl O
2 2
direct
   0.9650240000000000    0.5409830000000000    0.7703310000000000 Cl
   0.3100490000000000    0.8480290000000000    0.1187680000000000 Cl
   0.6754660000000000    0.1180990000000000    0.4831730000000000 O
   0.5996020000000000    0.2709490000000000    0.4061410000000000 O
EA105   2.477  2.478  8.283 89.47 90.44 119.82 Sym.group:  194
1.0
   1.2481599999999999   -2.1395260000000000   -0.0028470000000000
   1.2360940000000000    2.1478910000000000    0.0029720000000000
   0.0116030000000000    0.0694510000000000    8.2828850000000003
Na Li
2 2
direct
   0.3184730000000000    0.6603190000000000    0.2539640000000000 Na
   0.6474820000000000    0.3277020000000000    0.7538940000000000 Na
   0.9940530000000000    0.0029500000000000    0.0041030000000000 Li
   0.0000310000000000    0.0120860000000000    0.5037840000000000 Li
EA33    4.692  2.282  3.531 90.01 90.04 90.00 Sym.group:  123
1.0
   4.6914879999999997    0.0012920000000000   -0.0139000000000000
  -0.0006550000000000    2.2824710000000001   -0.0032430000000000
   0.0082610000000000    0.0045600000000000    3.5308790000000001
Li Si
2 2
direct
   0.2887400000000000    0.7046690000000000    0.8414420000000000 Li
   0.7887400000000000    0.7044020000000000    0.8414890000000000 Li
   0.5387830000000000    0.2046500000000000    0.3414680000000000 Si
   0.0387830000000000    0.2044340000000000    0.3414640000000000 Si
EA9     2.754  2.763  3.898 89.91 90.24 90.00 Sym.group:  225
1.0
   2.7536130000000001    0.0003320000000000    0.0059160000000000
  -0.0002510000000000    2.7629459999999999   -0.0025380000000000
  -0.0248570000000000    0.0096260000000000    3.8976380000000002
H Na
2 2
direct
   0.3749810000000000    0.3733480000000000    0.1248950000000000 H
   0.8862890000000000    0.8732330000000000    0.6259860000000000 H
   0.8751960000000000    0.8737360000000000    0.1259200000000000 Na
   0.3859780000000000    0.3737420000000000    0.6251810000000000 Na
EA125   3.047  3.111  3.202 89.76 90.52 90.00 Sym.group:  129
1.0
   3.0467860000000000   -0.0000550000000000    0.0033390000000000
  -0.0000940000000000    3.1108709999999999   -0.0101860000000000
  -0.0328360000000000    0.0237280000000000    3.2015600000000002
H P
2 2
direct
   0.2426430000000000    0.7489150000000000    0.5106240000000000 H
   0.7460620000000000    0.2478020000000000    0.4908810000000000 H
   0.2442380000000000    0.7486159999999999    0.9688870000000001 P
   0.7444740000000000    0.2483850000000000    0.0326210000000000 P
EA14    2.461  2.461  4.073 90.00 90.00 120.00 Sym.group:  186
1.0
   2.4611839999999998    0.0001860000000000   -0.0017710000000000
  -1.2306960000000000    2.1314380000000002    0.0008860000000000
   0.0031600000000000    0.0000000000000000    4.0726279999999999
N B
2 2
direct
   0.6728370000000000    0.3458740000000000    0.1324850000000000 N
   0.3397440000000000    0.6799690000000000    0.6324850000000000 N
   0.3395030000000000    0.6792210000000000    0.0064780000000000 B
   0.6730610000000000    0.3466200000000000    0.5064770000000000 B
EA83    2.354  2.335  5.556 90.14 102.13 119.49 Sym.group:  166
1.0
   2.3518390000000000   -0.0925950000000000    0.0066780000000000
  -1.0686279999999999    2.0757140000000001    0.0172670000000000
  -1.2107920000000001   -0.6831660000000001    5.3792720000000003
Be F
2 2
direct
   0.4774560000000000    0.3644900000000000    0.3385240000000000 Be
   0.0195150000000000    0.1386650000000000    0.6588619999999999 Be
   0.4619270000000000    0.8595840000000000    0.8206120000000000 F
   0.0351830000000000    0.6438820000000000    0.1767780000000000 F
EA54    2.431  2.432  3.419 89.93 89.92 60.01 Sym.group:  164
1.0
   2.4311050000000001   -0.0018390000000000   -0.0004700000000000
   1.2170589999999999    2.1050010000000001   -0.0004580000000000
   0.0054850000000000    0.0025470000000000    3.4190719999999999
C H
2 2
direct
   0.3421560000000000    0.8341480000000000    0.8283880000000000 C
   0.6756470000000000    0.1676600000000000    0.6961030000000000 C
   0.6762980000000000    0.1681510000000000    0.3806000000000000 H
   0.3415220000000000    0.8336330000000000    0.1438910000000000 H
EA21    3.181  3.224  3.224 119.21 119.52 60.48 Sym.group:  225
1.0
   3.1807430000000001    0.0060770000000000   -0.0043340000000000
   1.5832590000000000    2.8086280000000001    0.0022880000000000
  -1.5833900000000001   -0.9159920000000000    2.6552099999999998
P Si
1 1
direct
   0.9917700000000000    0.9975650000000000    0.0039190000000000 P
   0.4917320000000000    0.4975890000000000    0.5038930000000000 Si
EA5     2.791  2.792  3.569 89.82 89.86 60.04 Sym.group:  187
1.0
   1.4297830000000000    2.3968550000000000   -0.0448400000000000
  -1.3630290000000000    2.4357240000000000   -0.0493280000000000
  -0.0070970000000000    0.0812810000000000    3.5685330000000000
O Li
2 2
direct
   0.3330630000000000    0.0810250000000000    0.5309900000000000 O
   0.3322780000000000    0.0798410000000000    0.9545490000000000 O
   0.9994960000000001    0.7465440000000000    0.7427790000000000 Li
   0.6655300000000000    0.4143290000000000    0.2427620000000000 Li
EA114   4.141  4.141  4.162 60.89 119.12 88.62 Sym.group:  141
1.0
   2.0541250000000000    3.5947680000000002    0.0624260000000000
  -2.0546489999999999    1.2305200000000001    3.3777879999999998
   0.0434070000000000   -2.4165770000000002    3.3888379999999998
Al Na
2 2
direct
   0.6281440000000000    0.2378450000000000    0.7580070000000000 Al
   0.3775850000000000    0.9872760000000000    0.2580290000000000 Al
   0.1281480000000000    0.7376060000000000    0.7579740000000000 Na
   0.8776800000000000    0.4874720000000000    0.2579760000000000 Na
EA7     3.625  3.625  3.332 90.00 90.00 90.00 Sym.group:  123
1.0
   3.6252330000000001   -0.0011210000000000    0.0003220000000000
   0.0011950000000000    3.6252190000000000    0.0016460000000000
  -0.0002880000000000   -0.0015150000000000    3.3316040000000000
Mg Li
2 2
direct
   0.6201150000000000    0.6232880000000000    0.6368300000000000 Mg
   0.1202830000000000    0.1232430000000000    0.6365030000000000 Mg
   0.1199110000000000    0.6231380000000000    0.1366970000000000 Li
   0.6202810000000000    0.1232470000000000    0.1366900000000000 Li
EA273   3.267  5.262  3.275 72.09 89.92 72.14 Sym.group:  139
1.0
   3.2572770000000002   -0.2366790000000000   -0.0918090000000000
   1.9823670000000000    3.8341449999999999    3.0104280000000001
   0.0149660000000000   -1.0586789999999999    3.0996350000000001
Al S
2 2
direct
   0.8955780000000000    0.9574260000000000    0.0383110000000000 Al
   0.6404490000000000    0.4558070000000000    0.7833750000000000 Al
   0.1248000000000000    0.4889460000000000    0.2676990000000000 S
   0.4112270000000000    0.9242870000000000    0.5539870000000000 S
EA122   3.658  3.658  3.371 90.00 90.00 92.66 Sym.group:  123
1.0
   3.6567090000000002   -0.0867660000000000   -0.0089370000000000
  -0.0832930000000000    3.6570149999999999    0.0165820000000000
   0.0077750000000000   -0.0150320000000000    3.3704790000000000
Al Si
2 2
direct
   0.7587080000000000    0.2476840000000000    0.4975030000000000 Al
   0.2581390000000000    0.7474740000000000    0.4974190000000000 Al
   0.2589800000000000    0.2473450000000000    0.9974730000000001 Si
   0.7578530000000000    0.7477740000000000    0.9974440000000000 Si
EA38    2.493  4.344  3.535 90.06 90.01 89.98 Sym.group:  191
1.0
   2.4929779999999999    0.0120400000000000    0.0011120000000000
  -0.0193490000000000    4.3433999999999999    0.0228970000000000
  -0.0021150000000000   -0.0226460000000000    3.5351050000000002
Al F
2 2
direct
   0.1352800000000000    0.3769140000000000    0.3730740000000000 Al
   0.6352830000000000    0.8769150000000000    0.3735150000000000 Al
   0.6350260000000000    0.8773110000000000    0.8734630000000000 F
   0.1346930000000000    0.3773080000000000    0.8731260000000000 F
EA128   2.434  2.435  3.699 70.87 109.14 119.97 Sym.group:  166
1.0
   2.4335160000000000    0.0063920000000000   -0.0327730000000000
  -1.2215300000000000    2.1059269999999999    0.0282300000000000
  -1.1679610000000000    0.6774920000000000    3.4434990000000001
C H
2 2
direct
   0.6287880000000000    0.1051270000000000    0.8125530000000000 C
   0.2516170000000000    0.4822160000000000    0.6810370000000000 C
   0.1471790000000000    0.5860860000000000    0.3666050000000000 H
   0.7332090000000000    0.0006370000000000    0.1269880000000000 H
EA231   4.336  3.143  3.143 90.00 89.99 90.00 Sym.group:  119
1.0
   4.3364339999999997    0.0001780000000000   -0.0005190000000000
  -0.0000800000000000    3.1427200000000002    0.0032470000000000
   0.0009940000000000   -0.0031540000000000    3.1431719999999999
Be S
2 2
direct
   0.1191090000000000    0.0092710000000000    0.2522740000000000 Be
   0.6191480000000000    0.5094050000000000    0.7523470000000000 Be
   0.3691760000000000    0.5092680000000001    0.2524190000000000 S
   0.8691770000000000    0.0093890000000000    0.7523570000000001 S
EA234   2.476  6.391  2.456 90.00 60.28 89.97 Sym.group:  164
1.0
   2.4750260000000002   -0.0062980000000000    0.0572400000000000
   0.0189790000000000    6.3906120000000000    0.0264730000000000
   1.1678649999999999   -0.0125390000000000    2.1603850000000002
C S
2 2
direct
   0.5648450000000000    0.5029420000000000    0.8426000000000000 C
   0.2307140000000000    0.4300220000000000    0.5095570000000000 C
   0.2308010000000000    0.1483580000000000    0.5094280000000000 S
   0.5649220000000000    0.7846050000000000    0.8424650000000000 S
EA7     2.948  2.944  3.616 89.99 66.16 60.06 Sym.group:  166
1.0
   1.4841850000000001    2.5475240000000001    0.0100190000000000
  -1.4640850000000001    2.5535790000000000   -0.0250440000000000
   1.4244509999999999    0.8490500000000000    3.2129509999999999
B Li
2 2
direct
   0.8114250000000000    0.0247860000000000    0.4788280000000000 B
   0.4544910000000000    0.7026990000000000    0.5085790000000000 B
   0.3658470000000000    0.2473590000000000    0.1431600000000000 Li
   0.9000990000000000    0.4801040000000000    0.8442120000000000 Li
EA16    2.634  2.632  5.796 77.11 89.87 119.64 Sym.group:  166
1.0
   2.5643349999999998   -0.5950740000000000    0.0862310000000000
  -0.7559740000000000    2.5187360000000001    0.1038400000000000
   0.0878040000000000    1.1436679999999999    5.6817510000000002
Al O
2 2
direct
   0.8713770000000000    0.2547800000000000    0.2520090000000000 Al
   0.3712730000000000    0.2545730000000000    0.7520200000000000 Al
   0.9803200000000000    0.4741660000000000    0.9259300000000000 O
   0.7625100000000000    0.0352760000000000    0.5780880000000000 O
EA23    2.797  2.797  2.797 60.00 120.00 90.00 Sym.group:  225
1.0
   2.7970839999999999   -0.0019080000000000   -0.0005040000000000
   0.0019740000000000    2.7972070000000002    0.0004340000000000
  -1.3971169999999999    1.3991499999999999    1.9785990000000000
O Mg
1 1
direct
   0.6095090000000000    0.4019480000000000    0.1968680000000000 O
   0.1094800000000000    0.9018730000000000    0.1968580000000000 Mg
