NUMBER OF TEMPLATES 25
COMPOSITION A 1 B
pairs , SPACEGROUPS 
[Na Si] , 123 
[H P] , 129 
[P Si] , 225 
[Na S] , 123 
[Li Na] , 187 
[Cl Mg] , 164 
[B N] , 216 
[C Si] , 186 
[F Si] , 191 
[Mg O] , 225 
[Al P] , 194 
[H Mg] , 129 
[Al S] , 139 
[Li Mg] , 123 
[Be F] , 166 
[Cl Na] , 225 
[Li N] , 139 
[C Li] , 160 
[B Be] , 164 
[N Si] , 156 
[H Li] , 225 
[C F] , 164 
[C P] , 164 
[Al N] , 186 
[B F] , 164 
RANKING VECTORS ENTHALPIES
0:[-674.53416196 -674.52836178 -674.52725541 -674.51882454 -674.34740243 -674.30380428 -674.28036336 -674.24112513 -674.22841458 -674.18372512 -674.12690752 -674.02499379 -674.0194845  -673.97123822 -673.93832155 -673.75855497 -673.40922288 -673.40705871 -672.96827775 -672.96413779 -672.96379092 -672.94630674 -671.93129777 -671.92789511 -671.27867863] 
1:[-99.1824063  -99.11945507 -99.1189473  -99.09205277 -99.08446058 -99.0501186  -99.03951299 -99.00490794 -98.996863   -98.98228171 -98.97643219 -98.9134748  -98.88578807 -98.88556027 -98.88475757 -98.8737693  -98.84676805 -98.83557093 -98.80987918 -98.77857855 -98.73412015 -98.71598762 -98.70939107 -98.70442781 -98.55664474] 
2:[-147.59052563 -147.5767674  -147.57663354 -147.54250755 -147.52150456 -147.49888369 -147.49436504 -147.46528582 -147.44643762 -147.44172378 -147.41916058 -147.34708155 -147.33709845 -147.32925409 -147.32061564 -147.32023571 -147.30387848 -147.2830201  -147.24530746 -147.24238721 -147.22025262 -147.09032182 -146.94304123 -146.9408205  -146.59995463] 
3:[-767.9053064  -767.90367092 -767.90345114 -767.90290211 -767.70584473 -767.60209356 -767.564309   -767.54982464 -767.54928639 -767.43040354 -767.30664577 -767.23717575 -767.09375954 -767.06574586 -767.04306922 -767.04145218 -767.04115821 -766.69624676 -766.64768226 -766.62576193 -766.62157917 -766.47549468 -766.19567384 -766.19559813 -765.5583053 ] 
4:[-714.89537394 -714.89104481 -714.88975234 -714.87995155 -714.87974199 -714.8754269  -714.87491479 -714.87402147 -714.87385614 -714.87321123 -714.87172554 -714.86780087 -714.84262143 -714.83987913 -714.83129637 -714.82403335 -714.81996624 -714.78968875 -714.761666   -714.7511232 -714.74151977 -714.73969709 -714.72836257 -714.72607114 -714.27392308] 
5:[-1026.85454699 -1026.77907424 -1026.77799209 -1026.76949141 -1026.743345   -1026.69837038 -1026.68950739 -1026.68687254 -1026.68649835 -1026.68431719 -1026.68197528 -1026.63201146 -1026.62946511 -1026.60240044 -1026.58203551 -1026.30812563 -1026.30778578 -1026.22513855 -1026.19249304 -1026.19174982 -1026.17872793 -1025.76319489 -1025.75455301 -1025.75001984 -1025.50206188] 
6:[-180.52723124 -180.52289577 -180.50572557 -180.50560995 -180.09360002 -180.08898087 -180.03708662 -180.00248707 -179.33535871 -178.93390646 -178.92487217 -178.92392455 -178.9029216  -178.90279682 -178.72382083 -178.57927287 -178.5750976  -178.19039967 -178.02781565 -177.79430882 -177.57646574 -177.25262828 -176.74972407 -176.74583096 -176.36962077] 
7:[-136.68517466 -136.68241462 -136.68220471 -136.67717113 -136.53017604 -136.5138824  -136.51361959 -136.47994386 -136.42137477 -136.33530591 -136.33410148 -136.20272975 -136.20261381 -136.19777373 -135.93859323 -135.93795667 -135.82276045 -135.78941344 -135.77244554 -135.63722325 -135.02265871 -135.01868216 -135.01423628 -134.87967761 -134.63074505] 
8:[-389.87894334 -389.70987232 -389.70888481 -389.68329541 -389.68217254 -389.65998013 -389.51092824 -389.47570861 -389.44648795 -389.3618475 -389.3585022  -389.33467693 -389.29774687 -389.28610244 -389.02042346 -389.01957428 -389.01856237 -389.01849304 -388.99614382 -388.40875771 -387.91555889 -387.90679468 -387.90578796 -387.90447476 -387.41009686] 
9:[-1031.63822166 -1031.63800215 -1031.6378839  -1031.63669936 -1031.63377781 -1031.63340404 -1031.45571022 -1031.21507347 -1031.1731171  -1031.17200951 -1031.1718707  -1031.1717761 -1031.17037286 -1030.99699173 -1030.98850275 -1030.96549789 -1030.96549213 -1030.96379247 -1030.96378217 -1030.89396179 -1030.69668811 -1030.15945716 -1030.07780603 -1028.43101719 -1027.19310535] 
10:[-121.74998379 -121.70626233 -121.70440136 -121.67545079 -121.67502562 -121.64174465 -121.60698165 -121.59949221 -121.59819073 -121.42010512 -121.4065187  -121.40137318 -121.37653614 -121.358135   -121.32714872 -121.32340031 -121.3185575  -121.19079953 -121.16794172 -121.16701162 -121.07441206 -120.9124384  -120.91217778 -120.91088807 -120.79352039] 
11:[-812.81789229 -812.68905808 -812.68746273 -812.68542348 -812.68525762 -812.675353   -812.67485637 -812.66763656 -812.66755458 -812.66693638 -812.66615409 -812.6280282  -812.61797644 -812.61717146 -812.60300671 -812.54744227 -812.53655023 -812.51591063 -812.51243983 -812.48441074 -812.39132907 -812.39100845 -812.38598396 -812.37659293 -811.69397667] 
12:[-177.85155482 -177.79125015 -177.78478309 -177.78357692 -177.78327637 -177.77796655 -177.77765666 -177.7582275  -177.72581892 -177.70993638 -177.69430794 -177.69388981 -177.50950929 -177.49534296 -177.41649077 -177.37166406 -177.36917177 -177.30367469 -177.17747114 -177.15309655 -177.02004654 -176.97115932 -176.97044366 -176.83470784 -176.72144267] 
13:[-901.54827982 -901.54131758 -901.52926332 -901.52413478 -901.4715911 -901.34365652 -901.32891009 -901.32646587 -901.32031174 -901.30746541 -901.30714057 -901.27126506 -901.21238503 -901.1995908  -901.18586097 -901.18276082 -901.17919523 -901.16003977 -901.15984651 -901.15884404 -901.13163625 -901.12860762 -901.06899326 -900.18099361 -899.86017159] 
14:[-523.49671869 -523.46388473 -523.4638007  -523.46083429 -523.44045663 -523.19929053 -523.09937745 -523.00899424 -522.62932594 -522.60889136 -522.60888141 -522.58572552 -522.58260701 -522.57375575 -522.4106711 -522.23565694 -522.15672496 -521.88999734 -521.88653692 -521.87249778 -521.87094003 -521.86843477 -521.76426359 -521.7639234  -521.76360538] 
15:[-841.65171251 -841.65153812 -841.65073401 -841.64803574 -841.54592954 -841.5458183  -841.54574237 -841.54460164 -841.54347414 -841.54236064 -841.43722164 -841.42277007 -841.21836221 -841.21794581 -841.17554369 -840.92095708 -840.8121037  -840.73374007 -840.73278876 -840.72802565 -840.72732921 -840.72685849 -840.31436448 -839.79485107 -839.46235123] 
16:[-237.17184506 -237.16858212 -236.66811787 -236.6394628  -236.58333967 -236.47702729 -236.4565451  -236.45471104 -236.45350946 -236.20627926 -236.16151049 -235.91483565 -235.7375521  -235.7325767  -235.72951147 -235.69498922 -235.68860416 -235.68843551 -235.66539535 -235.62035792 -235.50382138 -235.38480941 -235.38477104 -235.27048599 -234.7624073 ] 
17:[-177.51253118 -177.51244205 -177.51209823 -177.51102258 -177.49934382 -177.43567912 -177.41827319 -177.19141016 -177.1399891  -176.83604664 -176.82218902 -176.81633159 -176.81520264 -176.77302072 -176.59724023 -176.41554996 -176.22362643 -175.51762576 -175.50472487 -175.504662 -175.46772344 -175.40309977 -175.09527598 -175.09265495 -174.34214144] 
18:[-227.62667475 -227.62609122 -227.57734614 -227.43419024 -227.41803878 -227.4174937  -227.4167776  -227.41430164 -227.39660749 -227.25630361 -227.24666945 -227.14388359 -227.12669416 -227.09786591 -227.05214673 -226.9531612  -226.80009426 -226.48367604 -226.42547649 -226.419151 -226.35938474 -226.35818743 -226.31428877 -226.27702211 -225.33693507] 
19:[-196.42899977 -196.42875569 -196.19346551 -196.09648348 -196.01460602 -195.90074861 -195.90015679 -195.87569539 -195.77016897 -195.75746735 -195.73108835 -195.7268481  -195.7263829  -195.69699015 -195.46753022 -195.41188421 -195.41025151 -195.39426399 -194.93123351 -194.9284086 -194.92053614 -194.74276233 -194.47263862 -194.32392753 -194.32377195] 
20:[-104.52340365 -104.52305936 -104.52285133 -104.52075166 -104.52049635 -104.41489689 -104.36892466 -104.35098213 -104.33815744 -104.33719314 -104.33614362 -104.33490408 -104.3319393  -104.29357034 -104.29309914 -104.29224121 -104.29218669 -104.29084795 -104.28794452 -104.24839154 -104.24808814 -104.20573278 -103.93436219 -103.91132272 -103.191748  ] 
21:[-414.63787073 -414.63776585 -414.63689335 -414.63641343 -414.0325626 -413.73603404 -413.6098896  -413.52556287 -413.44504688 -413.00238142 -412.98631974 -412.6864538  -412.68271915 -412.07720475 -411.89939196 -411.6714381  -411.66722141 -411.66226105 -411.48894935 -411.35929354 -410.83047597 -410.82613454 -410.82612506 -410.82438033 -410.1546732 ] 
22:[-172.81377203 -172.81364625 -172.49669306 -172.41373787 -172.41206744 -172.39125899 -172.36247401 -172.35433212 -172.34725275 -172.33451609 -172.31736452 -172.31355114 -172.28742973 -172.28100326 -172.26433673 -172.25667174 -172.13029842 -172.06062284 -171.98377444 -171.97558641 -171.55561847 -171.54127246 -171.18256856 -171.17231722 -170.55053826] 
23:[-171.42146896 -171.42016298 -171.41926819 -171.41898076 -171.41686136 -171.41156543 -171.21239484 -171.07509916 -171.07486113 -171.00394952 -171.00363316 -170.97395664 -170.74743274 -170.62199691 -170.6218471 -170.61288326 -169.93012292 -169.83966643 -169.76910382 -169.76359334 -169.76176685 -169.03484797 -168.31077543 -168.31039964 -168.02215968] 
24:[-373.07781979 -373.07737167 -373.06816629 -372.40322245 -372.37605607 -372.3331089  -372.33251713 -372.33043871 -372.27894251 -372.26933392 -372.14565484 -372.14376465 -371.95094027 -371.85224702 -371.85062711 -371.39420932 -371.13147314 -370.76813209 -370.76795497 -370.76751727 -370.15524947 -370.15490944 -370.15055924 -370.1371468  -369.68098686] 
RANKING VECTORS IDX
0:[11.  3. 13.  0.  1.  4. 10. 14.  5. 22. 17. 24. 21. 18.  8. 19. 12. 16. 20.  2.  9. 15.  7. 23.  6.] 
1:[ 1. 21. 24.  7. 23. 14.  8. 11.  3. 16. 12. 17. 19. 18.  5.  4. 13.  0. 22. 10. 20.  9. 15.  2.  6.] 
2:[15.  2.  9. 20.  8. 12. 16. 10. 13.  3. 14. 17.  1. 18. 24. 21.  5.  4.  0. 11. 19. 22. 23.  7.  6.] 
3:[11. 13.  3.  0. 17. 10.  4. 12. 16. 14.  1. 22. 19. 15. 20.  2.  9.  8.  5. 18. 21. 24.  7. 23.  6.] 
4:[17.  1.  5. 18. 14. 22.  0. 10.  3. 13.  4. 19. 21. 24.  7. 11. 23.  8. 20. 15.  2.  9. 16. 12.  6.] 
5:[ 1. 18.  5. 14. 17.  4. 11.  3.  0. 13. 10. 12. 16. 19. 22.  7. 23. 15.  2.  9. 20.  8. 24. 21.  6.] 
6:[ 6. 17. 23.  7.  5. 18. 19. 14. 22. 20.  9.  2. 15. 10.  1. 12. 16. 11.  4. 21.  8. 24.  3. 13.  0.] 
7:[ 6.  7. 23. 17. 20.  2.  9. 15. 19.  5. 18. 21. 24. 14. 12. 16. 10.  4. 11. 22.  0. 13.  3.  8.  1.] 
8:[ 8. 21. 24. 23.  7.  1.  5. 19. 17. 22. 18. 14. 10.  4.  0. 11.  3. 13. 16. 12.  2. 20. 15.  9.  6.] 
9:[ 1.  2. 20.  9. 15. 17. 10.  4. 23.  7. 18.  5. 21. 12. 16.  0. 13.  3. 11.  6. 19. 14. 22.  8. 24.] 
10:[10. 20.  1.  2.  9. 15.  3. 13.  0.  4. 12. 16. 22. 14.  5. 17.  8. 11. 24. 21. 18.  7. 23.  6. 19.] 
11:[10.  5. 18. 21. 24. 17.  1.  9.  2. 20. 15. 14. 16. 12. 19.  4.  7. 22. 23.  6.  3. 13.  0. 11.  8.] 
12:[ 4.  3.  0. 13. 11. 12. 16. 10. 15. 20.  2.  9. 19. 14. 17. 18.  5. 22.  7.  8. 23. 24. 21.  1.  6.] 
13:[ 3. 13. 11.  0.  1. 14. 10.  4. 17. 18.  5. 19. 22.  7. 16. 12. 20.  2.  9. 15. 21. 24.  8. 23.  6.] 
14:[14. 18.  5. 17. 22. 19. 12. 16. 11. 21. 24. 23.  7.  8.  1.  4.  6. 10. 15. 20.  2.  9.  0.  3. 13.] 
15:[ 3. 11. 13.  0.  2. 20.  9. 15. 17.  1. 10.  4. 16. 12. 19. 14. 22. 18.  5. 23.  7. 21.  6.  8. 24.] 
16:[16. 12. 22. 19. 14. 11.  0. 13.  3. 10.  4.  1.  5. 18. 21. 20.  2.  9. 15. 17. 24.  7. 23.  8.  6.] 
17:[21. 24. 18.  5. 17. 14. 22. 10. 12. 11.  0. 13.  3. 19.  1. 16.  4. 20.  2.  9. 15.  8.  7. 23.  6.] 
18:[18. 21. 10. 17.  3. 13.  0. 11. 12.  1. 22.  4. 19. 14.  5. 16. 24.  8. 23.  7.  2.  9. 20. 15.  6.] 
19:[12. 16. 19. 22. 14.  7. 23. 17. 11.  6. 10.  5. 18.  4. 20.  9.  2. 15.  3.  0. 13.  8.  1. 21. 24.] 
20:[ 1. 20. 15.  2.  9. 10.  4. 19. 11.  3. 17. 13.  0. 21. 18. 24.  7. 23.  5. 12. 16.  6. 14. 22.  8.] 
21:[18.  5. 21. 24. 17.  1. 16. 14. 22. 19. 10.  7. 23.  8. 12.  0. 13.  3.  4. 11. 15.  2.  9. 20.  6.] 
22:[21. 24. 19. 16. 12. 22. 17. 23.  7. 15.  9.  2.  6. 20. 14. 18. 11. 10.  4.  5.  1.  8. 13.  3.  0.] 
23:[ 1. 20.  2.  9. 17. 15. 10. 18.  5.  7. 23.  6. 19. 12. 16.  4. 22. 14.  0. 13.  3. 11. 21. 24.  8.] 
24:[21. 24.  1.  8. 14.  7. 22. 23. 19. 17.  5. 18. 10. 12. 16.  4. 11.  3. 13.  0.  9.  2. 20. 15.  6.] 
POSCARS
EA51    4.796  2.354  4.879 90.01 119.41 90.00 Sym.group:  123
1.0
   4.7943530000000001    0.0034510000000000   -0.1058000000000000
  -0.0016520000000000    2.3544399999999999   -0.0011250000000000
  -2.3010370000000000   -0.0006120000000000    4.3019639999999999
Na Si
2 2
direct
   0.7457680000000000    0.7559950000000000    0.7465190000000000 Na
   0.2459260000000000    0.7541940000000000    0.7466760000000000 Na
   0.2460550000000000    0.2547740000000000    0.2466200000000000 Si
   0.7464430000000000    0.2548220000000000    0.2467900000000000 Si
EA125   3.047  3.111  3.202 89.76 90.52 90.00 Sym.group:  129
1.0
   3.0467860000000000   -0.0000550000000000    0.0033390000000000
  -0.0000940000000000    3.1108709999999999   -0.0101860000000000
  -0.0328360000000000    0.0237280000000000    3.2015600000000002
H P
2 2
direct
   0.2426430000000000    0.7489150000000000    0.5106240000000000 H
   0.7460620000000000    0.2478020000000000    0.4908810000000000 H
   0.2442380000000000    0.7486159999999999    0.9688870000000001 P
   0.7444740000000000    0.2483850000000000    0.0326210000000000 P
EA21    3.181  3.224  3.224 119.21 119.52 60.48 Sym.group:  225
1.0
   3.1807430000000001    0.0060770000000000   -0.0043340000000000
   1.5832590000000000    2.8086280000000001    0.0022880000000000
  -1.5833900000000001   -0.9159920000000000    2.6552099999999998
P Si
1 1
direct
   0.9917700000000000    0.9975650000000000    0.0039190000000000 P
   0.4917320000000000    0.4975890000000000    0.5038930000000000 Si
EA120   2.598  2.598  7.015 89.99 90.00 90.12 Sym.group:  123
1.0
   2.5977730000000001    0.0045990000000000    0.0007530000000000
  -0.0099900000000000    2.5976319999999999   -0.0048070000000000
  -0.0022590000000000    0.0136650000000000    7.0149210000000002
Na S
2 2
direct
   0.2562920000000000    0.7504700000000000    0.2723070000000000 Na
   0.2587670000000000    0.7522600000000000    0.7722890000000000 Na
   0.7580800000000000    0.2533620000000000    0.0222570000000000 S
   0.7573110000000000    0.2499810000000000    0.5222440000000000 S
EA123   2.535  2.527  3.977 89.99 90.07 119.86 Sym.group:  187
1.0
   2.5352350000000001   -0.0039460000000000    0.0074930000000000
  -1.2548630000000001    2.1937220000000002   -0.0008400000000000
  -0.0165430000000000   -0.0073010000000000    3.9769760000000001
Na Li
1 1
direct
   0.6553780000000000    0.8328730000000000    0.9985810000000001 Na
   0.3173680000000000    0.1660210000000000    0.4986180000000000 Li
EA88    2.997  2.995  6.979 90.01 90.09 119.93 Sym.group:  164
1.0
   2.9968309999999998   -0.0235090000000000    0.0037260000000000
  -1.4738770000000001    2.6074269999999999    0.0030110000000000
  -0.0203500000000000   -0.0214480000000000    6.9790400000000004
Cl Mg
2 2
direct
   0.0072470000000000    0.9945030000000000    0.0901720000000000 Cl
   0.3412810000000000    0.6617450000000000    0.7858309999999999 Cl
   0.3416280000000000    0.6614900000000000    0.2944480000000000 Mg
   0.0067290000000000    0.9948920000000000    0.5815460000000000 Mg
EA97    4.276  2.469  2.469 119.97 73.24 106.76 Sym.group:  216
1.0
   4.2761579999999997    0.0215250000000000    0.0394400000000000
  -0.7002260000000000    1.2684359999999999   -1.9996860000000001
   0.6871410000000000    1.2016739999999999    2.0448279999999999
N B
2 2
direct
   0.6083840000000000    0.6889510000000000    0.8151490000000000 N
   0.1083840000000000    0.1885460000000000    0.3157960000000000 N
   0.9834430000000000    0.8135540000000000    0.6908970000000000 B
   0.4834420000000000    0.3139750000000000    0.1902190000000000 B
EA44    4.779  2.927  2.927 120.00 90.00 90.00 Sym.group:  186
1.0
   4.7790809999999997    0.0008700000000000   -0.0018400000000000
   0.0005610000000000    1.4653570000000000    2.5338599999999998
   0.0004210000000000   -2.9273020000000001    0.0022770000000000
C Si
2 2
direct
   0.6606140000000000    0.2257710000000000    0.0608910000000000 C
   0.1606130000000000    0.5590180000000000    0.7274750000000000 C
   0.5375470000000000    0.5591000000000000    0.7275160000000001 Si
   0.0375470000000000    0.2256490000000000    0.0608140000000000 Si
EA121   2.396  2.396  7.158 90.00 89.95 120.00 Sym.group:  191
1.0
   2.3963960000000002   -0.0031500000000000    0.0044340000000000
  -1.1953890000000000    2.0769579999999999    0.0003370000000000
  -0.0075610000000000   -0.0050310000000000    7.1579179999999996
F Si
2 2
direct
   0.2383830000000000    0.2455900000000000    0.2484410000000000 F
   0.2359420000000000    0.2482310000000000    0.7484380000000000 F
   0.2369940000000000    0.2440530000000000    0.9984350000000000 Si
   0.2372740000000000    0.2445330000000000    0.4984360000000000 Si
EA23    2.797  2.797  2.797 60.00 120.00 90.00 Sym.group:  225
1.0
   2.7970839999999999   -0.0019080000000000   -0.0005040000000000
   0.0019740000000000    2.7972070000000002    0.0004340000000000
  -1.3971169999999999    1.3991499999999999    1.9785990000000000
O Mg
1 1
direct
   0.6095090000000000    0.4019480000000000    0.1968680000000000 O
   0.1094800000000000    0.9018730000000000    0.1968580000000000 Mg
EA40    3.302  3.304  5.255 90.00 90.00 119.97 Sym.group:  194
1.0
   3.3019690000000002    0.0002330000000000   -0.0010690000000000
  -1.6505240000000001    2.8620000000000001   -0.0003000000000000
   0.0014970000000000    0.0013480000000000    5.2548159999999999
Al P
2 2
direct
   0.9987549999999999    0.0054590000000000    0.9985550000000000 Al
   0.9988020000000000    0.0054790000000000    0.4985540000000000 Al
   0.6655219999999999    0.3390830000000000    0.7485600000000000 P
   0.3320310000000000    0.6718530000000000    0.2485520000000000 P
EA157   2.807  2.816  4.033 89.95 89.95 90.03 Sym.group:  129
1.0
   2.8074729999999999   -0.0032640000000000   -0.0067820000000000
   0.0018600000000000    2.8159280000000000   -0.0100890000000000
   0.0134650000000000    0.0178050000000000    4.0326240000000002
H Mg
2 2
direct
   0.5009270000000000    0.9999690000000000    0.5022910000000000 H
   0.0013910000000000    0.4996800000000000    0.5002259999999999 H
   0.5010930000000000    0.4997960000000000    0.7722059999999999 Mg
   0.0011210000000000    0.9999340000000000    0.2303930000000000 Mg
EA273   3.267  5.262  3.275 72.09 89.92 72.14 Sym.group:  139
1.0
   3.2572770000000002   -0.2366790000000000   -0.0918090000000000
   1.9823670000000000    3.8341449999999999    3.0104280000000001
   0.0149660000000000   -1.0586789999999999    3.0996350000000001
Al S
2 2
direct
   0.8955780000000000    0.9574260000000000    0.0383110000000000 Al
   0.6404490000000000    0.4558070000000000    0.7833750000000000 Al
   0.1248000000000000    0.4889460000000000    0.2676990000000000 S
   0.4112270000000000    0.9242870000000000    0.5539870000000000 S
EA7     3.625  3.625  3.332 90.00 90.00 90.00 Sym.group:  123
1.0
   3.6252330000000001   -0.0011210000000000    0.0003220000000000
   0.0011950000000000    3.6252190000000000    0.0016460000000000
  -0.0002880000000000   -0.0015150000000000    3.3316040000000000
Mg Li
2 2
direct
   0.6201150000000000    0.6232880000000000    0.6368300000000000 Mg
   0.1202830000000000    0.1232430000000000    0.6365030000000000 Mg
   0.1199110000000000    0.6231380000000000    0.1366970000000000 Li
   0.6202810000000000    0.1232470000000000    0.1366900000000000 Li
EA83    2.354  2.335  5.556 90.14 102.13 119.49 Sym.group:  166
1.0
   2.3518390000000000   -0.0925950000000000    0.0066780000000000
  -1.0686279999999999    2.0757140000000001    0.0172670000000000
  -1.2107920000000001   -0.6831660000000001    5.3792720000000003
Be F
2 2
direct
   0.4774560000000000    0.3644900000000000    0.3385240000000000 Be
   0.0195150000000000    0.1386650000000000    0.6588619999999999 Be
   0.4619270000000000    0.8595840000000000    0.8206120000000000 F
   0.0351830000000000    0.6438820000000000    0.1767780000000000 F
EA11    3.320  3.330  3.323 60.43 119.70 119.61 Sym.group:  225
1.0
   3.3203900000000002    0.0230500000000000   -0.0013930000000000
  -1.6563500000000000    1.6711760000000000    2.3568050000000000
  -1.6336679999999999   -1.6770050000000001    2.3577640000000000
Cl Na
1 1
direct
   0.4963550000000000    0.5034310000000000    0.4894050000000000 Cl
   0.9965030000000000    0.0034120000000000    0.9897200000000000 Na
EA114   2.546  2.586  4.018 108.38 72.25 89.09 Sym.group:  139
1.0
   2.5375939999999999   -0.1679290000000000    0.1117830000000000
   0.2128880000000000    2.5775969999999999   -0.0226080000000000
   0.9802280000000000   -1.3202320000000001    3.6662240000000001
N Li
2 2
direct
   0.1015080000000000    0.9211620000000000    0.8257960000000000 N
   0.9305960000000000    0.0943010000000000    0.1707700000000000 N
   0.6756560000000000    0.3464750000000000    0.6766320000000000 Li
   0.3564550000000000    0.6689889999999999    0.3199300000000000 Li
EA114   2.436  2.439  5.169 77.55 76.80 60.13 Sym.group:  160
1.0
   2.4355069999999999    0.0326110000000000    0.0116820000000000
   1.1858379999999999    2.1292949999999999    0.0868090000000000
   1.1506099999999999    0.4304810000000000    5.0213619999999999
C Li
2 2
direct
   0.5081329999999999    0.2797530000000000    0.7069520000000000 C
   0.1531480000000000    0.9274030000000000    0.7711570000000000 C
   0.3870170000000000    0.1686560000000000    0.0696140000000000 Li
   0.9309630000000000    0.7045960000000000    0.4353600000000000 Li
EA245   2.766  2.767  3.637 90.04 90.12 61.32 Sym.group:  164
1.0
   2.7660790000000000   -0.0258580000000000   -0.0020680000000000
   1.3504849999999999    2.4147609999999999   -0.0082960000000000
  -0.0049130000000000    0.0122750000000000    3.6371820000000001
B Be
2 2
direct
   0.0054240000000000    0.9968560000000000    0.3645330000000000 B
   0.6704410000000000    0.6611390000000000    0.1543400000000000 B
   0.0075860000000000    0.9983230000000000    0.8967300000000000 Be
   0.6683190000000000    0.6596810000000000    0.6221790000000000 Be
EA255   2.808  7.269  2.809 89.99 119.98 90.01 Sym.group:  156
1.0
   1.4083650000000001   -0.0007640000000000    2.4297300000000002
   0.0079270000000000    7.2686140000000004   -0.0038130000000000
  -2.8088030000000002    0.0037370000000000    0.0056440000000000
N Si
3 3
direct
   0.5507530000000000    0.1724370000000000    0.9972450000000000 N
   0.8840190000000000    0.9074050000000000    0.6634409999999999 N
   0.8834540000000000    0.4380670000000000    0.6644550000000000 N
   0.8841000000000000    0.1756560000000000    0.6637750000000000 Si
   0.2167830000000000    0.5436650000000000    0.3309670000000000 Si
   0.5505630000000000    0.8060200000000000    0.9970550000000000 Si
EA5     2.359  2.360  4.082 106.80 90.01 60.03 Sym.group:  225
1.0
   1.1935640000000001   -2.0350649999999999   -0.0041010000000000
   2.3600629999999998    0.0172160000000000    0.0214400000000000
  -1.2097329999999999   -0.7161810000000000    3.8327450000000001
H Li
2 2
direct
   0.6184950000000000    0.7575160000000000    0.3815790000000000 H
   0.1190320000000000    0.7566050000000000    0.8816970000000000 H
   0.8690400000000000    0.2571020000000000    0.6313450000000000 Li
   0.3686920000000000    0.2571480000000000    0.1312920000000000 Li
EA12    2.446  2.445  4.951 90.04 90.14 60.01 Sym.group:  164
1.0
   1.2238709999999999    2.1174430000000002    0.0050860000000000
  -1.2220370000000000    2.1179109999999999    0.0011470000000000
  -0.0159580000000000   -0.0163780000000000    4.9512000000000000
C F
2 2
direct
   0.5732030000000000    0.5824680000000000    0.4103930000000000 C
   0.2392400000000000    0.2492650000000000    0.3130770000000000 C
   0.5750720000000000    0.5818719999999999    0.6815540000000000 F
   0.2371290000000000    0.2495140000000000    0.0419140000000000 F
EA18    2.822  2.833  4.690 90.32 90.23 60.73 Sym.group:  164
1.0
   1.4439240000000000   -2.4244420000000000    0.0032630000000000
   2.8324150000000001    0.0742730000000000   -0.0098110000000000
  -0.0105710000000000    0.0217840000000000    4.6904250000000003
C P
2 2
direct
   0.9990000000000000    0.9942210000000000    0.3454370000000000 C
   0.9988210000000000    0.9991910000000001    0.6608760000000000 C
   0.3326470000000000    0.3291990000000000    0.1795880000000000 P
   0.6651750000000000    0.6642130000000001    0.8267250000000000 P
EA307   2.968  2.968  4.637 90.00 90.00 60.00 Sym.group:  186
1.0
   2.9680460000000002    0.0000440000000000    0.0000690000000000
   1.4838750000000001    2.5703659999999999   -0.0000850000000000
  -0.0001050000000000    0.0002080000000000    4.6365189999999998
Al N
2 2
direct
   0.3404440000000000    0.3333520000000000    0.1944030000000000 Al
   0.6736060000000000    0.6667860000000000    0.6944030000000000 Al
   0.6737930000000000    0.6666800000000001    0.3048440000000000 N
   0.3402560000000000    0.3334590000000000    0.8048440000000000 N
EA42    2.373  2.438  5.375 90.00 89.98 118.99 Sym.group:  164
1.0
   2.3728449999999999    0.0017580000000000    0.0018850000000000
  -1.1829810000000001    2.1316980000000001    0.0027840000000000
  -0.0026280000000000   -0.0089390000000000    5.3747319999999998
B F
2 2
direct
   0.3318400000000000    0.6786630000000000    0.4160780000000000 B
   0.6593900000000000    0.3319520000000000    0.2351630000000000 B
   0.3325880000000000    0.6808870000000000    0.6559490000000000 F
   0.6586720000000000    0.3293930000000000    0.9952190000000000 F
