NUMBER OF TEMPLATES 25
COMPOSITION A 6 B
pairs , SPACEGROUPS 
[P H] , 123 
[Be B] , 123 
[Be P] , 156 
[P Mg] , 164 
[Li Cl] , 146 
[C Li] , 191 
[C P] , 166 
[Mg P] , 123 
[P F] , 129 
[B S] , 164 
[Be F] , 139 
[Si Na] , 175 
[Na Li] , 148 
[Be Si] , 187 
[H O] , 80 
[Be C] , 129 
[F S] , 148 
[B N] , 160 
[P Be] , 148 
[F Cl] , 162 
[F Cl] , 148 
[Be Al] , 187 
[Li Be] , 148 
[Na Be] , 148 
[Li O] , 139 
RANKING VECTORS ENTHALPIES
0:[-159.96540166 -159.95657468 -159.78193329 -159.78160051 -159.6819996 -159.65623203 -159.64263438 -159.6179116  -159.61601278 -159.61462855 -159.60112651 -159.58646572 -159.57602011 -159.56721443 -159.56671058 -159.55544535 -159.54343432 -159.53164869 -159.5088619  -159.49326773 -159.48929596 -159.46249749 -159.43888622 -159.05585218 -159.05551952] 
1:[-334.59747313 -334.56941216 -334.56591001 -334.55802908 -334.44356013 -334.43714099 -334.42475657 -334.41961668 -334.41606748 -334.38578875 -334.31526784 -334.31449717 -334.30514322 -334.26422296 -334.26387592 -334.23707592 -334.23638075 -334.21835042 -334.12239224 -334.11429146 -334.07646492 -334.07403951 -333.90131839 -333.5213763  -333.20844793] 
2:[-349.68814284 -349.61271309 -349.58771192 -349.58419359 -349.58116381 -349.57276382 -349.57237426 -349.57170732 -349.57078791 -349.52943348 -349.52578474 -349.52448657 -349.51162142 -349.50191811 -349.44824 -349.41725698 -349.39373141 -349.38614078 -349.38072872 -349.37212239 -349.32273212 -349.17132733 -349.07496296 -348.49997406 -348.48926341] 
3:[-388.03355393 -387.96677123 -387.9666289  -387.96352064 -387.9629706 -387.95537549 -387.9365225  -387.92155297 -387.90269105 -387.88775995 -387.87020804 -387.86100512 -387.83964715 -387.72588816 -387.70445278 -387.70419798 -387.69796011 -387.68376797 -387.68376142 -387.68312414 -387.6086831  -387.56033268 -387.51731913 -387.50030701 -387.47885663] 
4:[-228.47737054 -228.46583576 -228.44436438 -228.43563558 -228.43492818 -228.43461974 -228.43408501 -228.43330821 -228.43295593 -228.42787375 -228.40946593 -228.38443025 -228.37320961 -228.37012877 -228.30786267 -228.30617631 -228.29144423 -228.19704911 -228.19704449 -228.1900856 -227.98739694 -227.87169676 -227.86735697 -227.67426313 -227.62481208] 
5:[-166.24683503 -166.14464987 -166.13224285 -165.79053166 -165.7904138 -165.76048232 -165.75847478 -165.71247972 -165.67195794 -165.45499065 -165.22773568 -164.98693409 -164.96469761 -164.66306012 -164.60306747 -164.5438563  -164.41390945 -164.28903031 -164.28743555 -164.28245456 -164.20840365 -164.20517138 -164.19287868 -164.13196408 -163.49659312] 
6:[-165.04354268 -164.87752647 -164.67688382 -164.67566216 -164.11593195 -163.98526304 -163.8505638  -163.67981969 -163.58841063 -163.40071285 -163.36185634 -163.36183994 -163.36166988 -163.2768141  -163.26314484 -163.09255232 -163.07911248 -162.98636582 -162.94171985 -162.6230328 -162.61617025 -162.61613579 -162.58275224 -161.7755617  -161.7755596 ] 
7:[-1406.75094929 -1406.74980982 -1406.74976487 -1406.71570959 -1406.69406493 -1406.65312633 -1406.65024624 -1406.64793188 -1406.64678539 -1406.63966786 -1406.6127971  -1406.58810599 -1406.57532583 -1406.48453734 -1406.4541465  -1406.43263944 -1406.43256402 -1406.41837188 -1406.38174592 -1406.34451827 -1406.33895445 -1406.29750543 -1406.16950768 -1405.79178225 -1405.49476558] 
8:[-253.3823603  -253.35493421 -253.17890404 -253.11831905 -253.08758771 -253.05223276 -253.01825087 -253.00176997 -253.00100656 -252.97239207 -252.95807712 -252.95183337 -252.94492257 -252.92139619 -252.91768491 -252.9129733  -252.83816779 -252.82296368 -252.66980462 -252.63906215 -252.63890569 -252.60359319 -252.56149909 -252.56149779 -250.78330247] 
9:[-108.99788504 -108.89395393 -108.75944525 -108.75788605 -108.75739257 -108.50699039 -108.48282783 -108.48140572 -108.40790974 -108.35453981 -108.18285585 -108.15559804 -108.13220987 -108.12642907 -108.12286684 -108.12102928 -108.12027318 -108.11079833 -107.99193282 -107.97920559 -107.95223485 -107.87124936 -107.85827806 -107.52630615 -107.52489644] 
10:[-419.03524075 -418.77212586 -418.75869539 -418.69873604 -418.63953098 -418.48859264 -418.48356813 -418.48325901 -418.4765452  -418.41646049 -418.40085624 -418.36935852 -418.35903551 -418.35746117 -418.35744272 -418.35673726 -418.35344999 -418.3196359  -418.31962948 -418.31350576 -418.22171055 -418.20903862 -417.89172509 -417.74144958 -417.21415067] 
11:[-271.89909606 -271.83098126 -271.78724805 -271.78055412 -271.75510015 -271.75508524 -271.74822044 -271.74369861 -271.7430349  -271.73094053 -271.72295336 -271.65505197 -271.65411883 -271.63796451 -271.57198411 -271.56761171 -271.56569203 -271.52188084 -271.47643316 -271.47576174 -271.47565984 -271.4672741  -271.40483861 -271.29652759 -271.14844257] 
12:[-1088.20541965 -1088.19091428 -1088.18980769 -1088.18945021 -1088.1309873  -1088.12941248 -1088.11387675 -1088.10997239 -1088.07275562 -1088.07239779 -1088.06605575 -1088.05294475 -1088.05192857 -1088.04896039 -1088.04624185 -1088.04434868 -1088.01748703 -1088.01351444 -1088.00766163 -1088.00660149 -1087.97470595 -1087.97251727 -1087.94750245 -1087.79317309 -1087.71840762] 
13:[-339.19017121 -339.18918485 -339.0659651  -339.04185808 -339.03917982 -339.03902934 -339.03562985 -339.03221613 -339.03160024 -339.02708128 -339.02627863 -339.0250014  -339.02252282 -339.01665902 -338.9545069 -338.91650108 -338.91239215 -338.89608065 -338.88318114 -338.8807901 -338.80637436 -338.80031298 -338.69003439 -338.07176301 -337.87646139] 
14:[-76.59268229 -76.30771169 -76.27765222 -76.13363292 -76.08121985 -76.06790902 -76.06667751 -76.02071496 -76.00132165 -75.92495945 -75.92317328 -75.89359582 -75.86641824 -75.86463289 -75.83711403 -75.83259107 -75.80672886 -75.78658468 -75.78454205 -75.78079092 -75.77852235 -75.74853017 -75.72003927 -75.57071913 -75.54908691] 
15:[-346.60271994 -346.51842249 -346.49697345 -346.47802319 -346.27888026 -346.17326653 -346.16982236 -346.16978093 -346.1564563  -346.14109628 -346.13616349 -346.1171925  -346.11612283 -346.11606506 -346.11378641 -346.10636983 -346.10377126 -346.02003502 -345.99812602 -345.91142864 -345.88601759 -345.88385269 -345.44932951 -345.04184204 -345.01398209] 
16:[-614.66670591 -614.64753116 -614.5963539  -614.59580154 -614.59204073 -614.58902134 -614.58143956 -614.43180881 -613.91276558 -613.21682782 -613.16713785 -613.16613064 -613.15683715 -613.11527311 -612.94139314 -612.88692494 -612.88178689 -612.76686584 -612.75017546 -612.71303029 -612.59107238 -612.50337316 -612.43673042 -612.36978745 -612.10545745] 
17:[-107.00063613 -106.82340769 -106.5045691  -106.49427688 -106.41920186 -106.29658029 -106.29028565 -106.29028564 -106.28769002 -106.28768819 -106.28158133 -105.99814229 -105.95821956 -105.85414143 -105.84147159 -105.83169756 -105.76917062 -105.76122075 -105.70328148 -105.62507872 -105.57293269 -105.57194564 -105.23010807 -105.23010513 -105.18008776] 
18:[-211.7041342  -211.70210492 -211.69468757 -211.68523599 -211.65700613 -211.6528734  -211.61067032 -211.56253497 -211.53930343 -211.48876629 -211.4694749  -211.4687188  -211.45423929 -211.45408546 -211.43643604 -211.41784129 -211.41754094 -211.4128532  -211.40645817 -211.35497001 -211.26261197 -211.24377813 -211.11058182 -211.05530086 -211.05529744] 
19:[-634.0977306  -634.09679259 -634.01568265 -634.01402811 -634.00737485 -634.00482456 -633.83888668 -633.43321671 -633.3376489  -633.32493704 -633.3153569  -633.30771214 -633.29648521 -633.29647416 -633.25257081 -633.25205556 -633.2060366  -633.16782276 -633.16180377 -633.12011716 -633.08749551 -632.97380044 -632.96443975 -632.88779922 -632.86410848] 
20:[-634.0977306  -634.09679259 -634.01568265 -634.01402811 -634.00737485 -634.00482456 -633.83888668 -633.43321671 -633.3376489  -633.32493704 -633.3153569  -633.30771214 -633.29648521 -633.29647416 -633.25257081 -633.25205556 -633.2060366  -633.16782276 -633.16180377 -633.12011716 -633.08749551 -632.97380044 -632.96443975 -632.88779922 -632.86410848] 
21:[-331.73841353 -331.73775415 -331.60634273 -331.58451799 -331.58255235 -331.58220808 -331.57900877 -331.57297957 -331.57261393 -331.57222079 -331.53675348 -331.49631984 -331.48410251 -331.48093911 -331.46181818 -331.41734597 -331.41672179 -331.41595034 -331.38429058 -331.38274791 -331.34414868 -331.22055674 -331.16245473 -330.54685729 -330.23337736] 
22:[-218.79408659 -218.75431369 -218.75404155 -218.75129929 -218.74847832 -218.74750313 -218.74671622 -218.74604914 -218.74064227 -218.73566567 -218.71241983 -218.67250461 -218.6724953  -218.6634245  -218.63369434 -218.61406139 -218.60496912 -218.59869051 -218.57567384 -218.49917871 -218.44690791 -218.44550732 -218.44513451 -218.43152824 -218.38865998] 
23:[-1114.45174094 -1114.44963178 -1114.44802847 -1114.43943801 -1114.4331159  -1114.39282998 -1114.34512852 -1114.33522748 -1114.33491006 -1114.32145699 -1114.31689295 -1114.29657369 -1114.27264688 -1114.26556902 -1114.25978946 -1114.19074607 -1114.18194035 -1114.1645731  -1114.16380947 -1114.15635666 -1114.1428721  -1114.0776963  -1114.07150796 -1114.03399796 -1113.88441588] 
24:[-229.69138992 -229.69026894 -229.65186022 -229.64848166 -229.63787269 -229.63135966 -229.58184756 -229.54980946 -229.54490931 -229.54320613 -229.46121389 -229.46112085 -229.45288111 -229.42401867 -229.4231487 -229.42311025 -229.34903962 -229.2987091  -229.18895852 -229.13409932 -229.04282575 -229.04281608 -229.02014223 -228.66426105 -228.65833449] 
RANKING VECTORS IDX
0:[ 0.  8. 14.  3. 16.  4. 15.  1. 18. 24.  7. 12. 11. 17.  9. 22. 23.  6. 10. 19. 20.  5.  2. 13. 21.] 
1:[15. 24.  7.  1.  3.  4. 22. 12. 23. 18. 13. 21. 14.  2.  6. 16. 17. 10.  9. 20.  8. 19. 11.  5.  0.] 
2:[10.  2. 24.  4. 15.  7. 13.  1. 21. 22. 23. 12.  3. 16. 18.  6. 17. 14. 19. 20.  8.  9. 11.  0.  5.] 
3:[ 3. 23. 22. 18. 12.  2. 11. 19.  4.  8. 14. 20.  0. 15.  1. 16.  7. 13. 21. 24.  9. 17.  6.  5. 10.] 
4:[ 4. 18.  7. 22.  1. 23.  3. 12. 24. 16.  2.  8.  9. 15. 19. 14. 20. 13. 21. 11. 17.  6. 10.  0.  5.] 
5:[ 5.  3.  2. 16.  4. 12. 18. 20.  6. 14. 22. 23. 17. 10. 19.  8. 11.  9. 21. 13.  7. 24. 15.  0.  1.] 
6:[ 3.  6. 16.  4. 14. 18.  5. 17.  2. 19. 23. 22. 12.  8. 11. 10. 20.  0.  9. 24. 13. 21. 15.  1.  7.] 
7:[12. 22. 23.  4. 16.  3.  7. 18.  1. 15. 24.  6.  8. 14. 20. 13. 21. 17. 19. 11. 10.  9.  2.  0.  5.] 
8:[ 8.  0. 11. 18. 16.  4. 17.  3.  5. 10.  6. 19.  2. 23. 12. 22. 20. 14. 24.  7.  1. 15. 13. 21.  9.] 
9:[ 9. 17. 12. 16. 18. 14.  2.  3.  4. 20.  6. 24. 15. 22. 23.  8. 19. 11.  1.  7. 10.  0.  5. 13. 21.] 
10:[10.  8.  3. 17.  4. 24.  7.  1. 15. 20. 19. 14. 12. 22. 23. 16. 18. 13. 21.  6.  9.  2. 11.  0.  5.] 
11:[11.  4.  8.  3. 23. 22. 12. 16.  6. 17. 20. 13. 21. 10. 18.  9. 19. 14.  7. 24.  1. 15.  0.  2.  5.] 
12:[ 4. 12. 22. 23. 11. 20.  3. 16. 21. 13. 17. 18. 10. 14.  8.  0. 19.  9.  7.  1. 15. 24.  6.  2.  5.] 
13:[13. 21.  3. 22. 23. 12. 10. 24. 16.  7.  2. 18.  4. 15. 17.  1. 14.  8.  9.  6. 19. 20. 11.  5.  0.] 
14:[14. 17. 10.  2.  9. 22. 23. 20.  4. 13. 21. 11.  3.  1. 12.  6. 15.  8.  0. 18. 16. 19. 24.  5.  7.] 
15:[15. 24.  7.  1.  2. 20.  4.  3.  8. 19. 18. 12. 23. 16. 22.  6. 10. 14.  9. 17. 13. 21. 11.  0.  5.] 
16:[20. 19. 16.  4. 12. 18. 23.  6.  9. 14.  7.  1. 24. 15. 22. 13. 21.  0.  8. 10.  2. 17. 11.  3.  5.] 
17:[17.  9. 14.  2. 15.  4. 12. 18. 22. 16. 23.  6.  8. 20. 10.  3. 24. 19.  0. 11.  7.  1. 13. 21.  5.] 
18:[23.  4. 18.  3.  8.  0.  2. 11. 16. 20. 24. 19.  7.  1.  9. 15. 22. 12. 14.  6.  5. 17. 10. 13. 21.] 
19:[20. 19. 23. 16.  4. 18.  6. 14. 12.  2. 24.  8.  7.  1. 13. 21. 22.  0. 15.  9. 10. 17. 11.  3.  5.] 
20:[20. 19. 23. 16.  4. 18.  6. 14. 12.  2. 24.  8.  7.  1. 13. 21. 22.  0. 15.  9. 10. 17. 11.  3.  5.] 
21:[13. 21.  4. 22. 23. 16. 12.  1.  7. 24. 15.  3.  6. 18. 14. 19.  2.  8. 17. 10. 20. 11.  9.  5.  0.] 
22:[11. 20. 22. 23. 12. 18. 16.  4.  3.  6.  8. 13. 21. 17. 14.  9.  2.  0. 10. 19.  7. 24.  1.  5. 15.] 
23:[22. 23. 12.  4. 11.  3. 20. 21. 13.  6. 16. 17.  9. 14. 18. 10.  0.  1.  7.  8. 19. 24. 15.  5.  2.] 
24:[15. 24.  3.  1.  7.  4.  9. 18. 14. 19.  2. 20. 16. 22. 23. 12. 17. 11.  8.  6. 13. 21.  5.  0. 10.] 
POSCARS
EA440   3.141 14.468  3.141 89.96 90.00 89.99 Sym.group:  123
1.0
   3.1408459999999998    0.0136340000000000    0.0002050000000000
  -0.0597910000000000   14.4644910000000007   -0.2961840000000000
  -0.0005000000000000    0.0667740000000000    3.1407039999999999
P H
12 2
direct
   0.2383960000000000    0.4239210000000000    0.5031510000000000 P
   0.7383180000000000    0.4239460000000000    0.0030750000000000 P
   0.2390770000000000    0.1105730000000000    0.5081360000000000 P
   0.7389230000000000    0.2680130000000000    0.0051180000000000 P
   0.2389150000000000    0.2679490000000000    0.5052219999999999 P
   0.2382310000000000    0.5801720000000000    0.5034060000000000 P
   0.7382910000000000    0.5802450000000000    0.0034690000000000 P
   0.7390850000000000    0.1106110000000000    0.0081540000000000 P
   0.2381110000000000    0.7362150000000000    0.5038080000000000 P
   0.7376880000000000    0.8937140000000000    0.0048550000000000 P
   0.7380500000000000    0.7362410000000000    0.0039710000000000 P
   0.2376330000000000    0.8936870000000000    0.5049280000000000 P
   0.2404690000000000    0.0021700000000000    0.5069930000000000 H
   0.7398600000000000    0.0022340000000000    0.0075820000000000 H
EA11    4.316  4.316  4.607 90.00 90.00 90.00 Sym.group:  123
1.0
   4.3155880000000000    0.0017740000000000    0.0018440000000000
  -0.0021130000000000    4.3163559999999999    0.0020140000000000
  -0.0019360000000000   -0.0020770000000000    4.6073959999999996
Be B
12 2
direct
   0.2500780000000000    0.6311550000000000    0.2855240000000000 Be
   0.7493430000000000    0.6318340000000000    0.7144060000000000 Be
   0.7498130000000000    0.1315050000000000    0.7143240000000000 Be
   0.2488730000000000    0.1314180000000000    0.2856090000000000 Be
   0.7503150000000000    0.6322800000000000    0.2854820000000000 Be
   0.2494790000000000    0.6323230000000000    0.7143420000000000 Be
   0.2500450000000000    0.1320610000000000    0.7142620000000000 Be
   0.7492160000000000    0.1326030000000000    0.2855690000000000 Be
   0.9996650000000000    0.8819420000000000    0.9999580000000000 Be
   0.4996230000000000    0.3818490000000000    0.9999169999999999 Be
   0.9997220000000000    0.3817580000000000    0.9994990000000000 Be
   0.4995680000000000    0.8820380000000000    0.0002370000000000 Be
   0.9996270000000000    0.3819260000000000    0.5003919999999999 B
   0.4996620000000000    0.8818690000000000    0.4995720000000000 B
EA111   3.158  3.158  5.976 90.07 90.13 60.01 Sym.group:  156
1.0
   3.1582140000000001    0.0026280000000000    0.0011670000000000
   1.5759080000000001    2.7362890000000002    0.0033140000000000
  -0.0153100000000000   -0.0070480000000000    5.9761680000000004
Be P
6 1
direct
   0.8123140000000000    0.0968170000000000    0.4119630000000000 Be
   0.8127440000000000    0.0971250000000000    0.7289720000000000 Be
   0.4815800000000000    0.7635490000000000    0.2176850000000000 Be
   0.1456300000000000    0.4303780000000000    0.6251980000000000 Be
   0.4804000000000000    0.7637690000000000    0.8824330000000000 Be
   0.4789730000000000    0.7636460000000000    0.5526690000000000 Be
   0.8145750000000000    0.0968680000000000    0.0733730000000000 P
EA2     3.047  3.048 10.296 90.00 90.00 60.01 Sym.group:  164
1.0
   3.0470720000000000   -0.0010740000000000   -0.0035240000000000
   1.5244230000000001    2.6390630000000002   -0.0006400000000000
   0.0122250000000000   -0.0040000000000000   10.2957710000000002
P Mg
6 1
direct
   0.2378620000000000    0.9470690000000000    0.2962880000000000 P
   0.5712610000000000    0.2801520000000000    0.4367990000000000 P
   0.9045640000000000    0.6134920000000000    0.5651110000000000 P
   0.2379640000000000    0.9466490000000000    0.7056030000000000 P
   0.9047500000000001    0.6134200000000000    0.1664960000000000 P
   0.5712429999999999    0.2802890000000000    0.8353680000000000 P
   0.2383480000000000    0.9467600000000000    0.0009090000000000 Mg
EA335   5.218  5.234  2.667 99.88 99.55 117.15 Sym.group:  146
1.0
   2.3880479999999999   -3.8880040000000000   -2.5305460000000002
   2.3743129999999999    4.6640280000000001   -0.0010180000000000
   0.4715160000000000   -0.7530200000000000    2.5147330000000001
Li Cl
6 1
direct
   0.4534870000000000    0.0002410000000000    0.0211930000000000 Li
   0.0918160000000000    0.6902340000000000    0.4614010000000000 Li
   0.7166700000000000    0.8534370000000000    0.5605760000000000 Li
   0.1425940000000000    0.0510510000000000    0.2607050000000000 Li
   0.2902480000000000    0.4620510000000000    0.9549800000000001 Li
   0.6817150000000000    0.4272270000000000    0.7425680000000000 Li
   0.8963280000000000    0.2477300000000000    0.2620780000000000 Cl
EA262   4.190  4.190  2.871 89.80 90.07 120.00 Sym.group:  191
1.0
   4.1898140000000001   -0.0003720000000000    0.0019690000000000
  -2.0945670000000001    3.6286849999999999   -0.0058730000000000
  -0.0050900000000000    0.0134780000000000    2.8704820000000000
C Li
6 1
direct
   0.9728040000000000    0.0002550000000000    0.0119840000000000 C
   0.6385310000000000    0.3316930000000000    0.0133540000000000 C
   0.3070950000000000    0.6659960000000000    0.0131560000000000 C
   0.3070880000000000    0.0002590000000000    0.0122710000000000 C
   0.6385390000000000    0.6659990000000000    0.0125200000000000 C
   0.9727980000000001    0.3316940000000000    0.0137040000000000 C
   0.9727600000000000    0.6658060000000000    0.5128290000000000 Li
EA8     3.519  3.519  3.519 95.47 84.53 84.53 Sym.group:  166
1.0
   3.5187300000000001    0.0028120000000000    0.0025980000000000
   0.3326290000000000    3.5030000000000001   -0.0028010000000000
   0.3331730000000000   -0.3657720000000000    3.4838330000000002
C P
6 1
direct
   0.1213300000000000    0.3518460000000000    0.8803790000000000 C
   0.8826400000000000    0.6541250000000000    0.1190740000000000 C
   0.3508420000000000    0.1223230000000000    0.1190620000000000 C
   0.8826380000000000    0.1223360000000000    0.6508690000000000 C
   0.1213180000000000    0.8836480000000000    0.3485830000000000 C
   0.6531250000000000    0.8836310000000001    0.8803730000000000 C
   0.5019870000000000    0.5029830000000000    0.4997240000000000 P
EA273   6.679  3.721  3.846 89.93 90.04 89.99 Sym.group:  123
1.0
   6.6789680000000002   -0.0095210000000000    0.0126110000000000
   0.0060690000000000    3.7206530000000000   -0.0071100000000000
  -0.0098090000000000    0.0123620000000000    3.8463569999999998
Mg P
6 1
direct
   0.8838240000000001    0.9997330000000000    0.0970400000000000 Mg
   0.3073030000000000    0.9992850000000000    0.0973090000000000 Mg
   0.3018340000000000    0.4992400000000000    0.5975700000000000 Mg
   0.5954730000000000    0.4995660000000000    0.0974880000000000 Mg
   0.8889170000000000    0.4998500000000000    0.5970330000000000 Mg
   0.5955570000000000    0.9996170000000000    0.5975890000000000 Mg
   0.0954620000000000    0.4994860000000000    0.0972890000000000 P
EA301  15.167  3.146  3.145 89.99 90.10 90.08 Sym.group:  129
1.0
  15.1646649999999994    0.1674910000000000    0.2153200000000000
  -0.0390970000000000    3.1456680000000001   -0.0021640000000000
  -0.0501540000000000    0.0018990000000000    3.1444500000000000
P F
12 2
direct
   0.2066900000000000    0.1608430000000000    0.6155040000000001 P
   0.0580110000000000    0.6582900000000000    0.1096570000000000 P
   0.0582670000000000    0.1556250000000000    0.6067939999999999 P
   0.5056450000000000    0.1651580000000000    0.6175900000000000 P
   0.3569490000000000    0.6665900000000000    0.1196190000000000 P
   0.3556700000000000    0.1683250000000000    0.6215520000000000 P
   0.2079720000000000    0.6597550000000000    0.1148500000000000 P
   0.6570300000000000    0.6649870000000000    0.1152310000000000 P
   0.6474450000000000    0.1632950000000000    0.6138700000000000 P
   0.5053850000000000    0.6669020000000000    0.1186650000000000 P
   0.9162100000000000    0.6578330000000000    0.1071590000000000 P
   0.9066240000000000    0.1562370000000000    0.6060590000000000 P
   0.7641060000000000    0.6603240000000000    0.1091310000000000 F
   0.7995510000000000    0.1602880000000000    0.6089140000000000 F
EA254   4.474  4.474  5.440 90.01 90.00 60.01 Sym.group:  164
1.0
   2.2399710000000002    3.8723580000000002    0.0005090000000000
  -2.2341940000000000    3.8762650000000001    0.0013740000000000
   0.0013350000000000   -0.0018510000000000    5.4396550000000001
B S
12 2
direct
   0.2574860000000000    0.3721350000000000    0.2530930000000000 B
   0.7490470000000000    0.6264590000000000    0.7418410000000000 B
   0.8761470000000000    0.7534860000000000    0.2531200000000000 B
   0.1303680000000000    0.2450790000000000    0.7418200000000000 B
   0.2045580000000000    0.7005640000000000    0.4407400000000000 B
   0.8019380000000000    0.2980300000000000    0.5542190000000000 B
   0.8761770000000000    0.3720750000000000    0.2531450000000000 B
   0.1304240000000000    0.6264200000000000    0.7417650000000000 B
   0.4058240000000000    0.2980230000000000    0.5541420000000000 B
   0.6007080000000000    0.7005040000000000    0.4407360000000000 B
   0.2045130000000000    0.0967580000000000    0.4408360000000000 B
   0.8019790000000000    0.9017980000000000    0.5541120000000000 B
   0.6699410000000000    0.1659250000000000    0.0726650000000000 S
   0.3365730000000000    0.8326210000000001    0.9222630000000001 S
EA330   2.151  9.728  2.153 95.99 89.70 84.05 Sym.group:  139
1.0
   2.1504240000000001    0.0171400000000000   -0.0477320000000000
   0.9288120000000000    9.6831230000000001   -0.0924960000000000
   0.0605260000000000   -0.2109610000000000    2.1416160000000000
Be F
6 1
direct
   0.3940660000000000    0.7510350000000000    0.1092650000000000 Be
   0.2595630000000000    0.0343700000000000    0.2444450000000000 Be
   0.5233550000000000    0.4776430000000000    0.9793480000000000 Be
   0.6957710000000000    0.1694440000000000    0.8085090000000000 Be
   0.9597560000000001    0.6125389999999999    0.5432790000000000 Be
   0.8252800000000000    0.8957930000000000    0.6783870000000000 Be
   0.6090220000000000    0.3235420000000000    0.8934240000000000 F
EA2     6.433  6.432  4.579 90.00 89.99 120.00 Sym.group:  175
1.0
   3.2559990000000001   -5.5475269999999997    0.0316310000000000
   3.1764839999999999    5.5931870000000004   -0.0371450000000000
   0.0039480000000000    0.0278640000000000    4.5792549999999999
Si Na
12 2
direct
   0.0424270000000000    0.8106000000000000    0.2503090000000000 Si
   0.1905700000000000    0.2354100000000000    0.2492040000000000 Si
   0.7657840000000000    0.9589220000000001    0.2484920000000000 Si
   0.4752420000000000    0.1012250000000000    0.2502110000000000 Si
   0.9001250000000000    0.3778240000000000    0.2508740000000000 Si
   0.6235180000000000    0.5260620000000000    0.2491260000000000 Si
   0.1908520000000000    0.2355480000000000    0.7492040000000000 Si
   0.7660240000000000    0.9591150000000001    0.7484910000000000 Si
   0.0426350000000000    0.8107490000000001    0.7503090000000000 Si
   0.4754760000000000    0.1013990000000000    0.7502100000000000 Si
   0.9002660000000000    0.3779600000000000    0.7508730000000000 Si
   0.6237850000000000    0.5263470000000000    0.7491270000000000 Si
   0.3330870000000000    0.6682660000000000    0.9998440000000000 Na
   0.3330930000000000    0.6682600000000000    0.4998750000000000 Na
EA112   4.568  4.572  4.636 101.14 101.50 100.95 Sym.group:  148
1.0
   4.5664639999999999   -0.0831300000000000   -0.0763150000000000
  -0.7877459999999999    4.5030590000000004   -0.0525580000000000
  -0.8685180000000000   -1.0093909999999999    4.4406629999999998
Na Li
6 1
direct
   0.6149810000000000    0.3246890000000000    0.1879340000000000 Na
   0.1875490000000000    0.6165700000000000    0.3247520000000000 Na
   0.3253980000000000    0.1888850000000000    0.6150450000000000 Na
   0.9104900000000000    0.4813590000000000    0.7737630000000000 Na
   0.7728020000000000    0.9095170000000000    0.4821610000000000 Na
   0.4819260000000000    0.7731590000000000    0.9093230000000000 Na
   0.0485360000000000    0.0487420000000000    0.0486090000000000 Li
EA231   3.809  3.808  3.801 89.97 90.00 60.00 Sym.group:  187
1.0
   1.9103850000000000    3.2947769999999998   -0.0014270000000000
  -1.8982049999999999    3.3015690000000002   -0.0041850000000000
  -0.0050040000000000    0.0045310000000000    3.8014809999999999
Be Si
6 1
direct
   0.5706990000000000    0.4321910000000000    0.1625800000000000 Be
   0.2379670000000000    0.0976180000000000    0.9110050000000000 Be
   0.0728310000000000    0.4280850000000000    0.4110580000000000 Be
   0.0727100000000000    0.9330020000000000    0.4110950000000000 Be
   0.5714310000000000    0.4307190000000000    0.6595190000000000 Be
   0.5679480000000000    0.9329750000000000    0.4109970000000000 Be
   0.9045420000000000    0.7642010000000000    0.9110520000000000 Si
EA180   4.017  4.019  4.013 119.66 60.39 89.40 Sym.group:   80
1.0
   4.0166089999999999   -0.0270710000000000    0.0492860000000000
   0.0697020000000000    4.0186859999999998   -0.0310130000000000
   1.9341800000000000   -1.9970200000000000    2.8936500000000001
H O
12 2
direct
   0.9896370000000000    0.9300900000000000    0.4812010000000000 H
   0.0323770000000000    0.0180090000000000    0.8929360000000000 H
   0.9617980000000000    0.0326450000000000    0.1065750000000000 H
   0.9275200000000000    0.5478490000000000    0.0495180000000000 H
   0.4740280000000000    0.0945550000000000    0.5466820000000000 H
   0.4165490000000000    0.9889670000000000    0.9974610000000000 H
   0.4764250000000000    0.4981260000000000    0.9531990000000000 H
   0.0813290000000000    0.4429510000000000    0.3845880000000000 H
   0.0055490000000000    0.1244650000000000    0.5190380000000000 H
   0.5786249999999999    0.0637380000000000    0.0039290000000000 H
   0.5204090000000000    0.5494450000000000    0.4576840000000000 H
   0.9120720000000000    0.6091320000000000    0.6187530000000000 H
   0.3679320000000000    0.4046310000000000    0.7509650000000000 O
   0.6175380000000000    0.6542570000000000    0.2514370000000000 O
EA401   2.873  2.873 10.089 90.00 90.00 89.98 Sym.group:  129
1.0
   2.8732240000000000   -0.0256900000000000    0.0017980000000000
   0.0266460000000000    2.8731860000000000   -0.0022040000000000
  -0.0066340000000000    0.0083800000000000   10.0892260000000000
Be C
12 2
direct
   0.7267010000000000    0.7319099999999999    0.0006750000000000 Be
   0.2267990000000000    0.2319790000000000    0.0006810000000000 Be
   0.7259460000000000    0.7310050000000000    0.5006730000000000 Be
   0.2258000000000000    0.7312959999999999    0.6406070000000000 Be
   0.7262980000000000    0.2309390000000000    0.3607430000000000 Be
   0.2259690000000000    0.2310240000000000    0.5006690000000000 Be
   0.7258300000000000    0.2313480000000000    0.6497210000000000 Be
   0.2263500000000000    0.7309840000000000    0.3516300000000000 Be
   0.2260220000000000    0.2317800000000000    0.7972610000000000 Be
   0.2267490000000000    0.2312610000000000    0.2040930000000000 Be
   0.7260970000000000    0.7317920000000000    0.7972620000000000 Be
   0.7267880000000000    0.7313330000000000    0.2040940000000000 Be
   0.2264270000000000    0.7318960000000000    0.9012210000000000 C
   0.7267850000000000    0.2316490000000000    0.1001400000000000 C
EA15    4.717  4.763  4.761 94.04 93.68 93.98 Sym.group:  148
1.0
   4.7171789999999998   -0.0292770000000000   -0.0262010000000000
  -0.3011370000000000    4.7535119999999997   -0.0180640000000000
  -0.2812650000000000   -0.3356890000000000    4.7408479999999997
F S
12 2
direct
   0.3140020000000000    0.9504520000000000    0.1414510000000000 F
   0.1905020000000000    0.5515590000000000    0.3587690000000000 F
   0.5548840000000000    0.3621430000000000    0.1883780000000000 F
   0.1408720000000000    0.3087730000000000    0.9498970000000000 F
   0.8635800000000000    0.6932300000000000    0.0503020000000000 F
   0.4496130000000000    0.6398680000000000    0.8117410000000000 F
   0.6904620000000000    0.0515680000000000    0.8587950000000000 F
   0.8140660000000000    0.4505240000000000    0.6413810000000000 F
   0.3636530000000000    0.1932540000000000    0.5503200000000000 F
   0.9496240000000000    0.1398720000000000    0.3118330000000000 F
   0.0549090000000000    0.8622060000000000    0.6884410000000000 F
   0.6409310000000000    0.8088379999999999    0.4498690000000000 F
   0.2522640000000000    0.2510060000000000    0.2501030000000000 S
   0.7522660000000000    0.7510280000000000    0.7500910000000000 S
EA447   2.595  2.597  7.032 90.36 79.47 60.78 Sym.group:  160
1.0
   2.5953480000000000   -0.0078700000000000   -0.0032660000000000
   1.2742899999999999    2.2624260000000000   -0.0083720000000000
   1.2912650000000001   -0.7522880000000000    6.8711820000000001
B N
6 1
direct
   0.6510510000000000    0.7900450000000000    0.2763880000000000 B
   0.9681440000000000    0.6344379999999999    0.8048750000000000 B
   0.4940280000000000    0.8735100000000000    0.5167180000000000 B
   0.8078840000000000    0.7122930000000000    0.0415370000000000 B
   0.2351940000000000    0.4960550000000000    0.3985180000000000 B
   0.3958100000000000    0.4132670000000000    0.1551500000000000 B
   0.3512050000000000    0.9429660000000000    0.7300800000000000 N
EA243   3.800  4.963  4.963 66.28 104.79 75.21 Sym.group:  148
1.0
   3.8000379999999998   -0.0029700000000000   -0.0010090000000000
   1.2696719999999999    2.3983230000000000    4.1554110000000000
  -1.2674500000000000   -2.3984150000000000    4.1558609999999998
P Be
6 1
direct
   0.4602210000000000    0.2644040000000000    0.5882450000000000 P
   0.5483970000000000    0.7241300000000001    0.4209470000000000 P
   0.2784280000000000    0.8479770000000000    0.7344190000000000 P
   0.7301890000000000    0.1405740000000000    0.2747850000000000 P
   0.1319620000000000    0.4108650000000000    0.8582370000000000 P
   0.8766580000000000    0.5777110000000000    0.1509470000000000 P
   0.0043080000000000    0.9942960000000000    0.0045960000000000 Be
EA106   4.043  4.044  3.819 89.99 90.06 119.97 Sym.group:  162
1.0
   4.0429409999999999    0.0002160000000000    0.0157460000000000
  -2.0203799999999998    3.5026259999999998    0.0042680000000000
  -0.0189730000000000   -0.0148100000000000    3.8184589999999998
F Cl
6 1
direct
   0.2835110000000000    0.9509630000000000    0.9001920000000000 F
   0.9506040000000000    0.9508590000000000    0.3968510000000000 F
   0.2830640000000000    0.6155000000000000    0.3968990000000000 F
   0.6153560000000000    0.2828740000000000    0.3971190000000000 F
   0.6158880000000000    0.6155280000000000    0.9000710000000000 F
   0.9512670000000000    0.2835890000000000    0.8999360000000000 F
   0.2832680000000000    0.2831990000000000    0.6485000000000000 Cl
EA108   4.058  4.055  4.460 89.86 63.10 119.94 Sym.group:  148
1.0
   2.0530439999999999   -3.5006370000000002   -0.0041800000000000
   2.0069480000000000    3.5236390000000002   -0.0134100000000000
   2.0505710000000001   -1.1410690000000001    3.7928350000000002
F Cl
6 1
direct
   0.0940950000000000    0.3968520000000000    0.3910630000000000 F
   0.4308650000000000    0.0580740000000000    0.3918960000000000 F
   0.0896670000000000    0.5550610000000000    0.8981700000000000 F
   0.7657580000000000    0.8932610000000000    0.8979440000000000 F
   0.7701290000000000    0.7349980000000000    0.3908310000000000 F
   0.4287690000000000    0.2318430000000000    0.8970720000000000 F
   0.9298570000000000    0.6450000000000000    0.6445070000000001 Cl
EA186   3.841  3.842  3.857 89.99 90.00 60.02 Sym.group:  187
1.0
   3.8408370000000001    0.0016330000000000    0.0087090000000000
   1.9185369999999999    3.3288850000000001    0.0047900000000000
  -0.0084470000000000   -0.0002390000000000    3.8565480000000001
Be Al
6 1
direct
   0.3852330000000000    0.3781160000000000    0.8271760000000000 Be
   0.2208290000000000    0.2123670000000000    0.3267930000000000 Be
   0.7190490000000000    0.7105050000000001    0.5761039999999999 Be
   0.7147530000000000    0.2122300000000000    0.3273040000000000 Be
   0.7187570000000000    0.7103080000000001    0.0780630000000000 Be
   0.2208970000000000    0.7063220000000000    0.3272290000000000 Be
   0.0519270000000000    0.0444810000000000    0.8271050000000000 Al
EA109   3.909  3.883  3.904 80.68 80.37 99.44 Sym.group:  148
1.0
   3.9087939999999999   -0.0259310000000000   -0.0105340000000000
  -0.6112430000000000    3.8350569999999999    0.0022860000000000
   0.6681770000000000    0.7446080000000000    3.7731919999999999
Li Be
6 1
direct
   0.9844720000000000    0.1000130000000000    0.6217630000000000 Li
   0.3997910000000000    0.9479260000000000    0.9214470000000000 Li
   0.6850750000000000    0.5153219999999999    0.7749880000000000 Li
   0.8373070000000000    0.8143400000000000    0.1902070000000000 Li
   0.5520670000000000    0.2468000000000000    0.3369620000000000 Li
   0.2529910000000000    0.6615290000000000    0.4897040000000000 Li
   0.1188610000000000    0.3812300000000000    0.0555490000000000 Be
EA71    5.935  5.943  5.939 68.71 68.83 68.70 Sym.group:  148
1.0
   5.9341470000000003    0.0544980000000000    0.0475170000000000
   2.1071019999999998    5.5566760000000004    0.0402720000000000
   2.0882149999999999    1.4759320000000000    5.3600219999999998
Na Be
12 2
direct
   0.0995780000000000    0.9505680000000000    0.6636780000000000 Na
   0.6698480000000000    0.0942430000000000    0.9502940000000000 Na
   0.9556110000000000    0.6650620000000000    0.0930770000000000 Na
   0.5411520000000000    0.8224740000000000    0.3915870000000000 Na
   0.3977930000000000    0.5355860000000000    0.8211000000000001 Na
   0.8274150000000000    0.3924970000000000    0.5345740000000000 Na
   0.0396480000000000    0.3235220000000000    0.8928779999999999 Na
   0.8976290000000000    0.0365620000000000    0.3226210000000000 Na
   0.3272680000000000    0.8937480000000000    0.0347180000000000 Na
   0.1682390000000000    0.5941530000000000    0.4503040000000000 Na
   0.4549380000000000    0.1646300000000000    0.5929710000000000 Na
   0.5972920000000000    0.4516810000000000    0.1632230000000000 Na
   0.2482610000000000    0.2435550000000000    0.2423060000000000 Be
   0.7476950000000000    0.7439340000000000    0.7425750000000000 Be
EA147   2.909  2.909  6.350 76.93 76.92 89.98 Sym.group:  139
1.0
   2.9089670000000001   -0.0221250000000000    0.0347910000000000
   0.0226270000000000    2.9087900000000002    0.0228770000000000
   1.3749229999999999    1.3783019999999999    6.0441560000000001
Li O
6 1
direct
   0.0008060000000000    0.6713479999999999    0.7546000000000000 Li
   0.5025440000000000    0.1699690000000000    0.7546190000000000 Li
   0.3359060000000000    0.0059700000000000    0.0933940000000000 Li
   0.8368440000000000    0.5047700000000001    0.0934310000000000 Li
   0.1547770000000000    0.3211770000000000    0.4604000000000000 Li
   0.6897910000000000    0.8561630000000000    0.3876110000000000 Li
   0.9191630000000000    0.0880710000000000    0.9240190000000000 O
