NUMBER OF TEMPLATES 17
COMPOSITION A 1 B
pairs , SPACEGROUPS 
[Li N] , 187 
[B Li] , 166 
[Mg S] , 225 
[H Na] , 225 
[C H] , 164 
[Li O] , 187 
[Be F] , 166 
[C Cl] , 166 
[Li Mg] , 123 
[N P] , 160 
[B Be] , 164 
[C F] , 164 
[B N] , 216 
[N Si] , 156 
[H Li] , 225 
[F Na] , 225 
[Al P] , 194 
RANKING VECTORS ENTHALPIES
0:[-237.00077914 -237.00076687 -236.6394628  -236.58333967 -236.58110628 -236.45471104 -236.20627926 -236.11070559 -235.84232211 -235.7325767 -235.72951147 -235.69498922 -235.68845081 -235.68836314 -235.66698317 -235.5038941  -234.7624073 ] 
1:[-135.92404684 -135.86477316 -135.8643729  -135.49640752 -135.31063835 -134.92587482 -134.92328817 -134.91820684 -134.90724364 -134.86158986 -133.94134114 -133.94131362 -133.92906949 -133.91127694 -133.87596793 -133.87592128 -132.64263239] 
2:[-954.74647592 -954.74337734 -954.74282932 -954.73473844 -954.70013071 -954.36191664 -954.36027827 -954.24744465 -954.05180023 -953.95556979 -953.95299992 -953.69499511 -953.63408109 -953.46800643 -953.46748682 -953.4635878  -952.66994142] 
3:[-626.95895239 -626.90002274 -626.89968904 -626.89939226 -626.89847944 -626.84380272 -626.84214916 -626.83923535 -626.68523511 -626.58291026 -626.4993921  -626.4993315  -626.49905519 -626.43143474 -626.43080986 -626.41948004 -626.33224241] 
4:[-88.37504288 -88.37498626 -88.36963553 -88.36086138 -88.35745056 -87.67129334 -86.98828392 -86.87123576 -86.72998022 -86.19247183 -85.88137277 -85.88129756 -85.69717286 -85.67774118 -85.6760759 -85.66179662 -85.63241736] 
5:[-321.00429075 -321.00414578 -320.7897556  -320.78293383 -320.76297936 -320.68570763 -320.67088195 -320.60501066 -320.57559531 -320.575511 -320.57519664 -320.57294526 -320.27343937 -320.27336064 -320.27315641 -320.14485277 -319.89202835] 
6:[-523.51373838 -523.50720415 -523.49671869 -523.46388473 -523.24098359 -523.19929053 -522.92240423 -522.92147211 -522.60902972 -522.60889136 -522.15672496 -521.88999734 -521.88655901 -521.87249778 -521.86843564 -521.86842404 -521.76360538] 
7:[-301.01053368 -300.92843438 -300.87918812 -300.87913862 -300.87809849 -300.18817286 -298.90455875 -298.90433887 -298.89534655 -298.87096138 -298.71257782 -298.68019633 -298.68015152 -298.62844305 -298.61728611 -298.43945129 -297.69420137] 
8:[-901.54131758 -901.38343007 -901.35670739 -901.35604312 -901.34365652 -901.34265518 -901.32891009 -901.30746541 -901.28864344 -901.27126506 -901.17919523 -901.1598401  -901.15972092 -901.15900808 -901.13163625 -901.13033788 -899.86017159] 
9:[-232.20514046 -232.17857727 -231.91656804 -231.75232969 -231.71860721 -231.27653858 -231.2690489  -231.2624685  -231.26213699 -231.2360371 -231.18042603 -231.16609638 -230.97750526 -230.76956667 -230.69926257 -230.66424565 -230.64246034] 
10:[-227.63960071 -227.62667475 -227.62609122 -227.62578313 -227.57734614 -227.4174937  -227.15899068 -227.12669416 -227.09786591 -226.86725877 -226.86723232 -226.80266491 -226.35824826 -226.35781858 -226.31428877 -226.27826522 -225.33693507] 
11:[-414.63787073 -414.63689335 -414.63687678 -414.63223226 -413.53262398 -413.52556287 -413.00238142 -412.98631974 -412.10154079 -411.66722141 -411.49054576 -411.49000792 -410.8304831  -410.82612547 -410.82612211 -410.82438033 -410.1546732 ] 
12:[-180.52723124 -180.08898087 -180.05801735 -180.03708662 -180.00248707 -179.99776052 -179.75454064 -178.93390646 -178.92488791 -178.92472705 -178.9029461  -178.90279682 -178.05781375 -178.05780803 -177.79430882 -177.79386708 -176.74583096] 
13:[-196.19346551 -196.04820212 -196.02268329 -196.01460602 -195.75746735 -195.73108835 -195.7263829  -195.47135386 -195.47134496 -195.46753022 -195.41189504 -195.41176798 -195.39480035 -194.92053614 -194.32392753 -194.31964613 -194.16343237] 
14:[-104.52305936 -104.52256578 -104.52057565 -104.51815025 -104.45580829 -104.45580401 -104.41489689 -104.35098213 -104.33490408 -104.29367736 -104.29357034 -104.29309914 -104.27453946 -104.20573278 -104.10800463 -103.93436219 -103.61464383] 
15:[-955.55901182 -955.45417043 -955.45402021 -955.45393931 -955.45340743 -955.40206655 -955.40102894 -955.38417417 -955.15110122 -955.01340564 -954.90470397 -954.90461938 -954.90386509 -954.85199837 -954.85049077 -954.85005777 -954.59189224] 
16:[-121.74998379 -121.70626233 -121.6750488  -121.6749365  -121.64190352 -121.59949221 -121.54175455 -121.47506464 -121.47499483 -121.358135 -121.30134143 -121.30056951 -121.16701162 -121.16683186 -121.07441206 -120.91088807 -120.79352039] 
RANKING VECTORS IDX
0:[ 5.  0. 13.  6.  7.  8. 16.  1.  9. 10. 11. 14.  3. 15.  2.  4. 12.] 
1:[ 7.  6.  1. 16.  8. 11.  4. 10.  9. 13.  5.  0.  2. 14.  3. 15. 12.] 
2:[14.  3. 15.  2. 16.  0.  5.  8.  9. 10.  4. 13. 12.  6.  1.  7. 11.] 
3:[ 8. 14.  3. 15.  2.  0.  5. 16. 13.  9.  4. 10. 11.  7.  1.  6. 12.] 
4:[ 4. 11. 10.  7.  6. 13.  1.  9. 16.  8.  5.  0. 12. 15.  3.  2. 14.] 
5:[ 5.  0.  8.  7. 13. 16.  6.  2.  3. 14. 15.  9. 10.  4. 11.  1. 12.] 
6:[ 7.  1.  6. 10.  9. 13.  5.  0.  4. 11. 12. 16.  2. 14.  3. 15.  8.] 
7:[ 6.  7.  4. 11. 10. 13.  3. 15. 14.  2.  9.  0.  5. 16.  1.  8. 12.] 
8:[ 8.  1.  0.  5.  6.  7. 16. 10.  9. 13. 14.  3. 15.  2. 11.  4. 12.] 
9:[ 6.  1. 10. 13.  9.  2. 16.  3. 15. 14.  5.  0.  4.  8.  7. 12. 11.] 
10:[ 7. 10. 11.  4. 16.  8.  1. 13.  6.  5.  0.  9.  3. 15. 14.  2. 12.] 
11:[10. 11.  4.  1.  7.  6. 13. 16.  9.  8.  0.  5.  2.  3. 15. 14. 12.] 
12:[12. 10.  9. 13.  6.  1.  7. 14.  3. 15.  2. 16.  0.  5. 11.  4.  8.] 
13:[13.  9.  1.  6. 12. 16. 10.  0.  5. 14.  3. 15.  2.  8. 11.  4.  7.] 
14:[14.  2.  3. 15.  0.  5. 16. 13.  8.  4. 11. 10.  9. 12.  7.  6.  1.] 
15:[ 8. 14.  3.  2. 15.  0.  5. 16. 13.  9.  4. 10. 11.  7.  1.  6. 12.] 
16:[16. 14.  3. 15.  2.  8.  9.  0.  5.  6.  7.  1. 11.  4. 10. 12. 13.] 
POSCARS
EA95    2.819  2.835  3.702 89.97 89.92 119.80 Sym.group:  187
1.0
   2.8190840000000001   -0.0028790000000000   -0.0080200000000000
  -1.4061539999999999    2.4614129999999999   -0.0040410000000000
   0.0159180000000000    0.0177750000000000    3.7024219999999999
N Li
2 2
direct
   0.1551770000000000    0.8194080000000000    0.0768000000000000 N
   0.1540580000000000    0.8185680000000000    0.4189950000000000 N
   0.4866310000000000    0.4827560000000000    0.2473230000000000 Li
   0.8219990000000000    0.1529250000000000    0.7472940000000000 Li
EA7     2.948  2.944  3.616 89.99 66.16 60.06 Sym.group:  166
1.0
   1.4841850000000001    2.5475240000000001    0.0100190000000000
  -1.4640850000000001    2.5535790000000000   -0.0250440000000000
   1.4244509999999999    0.8490500000000000    3.2129509999999999
B Li
2 2
direct
   0.8114250000000000    0.0247860000000000    0.4788280000000000 B
   0.4544910000000000    0.7026990000000000    0.5085790000000000 B
   0.3658470000000000    0.2473590000000000    0.1431600000000000 Li
   0.9000990000000000    0.4801040000000000    0.8442120000000000 Li
EA161   4.663  3.307  3.307 90.00 90.00 90.00 Sym.group:  225
1.0
   4.6632980000000002   -0.0034580000000000    0.0014890000000000
   0.0022380000000000    3.3066650000000002   -0.0021100000000000
  -0.0009630000000000    0.0023220000000000    3.3070949999999999
Mg S
2 2
direct
   0.1267730000000000    0.7812550000000000    0.7745649999999999 Mg
   0.6280880000000000    0.2806070000000000    0.2750160000000000 Mg
   0.1280070000000000    0.2813220000000000    0.2745110000000000 S
   0.6270160000000000    0.7806980000000000    0.7749300000000000 S
EA9     2.754  2.763  3.898 89.91 90.24 90.00 Sym.group:  225
1.0
   2.7536130000000001    0.0003320000000000    0.0059160000000000
  -0.0002510000000000    2.7629459999999999   -0.0025380000000000
  -0.0248570000000000    0.0096260000000000    3.8976380000000002
H Na
2 2
direct
   0.3749810000000000    0.3733480000000000    0.1248950000000000 H
   0.8862890000000000    0.8732330000000000    0.6259860000000000 H
   0.8751960000000000    0.8737360000000000    0.1259200000000000 Na
   0.3859780000000000    0.3737420000000000    0.6251810000000000 Na
EA54    2.431  2.432  3.419 89.93 89.92 60.01 Sym.group:  164
1.0
   2.4311050000000001   -0.0018390000000000   -0.0004700000000000
   1.2170589999999999    2.1050010000000001   -0.0004580000000000
   0.0054850000000000    0.0025470000000000    3.4190719999999999
C H
2 2
direct
   0.3421560000000000    0.8341480000000000    0.8283880000000000 C
   0.6756470000000000    0.1676600000000000    0.6961030000000000 C
   0.6762980000000000    0.1681510000000000    0.3806000000000000 H
   0.3415220000000000    0.8336330000000000    0.1438910000000000 H
EA5     2.791  2.792  3.569 89.82 89.86 60.04 Sym.group:  187
1.0
   1.4297830000000000    2.3968550000000000   -0.0448400000000000
  -1.3630290000000000    2.4357240000000000   -0.0493280000000000
  -0.0070970000000000    0.0812810000000000    3.5685330000000000
O Li
2 2
direct
   0.3330630000000000    0.0810250000000000    0.5309900000000000 O
   0.3322780000000000    0.0798410000000000    0.9545490000000000 O
   0.9994960000000001    0.7465440000000000    0.7427790000000000 Li
   0.6655300000000000    0.4143290000000000    0.2427620000000000 Li
EA83    2.354  2.335  5.556 90.14 102.13 119.49 Sym.group:  166
1.0
   2.3518390000000000   -0.0925950000000000    0.0066780000000000
  -1.0686279999999999    2.0757140000000001    0.0172670000000000
  -1.2107920000000001   -0.6831660000000001    5.3792720000000003
Be F
2 2
direct
   0.4774560000000000    0.3644900000000000    0.3385240000000000 Be
   0.0195150000000000    0.1386650000000000    0.6588619999999999 Be
   0.4619270000000000    0.8595840000000000    0.8206120000000000 F
   0.0351830000000000    0.6438820000000000    0.1767780000000000 F
EA104   2.393  7.779  2.394 90.76 62.10 81.30 Sym.group:  166
1.0
   2.3920650000000001    0.0650340000000000    0.0412650000000000
   0.9647100000000000    7.7172099999999997    0.1542300000000000
   1.0897640000000000   -0.2104310000000000    2.1206930000000002
C Cl
2 2
direct
   0.9111640000000000    0.3648850000000000    0.1786930000000000 C
   0.5753700000000000    0.3649480000000000    0.8429700000000000 C
   0.0196780000000000    0.6956360000000000    0.6201170000000000 Cl
   0.4567960000000000    0.0341320000000000    0.3925650000000000 Cl
EA7     3.625  3.625  3.332 90.00 90.00 90.00 Sym.group:  123
1.0
   3.6252330000000001   -0.0011210000000000    0.0003220000000000
   0.0011950000000000    3.6252190000000000    0.0016460000000000
  -0.0002880000000000   -0.0015150000000000    3.3316040000000000
Mg Li
2 2
direct
   0.6201150000000000    0.6232880000000000    0.6368300000000000 Mg
   0.1202830000000000    0.1232430000000000    0.6365030000000000 Mg
   0.1199110000000000    0.6231380000000000    0.1366970000000000 Li
   0.6202810000000000    0.1232470000000000    0.1366900000000000 Li
EA529   2.561  2.559  5.912 77.58 78.10 60.03 Sym.group:  160
1.0
   2.5607280000000001    0.0000380000000000   -0.0246500000000000
   1.2788020000000000    2.2168630000000000    0.0246440000000000
   1.2743110000000000    0.6686330000000000    5.7338550000000001
N P
2 2
direct
   0.9175040000000000    0.6682970000000000    0.0946340000000000 N
   0.4847860000000000    0.2216280000000000    0.4233240000000000 N
   0.2050600000000000    0.9493170000000000    0.2460650000000000 P
   0.3944400000000000    0.1169940000000000    0.7248840000000000 P
EA245   2.766  2.767  3.637 90.04 90.12 61.32 Sym.group:  164
1.0
   2.7660790000000000   -0.0258580000000000   -0.0020680000000000
   1.3504849999999999    2.4147609999999999   -0.0082960000000000
  -0.0049130000000000    0.0122750000000000    3.6371820000000001
B Be
2 2
direct
   0.0054240000000000    0.9968560000000000    0.3645330000000000 B
   0.6704410000000000    0.6611390000000000    0.1543400000000000 B
   0.0075860000000000    0.9983230000000000    0.8967300000000000 Be
   0.6683190000000000    0.6596810000000000    0.6221790000000000 Be
EA12    2.446  2.445  4.951 90.04 90.14 60.01 Sym.group:  164
1.0
   1.2238709999999999    2.1174430000000002    0.0050860000000000
  -1.2220370000000000    2.1179109999999999    0.0011470000000000
  -0.0159580000000000   -0.0163780000000000    4.9512000000000000
C F
2 2
direct
   0.5732030000000000    0.5824680000000000    0.4103930000000000 C
   0.2392400000000000    0.2492650000000000    0.3130770000000000 C
   0.5750720000000000    0.5818719999999999    0.6815540000000000 F
   0.2371290000000000    0.2495140000000000    0.0419140000000000 F
EA97    4.276  2.469  2.469 119.97 73.24 106.76 Sym.group:  216
1.0
   4.2761579999999997    0.0215250000000000    0.0394400000000000
  -0.7002260000000000    1.2684359999999999   -1.9996860000000001
   0.6871410000000000    1.2016739999999999    2.0448279999999999
N B
2 2
direct
   0.6083840000000000    0.6889510000000000    0.8151490000000000 N
   0.1083840000000000    0.1885460000000000    0.3157960000000000 N
   0.9834430000000000    0.8135540000000000    0.6908970000000000 B
   0.4834420000000000    0.3139750000000000    0.1902190000000000 B
EA255   2.808  7.269  2.809 89.99 119.98 90.01 Sym.group:  156
1.0
   1.4083650000000001   -0.0007640000000000    2.4297300000000002
   0.0079270000000000    7.2686140000000004   -0.0038130000000000
  -2.8088030000000002    0.0037370000000000    0.0056440000000000
N Si
3 3
direct
   0.5507530000000000    0.1724370000000000    0.9972450000000000 N
   0.8840190000000000    0.9074050000000000    0.6634409999999999 N
   0.8834540000000000    0.4380670000000000    0.6644550000000000 N
   0.8841000000000000    0.1756560000000000    0.6637750000000000 Si
   0.2167830000000000    0.5436650000000000    0.3309670000000000 Si
   0.5505630000000000    0.8060200000000000    0.9970550000000000 Si
EA5     2.359  2.360  4.082 106.80 90.01 60.03 Sym.group:  225
1.0
   1.1935640000000001   -2.0350649999999999   -0.0041010000000000
   2.3600629999999998    0.0172160000000000    0.0214400000000000
  -1.2097329999999999   -0.7161810000000000    3.8327450000000001
H Li
2 2
direct
   0.6184950000000000    0.7575160000000000    0.3815790000000000 H
   0.1190320000000000    0.7566050000000000    0.8816970000000000 H
   0.8690400000000000    0.2571020000000000    0.6313450000000000 Li
   0.3686920000000000    0.2571480000000000    0.1312920000000000 Li
EA1     2.891  2.880  4.081 89.57 90.09 90.00 Sym.group:  225
1.0
   2.8911319999999998   -0.0003270000000000    0.0019110000000000
   0.0002030000000000    2.8802469999999998   -0.0082450000000000
  -0.0088840000000000    0.0424570000000000    4.0804640000000001
F Na
2 2
direct
   0.3711040000000000    0.8696680000000000    0.9639440000000000 F
   0.8750260000000000    0.3707220000000000    0.4635940000000000 F
   0.8712290000000000    0.3703310000000000    0.9633980000000000 Na
   0.3753950000000000    0.8713330000000000    0.4642500000000000 Na
EA40    3.302  3.304  5.255 90.00 90.00 119.97 Sym.group:  194
1.0
   3.3019690000000002    0.0002330000000000   -0.0010690000000000
  -1.6505240000000001    2.8620000000000001   -0.0003000000000000
   0.0014970000000000    0.0013480000000000    5.2548159999999999
Al P
2 2
direct
   0.9987549999999999    0.0054590000000000    0.9985550000000000 Al
   0.9988020000000000    0.0054790000000000    0.4985540000000000 Al
   0.6655219999999999    0.3390830000000000    0.7485600000000000 P
   0.3320310000000000    0.6718530000000000    0.2485520000000000 P
