NUMBER OF TEMPLATES 42
COMPOSITION A 4 B
pairs , SPACEGROUPS 
[Al S] , 87 
[O Mg] , 140 
[Na Cl] , 139 
[Li P] , 166 
[Cl Si] , 215 
[S Cl] , 123 
[Al O] , 156 
[Na B] , 87 
[Li Al] , 87 
[Mg H] , 121 
[Mg O] , 123 
[Li H] , 156 
[O B] , 119 
[Mg S] , 87 
[O Li] , 127 
[P Mg] , 83 
[O Li] , 123 
[Be C] , 129 
[Be Li] , 166 
[Na H] , 221 
[Mg Al] , 87 
[Li Si] , 166 
[Al F] , 160 
[S Mg] , 140 
[C F] , 166 
[Mg C] , 221 
[Li Be] , 87 
[F C] , 137 
[Na S] , 194 
[C B] , 166 
[Mg Si] , 87 
[Be S] , 156 
[Li Cl] , 129 
[N Na] , 123 
[Na C] , 87 
[P F] , 139 
[Al Cl] , 156 
[Li O] , 141 
[H O] , 141 
[Al N] , 164 
[H C] , 121 
[Be H] , 87 
RANKING VECTORS ENTHALPIES
0:[-106.44808029 -106.30564813 -106.2896813  -106.28290476 -106.28191875 -106.26023819 -106.1945363  -106.17738701 -106.16363534 -106.16359838 -106.14804933 -106.14696319 -106.14039444 -106.11987957 -106.08945696 -106.08341491 -106.07619056 -106.02849574 -105.96809748 -105.94127179 -105.91147092 -105.91146686 -105.89434477 -105.85091381 -105.80562751 -105.77398069 -105.75768012 -105.71321686 -105.71081666 -105.68865753 -105.68089565 -105.67331803 -105.64558134 -105.62679163 -105.47011677 -105.42073071 -105.38290843 -105.36565838 -105.34170245 -105.27411234 -105.02341286 -105.01200804] 
1:[-679.5476442  -679.54650614 -679.47685351 -679.38445853 -679.38194573 -679.37014175 -679.14633675 -679.14421689 -679.05567307 -678.98085257 -678.90560236 -678.76522875 -678.76492055 -678.76485851 -678.72940159 -678.71899181 -678.71718518 -678.71249109 -678.6933379  -678.6075412 -678.56231872 -678.55648901 -678.53035055 -678.5118381  -678.46052733 -678.45609995 -678.40235212 -678.40015031 -678.37989408 -678.3682117 -678.35291696 -678.25064446 -678.22109208 -678.18798814 -678.13204777 -678.09095164 -677.74241602 -677.60188916 -677.32066461 -677.3120072 -677.2201539  -677.21878488] 
2:[-1079.12502251 -1079.03710258 -1078.98372173 -1078.98367667 -1078.98366979 -1078.98363865 -1078.98361896 -1078.98120095 -1078.93438289 -1078.92217441 -1078.91314872 -1078.90742059 -1078.89380289 -1078.8937603  -1078.88616604 -1078.88582842 -1078.88253988 -1078.88011984 -1078.86017346 -1078.84964195 -1078.83865655 -1078.83858456 -1078.83739423 -1078.83535729 -1078.82187417 -1078.79380507 -1078.79375607 -1078.79368538 -1078.77196515 -1078.74426341 -1078.69986106 -1078.69963981 -1078.67780837 -1078.67209513 -1078.56126462 -1078.55179902 -1078.46849784 -1078.31727263 -1078.20038626 -1078.19978305 -1078.19524564 -1077.76924977] 
3:[-191.78804172 -191.77986424 -191.776555   -191.7273945  -191.72682906 -191.72666701 -191.72632501 -191.72630656 -191.72611094 -191.70609937 -191.67072381 -191.49764177 -191.4928208  -191.46976196 -191.28315612 -191.24198815 -191.22846902 -191.16019437 -191.15952353 -191.15576665 -191.12014641 -191.11690881 -191.11427609 -191.03833059 -191.03316453 -191.02207099 -191.01942217 -190.98754756 -190.93698882 -190.92351966 -190.87973864 -190.86831186 -190.85348846 -190.75877984 -190.72894677 -190.72318325 -190.72116485 -190.58744613 -190.55196398 -190.55170488 -190.54812463 -190.45996473] 
4:[-375.53115682 -375.52329399 -375.51619773 -375.49951737 -375.39735511 -375.34514607 -375.11046912 -375.08667457 -375.0848051  -375.08177091 -375.07338999 -375.01600544 -375.00624379 -375.00590453 -374.96201417 -374.96025589 -374.93524377 -374.93370332 -374.92532665 -374.90218773 -374.8468678  -374.8339707  -374.745072   -374.70573696 -374.67856138 -374.64866191 -374.63695898 -374.6144519  -374.58753778 -374.553393 -374.53961195 -374.53465792 -374.51096362 -374.50136007 -374.50046905 -374.44264823 -374.43089986 -374.40576348 -374.38158525 -374.32770389 -374.24754171 -374.09655275] 
5:[-324.24151181 -324.22391522 -324.20437802 -324.19716156 -324.1963601 -324.18961027 -324.16335686 -324.16172894 -324.15946361 -324.15477033 -324.15129197 -324.15077272 -324.14788183 -324.14155848 -324.12368741 -324.12296506 -324.1209777  -324.11832007 -324.11812835 -324.11775029 -324.10639842 -324.08913164 -324.08743286 -324.07729422 -324.05999611 -324.01578499 -324.01098639 -323.93247389 -323.92491576 -323.82837658 -323.79576221 -323.79020937 -323.7441928  -323.66835167 -323.64973245 -323.59259983 -323.58151929 -323.51841334 -323.51239739 -323.23742564 -322.83901176 -322.83345457] 
6:[-137.03235476 -136.95345751 -136.9439749  -136.94074554 -136.84177976 -136.78328178 -136.77835837 -136.77419961 -136.69453463 -136.68405962 -136.67830426 -136.65712246 -136.63333309 -136.61356415 -136.53641249 -136.52021106 -136.515195   -136.51102271 -136.50778484 -136.50606624 -136.50319994 -136.47691913 -136.47684392 -136.44708291 -136.43549979 -136.42754344 -136.42746087 -136.42565906 -136.38775502 -136.37484469 -136.34502415 -136.30747176 -136.20476666 -136.16806431 -136.11348073 -136.06687817 -136.06549992 -136.06464707 -135.91588919 -135.63984895 -135.63823817 -135.63804536] 
7:[-1005.54602643 -1005.51754321 -1005.49033994 -1005.48924029 -1005.4859544  -1005.48575769 -1005.48528015 -1005.48506127 -1005.4832851  -1005.48019865 -1005.47141453 -1005.46126358 -1005.45037259 -1005.35574219 -1005.2820106  -1005.24015969 -1005.21829064 -1005.10898273 -1005.10887545 -1005.06387477 -1005.05970642 -1005.05137903 -1005.04967451 -1005.02653982 -1005.02590662 -1005.01481799 -1005.01062699 -1005.00725183 -1004.97783153 -1004.96647553 -1004.94993408 -1004.88543438 -1004.88489834 -1004.80089011 -1004.78745164 -1004.7068017 -1004.67671929 -1004.67067582 -1004.57184182 -1004.56689344 -1004.53542514 -1004.33395524] 
8:[-165.90497052 -165.90494831 -165.89896047 -165.89792006 -165.89736696 -165.89427129 -165.89250986 -165.88645793 -165.87932577 -165.86849466 -165.86663053 -165.86367381 -165.85226843 -165.84507907 -165.77048037 -165.68336176 -165.68242809 -165.67445313 -165.64293188 -165.62925173 -165.57010896 -165.54985258 -165.5492589  -165.48387644 -165.48344299 -165.4759049  -165.46655566 -165.46432971 -165.44009536 -165.43613094 -165.40665516 -165.37749371 -165.37050561 -165.36877147 -165.32934061 -165.30341703 -165.27986315 -165.24568439 -165.06766559 -165.03650324 -164.48826352 -164.48194763] 
9:[-1291.30737528 -1291.28887844 -1291.27443879 -1291.26993907 -1291.26582453 -1291.25310851 -1291.25265341 -1291.22380371 -1291.22212767 -1291.21673436 -1291.21530634 -1291.20912848 -1291.20678124 -1291.11164415 -1291.10650763 -1291.09041013 -1291.09022917 -1291.08724542 -1291.08680459 -1291.03855528 -1291.03793862 -1290.99728587 -1290.99708033 -1290.99668462 -1290.99545169 -1290.99486618 -1290.99266186 -1290.99119512 -1290.98557726 -1290.97452574 -1290.93876935 -1290.89495035 -1290.89443593 -1290.8702342  -1290.79885253 -1290.79399206 -1290.69613443 -1290.63955588 -1290.63577759 -1290.6343885 -1290.0461981  -1290.02505674] 
10:[-1378.66343482 -1378.66142867 -1378.60219197 -1378.58405103 -1378.50923343 -1378.50200931 -1378.50022071 -1378.49567976 -1378.49536983 -1378.45024833 -1378.34301807 -1378.34286866 -1378.34277139 -1378.34275159 -1378.3311553  -1378.32261789 -1378.31758734 -1378.29959831 -1378.20353873 -1378.14073701 -1378.13954302 -1378.1307683  -1378.11859434 -1378.10829245 -1378.10397381 -1378.06418063 -1378.02367626 -1378.02125004 -1378.01091755 -1377.98599518 -1377.91487227 -1377.88846404 -1377.88777611 -1377.88493306 -1377.86425315 -1377.86142647 -1377.61939367 -1377.18950168 -1376.96068516 -1376.9481694 -1376.80090566 -1375.9052073 ] 
11:[-157.19938387 -157.195806   -157.19534871 -157.19387246 -157.18619761 -157.18516892 -157.18412032 -157.18337937 -157.17898069 -157.17610858 -157.17395461 -157.16450336 -157.16358264 -157.16303067 -157.1573965 -157.15509016 -157.15469259 -157.15453929 -157.15435778 -157.15272668 -157.14308549 -157.1378645  -157.13015997 -157.11849975 -157.10877469 -157.10196679 -157.09747742 -157.08907496 -157.07979696 -157.03044892 -157.00812883 -156.99415952 -156.99259521 -156.99183173 -156.975928 -156.97294333 -156.972721   -156.96337362 -156.95845665 -156.94117877 -156.89275215 -156.22875586] 
12:[-372.53879588 -372.45032431 -371.80225671 -371.79750126 -371.79083716 -371.78350316 -371.7709348  -371.74317339 -371.71737317 -371.71592432 -371.67686396 -371.64493495 -371.60981038 -371.57805177 -371.56526537 -371.55779716 -371.53675257 -371.51718922 -371.4109369  -371.40811296 -371.40432928 -371.38092166 -371.36786213 -371.36726622 -371.3300822 -371.32814606 -371.32609766 -371.30942633 -371.29201426 -371.26465018 -371.22487978 -371.16364234 -371.03814958 -371.03275668 -370.93650409 -370.91915759 -370.9025325  -370.87147171 -370.69936709 -370.65753548 -370.5077318  -370.50504987] 
13:[-1347.9392749  -1347.85281303 -1347.85263334 -1347.85263272 -1347.85230063 -1347.85192518 -1347.85063987 -1347.84772065 -1347.84506992 -1347.72647357 -1347.66698724 -1347.64705335 -1347.64596165 -1347.6459119  -1347.61489458 -1347.59941061 -1347.59787464 -1347.57637878 -1347.54732043 -1347.51305228 -1347.49810234 -1347.49422176 -1347.48010384 -1347.46259394 -1347.45408749 -1347.44904644 -1347.42556668 -1347.41822861 -1347.3916001  -1347.37714623 -1347.26812395 -1347.26811443 -1347.26781472 -1347.26172128 -1347.08403181 -1347.08216679 -1347.07458922 -1347.01354178 -1346.52622776 -1346.37453464 -1345.73114153 -1345.33421529] 
14:[-395.52209765 -395.52030747 -395.4844945  -395.43637057 -395.39758577 -395.25399147 -395.18389232 -395.09182313 -395.09018728 -394.96675368 -394.75914678 -394.68736452 -394.61252929 -394.61225968 -394.5854132 -394.50083863 -394.46829031 -394.46292427 -394.46205414 -394.45197304 -394.39298561 -394.38548855 -394.35500512 -394.33775171 -394.32152909 -394.29249736 -394.27714476 -394.23238881 -394.21886528 -394.18542368 -394.18251828 -394.14697405 -394.1438378  -394.12483098 -394.04065975 -393.78771686 -393.77254346 -393.63046999 -393.57151464 -393.41510185 -393.41235844 -393.03802061] 
15:[-470.1840981  -469.57124978 -469.57055501 -469.57035352 -469.55808041 -469.49350342 -469.4160411  -469.40118007 -469.39507329 -469.3786607 -469.37402632 -469.37333724 -469.34175989 -469.32538915 -469.32254515 -469.31550427 -469.31225123 -469.30837471 -469.29942465 -469.29871737 -469.29742764 -469.28158028 -469.25240026 -469.25041335 -469.24358651 -469.23289455 -469.22756543 -469.20639142 -469.1999095  -469.18386846 -469.11654754 -469.02881826 -469.01689829 -468.97412331 -468.96232585 -468.82209877 -468.71648019 -468.58463571 -468.56422884 -468.29197515 -467.37669609 -467.3752121 ] 
16:[-395.52209765 -395.52030747 -395.4844945  -395.43637057 -395.39758577 -395.25399147 -395.18389232 -395.09182313 -395.09018728 -394.96675368 -394.75914678 -394.68736452 -394.61252929 -394.61225968 -394.5854132 -394.50083863 -394.46829031 -394.46292427 -394.46205414 -394.45197304 -394.39298561 -394.38548855 -394.35500512 -394.33775171 -394.32152909 -394.29249736 -394.27714476 -394.23238881 -394.21886528 -394.18542368 -394.18251828 -394.14697405 -394.1438378  -394.12483098 -394.04065975 -393.78771686 -393.77254346 -393.63046999 -393.57151464 -393.41510185 -393.41235844 -393.03802061] 
17:[-334.33467871 -334.23271823 -334.17267626 -334.01801855 -333.94431496 -333.93726008 -333.88470384 -333.87963085 -333.86806953 -333.8379655 -333.80682442 -333.79387206 -333.78338683 -333.77892728 -333.76953926 -333.76696557 -333.75771432 -333.75756141 -333.75629359 -333.75624681 -333.75439337 -333.75438406 -333.75346221 -333.7358439  -333.72726473 -333.71943296 -333.71392003 -333.6744082  -333.64993579 -333.61652274 -333.60145996 -333.57994042 -333.5791375  -333.484507   -333.41476898 -333.41162376 -333.371198   -333.35373759 -333.3503845  -333.30567497 -333.24984694 -332.97539078] 
18:[-340.48712376 -340.44641306 -340.44094699 -340.43028349 -340.41951654 -340.41935654 -340.41720626 -340.39451411 -340.39283913 -340.3842888 -340.38262782 -340.38176793 -340.36979112 -340.3432648  -340.30100985 -340.27769122 -340.27750901 -340.19852785 -340.17344922 -340.14535152 -340.02110477 -340.00218932 -339.86943652 -339.79179376 -339.7394623 -339.71615042 -339.68982614 -339.67094833 -339.60901424 -339.60377024 -339.5856894  -339.49283156 -339.48690712 -339.46379938 -339.43891487 -339.41227068 -339.35389188 -339.32360695 -339.280955   -339.27890837 -338.99614625 -338.99430148] 
19:[-993.25567551 -993.23577135 -993.22309455 -993.22035474 -993.22003073 -993.22001018 -993.21998225 -993.21963858 -993.21777782 -993.18284671 -993.18014151 -993.17620751 -993.17565923 -993.17561125 -993.1586603 -993.1289285  -993.12827662 -993.12726132 -993.1218471  -993.12148053 -993.11867012 -993.11852716 -993.10639352 -993.08143588 -993.07876329 -993.07572681 -993.06031868 -993.05346488 -993.04866972 -993.02855431 -993.01122769 -993.00807285 -992.99918254 -992.99199082 -992.97301844 -992.91641495 -992.90255623 -992.88680569 -992.73001311 -992.56994736 -992.36918648 -992.32931435] 
20:[-1300.0226545  -1300.01953449 -1300.01868645 -1300.00912348 -1300.0091123  -1300.00656851 -1300.00445106 -1299.99144096 -1299.99098974 -1299.99024468 -1299.98921511 -1299.98843328 -1299.98680756 -1299.98192899 -1299.94314244 -1299.84985173 -1299.77688074 -1299.75334762 -1299.74005243 -1299.67373129 -1299.65325629 -1299.6099536  -1299.57564321 -1299.52611593 -1299.46075642 -1299.45845172 -1299.45093034 -1299.30573106 -1299.3029338  -1299.29894591 -1299.24722404 -1299.0712842 -1299.07124124 -1299.07078162 -1299.00187648 -1298.79365671 -1298.67836978 -1298.59880466 -1298.59803188 -1298.52440758 -1298.21670805 -1297.88865766] 
21:[-176.71434272 -176.71334964 -176.7128306  -176.71102541 -176.70869927 -176.70868414 -176.70770606 -176.70585517 -176.64127476 -176.62533065 -176.62423733 -176.60784124 -176.596634   -176.45019126 -176.37200708 -176.32217156 -176.29105924 -176.23776186 -176.22105076 -176.17124844 -176.12949102 -176.12877351 -176.12690132 -176.12222234 -176.11810413 -176.1180925  -176.09732944 -176.08691789 -176.0838132  -176.04228255 -176.03561737 -175.99925114 -175.99087987 -175.94020926 -175.93639072 -175.88269649 -175.75596205 -175.73518281 -175.61209762 -175.54601348 -175.30087694 -175.29477118] 
22:[-181.39875653 -180.91385825 -180.79287189 -180.69166599 -180.69007402 -180.6103754  -180.57659561 -180.52762205 -180.51595031 -180.47600903 -180.47143194 -180.47108555 -180.46835623 -180.46605024 -180.42741763 -180.42636169 -180.42413091 -180.42304366 -180.41666165 -180.41539664 -180.41506863 -180.40940905 -180.39869372 -180.39695991 -180.37138742 -180.34773475 -180.34607656 -180.24922975 -180.0925926  -180.08566897 -180.05617932 -180.05487673 -180.02304499 -180.01965067 -179.96224317 -179.94536669 -179.93976308 -179.88385659 -179.73651831 -179.48203845 -179.47261592 -179.47032152] 
23:[-558.85494222 -558.78234333 -558.77238656 -558.73725509 -558.6946057 -558.6537644  -558.65082822 -558.6275269  -558.61763192 -558.60885571 -558.60551594 -558.60249867 -558.60126529 -558.59118709 -558.55969164 -558.55158827 -558.54758041 -558.54359438 -558.54251514 -558.53437457 -558.53159362 -558.53000397 -558.49036927 -558.44116562 -558.39714485 -558.38831898 -558.36728876 -558.3438339  -558.3429002  -558.32252256 -558.3215557  -558.28801719 -558.26089716 -558.22456296 -558.19496417 -558.10780366 -558.04047788 -557.79690709 -557.38499364 -557.384467 -557.29812186 -557.10774103] 
24:[-262.89293626 -262.63428112 -262.57058389 -262.50070857 -262.42428928 -262.41838898 -262.36509832 -262.34986286 -261.84485239 -261.79864848 -261.77199993 -261.69216374 -261.53778791 -261.1353392  -261.12339099 -261.09884243 -261.09578183 -261.09494252 -261.03830034 -260.94482299 -260.92519402 -260.73273559 -260.64586143 -260.62562298 -260.62483869 -260.6072649  -260.47494353 -260.39724975 -260.36969538 -260.33593492 -260.25414944 -259.72827719 -259.72439807 -259.70571319 -259.37317814 -259.35579965 -259.32996377 -259.23715403 -259.23122014 -258.99381938 -257.51166595 -257.50512565] 
25:[-1320.70808478 -1320.68447998 -1320.60093933 -1320.59261414 -1320.46074021 -1320.45622054 -1320.45507243 -1320.45196845 -1320.44906805 -1320.4483567  -1320.44655496 -1320.44639352 -1320.4462699  -1320.44563062 -1320.44524687 -1320.44262605 -1320.43594334 -1320.42252101 -1320.42161493 -1320.40159387 -1320.40008654 -1320.38926809 -1320.37360414 -1320.36428936 -1320.34813804 -1320.32600291 -1320.31573624 -1320.28996422 -1320.28986122 -1320.28922878 -1320.2738512  -1320.22326305 -1320.19021145 -1319.9311564  -1319.89231698 -1319.8066037 -1319.72702594 -1319.68987868 -1319.56658874 -1319.28441014 -1319.09287122 -1319.05643452] 
26:[-229.32310054 -229.32007325 -229.31513578 -229.31399045 -229.31397753 -229.31309729 -229.31134828 -229.30976922 -229.30939438 -229.30870984 -229.3078797  -229.30669556 -229.29880439 -229.2983405  -229.28261231 -229.25716274 -229.22573363 -229.20261712 -229.19501754 -229.17181786 -229.16517545 -229.14586984 -229.10330924 -229.10222199 -229.08558892 -229.08014419 -229.04274659 -228.98964093 -228.97050411 -228.95569073 -228.92104909 -228.91035521 -228.89109266 -228.84595232 -228.8185064 -228.79938636 -228.7851584  -228.77931965 -228.71326651 -228.48300185 -228.48146878 -228.26316719] 
27:[-566.5898853  -566.586124   -566.58602565 -566.54989536 -566.37438985 -565.53041348 -565.38073974 -565.31459653 -565.30493926 -565.19518868 -565.09960577 -565.09353906 -564.97802259 -564.68354116 -564.65978248 -564.60026413 -564.43307316 -564.43122239 -564.4166486  -564.35909995 -564.35883635 -564.33112763 -564.32837205 -564.2541517  -564.25085567 -564.22881722 -564.20305596 -564.20121519 -564.19707205 -564.17712352 -564.1443412  -564.14192917 -564.13606884 -564.08699742 -564.07711575 -564.04565921 -563.90010443 -563.85925339 -563.82563805 -563.81916696 -563.73388283 -563.5792354 ] 
28:[-1050.1137147  -1050.11367357 -1050.1136578  -1050.11365592 -1050.11365485 -1050.10900554 -1050.09518417 -1050.08957929 -1050.08541639 -1050.07465736 -1050.04846365 -1050.04382935 -1050.03704097 -1050.03575984 -1050.01578917 -1049.88408228 -1049.86972756 -1049.84779717 -1049.83290258 -1049.83257508 -1049.82930673 -1049.74614381 -1049.74599792 -1049.74598098 -1049.65624282 -1049.60122751 -1049.58106072 -1049.58091248 -1049.50466845 -1049.49912328 -1049.49715026 -1049.40362588 -1049.35351565 -1049.35304203 -1049.33084713 -1049.21870208 -1049.08542995 -1048.985217   -1048.98495683 -1048.83572406 -1048.79470411 -1048.62974527] 
29:[-145.00817193 -144.78306064 -144.72845407 -144.53923803 -144.48770025 -144.3832353  -143.90708473 -143.7792548  -143.73124673 -143.65301664 -143.59306883 -143.591899   -143.56858056 -143.56771865 -143.50371604 -143.31183569 -143.2957323  -143.28231225 -143.1658542  -143.15591186 -143.15346397 -143.13050392 -143.10367169 -143.10364649 -143.09963155 -143.05924243 -142.96630969 -142.95729478 -142.95573773 -142.91876896 -142.87406533 -142.74046856 -142.72267832 -142.61474963 -142.60647319 -142.47910363 -142.44218651 -142.43921116 -142.42618361 -142.32148817 -141.54838497 -141.54770367] 
30:[-1310.56618213 -1310.56571229 -1310.56527407 -1310.56526182 -1310.55785626 -1310.55674908 -1310.5550338  -1310.53829722 -1310.53182088 -1310.53104061 -1310.51611457 -1310.4979414 -1310.48779974 -1310.46113752 -1310.44015495 -1310.42053948 -1310.39675407 -1310.34711251 -1310.30498072 -1310.24293686 -1310.14954745 -1310.11629996 -1310.11358505 -1310.10797949 -1310.10622897 -1310.08797123 -1310.04217256 -1310.03147534 -1310.02378325 -1310.01025213 -1309.97844886 -1309.76858121 -1309.7670909  -1309.7602439  -1309.7292773  -1309.50580897 -1309.33834956 -1309.33460004 -1309.33425536 -1309.25853256 -1309.02535959 -1308.74367626] 
31:[-360.99812396 -360.95772833 -360.80317111 -360.79933619 -360.78839474 -360.78325002 -360.7809153  -360.72175663 -360.688428   -360.68693684 -360.68693187 -360.68552297 -360.63449952 -360.62326638 -360.61753377 -360.57292084 -360.57179832 -360.5707528  -360.56161616 -360.54844032 -360.54640064 -360.53997187 -360.51888758 -360.51482487 -360.45524534 -360.44892516 -360.4427572  -360.42558287 -360.41160174 -360.40139272 -360.37132351 -360.35428602 -360.33977123 -360.33435257 -360.31293517 -360.29875078 -360.22754934 -360.20770111 -359.97876864 -359.6302568 -359.46979223 -359.46894252] 
32:[-243.00852442 -242.96933984 -242.83857917 -242.82247545 -242.82246514 -242.82194539 -242.82190698 -242.82045945 -242.82030564 -242.82014454 -242.819454   -242.81569328 -242.81174498 -242.80970489 -242.8075654 -242.8074091  -242.80615512 -242.79863212 -242.78412533 -242.78408071 -242.78308616 -242.77118428 -242.76388135 -242.7392088  -242.73202979 -242.68165081 -242.65065934 -242.63555277 -242.6232186  -242.61665331 -242.60929111 -242.60777989 -242.59608912 -242.56150312 -242.50799361 -242.45619894 -242.42990131 -242.35032663 -242.24923813 -242.24122668 -242.19833295 -242.11134566] 
33:[-471.21732211 -471.19822715 -471.17884273 -471.12152852 -471.11668487 -471.11451152 -471.06763754 -471.06603822 -471.0285043  -471.00479047 -470.99850281 -470.98586845 -470.77673528 -470.75268673 -470.68628185 -470.6584886  -470.64479304 -470.15114895 -470.07930782 -470.0192453 -469.97775945 -469.96914794 -469.9559628  -469.93961211 -469.93220145 -469.86444045 -469.80663968 -469.72655363 -469.68947035 -469.56650318 -469.28615731 -469.20244363 -469.19534894 -469.18035613 -469.15247662 -469.03339982 -468.99364218 -468.98839687 -468.63353685 -468.57602955 -466.51738136 -466.51327977] 
34:[-1022.45121857 -1022.44578756 -1022.44454397 -1022.44282462 -1022.44280307 -1022.44278329 -1022.44127193 -1022.44089564 -1022.43609525 -1022.43128779 -1022.43006106 -1022.42111213 -1022.39194276 -1022.27789431 -1022.25745589 -1022.14206849 -1022.08702796 -1022.07766043 -1022.05190658 -1021.99778611 -1021.98374989 -1021.9573778  -1021.93752365 -1021.93104532 -1021.90914112 -1021.83036406 -1021.83020969 -1021.83000333 -1021.73069278 -1021.70130924 -1021.69957849 -1021.59635521 -1021.57510778 -1021.57305281 -1021.55722975 -1021.54723179 -1021.52598647 -1021.45205646 -1021.416863   -1021.38859598 -1021.27826142 -1021.21901015] 
35:[-281.05330766 -280.97993252 -280.95134086 -280.76244049 -280.7122301 -280.71203688 -280.68555798 -280.66445396 -280.6452152  -280.61755956 -280.61690659 -280.57688063 -280.57145562 -280.56361207 -280.56318898 -280.5580205  -280.55718722 -280.53323403 -280.52026729 -280.51826515 -280.51649063 -280.51214906 -280.45131085 -280.44759819 -280.44362435 -280.44126314 -280.4403498  -280.43112973 -280.37769854 -280.36132735 -280.35867728 -280.33639045 -280.28269531 -280.09477746 -280.09184868 -279.98822891 -279.91605682 -279.90827041 -279.75428793 -279.39520267 -279.13604466 -279.13562853] 
36:[-135.52325844 -135.33811561 -135.29218754 -135.25184341 -135.25024714 -135.24321331 -135.23039232 -135.20939518 -135.07357126 -135.07112492 -135.06777669 -135.06394116 -135.04791838 -135.01817393 -135.01808791 -135.01127549 -135.00836194 -135.00776831 -134.98527705 -134.94607594 -134.93962804 -134.89454805 -134.8665034  -134.86570654 -134.81556549 -134.7685397  -134.64495679 -134.63448194 -134.61983906 -134.5453682 -134.45005559 -134.42533447 -134.3405915  -134.3224227  -134.30659488 -134.29795254 -134.25644025 -134.189439   -134.11101478 -134.11024319 -133.78131913 -133.77778549] 
37:[-244.6497613  -244.60448548 -244.60012273 -244.59764561 -244.59744678 -244.59092665 -244.58595329 -244.58478696 -244.5655303  -244.56147055 -244.5304196  -244.46894418 -244.43174799 -244.42115944 -244.42014403 -244.37075808 -244.37047727 -244.37009578 -244.36614464 -244.36524952 -244.3414941  -244.33460828 -244.33019666 -244.33004392 -244.32685522 -244.32645186 -244.32603194 -244.32296088 -244.32075496 -244.31668306 -244.30768221 -244.30753169 -244.26584225 -244.25839508 -244.15500227 -244.14672887 -244.14172967 -244.13714636 -243.84458054 -243.68363221 -243.63628365 -243.23608677] 
38:[-101.37423056 -101.13333608 -100.96206973 -100.94790186 -100.90594974 -100.8401396  -100.80627549 -100.73236145 -100.7309379  -100.73090725 -100.72548017 -100.72441396 -100.72390517 -100.72276728 -100.71840321 -100.71375631 -100.70811422 -100.70272767 -100.69790444 -100.66190624 -100.65919902 -100.64946746 -100.59718299 -100.55940459 -100.53702166 -100.51821684 -100.51114147 -100.50819932 -100.50420689 -100.50371338 -100.5028915  -100.50065593 -100.49809449 -100.48322698 -100.46953943 -100.43865395 -100.43828049 -100.42387587 -100.3824404  -100.3519406 -100.35192551 -100.34001117] 
39:[-103.58730491 -103.49967135 -103.41992452 -103.41778983 -103.32901627 -103.30819628 -103.22906122 -103.2064436  -103.18421406 -103.16921377 -103.16838803 -103.16636296 -103.16187289 -103.15626839 -103.11163141 -103.10466017 -103.08942974 -103.04156192 -103.03198989 -103.02558894 -103.02223196 -102.94203345 -102.93271295 -102.93126193 -102.90045544 -102.89286615 -102.89005229 -102.82620079 -102.74237362 -102.74211344 -102.73418989 -102.71403657 -102.70812461 -102.69797529 -102.6591461 -102.63932203 -102.59615354 -102.42617339 -102.37960347 -102.37679313 -102.37564589 -102.32053004] 
40:[-44.19180816 -44.18604056 -44.17785137 -44.13230875 -44.04991567 -43.96414466 -43.7758369  -43.67265161 -43.65314466 -43.6293572 -43.61486049 -43.61236536 -43.61157759 -43.57454605 -43.55001889 -43.50455201 -43.46971947 -43.45643344 -43.37512635 -43.35801314 -43.32588821 -43.24973371 -43.21920053 -43.20390387 -43.18541228 -43.16919249 -43.14899179 -43.14507312 -43.12061676 -43.11893426 -43.11861137 -43.11736856 -43.10022048 -42.99837663 -42.98174939 -42.96124802 -42.91171338 -42.90166559 -42.8892307  -42.85921975 -42.74008467 -42.64472392] 
41:[-304.75632584 -304.74463961 -304.6415339  -304.61973673 -304.61056449 -304.55920627 -304.55766692 -304.55580954 -304.55506699 -304.5547588 -304.55029671 -304.54999222 -304.54577655 -304.54428092 -304.54245863 -304.52153042 -304.51712005 -304.51184932 -304.49602513 -304.48684061 -304.48306424 -304.46885042 -304.46808703 -304.4679396  -304.4503644 -304.43603105 -304.42915857 -304.40984134 -304.38997571 -304.32860795 -304.29769515 -304.26671397 -304.24996308 -304.21154358 -304.20872494 -304.11259505 -304.0729532  -303.96640816 -303.94232782 -303.68125427 -303.67465746 -303.65748444] 
RANKING VECTORS IDX
0:[22.  2.  0. 13. 26.  7. 39. 11. 30. 20.  8. 34. 36. 32. 21.  6. 18. 41.  3. 28. 24. 40.  9. 27. 12. 31. 17. 15. 10.  1. 23. 14. 29. 37.  4.  5. 16. 33. 35. 38. 25. 19.] 
1:[23.  1. 14. 33. 16. 12. 27. 15. 21. 37.  9.  0. 20. 41.  2. 13. 30. 36.  3. 18. 26. 40. 38. 17. 34.  8. 28. 32.  5. 11. 10. 39.  7.  6. 29. 31. 35.  4. 19. 25. 24. 22.] 
2:[ 2. 32.  0. 13. 20. 30. 26. 41. 39. 11. 28. 36. 34. 21.  7. 35. 27.  8. 18.  3. 23.  1. 14. 17. 15.  5. 33. 16. 37. 24.  9. 40. 10.  6. 31. 12. 29. 38.  4. 19. 25. 22.] 
3:[ 3. 18. 21.  8.  7. 34. 30. 20.  0. 26. 13. 28. 27. 41.  2. 15. 32.  9. 40. 17. 23.  1. 37. 33.  5. 39. 11. 14. 22. 35. 16. 12.  6. 36. 24. 29. 38. 31. 19. 10. 25.  4.] 
4:[27. 40.  9.  4. 32. 37. 41. 20.  0.  8. 13. 18. 34.  7. 26.  1. 23. 30. 25. 21. 10. 19. 17. 28. 39. 22. 15. 11. 14.  6.  3.  2. 36.  5. 33. 29. 24. 31. 16. 12. 35. 38.] 
5:[24. 35. 15. 34. 36. 29. 27. 30. 20.  0. 13. 33. 41.  5.  3. 11.  8. 39.  2. 31.  6. 26. 32. 12.  7. 21. 18. 17. 16. 23. 40.  9.  1. 28. 14. 10.  4. 37. 38. 22. 25. 19.] 
6:[ 6. 39. 22. 36. 11. 27. 41. 37.  9. 12. 40.  4. 10.  2. 35.  0. 34.  8. 26. 13.  7. 21. 18. 19. 20. 30. 28. 25. 24. 31. 29. 32. 38. 17.  3. 23. 15.  1. 14.  5. 33. 16.] 
7:[36. 24. 21. 18. 34.  7. 26. 13.  8.  0. 30. 20.  3. 27. 28.  2. 15.  9. 40. 39. 11. 32. 37. 23.  1. 14. 12. 41. 17.  6. 31.  5. 33. 16. 22. 10. 29.  4. 25. 19. 38. 35.] 
8:[30. 20.  8. 34.  7. 27. 21.  0. 26.  3. 13. 18.  2. 41. 15. 11. 39. 32. 35. 36.  6. 22. 28. 16. 33. 38. 17.  5. 29.  9. 12. 40. 23. 24. 31.  1. 14. 37. 10.  4. 19. 25.] 
9:[39. 11. 19. 32. 36. 25. 10.  6. 40.  9. 37. 27.  4.  2. 41. 26. 13. 29.  0. 21. 18. 20. 24. 12.  7. 34. 30. 22. 38. 28. 17.  1. 23. 31. 14. 15.  3. 33. 16.  5.  8. 35.] 
10:[39. 11. 10.  3. 36. 32. 25. 35. 19.  2. 13. 20. 26.  0. 40.  6. 37.  9. 41. 17. 24.  4. 27. 23. 12. 15. 21. 14. 18. 30. 38. 16.  5. 33. 28. 31. 22.  8.  7. 34.  1. 29.] 
11:[39. 11. 36. 13. 29.  0. 27. 26. 40.  9. 10. 15. 37. 17. 32. 23. 14.  1. 16.  5.  8. 25. 19. 21.  2.  3. 33. 31. 18.  6. 12. 30. 20. 35.  4. 28. 38. 34.  7. 41. 24. 22.] 
12:[12. 38. 34. 20. 30. 27.  7.  6. 31. 17.  8. 39. 11.  3.  9.  4. 37. 40. 21. 23.  1. 15. 25. 19. 16.  5. 33. 10. 14. 28. 18. 41. 24. 36. 32.  0. 26. 13.  2. 29. 35. 22.] 
13:[ 2.  8. 20. 30. 26.  0. 34. 13. 32. 39. 11. 40. 18. 21. 10.  3.  9. 17. 37. 28.  6. 23.  1. 36. 14. 22. 27. 41. 15. 31. 16.  5. 33. 12.  4. 19. 25.  7. 35. 38. 24. 29.] 
14:[ 1. 23. 14. 16. 33. 15. 27. 21. 37.  9.  2. 26. 30. 20. 12.  3.  0.  5.  7. 41. 40. 17. 38. 18. 34.  8. 32. 28. 31. 36. 11. 13. 35. 39. 10. 24.  6.  4. 22. 25. 19. 29.] 
15:[22. 15. 18. 21.  0. 26.  5. 33. 39. 30. 20. 41. 13. 11.  8. 16.  2. 23. 34.  7. 29. 14.  3. 32. 35. 36. 17. 27.  1. 28. 31.  9.  6. 40. 12. 37. 10. 38.  4. 24. 25. 19.] 
16:[ 1. 23. 14. 16. 33. 15. 27. 21. 37.  9.  2. 26. 30. 20. 12.  3.  0.  5.  7. 41. 40. 17. 38. 18. 34.  8. 32. 28. 31. 36. 11. 13. 35. 39. 10. 24.  6.  4. 22. 25. 19. 29.] 
17:[17. 32. 37.  9. 23. 21. 40.  1.  3. 18.  2. 22. 14.  5. 33. 10. 20. 13. 26.  8.  7.  0. 34. 39. 11. 16. 28. 30.  6. 31. 29. 19. 25. 36. 24. 15. 27. 41. 12. 35.  4. 38.] 
18:[18. 26. 13. 21.  0. 39.  2. 30. 20.  3. 36.  6. 11.  8. 41. 34.  7. 27. 32. 22. 31. 28. 12. 14. 17.  9. 23. 35. 40. 37. 15. 16.  5. 33.  1. 29. 10. 24. 38.  4. 19. 25.] 
19:[ 2. 36. 11.  0. 13. 20. 26.  8. 39. 10. 15. 40.  9. 37. 17. 25.  1. 23. 19. 24.  5. 33. 18.  3. 21. 16. 32. 31. 28.  6. 30. 34.  7. 12. 41. 27.  4. 38. 22. 35. 14. 29.] 
20:[ 3. 30. 20. 34.  8. 21. 18. 39. 36.  2. 13.  0. 26. 41. 11.  6. 32. 22. 28. 31. 27.  7. 12. 17. 15.  9. 40.  1. 23. 37. 14. 10. 33.  5. 16. 35.  4. 19. 25. 38. 24. 29.] 
21:[ 8. 34.  7. 21. 30. 20. 18. 27.  3. 26.  0. 13. 41.  2. 15. 28. 32. 11. 39. 35. 22. 14. 16. 33. 36.  5. 40.  9.  6. 12. 24. 37. 17. 23. 29.  1. 31. 38. 10.  4. 19. 25.] 
22:[22. 36.  6. 11. 39. 41. 27. 40.  9.  2. 21. 18. 28.  4. 30. 37. 20.  0. 32. 34. 13.  7.  8. 26. 31.  3. 12. 29. 19. 24. 35. 10. 17. 25. 15. 23.  1. 38. 14.  5. 33. 16.] 
23:[23.  1. 15. 32.  0.  3. 21. 39.  2. 26. 30. 11. 14. 20.  5.  7. 18.  8. 34. 13. 22. 28. 40. 33. 31.  9. 17. 27. 16. 12. 41. 37. 10. 36.  6. 24. 35.  4. 25. 19. 38. 29.] 
24:[29.  6. 11. 36. 22. 24. 18. 39. 23. 15.  1. 31. 35. 30. 20. 34.  7.  8.  3. 14. 16.  2. 32.  5. 33. 12. 40. 17. 21. 41. 27. 26.  0. 13. 37. 28.  9. 38.  4. 10. 25. 19.] 
25:[17. 37. 32. 36. 19.  1. 23. 25. 40.  0. 20. 30. 13.  8. 26.  7.  2. 10.  9. 28. 34. 21. 14. 29. 27. 39. 18.  5. 11. 33. 16.  3. 15.  6.  4. 12. 31. 38. 22. 24. 35. 41.] 
26:[39. 36. 11. 30. 20.  0.  8. 21. 18.  7. 34. 15. 26.  3.  2. 13.  6. 27. 24. 32. 29. 28. 12. 41. 35. 22.  9. 31. 40. 14. 37. 23.  1. 10. 17.  5. 16. 33.  4. 25. 19. 38.] 
27:[27.  9. 40.  4. 37. 34. 41. 18. 32. 21.  7. 10. 29.  3. 19. 25. 23. 36. 22. 30.  0.  1.  8. 33.  5. 13. 16. 14. 24. 15. 38. 26. 31. 20. 17. 35. 28.  6. 39. 11.  2. 12.] 
28:[26.  0. 30. 20. 13.  3. 34.  7.  8. 21. 18.  2. 28. 32. 31. 24. 17. 27.  1. 23. 14.  5. 33. 16. 15. 37. 40.  9. 39. 11. 38. 41.  6. 12. 10. 36.  4. 25. 19. 35. 22. 29.] 
29:[24. 31. 36.  6. 29. 11. 39. 26. 22.  3. 34.  7. 30. 20. 18.  2. 12. 27. 23. 35. 14.  1. 33. 16.  5. 37.  9.  4. 28. 40. 15. 38. 17.  8. 32. 21. 13. 10.  0. 41. 25. 19.] 
30:[26.  0. 34.  7. 41. 30. 20.  8. 13.  3. 21.  2. 18. 39. 32. 36. 11. 28.  6. 17. 31. 22. 40.  9. 27. 12. 37. 23. 15.  1. 14. 33.  5. 16. 10. 24. 25. 19.  4. 35. 38. 29.] 
31:[24. 31. 22. 21. 32. 17. 18.  2.  0. 30. 20. 26.  6. 40.  3.  8. 34.  7. 13. 29. 36. 39. 14. 37. 10.  4.  9. 41. 28. 11. 27.  5. 16. 23. 33. 15. 12.  1. 38. 35. 19. 25.] 
32:[32.  2.  1. 30. 20. 26.  0. 14.  8. 16. 33. 18.  7. 13. 34. 37. 41.  5. 17. 12. 28. 23. 21. 35. 11. 39. 24. 10.  9. 31. 40.  3. 29. 36. 15.  6. 27. 38. 19. 25. 22.  4.] 
33:[23. 14. 27.  1. 21.  9. 16. 33.  5. 15. 30. 37.  8. 26. 34. 20.  7. 11. 39.  3. 36. 31.  4.  6. 12. 35. 18.  2. 40. 17. 24.  0. 41. 29. 38. 13. 10. 32. 28. 22. 25. 19.] 
34:[36. 21. 18. 13. 26.  8.  7. 34. 41.  0. 30. 20.  3. 27. 28.  9.  2. 40. 37. 15. 24. 23. 17. 14. 32.  5. 16. 33. 35. 11. 39. 12. 25. 19.  4. 10.  6.  1. 38. 31. 22. 29.] 
35:[22. 35. 29. 15. 21. 18.  3. 24.  2. 26.  0. 12. 13. 27.  6. 34.  7. 28. 33. 20.  5. 16. 14. 32.  8. 31. 39. 30. 11. 36. 41. 23.  1.  9. 40. 17. 37.  4. 10. 38. 19. 25.] 
36:[22. 36. 24.  6. 11. 39.  2. 35.  0. 13. 32. 26. 41. 30. 20.  8.  7. 34. 21.  3. 18. 12. 27. 31. 28. 29.  9. 40. 17. 15. 23. 14. 38. 37.  4. 10.  1.  5. 16. 33. 25. 19.] 
37:[17. 32. 16.  5. 23. 28. 14. 37. 33.  1. 11. 29.  2. 31.  3. 26.  0. 21. 20. 41. 36. 13. 12. 24. 39.  8. 30. 27. 18.  7.  9. 40. 34. 15. 25. 19. 38. 10.  4.  6. 35. 22.] 
38:[38. 12. 36. 18. 21. 31.  6. 27. 34.  7. 30. 20.  0. 41.  8.  3.  4. 13. 37. 26. 32. 39. 24. 11. 22. 17. 35. 19. 25. 23.  1. 14. 10. 29. 28. 15.  9. 40.  2. 16. 33.  5.] 
39:[39. 11. 10. 36. 35.  6. 27. 41.  2. 20.  8. 40. 13.  0. 25. 37.  9. 26. 22. 19. 12. 29. 17.  4. 30. 34.  7. 18.  1. 23. 28. 21. 15. 32. 38. 31. 14. 24.  5. 16. 33.  3.] 
40:[40.  9. 27. 37.  4. 24. 29. 32. 35. 26. 34. 20. 30. 36. 22.  7. 41.  8. 18. 21. 11. 12.  6. 10. 31. 38. 25. 19. 33. 14. 16.  5.  1. 17.  2. 23.  3. 13. 28.  0. 15. 39.] 
41:[36. 41.  6. 11. 39. 13. 26.  8. 30. 20. 34.  7. 37.  0.  2. 22.  4. 40. 10. 27. 28. 25. 19.  9.  3. 21. 18. 31. 32. 12. 24. 29. 17. 23.  1. 35. 38. 15. 14. 33.  5. 16.] 
POSCARS
EA150   4.672  4.671  3.002 108.70 108.71 84.13 Sym.group:   87
1.0
   4.5294230000000004    0.8493350000000000   -0.7654260000000001
  -0.6391950000000000    4.0966379999999996   -2.1510959999999999
  -0.5644620000000000    0.3517290000000000    2.9272459999999998
Al S
4 1
direct
   0.1998990000000000    0.9778550000000000    0.5087970000000001 Al
   0.0299740000000000    0.4032020000000000    0.1366480000000000 Al
   0.7747090000000000    0.8080349999999999    0.7117570000000000 Al
   0.6047970000000000    0.2333910000000000    0.3393430000000000 Al
   0.4022040000000000    0.6057140000000000    0.9241230000000000 S
EA105   4.619  4.675  4.619 60.41 90.00 119.59 Sym.group:  140
1.0
   4.6186720000000001   -0.0042250000000000    0.0022380000000000
  -2.3049960000000000    4.0676040000000002   -0.0419290000000000
   0.0009300000000000    2.6609090000000002    3.7749630000000001
O Mg
8 2
direct
   0.7468750000000000    0.8082780000000001    0.7534710000000000 O
   0.9395570000000000    0.1939290000000000    0.5607380000000000 O
   0.2555430000000000    0.1941590000000000    0.2448430000000000 O
   0.0628340000000000    0.8085250000000000    0.4375920000000000 O
   0.5627480000000000    0.8084340000000000    0.2534680000000000 O
   0.4396530000000000    0.1940090000000000    0.7448590000000000 O
   0.7555410000000000    0.1941450000000000    0.0606200000000000 O
   0.2469080000000000    0.8083040000000000    0.9377440000000000 O
   0.2512120000000000    0.5012110000000000    0.7491409999999999 Mg
   0.7512240000000000    0.5012920000000000    0.2491450000000000 Mg
EA117   2.995  2.995  7.640 101.10 101.17 90.52 Sym.group:  139
1.0
   2.9948419999999998   -0.0038890000000000   -0.0103680000000000
  -0.0231220000000000    2.9944950000000001   -0.0147510000000000
  -1.4571160000000001   -1.4458139999999999    7.3592750000000002
Na Cl
4 1
direct
   0.7546659999999999    0.4712880000000000    0.3674630000000000 Na
   0.9673020000000000    0.6844390000000000    0.7892580000000000 Na
   0.3573300000000000    0.0748230000000000    0.5699620000000000 Na
   0.1473410000000000    0.8630960000000000    0.1483590000000000 Na
   0.5576380000000000    0.2736060000000000    0.9690130000000000 Cl
EA167   7.698  3.569  3.569 60.04 76.69 90.15 Sym.group:  166
1.0
   6.8933340000000003   -1.7134700000000000    2.9682520000000001
  -0.8469590000000000    1.7844690000000001    2.9724499999999998
  -0.8100070000000000   -1.7864500000000001    2.9810819999999998
Li P
8 2
direct
   0.6318150000000000    0.1244380000000000    0.1214200000000000 Li
   0.3078160000000000    0.0179210000000000    0.3343850000000000 Li
   0.0349670000000000    0.9267720000000000    0.5165090000000000 Li
   0.4430200000000000    0.7289390000000000    0.9122740000000000 Li
   0.2541910000000000    0.3335170000000000    0.7030740000000000 Li
   0.5783990000000000    0.4400610000000000    0.4900330000000000 Li
   0.8511170000000000    0.5312270000000000    0.3078840000000000 Li
   0.9430750000000000    0.2289780000000000    0.9122010000000000 Li
   0.7400200000000000    0.8275060000000000    0.7157820000000000 P
   0.1460420000000000    0.6304760000000000    0.1086660000000000 P
EA36    4.160  4.156  4.158 90.00 89.98 89.99 Sym.group:  215
1.0
   4.1597350000000004   -0.0031990000000000    0.0017860000000000
   0.0042630000000000    4.1564569999999996   -0.0004640000000000
  -0.0005550000000000    0.0002020000000000    4.1575920000000002
Cl Si
4 1
direct
   0.7635350000000000    0.7707190000000000    0.7675320000000000 Cl
   0.2269030000000000    0.2341380000000000    0.7669840000000000 Cl
   0.7640190000000000    0.2338390000000000    0.2308110000000000 Cl
   0.2273210000000000    0.7705600000000000    0.2300640000000000 Cl
   0.4954750000000000    0.5025300000000000    0.4988480000000000 Si
EA7     3.347  6.454  6.102 89.72 90.05 90.00 Sym.group:  123
1.0
   3.3473980000000001   -0.0000310000000000    0.0000330000000000
   0.0000470000000000    6.4537399999999998   -0.0002590000000000
  -0.0050190000000000    0.0301250000000000    6.1014530000000002
S Cl
8 2
direct
   0.5007850000000000    0.0024370000000000    0.3338450000000000 S
   0.0013400000000000    0.2529800000000000    0.3349790000000000 S
   0.5017280000000000    0.0000580000000000    0.6624650000000000 S
   0.0022140000000000    0.2496000000000000    0.6624090000000000 S
   0.5016980000000000    0.5024250000000000    0.3348910000000000 S
   0.0013060000000000    0.7526389999999999    0.3349990000000000 S
   0.5028400000000000    0.5000400000000000    0.6635130000000000 S
   0.0022470000000000    0.7499680000000000    0.6623740000000000 S
   0.9976060000000000    0.0005360000000000    0.9984720000000000 Cl
   0.0050680000000000    0.5007710000000000    0.9988950000000000 Cl
EA321   2.598 18.367  2.597 86.33 60.10 94.02 Sym.group:  156
1.0
   1.4340619999999999    0.1294040000000000    2.1630400000000001
  -1.7726880000000000   18.2223649999999999   -1.4618990000000001
  -1.1610480000000001    0.2398560000000000    2.3108870000000001
Al O
8 2
direct
   0.0879750000000000    0.9627650000000000    0.0917760000000000 Al
   0.4922260000000000    0.3522620000000000    0.6890710000000000 Al
   0.6341940000000000    0.8484130000000000    0.8783040000000000 Al
   0.0042610000000000    0.1962070000000000    0.5098500000000000 Al
   0.4083420000000000    0.6181360000000000    0.1104660000000000 Al
   0.5452710000000000    0.0784940000000000    0.3043490000000000 Al
   0.9310330000000000    0.4622050000000000    0.9269400000000000 Al
   0.8544440000000000    0.7339240000000000    0.3242650000000000 Al
   0.1064260000000000    0.2977790000000000    0.4051800000000000 O
   0.3165510000000000    0.5167850000000000    0.2109300000000000 O
EA234   3.813  4.300  4.261 78.46 116.17 116.00 Sym.group:   87
1.0
   3.8128630000000001    0.0056110000000000    0.0036970000000000
  -1.8907920000000000    3.8617059999999999   -0.0091480000000000
  -1.8826719999999999    0.0359090000000000    3.8218890000000001
Na B
4 1
direct
   0.1944000000000000    0.4284030000000000    0.0260680000000000 Na
   0.8028980000000000    0.2242340000000000    0.4511590000000000 Na
   0.6184300000000000    0.6505649999999999    0.6559110000000000 Na
   0.0084760000000000    0.8550590000000000    0.2299740000000000 Na
   0.4059670000000000    0.0394660000000000    0.8406750000000000 B
EA292   5.113  3.455  5.114 90.00 89.99 89.96 Sym.group:   87
1.0
   5.1133040000000003    0.0006660000000000   -0.0017870000000000
   0.0018440000000000    3.4553639999999999   -0.0004530000000000
   0.0023360000000000    0.0003370000000000    5.1138269999999997
Li Al
8 2
direct
   0.6738900000000000    0.7477180000000000    0.5484740000000000 Li
   0.5522940000000000    0.2472530000000000    0.8278670000000000 Li
   0.9532870000000000    0.2476760000000000    0.6701980000000000 Li
   0.8316200000000000    0.7472860000000000    0.9495860000000000 Li
   0.3315810000000000    0.2472830000000000    0.4495410000000000 Li
   0.4531970000000000    0.7477900000000000    0.1702080000000000 Li
   0.0522250000000000    0.7471550000000000    0.3279530000000000 Li
   0.1738190000000000    0.2476630000000000    0.0484640000000000 Li
   0.7527400000000000    0.2475030000000000    0.2490200000000000 Al
   0.2528110000000000    0.7474610000000000    0.7490620000000000 Al
EA265   3.936  3.937  4.643 115.05 64.95 89.95 Sym.group:  121
1.0
   3.9359489999999999   -0.0176720000000000    0.0031050000000000
   0.0213020000000000    3.9371100000000001   -0.0051690000000000
   1.9544900000000001   -1.9720759999999999    3.7219289999999998
Mg H
4 1
direct
   0.2162550000000000    0.0595880000000000    0.8499610000000000 Mg
   0.7325540000000000    0.5759570000000001    0.8499400000000000 Mg
   0.4724070000000000    0.3196000000000000    0.3373590000000000 Mg
   0.9886720000000000    0.8032600000000000    0.3372440000000000 Mg
   0.6023269999999999    0.1899270000000000    0.5940110000000000 H
EA301   7.703  2.733  2.735 89.19 90.00 89.99 Sym.group:  123
1.0
   7.7034909999999996   -0.0034230000000000    0.0004670000000000
   0.0016840000000000    2.7327780000000002    0.0056340000000000
  -0.0003360000000000    0.0332180000000000    2.7345229999999998
Mg O
4 1
direct
   0.7717320000000000    0.3896880000000000    0.8146540000000000 Mg
   0.2503770000000000    0.3898270000000000    0.8148040000000000 Mg
   0.5110080000000000    0.8897910000000000    0.3152680000000000 Mg
   0.0111080000000000    0.8896950000000000    0.3147660000000000 Mg
   0.5110780000000000    0.3897810000000000    0.8153030000000000 O
EA315   2.277  2.281  7.737 90.10 89.94 60.18 Sym.group:  156
1.0
   1.1708209999999999    1.9531010000000000    0.0048610000000000
  -1.1141479999999999    1.9903240000000000   -0.0134140000000000
  -0.0409490000000000    0.0143760000000000    7.7372899999999998
Li H
4 1
direct
   0.2574130000000000    0.0662880000000000    0.1285490000000000 Li
   0.9279830000000000    0.7324680000000000    0.3789400000000000 Li
   0.2589790000000000    0.0968620000000000    0.6272030000000000 Li
   0.5944970000000001    0.3954300000000000    0.8780620000000000 Li
   0.9255030000000000    0.7313480000000000    0.0034470000000000 H
EA11    2.245  2.244  6.784 99.44 80.57 89.82 Sym.group:  119
1.0
   2.2443740000000001   -0.0034160000000000    0.0298890000000000
   0.0107450000000000    2.2440669999999998   -0.0346750000000000
   1.0213410000000001   -1.0151699999999999    6.6293620000000004
O B
4 1
direct
   0.6253570000000001    0.5203340000000000    0.9944590000000000 O
   0.8957670000000000    0.2501840000000000    0.4533460000000000 O
   0.9844880000000000    0.1612350000000000    0.2745760000000000 O
   0.2549830000000000    0.8902250000000000    0.7330710000000000 O
   0.1901670000000000    0.4553000000000000    0.8637580000000000 B
EA26    6.686  6.731  2.913 89.99 89.99 90.41 Sym.group:   87
1.0
   6.6864390000000000    0.0081930000000000   -0.0061650000000000
  -0.0567960000000000    6.7310949999999998   -0.0118870000000000
   0.0029670000000000    0.0057520000000000    2.9126989999999999
Mg S
8 2
direct
   0.7218390000000000    0.0819990000000000    0.5463650000000000 Mg
   0.0831580000000000    0.2785000000000000    0.5462340000000000 Mg
   0.9194870000000001    0.7220600000000000    0.5461180000000000 Mg
   0.2810690000000000    0.9182620000000000    0.5462230000000000 Mg
   0.2221290000000000    0.5823680000000000    0.0462880000000000 Mg
   0.5837730000000000    0.7781560000000000    0.0464360000000000 Mg
   0.4189680000000000    0.2223850000000000    0.0464410000000000 Mg
   0.7806410000000000    0.4179460000000000    0.0464570000000000 Mg
   0.0017200000000000    0.0003120000000000    0.0461540000000000 S
   0.5015630000000000    0.5003420000000000    0.5464920000000000 S
EA19    4.353  4.354  3.423 89.96 89.99 90.00 Sym.group:  127
1.0
   4.3528650000000004   -0.0009170000000000    0.0030070000000000
   0.0008320000000000    4.3544229999999997    0.0123350000000000
  -0.0016480000000000   -0.0071870000000000    3.4228640000000001
O Li
8 2
direct
   0.1172140000000000    0.3835350000000000    0.9349340000000000 O
   0.4823190000000000    0.0181680000000000    0.5747920000000000 O
   0.1172210000000000    0.3837800000000000    0.5746869999999999 O
   0.4823450000000000    0.0180080000000000    0.9350360000000000 O
   0.9822480000000000    0.8835680000000000    0.9350619999999999 O
   0.6172360000000000    0.5183090000000000    0.5747920000000000 O
   0.6171190000000000    0.5179950000000000    0.9350070000000000 O
   0.9824040000000001    0.8837960000000000    0.5748470000000000 O
   0.7997450000000000    0.2010320000000000    0.2551780000000000 Li
   0.2996450000000000    0.7009040000000000    0.2546790000000000 Li
EA11    4.891  4.891  2.480 89.84 89.88 90.00 Sym.group:   83
1.0
   4.8906749999999999   -0.0082930000000000   -0.0020310000000000
   0.0086150000000000    4.8910200000000001   -0.0057490000000000
   0.0063080000000000    0.0099020000000000    2.4802759999999999
P Mg
4 1
direct
   0.1960810000000000    0.7937070000000001    0.8996499999999999 P
   0.7959900000000000    0.6045490000000000    0.8989800000000000 P
   0.0068890000000000    0.1937890000000000    0.9029140000000000 P
   0.6067970000000000    0.0046590000000000    0.9023430000000000 P
   0.4014020000000000    0.3992030000000000    0.4013080000000000 Mg
EA8     3.475  3.099  3.084 90.07 90.33 90.53 Sym.group:  123
1.0
   3.4716499999999999    0.1135730000000000    0.1120170000000000
  -0.1322940000000000    3.0946699999999998    0.0796370000000000
  -0.1145610000000000   -0.0878920000000000    3.0806480000000001
O Li
4 1
direct
   0.5167470000000000    0.7953370000000000    0.4987610000000000 O
   0.8709249999999999    0.7995989999999999    0.5000880000000000 O
   0.5168310000000000    0.2963330000000000    0.9982790000000000 O
   0.8709240000000000    0.2986950000000000    0.0006910000000000 O
   0.1938120000000000    0.7976020000000000    0.9993290000000000 Li
EA57    7.198  2.835  2.838 90.03 89.96 90.15 Sym.group:  129
1.0
   7.1975140000000000    0.0539930000000000   -0.0170470000000000
  -0.0289100000000000    2.8350469999999999    0.0069570000000000
   0.0089830000000000   -0.0084260000000000    2.8384610000000001
Be C
8 2
direct
   0.9186100000000000    0.1509510000000000    0.5839650000000000 Be
   0.1515360000000000    0.1512820000000000    0.0838930000000000 Be
   0.3518140000000000    0.1514490000000000    0.5834990000000000 Be
   0.6352610000000000    0.1514190000000000    0.5835600000000000 Be
   0.1189650000000000    0.6514400000000000    0.5839170000000000 Be
   0.9187360000000000    0.6511560000000000    0.0841000000000000 Be
   0.3519540000000000    0.6516910000000000    0.0835350000000000 Be
   0.6352560000000000    0.6510110000000000    0.0834080000000000 Be
   0.7742360000000000    0.1511880000000000    0.0837180000000000 C
   0.4963000000000000    0.6513120000000000    0.5835000000000000 C
EA73    3.266  3.283  3.839 65.50 114.02 118.88 Sym.group:  166
1.0
   3.2655820000000002    0.0040430000000000   -0.0077950000000000
  -1.5895319999999999    2.8725480000000001   -0.0271330000000000
  -1.5555619999999999    0.9906330000000000    3.3665010000000000
Be Li
4 1
direct
   0.5971370000000000    0.1978840000000000    0.4005350000000000 Be
   0.7906360000000000    0.0036600000000000    0.9823520000000000 Be
   0.3941470000000000    0.4010830000000000    0.7914500000000000 Be
   0.9936430000000001    0.8005540000000000    0.5913450000000000 Be
   0.1938470000000000    0.6007620000000000    0.1913810000000000 Li
EA78    3.836  3.835  3.832 89.84 89.77 89.39 Sym.group:  221
1.0
   3.8355969999999999   -0.0107230000000000   -0.0183210000000000
   0.0512210000000000    3.8342470000000000   -0.0144550000000000
   0.0335100000000000    0.0248960000000000    3.8319700000000001
Na H
4 1
direct
   0.0017320000000000    0.4983190000000000    0.4981070000000000 Na
   0.4997510000000000    0.5006310000000000    0.9992010000000000 Na
   0.5008720000000000    0.9972220000000001    0.5001210000000000 Na
   0.9991430000000000    0.0008360000000000    0.9995900000000000 Na
   0.5023180000000000    0.4964970000000000    0.4997180000000000 H
EA9     3.833  4.552  4.600 100.57 65.39 114.89 Sym.group:   87
1.0
   3.8329819999999999   -0.0058770000000000    0.0062000000000000
  -1.9093890000000000    4.1325170000000000    0.0357210000000000
   1.9091089999999999   -0.0838400000000000    4.1846420000000002
Mg Al
4 1
direct
   0.7942320000000000    0.2011860000000000    0.7988790000000000 Mg
   0.3912060000000000    0.5934120000000001    0.9968740000000000 Mg
   0.9899050000000000    0.9958050000000001    0.2017910000000000 Mg
   0.1950850000000000    0.7986290000000000    0.5938830000000000 Mg
   0.5924509999999999    0.3971700000000000    0.3978550000000000 Al
EA280   3.696  4.125  3.700 64.55 60.05 63.83 Sym.group:  166
1.0
   2.0223640000000001    1.1047849999999999   -2.8898980000000001
   1.6554810000000000    3.7683689999999999    0.2725880000000000
   3.6894670000000001    0.1010250000000000    0.2583090000000000
Li Si
4 1
direct
   0.7935110000000000    0.2103610000000000    0.4002560000000000 Li
   0.4126120000000000    0.3524150000000000    0.0169440000000000 Li
   0.6025880000000000    0.7838740000000000    0.2017330000000000 Li
   0.9829310000000000    0.6421700000000000    0.5852140000000000 Li
   0.1980670000000000    0.9971250000000000    0.8008280000000000 Si
EA185  10.066  2.539  2.539 60.02 82.79 89.93 Sym.group:  160
1.0
   9.7819699999999994   -1.0094700000000001    2.1490849999999999
   0.2775020000000000    2.5227640000000000   -0.0638550000000000
  -0.0095560000000000    1.3324530000000001    2.1612589999999998
Al F
4 1
direct
   0.6237220000000000    0.7491120000000000    0.6101750000000000 Al
   0.1949950000000000    0.6083420000000000    0.8950490000000000 Al
   0.4095080000000000    0.0123340000000000    0.0878830000000000 Al
   0.8400470000000000    0.4860150000000000    0.1349870000000000 Al
   0.0172060000000000    0.5494340000000000    0.0143740000000000 F
EA32    5.597  5.720  5.716 92.44 60.73 60.71 Sym.group:  140
1.0
   5.5966969999999998    0.0260970000000000    0.0103540000000000
   2.7749560000000000    5.0021339999999999   -0.0278350000000000
   2.7941080000000000   -1.8021630000000000    4.6494580000000001
S Mg
8 2
direct
   0.0006740000000000    0.2926800000000000    0.0218450000000000 S
   0.0014110000000000    0.9761550000000000    0.7049190000000000 S
   0.6854960000000000    0.0227420000000000    0.2912060000000000 S
   0.3180170000000000    0.7061820000000000    0.9750070000000000 S
   0.0010080000000000    0.5225790000000000    0.7914130000000000 S
   0.0017350000000000    0.2062530000000000    0.4746960000000000 S
   0.6846670000000000    0.7926140000000000    0.5214010000000000 S
   0.3172320000000000    0.4760510000000000    0.2051820000000000 S
   0.5015540000000001    0.9993960000000000    0.9980520000000001 Mg
   0.5007680000000000    0.4994840000000000    0.4987070000000000 Mg
EA289   2.440  2.440 11.021 83.86 96.17 119.90 Sym.group:  166
1.0
   2.4378970000000000   -0.0782720000000000   -0.0599920000000000
  -1.1468119999999999    2.1530640000000001    0.0534010000000000
  -0.8972070000000000    0.5868300000000000   10.9691930000000006
C F
8 2
direct
   0.4982820000000000    0.7396760000000000    0.1547390000000000 C
   0.8465480000000000    0.3916380000000000    0.1995140000000000 C
   0.2403610000000000    0.9990770000000000    0.3823490000000000 C
   0.8919250000000000    0.3472140000000000    0.3367700000000000 C
   0.6337170000000000    0.6070480000000000    0.5647980000000000 C
   0.2853090000000000    0.9551470000000000    0.5192160000000000 C
   0.6790410000000000    0.5627750000000000    0.7020510000000000 C
   0.0272390000000000    0.2148300000000000    0.7468330000000000 C
   0.4576300000000000    0.7802180000000000    0.0322550000000000 F
   0.0675780000000000    0.1748210000000000    0.8693120000000000 F
EA30    3.934  3.934  3.934 89.99 90.01 90.01 Sym.group:  221
1.0
   3.9339700000000000   -0.0063210000000000   -0.0018010000000000
   0.0054810000000000    3.9339759999999999    0.0031300000000000
   0.0014510000000000   -0.0027200000000000    3.9339469999999999
Mg C
4 1
direct
   0.9967490000000000    0.6998190000000000    0.1972420000000000 Mg
   0.9968350000000000    0.1999600000000000    0.6954129999999999 Mg
   0.4965360000000000    0.1999700000000000    0.1974380000000000 Mg
   0.4965660000000000    0.6999590000000000    0.6974230000000000 Mg
   0.9965400000000000    0.1997940000000000    0.1951160000000000 C
EA56    5.478  2.636  5.476 90.02 90.02 89.99 Sym.group:   87
1.0
   5.4781490000000002    0.0014450000000000    0.0109500000000000
  -0.0001000000000000    2.6364299999999998   -0.0008860000000000
  -0.0130490000000000    0.0001800000000000    5.4758889999999996
Li Be
8 2
direct
   0.2072090000000000    0.2460870000000000    0.3459330000000000 Li
   0.8028189999999999    0.2463420000000000    0.1584730000000000 Li
   0.3024450000000000    0.7461900000000000    0.6556440000000000 Li
   0.8969530000000000    0.7465360000000000    0.4429580000000000 Li
   0.4919650000000000    0.7462230000000000    0.2517630000000000 Li
   0.3961080000000000    0.2460790000000000    0.9404030000000000 Li
   0.9919580000000000    0.2464610000000000    0.7526790000000000 Li
   0.7072980000000000    0.7464250000000000    0.8471890000000000 Li
   0.0995640000000000    0.7461140000000001    0.0492510000000000 Be
   0.5996850000000000    0.2463610000000000    0.5494900000000000 Be
EA194   3.345  4.552  4.542 90.04 90.08 90.01 Sym.group:  137
1.0
   3.3445260000000001    0.0077720000000000    0.0292260000000000
  -0.0113810000000000    4.5521159999999998    0.0103460000000000
  -0.0463700000000000   -0.0136320000000000    4.5414529999999997
F C
8 2
direct
   0.9706640000000000    0.0136960000000000    0.2540210000000000 F
   0.0264490000000000    0.5138810000000000    0.7537390000000000 F
   0.0264810000000000    0.9864370000000000    0.7538460000000000 F
   0.9707490000000000    0.4862590000000000    0.2540210000000000 F
   0.5268340000000000    0.2499480000000000    0.0163880000000000 F
   0.4703410000000000    0.7501390000000000    0.9914080000000000 F
   0.5260560000000000    0.2500620000000000    0.4899370000000000 F
   0.4711090000000000    0.7501570000000000    0.5178560000000000 F
   0.2485770000000000    0.7501630000000000    0.7542030000000000 C
   0.7485840000000000    0.2499680000000000    0.2536200000000000 C
EA71    3.970  3.971  9.561 90.00 90.00 119.96 Sym.group:  194
1.0
   1.9943759999999999   -3.4326690000000002   -0.0003750000000000
   1.9785960000000000    3.4425500000000002    0.0022820000000000
  -0.0051830000000000   -0.0038500000000000    9.5610130000000009
Na S
8 2
direct
   0.0020310000000000    0.5022260000000000    0.9518770000000000 Na
   0.6678990000000000    0.8346200000000000    0.0617330000000000 Na
   0.3345980000000000    0.1662890000000000    0.5616449999999999 Na
   0.0004970000000000    0.5000850000000000    0.4518880000000000 Na
   0.3340460000000000    0.1664980000000000    0.1987680000000000 Na
   0.6685960000000000    0.8335450000000000    0.7059730000000000 Na
   0.6670520000000000    0.8331250000000000    0.3423010000000000 Na
   0.3355870000000000    0.1676700000000000    0.8421310000000000 Na
   0.0006600000000000    0.5000660000000000    0.2023890000000000 S
   0.0020000000000000    0.5000640000000000    0.7012850000000000 S
EA195   2.439  2.437 10.599 83.41 89.96 60.03 Sym.group:  166
1.0
   1.2448040000000000    2.0973139999999999    0.0291790000000000
  -1.1940550000000001    2.1238830000000002    0.0078490000000000
  -1.2928839999999999    0.6307640000000000   10.5008339999999993
C B
8 2
direct
   0.6468980000000000    0.7273610000000000    0.2713800000000000 C
   0.5989880000000000    0.8228410000000000    0.1283030000000000 C
   0.0426850000000000    0.9345050000000000    0.4613130000000000 C
   0.9955540000000001    0.0295900000000000    0.3182820000000000 C
   0.3913400000000000    0.2367340000000000    0.5082150000000000 C
   0.4392860000000000    0.1412080000000000    0.6512980000000000 C
   0.7879590000000000    0.4432800000000000    0.6984629999999999 C
   0.2503190000000000    0.5207600000000000    0.0811400000000000 C
   0.8414340000000000    0.3437010000000000    0.8440610000000000 B
   0.1969050000000000    0.6202700000000000    0.9355460000000000 B
EA111   4.487  3.864  4.504 114.30 99.37 65.76 Sym.group:   87
1.0
   4.4860139999999999    0.0077580000000000    0.0972470000000000
   1.5807430000000000    3.5253760000000001   -0.0026260000000000
  -0.8192650000000000   -1.6606710000000000    4.1059409999999996
Mg Si
4 1
direct
   0.0185470000000000    0.1557900000000000    0.1549670000000000 Mg
   0.8049269999999999    0.5615910000000000    0.7502190000000000 Mg
   0.4003830000000000    0.3701880000000000    0.9622920000000000 Mg
   0.6139390000000000    0.9643220000000000    0.3671540000000000 Mg
   0.2094390000000000    0.7629580000000000    0.5586560000000000 Si
EA288   3.130  3.120  9.687 90.05 89.61 119.78 Sym.group:  156
1.0
   3.1290030000000000   -0.0853560000000000   -0.0406910000000000
  -1.4752639999999999    2.7486679999999999   -0.0061660000000000
   0.1946040000000000    0.1163590000000000    9.6841650000000001
Be S
8 2
direct
   0.2693460000000000    0.3289540000000000    0.3379200000000000 Be
   0.6023730000000000    0.9950700000000000    0.4142130000000000 Be
   0.9349950000000000    0.6611390000000000    0.4691700000000000 Be
   0.6018050000000000    0.9933670000000000    0.6087780000000000 Be
   0.9351790000000000    0.6596780000000000    0.6834530000000000 Be
   0.2676420000000000    0.3271000000000000    0.5427280000000000 Be
   0.5995090000000000    0.9921730000000000    0.8100579999999999 Be
   0.9372060000000000    0.6738570000000000    0.0881300000000000 Be
   0.2706660000000000    0.3400400000000000    0.1451440000000000 S
   0.9325990000000000    0.6582740000000000    0.8889540000000000 S
EA70    9.308  3.060  3.059 90.00 90.07 90.08 Sym.group:  129
1.0
   9.3063160000000007    0.1348920000000000   -0.1109050000000000
  -0.0486610000000000    3.0598820000000000   -0.0116840000000000
   0.0327590000000000    0.0121050000000000    3.0589900000000001
Li Cl
8 2
direct
   0.0491680000000000    0.0945550000000000    0.5478680000000000 Li
   0.4654260000000000    0.5973010000000000    0.0532910000000000 Li
   0.2503260000000000    0.0959060000000000    0.0493670000000000 Li
   0.8500590000000000    0.5980290000000000    0.0508770000000000 Li
   0.2502740000000000    0.5961450000000000    0.5492320000000001 Li
   0.6489910000000000    0.0968970000000000    0.0499590000000000 Li
   0.6489000000000000    0.5968410000000000    0.5506840000000000 Li
   0.4338390000000000    0.0976900000000000    0.5533640000000000 Li
   0.0789730000000000    0.5951460000000000    0.0480550000000000 Cl
   0.8202640000000000    0.0975220000000000    0.5508500000000000 Cl
EA121   3.373  3.881  3.373 90.01 90.02 89.89 Sym.group:  123
1.0
   3.3725170000000002   -0.0364910000000000    0.0041380000000000
   0.0496120000000000    3.8804230000000000    0.0047660000000000
  -0.0051520000000000   -0.0046410000000000    3.3732880000000001
N Na
4 1
direct
   0.5700780000000000    0.0369290000000000    0.1626050000000000 N
   0.0696280000000000    0.0369480000000000    0.6625470000000000 N
   0.0704310000000000    0.7490210000000000    0.6625550000000000 N
   0.5699950000000000    0.7489790000000000    0.1625300000000000 N
   0.0700510000000000    0.3929910000000000    0.1625380000000000 Na
EA36    3.808  4.161  4.158 78.18 116.98 116.93 Sym.group:   87
1.0
   3.8082189999999998    0.0174070000000000    0.0211950000000000
  -1.9009490000000000    3.7009750000000001   -0.0223680000000000
  -1.9074100000000000    0.0002350000000000    3.6949489999999998
Na C
4 1
direct
   0.4459780000000000    0.4515080000000000    0.6511830000000000 Na
   0.6639600000000000    0.1065660000000000    0.4336980000000000 Na
   0.2735020000000000    0.8876500000000001    0.8691370000000000 Na
   0.8365380000000000    0.6705690000000000    0.2153930000000000 Na
   0.0551300000000000    0.2791520000000000    0.0425160000000000 C
EA273  10.947  3.132  3.132 90.26 97.83 82.22 Sym.group:  139
1.0
  10.2961440000000000    2.6751369999999999   -2.5817329999999998
  -0.3544780000000000    3.1121979999999998    0.0128610000000000
   0.3250190000000000    0.0098300000000000    3.1150869999999999
P F
8 2
direct
   0.1803910000000000    0.1614290000000000    0.1858930000000000 P
   0.9658670000000000    0.7700320000000000    0.5762170000000000 P
   0.6095840000000000    0.4383390000000000    0.9070700000000000 P
   0.3917950000000000    0.5473500000000000    0.7987620000000000 P
   0.9800100000000000    0.2644660000000000    0.0819970000000000 P
   0.3950260000000000    0.0454180000000000    0.3007470000000000 P
   0.1836480000000000    0.6594830000000000    0.6878260000000000 P
   0.5954310000000000    0.9440240000000000    0.4012200000000000 P
   0.7597770000000000    0.3681490000000000    0.9776120000000000 F
   0.8156750000000000    0.8422870000000000    0.5037920000000000 F
EA138   2.664 20.036  2.662 90.01 60.02 90.02 Sym.group:  156
1.0
   1.3344750000000001    0.0025090000000000    2.3050860000000002
   0.0042840000000000   20.0355479999999986   -0.0343500000000000
  -1.3294800000000000    0.0038120000000000    2.3067370000000000
Al Cl
8 2
direct
   0.8962320000000000    0.1556440000000000    0.6280780000000000 Al
   0.5616360000000000    0.0516400000000000    0.2936040000000000 Al
   0.2303040000000000    0.2598490000000000    0.9624500000000000 Al
   0.8953470000000000    0.3646870000000000    0.6310440000000000 Al
   0.5599090000000000    0.8479960000000000    0.2931240000000000 Al
   0.8958040000000000    0.9489090000000000    0.6253690000000000 Al
   0.2248660000000000    0.5676960000000000    0.9632730000000000 Al
   0.5593250000000000    0.4675750000000000    0.2979270000000000 Al
   0.8902710000000000    0.6502329999999999    0.6298370000000000 Cl
   0.2264440000000000    0.7654220000000000    0.9594500000000000 Cl
EA110   4.494  4.508  4.493 107.86 67.38 72.14 Sym.group:  141
1.0
   4.4936590000000001   -0.0179890000000000    0.0713480000000000
   1.3990110000000000    4.2846209999999996    0.0575920000000000
   1.6621800000000000   -2.0413589999999999    3.6405080000000001
Li O
8 2
direct
   0.3224540000000000    0.1886530000000000    0.4920850000000000 Li
   0.6945150000000000    0.8132580000000000    0.4880430000000000 Li
   0.2574430000000000    0.6871790000000000    0.4251440000000000 Li
   0.2600190000000000    0.3127510000000000    0.0541870000000000 Li
   0.8856450000000000    0.1887960000000000    0.2958770000000000 Li
   0.8891550000000000    0.8131940000000000    0.9251230000000000 Li
   0.8239130000000000    0.3112840000000000    0.8571340000000000 Li
   0.4516810000000000    0.6882040000000000    0.8628670000000001 Li
   0.1985590000000000    0.0000480000000000    0.7996420000000000 O
   0.9477230000000000    0.5007750000000000    0.5505530000000000 O
EA163   3.498  3.881  3.481 116.59 90.03 116.76 Sym.group:  141
1.0
   3.4980570000000002    0.0006450000000000   -0.0070760000000000
  -1.7537160000000001    1.7195640000000001   -3.0050740000000000
   0.0036690000000000    1.7479400000000000    3.0106940000000000
H O
8 2
direct
   0.4362150000000000    0.6178550000000000    0.4307370000000000 H
   0.7476640000000000    0.2449600000000000    0.9959570000000000 H
   0.3117370000000000    0.3751010000000000    0.3070950000000000 H
   0.0681400000000000    0.8789240000000000    0.5676190000000000 H
   0.7502100000000000    0.2522080000000000    0.5010810000000000 H
   0.1843330000000000    0.1209840000000000    0.6727320000000000 H
   0.2624860000000000    0.7575590000000000    0.0000980000000000 H
   0.7520190000000000    0.7391400000000000    0.9917570000000000 H
   0.6253850000000000    0.9970820000000000    0.1204880000000000 O
   0.8758060000000000    0.4981180000000000    0.8707360000000000 O
EA101   8.381  4.656  2.635 90.01 89.98 89.52 Sym.group:  164
1.0
   8.3796529999999994    0.0423130000000000   -0.1146980000000000
   0.0154230000000000    4.6561349999999999   -0.0183730000000000
   0.0371330000000000    0.0096710000000000    2.6342770000000000
Al N
8 2
direct
   0.0269860000000000    0.4105420000000000    0.4526660000000000 Al
   0.7860600000000000    0.0795450000000000    0.4526520000000000 Al
   0.5120050000000000    0.4155050000000000    0.4536530000000000 Al
   0.7860390000000000    0.5795400000000001    0.9526400000000000 Al
   0.2710730000000000    0.0845140000000000    0.4536090000000000 Al
   0.0269820000000000    0.9105100000000000    0.9526230000000000 Al
   0.5120060000000000    0.9155170000000000    0.9536360000000000 Al
   0.2710850000000000    0.5845180000000000    0.9536600000000000 Al
   0.6490250000000000    0.7475309999999999    0.4531330000000000 N
   0.6490290000000000    0.2475250000000000    0.9531510000000000 N
EA197   3.027  2.870  2.868 89.91 61.75 118.22 Sym.group:  121
1.0
   3.0265270000000002   -0.0128250000000000    0.0234160000000000
  -1.3461090000000000    2.5348350000000002   -0.0257120000000000
   1.3419470000000000    0.7421080000000000    2.4234950000000000
H C
4 1
direct
   0.0655840000000000    0.1244430000000000    0.5515260000000000 H
   0.5325280000000000    0.8581240000000000    0.2521590000000000 H
   0.0623700000000000    0.5575639999999999    0.9888940000000001 H
   0.5356180000000000    0.2956970000000000    0.8140690000000000 H
   0.7988020000000000    0.2087840000000000    0.9015680000000000 C
EA409   2.163  3.730  3.716 94.57 73.47 106.63 Sym.group:   87
1.0
   2.1632810000000000   -0.0085370000000000    0.0180230000000000
  -1.0534710000000000    3.5781250000000000   -0.0148410000000000
   1.0275479999999999    0.0087280000000000    3.5710880000000000
Be H
4 1
direct
   0.4734490000000000    0.4550800000000000    0.2302470000000000 Be
   0.3027050000000000    0.8397019999999999    0.9544720000000000 Be
   0.1065800000000000    0.2823230000000000    0.7878810000000001 Be
   0.6696010000000000    0.0125650000000000    0.3969140000000000 Be
   0.3880700000000000    0.6474910000000000    0.5922430000000000 H
