NUMBER OF PAIRS 28
COMPOSITION A 1.0 B
NUMBER OF TEMPLATES 11
RELAXED COUPLES
[N Na] 
[Mg Na] 
[Li N] 
[C Li] 
[B Li] 
[B Be] 
[Mg O] 
[C Mg] 
[B Mg] 
[Be Mg] 
[Li Na] 
[Be N] 
[Be Li] 
[Li Mg] 
[B C] 
[B Na] 
[C Na] 
[Li O] 
[C O] 
[C N] 
[N O] 
[Be O] 
[Be C] 
[B N] 
[Mg N] 
[B O] 
[Na O] 
[Be Na] 
RANKING VECTORS ENTHALPIES
0:[ 0.5532943   0.66281009 -0.15612843  1.66443599  1.1960467   1.27058055 -4.65670395  1.05621064  1.07939955  1.32509178  0.18982559 -0.88641342  0.77107025  0.15013829  1.08545203  2.06213748  2.50050017 -2.59070718  1.65445546  1.95143195  1.14223813 -3.60447158  1.36509756 -0.63301111 -1.47494767 -0.20840738 -2.14301118  1.81264951] 
1:[ 1.70013611  1.92695305  0.77002351  2.82702289  2.42945173  2.29319262 -3.91267843  2.28612327  2.48899958  2.83118349  0.65697588 -0.67148778  2.32825458  1.45350808  0.46236675  3.30627141  3.74106553 -1.90709974  2.21841536  1.55756278  1.6778575  -3.82724471  1.96589836 -2.23650911 -0.45095599 -0.75227923 -1.12257074  3.02888522] 
2:[ 1.17304839  1.65462477 -0.30422604  2.07726889  1.69706639  1.20523218 -4.13314835  1.60743132  1.30336315  0.97314982  0.10427319 -0.75988321  1.76357593  0.11576874  0.45765745  2.8918165   1.96562874 -2.28770643  0.75954613  0.30645092  1.24421418 -3.8311285   1.39387752 -2.21508133 -0.61534042 -0.61746714 -1.56111914  2.67333646] 
3:[-0.07875775  0.05237131 -0.6299535   0.94530265 -0.01013157  0.17072615 -4.23300577  0.95661572  0.74114463  0.57174536  0.05687075 -0.80657736 -0.01204584 -0.01895851  2.57734639  1.13082639  1.68432462 -2.63060779  1.91372062  2.44433422  1.37176241 -3.04223284  1.34433938  0.25456171 -1.28206987 -0.35269037 -2.33851642  0.5034114 ] 
4:[-0.07276421  0.13082756 -1.63981283  0.02920567 -0.13431125  0.67352035 -4.0165224  -0.00796493  0.33665288  0.41551216  0.20034783 -0.76998621  0.09082493  0.12408821  1.0462384   0.49456918  0.06841289 -2.93127401 -0.13955294  1.59976183  0.49023706 -3.2249823   1.11452438 -0.28630634 -1.46418683 -0.75051488 -2.81970418  0.40314835] 
5:[ 0.12443418  1.29698237 -1.11280441  0.74854525  0.4435355   0.86536416 -3.42721697  1.48986948  0.65838143  1.31006366  0.41353897 -1.24535966  0.66634416  0.3229226   0.12946337  0.53244337  0.97406839 -2.60740845  1.27314471  1.65637688  0.99018202 -2.89442173  0.6408647  -0.5856315 -0.99855259 -0.1070375  -2.5446717   0.58562942] 
6:[ 5.67887940e-01  8.63304176e-01 -1.46899839e+00  9.82539792e-01 -2.69756481e-02  7.70550507e-01 -4.34760208e+00  8.19426624e-01  8.85425797e-01  6.19223507e-01  2.19531480e-01 -9.37157737e-01  3.81899220e-04 -4.77189708e-02  1.59225246e+00  2.12574209e+00  2.51578143e+00 -2.63119499e+00  1.66712398e+00  2.26312565e+00  1.26686750e+00 -3.07303274e+00  1.34408385e+00  2.34123466e-01 -1.72387497e+00 -7.58584638e-01 -2.77297279e+00  1.93283816e+00] 
7:[-0.505639    0.14030327 -0.77944382  0.74018847 -0.21576668  0.4490227 -3.98421361  0.63650093  0.25669529  0.3221603   0.05618103 -0.12930476  0.13081841 -0.23270657  2.6812165   0.64910565  1.2322812  -2.74427897  2.30120791  3.60211342  1.71728614 -2.23553335  1.49023575  1.54166771 -1.38056476  0.31122975 -2.71296972  0.6977082 ] 
8:[ 5.67878809e-01  8.44749356e-01 -1.46861343e+00  1.00118167e+00 -3.00404733e-04  7.61320855e-01 -4.34766963e+00  8.15186108e-01  7.60363347e-01  6.28638481e-01  2.19531480e-01 -9.21326041e-01 -1.27587978e-02 -5.08463591e-02  1.58778655e+00  2.12574209e+00  2.52830444e+00 -2.63256606e+00  1.65970566e+00  2.25976686e+00  1.26599908e+00 -3.07132560e+00  1.33772055e+00  2.32381008e-01 -1.72469410e+00 -7.56910065e-01 -2.77668117e+00  1.92924345e+00] 
9:[-0.50598852  0.14220296 -0.92333258  0.71801554 -0.04358296  0.22042325 -3.98385969  0.63271282  0.26197886  0.311676    0.05555322 -0.13482959  0.13727658 -0.22038506  2.39897059  0.64936193  1.23221714 -2.81581263  2.29908086  3.58882193  1.72425366 -2.23463069  1.37522974  1.54539599 -1.38749982  0.30930363 -2.71293027  0.69921889] 
10:[ 0.27910114  0.13480613 -0.29821653  1.29781418  0.26523646  0.75894041 -3.90667615  1.61345441  1.31366316  0.96917957  0.10230511 -0.76043189  0.05435628  0.11391047  0.45244919  1.10659586  1.95672966 -2.28531563  0.21999499  1.2719842  -0.68237678 -3.82718611  1.31886083  1.08599666 -0.61335941 -0.27937186 -1.83191422  0.5507644 ] 
R(T) IDX
0:[ 0.  1.  2.  3.  4.  5.  6.  7.  8.  9. 10. 11. 12. 13. 14. 15. 16. 17. 18. 19. 20. 21. 22. 23. 24. 25. 26. 27.] 
1:[ 0.  1.  2.  3.  4.  5.  6.  7.  8.  9. 10. 11. 12. 13. 14. 15. 16. 17. 18. 19. 20. 21. 22. 23. 24. 25. 26. 27.] 
2:[ 0.  1.  2.  3.  4.  5.  6.  7.  8.  9. 10. 11. 12. 13. 14. 15. 16. 17. 18. 19. 20. 21. 22. 23. 24. 25. 26. 27.] 
3:[ 0.  1.  2.  3.  4.  5.  6.  7.  8.  9. 10. 11. 12. 13. 14. 15. 16. 17. 18. 19. 20. 21. 22. 23. 24. 25. 26. 27.] 
4:[ 0.  1.  2.  3.  4.  5.  6.  7.  8.  9. 10. 11. 12. 13. 14. 15. 16. 17. 18. 19. 20. 21. 22. 23. 24. 25. 26. 27.] 
5:[ 0.  1.  2.  3.  4.  5.  6.  7.  8.  9. 10. 11. 12. 13. 14. 15. 16. 17. 18. 19. 20. 21. 22. 23. 24. 25. 26. 27.] 
6:[ 0.  1.  2.  3.  4.  5.  6.  7.  8.  9. 10. 11. 12. 13. 14. 15. 16. 17. 18. 19. 20. 21. 22. 23. 24. 25. 26. 27.] 
7:[ 0.  1.  2.  3.  4.  5.  6.  7.  8.  9. 10. 11. 12. 13. 14. 15. 16. 17. 18. 19. 20. 21. 22. 23. 24. 25. 26. 27.] 
8:[ 0.  1.  2.  3.  4.  5.  6.  7.  8.  9. 10. 11. 12. 13. 14. 15. 16. 17. 18. 19. 20. 21. 22. 23. 24. 25. 26. 27.] 
9:[ 0.  1.  2.  3.  4.  5.  6.  7.  8.  9. 10. 11. 12. 13. 14. 15. 16. 17. 18. 19. 20. 21. 22. 23. 24. 25. 26. 27.] 
10:[ 0.  1.  2.  3.  4.  5.  6.  7.  8.  9. 10. 11. 12. 13. 14. 15. 16. 17. 18. 19. 20. 21. 22. 23. 24. 25. 26. 27.] 
R(P) IDX
0:[0. 0. 0. 0. 0. 0. 0. 0. 0. 0. 0. 0. 0. 0. 0. 0. 0. 0. 0. 0. 0. 0. 0. 0. 0. 0. 0. 0.] 
1:[1. 1. 1. 1. 1. 1. 1. 1. 1. 1. 1. 1. 1. 1. 1. 1. 1. 1. 1. 1. 1. 1. 1. 1. 1. 1. 1. 1.] 
2:[2. 2. 2. 2. 2. 2. 2. 2. 2. 2. 2. 2. 2. 2. 2. 2. 2. 2. 2. 2. 2. 2. 2. 2. 2. 2. 2. 2.] 
3:[3. 3. 3. 3. 3. 3. 3. 3. 3. 3. 3. 3. 3. 3. 3. 3. 3. 3. 3. 3. 3. 3. 3. 3. 3. 3. 3. 3.] 
4:[4. 4. 4. 4. 4. 4. 4. 4. 4. 4. 4. 4. 4. 4. 4. 4. 4. 4. 4. 4. 4. 4. 4. 4. 4. 4. 4. 4.] 
5:[5. 5. 5. 5. 5. 5. 5. 5. 5. 5. 5. 5. 5. 5. 5. 5. 5. 5. 5. 5. 5. 5. 5. 5. 5. 5. 5. 5.] 
6:[6. 6. 6. 6. 6. 6. 6. 6. 6. 6. 6. 6. 6. 6. 6. 6. 6. 6. 6. 6. 6. 6. 6. 6. 6. 6. 6. 6.] 
7:[7. 7. 7. 7. 7. 7. 7. 7. 7. 7. 7. 7. 7. 7. 7. 7. 7. 7. 7. 7. 7. 7. 7. 7. 7. 7. 7. 7.] 
8:[8. 8. 8. 8. 8. 8. 8. 8. 8. 8. 8. 8. 8. 8. 8. 8. 8. 8. 8. 8. 8. 8. 8. 8. 8. 8. 8. 8.] 
9:[9. 9. 9. 9. 9. 9. 9. 9. 9. 9. 9. 9. 9. 9. 9. 9. 9. 9. 9. 9. 9. 9. 9. 9. 9. 9. 9. 9.] 
10:[10. 10. 10. 10. 10. 10. 10. 10. 10. 10. 10. 10. 10. 10. 10. 10. 10. 10. 10. 10. 10. 10. 10. 10. 10. 10. 10. 10.] 
