NUMBER OF PAIRS 28
COMPOSITION A 1.0 B
NUMBER OF TEMPLATES 10
RELAXED COUPLES
[Na O] 
[C O] 
[Be Li] 
[Li N] 
[B N] 
[Be Mg] 
[C Na] 
[B C] 
[N Na] 
[Li Na] 
[Li Mg] 
[B Mg] 
[Mg N] 
[Mg Na] 
[Be N] 
[C Li] 
[Be Na] 
[C N] 
[C Mg] 
[Be O] 
[Mg O] 
[B O] 
[B Li] 
[B Be] 
[N O] 
[Be C] 
[Li O] 
[B Na] 
RANKING VECTORS ENTHALPIES
0:[-2.71296972  2.30120791  0.13081841 -0.77944382  1.54166771  0.3221603  1.2322812   2.6812165  -0.505639    0.05618103 -0.23270657  0.25669529 -1.38056476  0.14030327 -0.12930476  0.74018847  0.6977082   3.60211342  0.63650093 -2.23553335 -3.98421361  0.31122975 -0.21576668  0.4490227  1.71728614  1.49023575 -2.74427897  0.64910565] 
1:[-0.93409963  0.7756447  -0.02729575 -0.58268638 -1.77625945  0.30785794  1.28578095  0.63343539 -0.8477818   0.08523183  0.65210887  0.85376463 -0.58344423  0.14864834 -0.63841998  0.12167096  0.69202848 -0.26473872  0.35556845 -3.5003551  -3.66998145 -2.73579077  0.23303679  0.47371681  0.71844893  1.35934586 -2.20875872  0.89791844] 
2:[-2.77297279e+00  1.66712398e+00  3.81899220e-04 -1.46899839e+00  2.34123466e-01  6.19223507e-01  2.51578143e+00  1.59225246e+00  5.67887940e-01  2.19531480e-01 -4.77189708e-02  8.85425797e-01 -1.72387497e+00  8.63304176e-01 -9.37157737e-01  9.82539792e-01  1.93283816e+00  2.26312565e+00  8.19426624e-01 -3.07303274e+00 -4.34760208e+00 -7.58584638e-01 -2.69756481e-02  7.70550507e-01  1.26686750e+00  1.34408385e+00 -2.63119499e+00  2.12574209e+00] 
3:[-2.77668117e+00  1.65970566e+00 -1.27587978e-02 -1.46861343e+00  2.32381008e-01  6.28638481e-01  2.52830444e+00  1.58778655e+00  5.67878809e-01  2.19531480e-01 -5.08463591e-02  7.60363347e-01 -1.72469410e+00  8.44749356e-01 -9.21326041e-01  1.00118167e+00  1.92924345e+00  2.25976686e+00  8.15186108e-01 -3.07132560e+00 -4.34766963e+00 -7.56910065e-01 -3.00404733e-04  7.61320855e-01  1.26599908e+00  1.33772055e+00 -2.63256606e+00  2.12574209e+00] 
4:[-2.14301118  1.65445546  0.77107025 -0.15612843 -0.63301111  1.32509178  2.50050017  1.08545203  0.5532943   0.18982559  0.15013829  1.07939955 -1.47494767  0.66281009 -0.88641342  1.66443599  1.81264951  1.95143195  1.05621064 -3.60447158 -4.65670395 -0.20840738  1.1960467   1.27058055  1.14223813  1.36509756 -2.59070718  2.06213748] 
5:[-2.34379443  1.83370948 -0.01083761 -0.83938843  0.2172141   0.63351552  1.6840738   2.60451198 -0.11655038  0.05236682 -0.05080756  0.70263471 -1.6722451   0.05028559 -0.95852314  0.95506123  0.49636899  2.27209655  0.82759112 -3.07050704 -4.34710356 -0.4562756  -0.0107647   0.7710648  1.24697037  1.33076314 -2.63156648  0.98468464] 
6:[-1.49620505 -0.76448175  0.01075353 -0.20059077  0.49685979  0.49595471 -0.02074787  0.26787684 -0.026728    0.03919809 -0.01034195  0.05230662  0.13255028  0.02525448 -0.86911877 -0.34263851  0.41811638  1.03772712  0.0806936  -3.64124744 -4.18338247 -1.99890731  0.14654037  0.00482079 -0.47242948  0.68175275 -2.28871537  0.28207674] 
7:[-2.81970418 -0.13955294  0.09082493 -1.63981283 -0.28630634  0.41551216  0.06841289  1.0462384  -0.07276421  0.20034783  0.12408821  0.33665288 -1.46418683  0.13082756 -0.76998621  0.02920567  0.40314835  1.59976183 -0.00796493 -3.2249823  -4.0165224  -0.75051488 -0.13431125  0.67352035  0.49023706  1.11452438 -2.93127401  0.49456918] 
8:[-1.23374629e+00  6.22301627e-01  1.58234137e-02 -1.22352658e-01 -1.80321048e+00  5.00775406e-01 -1.56083406e-02  2.62496454e-01 -2.14347319e-02  3.53055565e-02 -4.78302514e-03  5.34388784e-02 -9.54692045e-01  3.27197416e-02 -8.73563185e-01 -3.41649970e-01  4.21069149e-01  3.02186878e-01  7.92970899e-02 -3.64125050e+00 -4.19003834e+00 -2.00088412e+00  1.53844025e-01  2.21212557e-03  1.07862695e+00  6.86727749e-01 -2.28854893e+00  2.86919556e-01] 
9:[-1.83191422  0.21999499  0.05435628 -0.29821653  1.08599666  0.96917957  1.95672966  0.45244919  0.27910114  0.10230511  0.11391047  1.31366316 -0.61335941  0.13480613 -0.76043189  1.29781418  0.5507644   1.2719842  1.61345441 -3.82718611 -3.90667615 -0.27937186  0.26523646  0.75894041 -0.68237678  1.31886083 -2.28531563  1.10659586] 
R(T) IDX
0:[ 0.  1.  2.  3.  4.  5.  6.  7.  8.  9. 10. 11. 12. 13. 14. 15. 16. 17. 18. 19. 20. 21. 22. 23. 24. 25. 26. 27.] 
1:[ 0.  1.  2.  3.  4.  5.  6.  7.  8.  9. 10. 11. 12. 13. 14. 15. 16. 17. 18. 19. 20. 21. 22. 23. 24. 25. 26. 27.] 
2:[ 0.  1.  2.  3.  4.  5.  6.  7.  8.  9. 10. 11. 12. 13. 14. 15. 16. 17. 18. 19. 20. 21. 22. 23. 24. 25. 26. 27.] 
3:[ 0.  1.  2.  3.  4.  5.  6.  7.  8.  9. 10. 11. 12. 13. 14. 15. 16. 17. 18. 19. 20. 21. 22. 23. 24. 25. 26. 27.] 
4:[ 0.  1.  2.  3.  4.  5.  6.  7.  8.  9. 10. 11. 12. 13. 14. 15. 16. 17. 18. 19. 20. 21. 22. 23. 24. 25. 26. 27.] 
5:[ 0.  1.  2.  3.  4.  5.  6.  7.  8.  9. 10. 11. 12. 13. 14. 15. 16. 17. 18. 19. 20. 21. 22. 23. 24. 25. 26. 27.] 
6:[ 0.  1.  2.  3.  4.  5.  6.  7.  8.  9. 10. 11. 12. 13. 14. 15. 16. 17. 18. 19. 20. 21. 22. 23. 24. 25. 26. 27.] 
7:[ 0.  1.  2.  3.  4.  5.  6.  7.  8.  9. 10. 11. 12. 13. 14. 15. 16. 17. 18. 19. 20. 21. 22. 23. 24. 25. 26. 27.] 
8:[ 0.  1.  2.  3.  4.  5.  6.  7.  8.  9. 10. 11. 12. 13. 14. 15. 16. 17. 18. 19. 20. 21. 22. 23. 24. 25. 26. 27.] 
9:[ 0.  1.  2.  3.  4.  5.  6.  7.  8.  9. 10. 11. 12. 13. 14. 15. 16. 17. 18. 19. 20. 21. 22. 23. 24. 25. 26. 27.] 
R(P) IDX
0:[0. 0. 0. 0. 0. 0. 0. 0. 0. 0. 0. 0. 0. 0. 0. 0. 0. 0. 0. 0. 0. 0. 0. 0. 0. 0. 0. 0.] 
1:[1. 1. 1. 1. 1. 1. 1. 1. 1. 1. 1. 1. 1. 1. 1. 1. 1. 1. 1. 1. 1. 1. 1. 1. 1. 1. 1. 1.] 
2:[2. 2. 2. 2. 2. 2. 2. 2. 2. 2. 2. 2. 2. 2. 2. 2. 2. 2. 2. 2. 2. 2. 2. 2. 2. 2. 2. 2.] 
3:[3. 3. 3. 3. 3. 3. 3. 3. 3. 3. 3. 3. 3. 3. 3. 3. 3. 3. 3. 3. 3. 3. 3. 3. 3. 3. 3. 3.] 
4:[4. 4. 4. 4. 4. 4. 4. 4. 4. 4. 4. 4. 4. 4. 4. 4. 4. 4. 4. 4. 4. 4. 4. 4. 4. 4. 4. 4.] 
5:[5. 5. 5. 5. 5. 5. 5. 5. 5. 5. 5. 5. 5. 5. 5. 5. 5. 5. 5. 5. 5. 5. 5. 5. 5. 5. 5. 5.] 
6:[6. 6. 6. 6. 6. 6. 6. 6. 6. 6. 6. 6. 6. 6. 6. 6. 6. 6. 6. 6. 6. 6. 6. 6. 6. 6. 6. 6.] 
7:[7. 7. 7. 7. 7. 7. 7. 7. 7. 7. 7. 7. 7. 7. 7. 7. 7. 7. 7. 7. 7. 7. 7. 7. 7. 7. 7. 7.] 
8:[8. 8. 8. 8. 8. 8. 8. 8. 8. 8. 8. 8. 8. 8. 8. 8. 8. 8. 8. 8. 8. 8. 8. 8. 8. 8. 8. 8.] 
9:[9. 9. 9. 9. 9. 9. 9. 9. 9. 9. 9. 9. 9. 9. 9. 9. 9. 9. 9. 9. 9. 9. 9. 9. 9. 9. 9. 9.] 
