NUMBER OF TEMPLATES 41
COMPOSITION A 2 B
pairs , SPACEGROUPS 
[N Al] , 166 
[O C] , 166 
[Al Si] , 164 
[Li Si] , 191 
[Si Mg] , 227 
[Mg H] , 164 
[Na Be] , 164 
[B Be] , 216 
[Li C] , 166 
[Li F] , 164 
[Al N] , 164 
[C Cl] , 191 
[Li B] , 164 
[Be Al] , 227 
[C Be] , 156 
[Mg Cl] , 164 
[N Li] , 194 
[Si Li] , 191 
[S Si] , 186 
[Cl Mg] , 164 
[N O] , 160 
[Na N] , 191 
[Na Li] , 164 
[Cl Mg] , 166 
[Na Si] , 191 
[Na Al] , 191 
[Al F] , 187 
[Na P] , 191 
[Si B] , 164 
[Si Be] , 225 
[Al Li] , 155 
[N B] , 160 
[Cl Mg] , 186 
[P Cl] , 164 
[B C] , 160 
[Mg F] , 164 
[Mg Na] , 164 
[Al Li] , 189 
[Li Cl] , 166 
[Si O] , 166 
[Na S] , 194 
RANKING VECTORS ENTHALPIES
0:[-206.99684253 -206.99236913 -206.58306177 -206.30183296 -206.30162882 -206.29915406 -206.22860875 -206.22821914 -206.19657843 -206.13909876 -205.93621895 -205.88265698 -205.83455082 -205.83230844 -205.81851762 -205.81445726 -205.77188221 -205.76570179 -205.70386481 -205.69828289 -205.64896423 -205.64808618 -205.64505384 -205.64473217 -205.64446386 -205.64386531 -205.6383379  -205.57853469 -205.57046428 -204.98420511 -204.98409409 -204.97948964 -204.97304598 -204.97301257 -204.97291604 -204.97212251 -204.93278821 -204.75358941 -204.25198193 -204.21582453 -204.21576453] 
1:[-351.45704067 -351.45672633 -351.11113192 -350.60434681 -350.60397339 -350.60377725 -350.60373306 -350.60352507 -350.60347384 -350.60338819 -350.60049115 -350.59357967 -350.50595583 -350.50337943 -349.86198048 -349.82443319 -349.56286603 -349.52946661 -349.44686289 -349.39958819 -349.36918482 -349.35529414 -349.35021004 -349.26587695 -349.20418676 -349.14451745 -348.98637403 -348.76329289 -348.76328881 -348.76304788 -348.67976644 -348.67975711 -348.67971631 -348.67033581 -348.58423228 -348.31936313 -347.77340512 -347.69567093 -347.63677863 -347.26047359 -347.25987618] 
2:[-76.17548182 -76.17239422 -76.17146276 -76.170497   -76.16865859 -76.16752046 -76.16602005 -76.16541874 -76.1612266  -76.15993343 -76.14878084 -76.1439818  -76.12954686 -76.12269316 -76.10762079 -76.09294683 -76.07384345 -76.05955682 -76.03316133 -75.94430372 -75.92806662 -75.91963134 -75.91463835 -75.86851915 -75.86849723 -75.86841608 -75.8630468  -75.84839971 -75.84343721 -75.84296883 -75.7960641  -75.7930341  -75.72866422 -75.72843836 -75.71446784 -75.66794687 -75.66745961 -75.63133568 -75.49391698 -75.40637136 -75.3372929 ] 
3:[-165.94002742 -165.9399674  -165.93984054 -165.93897808 -165.93339673 -165.93192993 -165.93153265 -165.74105212 -165.72435803 -165.70121629 -165.69987487 -165.57649851 -165.56253714 -165.56241217 -165.53305182 -165.53123527 -165.52984565 -165.51382406 -165.49972441 -165.49913111 -165.49906636 -165.49697371 -165.49536456 -165.48690932 -165.4856458 -165.46957002 -165.46917951 -165.45573847 -165.42439156 -165.42435993 -165.39898734 -165.36426057 -165.35668835 -165.34740733 -165.28257206 -165.24792142 -165.23975255 -165.06642653 -165.01908987 -164.97898488 -164.76123025] 
4:[-610.95181579 -610.94082547 -610.93288463 -610.93281509 -610.92812657 -610.92811135 -610.92811042 -610.91566673 -610.90399362 -610.80378379 -610.80356567 -610.78214283 -610.75441264 -610.75321557 -610.75310635 -610.75270068 -610.75131521 -610.75049316 -610.74449791 -610.7263872 -610.71239807 -610.69260285 -610.68720711 -610.68628675 -610.64532728 -610.63866202 -610.55100577 -610.53537084 -610.52552043 -610.52297915 -610.47380792 -610.46462988 -610.46458338 -610.36511027 -610.31639791 -610.28786439 -610.25864622 -610.18895151 -610.15240138 -610.13119393 -609.97952611] 
5:[-1078.60540866 -1078.6054032  -1078.60512652 -1078.60396171 -1078.6039545  -1078.60342145 -1078.60179671 -1078.60069859 -1078.5987605  -1078.59773377 -1078.58206223 -1078.58078375 -1078.56928486 -1078.54585557 -1078.52984549 -1078.52224454 -1078.51898368 -1078.47605201 -1078.46206203 -1078.43690064 -1078.42685104 -1078.42031754 -1078.39620794 -1078.23371882 -1078.23328132 -1078.13657583 -1078.0740559  -1077.95962068 -1077.93574589 -1077.82172839 -1077.63162376 -1077.30466493 -1077.29190093 -1077.29146839 -1077.28596866 -1077.28583625 -1077.282292   -1077.27383427 -1076.90263594 -1076.72963169 -1076.72400231] 
6:[-950.52944068 -950.51463337 -950.50706973 -950.50430251 -950.50427434 -950.50399849 -950.50339771 -950.50162541 -950.49870862 -950.46960459 -950.44641721 -950.44498162 -950.41782992 -950.39763781 -950.39116284 -950.38986408 -950.38950596 -950.38081775 -950.37934627 -950.37407602 -950.37156363 -950.37103203 -950.37047109 -950.3703623  -950.36982539 -950.36559462 -950.33128336 -950.31805261 -950.30844004 -950.30843974 -950.28789087 -950.25143103 -950.19070459 -950.19070115 -950.0801985 -950.01624049 -950.00318328 -950.00253192 -949.973626   -949.51278502 -949.45063366] 
7:[-177.95721653 -177.92202794 -177.87051318 -177.75753581 -177.75252171 -177.7408393  -177.74072099 -177.73903022 -177.7380302  -177.73465844 -177.73429687 -177.73237701 -177.7223837  -177.57570349 -177.52715155 -177.39324273 -177.33480717 -177.33480674 -177.18396221 -177.18358137 -177.18276952 -177.17394806 -177.1738214  -177.16998708 -177.1665453 -177.16614871 -177.16227467 -177.14392432 -177.13637259 -177.12905453 -177.12630635 -177.12575397 -177.11750018 -177.10928866 -177.06741935 -177.05624743 -177.04147779 -177.02067782 -176.97258458 -176.83063833 -176.61053995] 
8:[-182.80746488 -182.52763307 -182.52063247 -182.49982833 -182.49981227 -182.49950913 -182.49028328 -182.48859181 -182.4818688  -182.47627422 -182.4227714  -182.41596194 -182.3817929  -182.37619065 -182.37280148 -182.21943157 -182.10435456 -182.01801709 -181.98484339 -181.98422982 -181.84576417 -181.81309559 -181.78186143 -181.77297828 -181.76333713 -181.71259749 -181.70243786 -181.70216806 -181.69907536 -181.68950226 -181.67698462 -181.6755299  -181.60728222 -181.58996646 -181.58040436 -181.47808771 -181.44567005 -181.38080055 -181.35906542 -181.33276708 -181.02527538] 
9:[-352.61898567 -352.61790252 -352.61232384 -352.57264591 -352.56426693 -352.55723063 -352.55710929 -352.55646005 -352.55546771 -352.55470783 -352.55463676 -352.55449064 -352.55447358 -352.54603599 -352.52787854 -352.52551465 -352.52404448 -352.42796854 -352.42722582 -352.36552466 -352.26083525 -352.26060075 -352.2593093  -352.16104771 -352.10392799 -352.0987465  -352.09792461 -352.09138328 -351.89380454 -351.7960353 -351.67298353 -351.50084893 -351.45842271 -351.45841611 -351.4584036 -351.4580773  -351.45738156 -351.4569848  -351.4569323  -351.20917566 -351.20687094] 
10:[-133.67040991 -133.66768769 -133.57006094 -133.56946074 -133.56915802 -133.56739363 -133.56724383 -133.56514056 -133.56503977 -133.55619689 -133.52137818 -133.52131074 -133.5043009  -133.47785411 -133.43526836 -133.21583399 -133.19120956 -133.14108883 -133.09972741 -133.09964651 -133.04200037 -132.58648747 -132.58047783 -132.567972   -132.34970204 -132.34854502 -132.1872801  -132.0000489  -131.91223523 -131.78436421 -131.68591028 -130.82928329 -130.82163847 -130.8212179  -130.82121734 -130.82121401 -130.81575063 -130.7950963  -130.5969     -130.57431489 -130.55687932] 
11:[-254.51934459 -254.51934214 -254.51931974 -254.51913895 -254.50708515 -254.50708183 -254.50707853 -254.5024057  -254.50235376 -254.50148743 -254.49614872 -254.49614681 -254.49613255 -254.48500297 -254.47961412 -254.47282508 -254.45292099 -254.42979096 -254.42271522 -254.42271083 -254.37853714 -254.3603505  -254.27109498 -253.39331217 -252.76610873 -252.62475616 -252.57242336 -252.55797267 -252.49928995 -252.48703573 -252.46564244 -252.45791342 -252.45634106 -252.40257707 -252.32541567 -251.99870753 -251.56336903 -251.24417051 -251.24416888 -251.07003087 -250.75250861] 
12:[-154.76829284 -154.76671157 -154.76581277 -154.71761583 -154.71368691 -154.71303593 -154.71082349 -154.71008373 -154.71007334 -154.71005909 -154.70510029 -154.70364388 -154.66358193 -154.46914559 -154.43195602 -154.41893327 -154.32612312 -154.28814628 -154.21348656 -154.11193684 -154.10346218 -154.10312496 -154.10026774 -154.10001613 -154.09966447 -154.09897452 -154.09894375 -154.09650715 -154.09632497 -154.09299003 -154.0906037  -154.08414973 -154.06726603 -154.06026542 -154.04052354 -153.89156306 -153.88223309 -153.88131739 -153.68790554 -153.46376046 -153.43210581] 
13:[-271.17584011 -271.16276167 -271.16141953 -270.91965517 -270.91957317 -270.91882428 -270.91803752 -270.91517445 -270.91395081 -270.91390851 -270.913755   -270.91374404 -270.77788065 -270.76794336 -270.75345602 -270.74640554 -270.74014972 -270.73932628 -270.73924867 -270.73777603 -270.73565303 -270.73318866 -270.71886789 -270.71716199 -270.70639779 -270.70127942 -270.67482336 -270.65620416 -270.62394892 -270.62347794 -270.60369465 -270.58087346 -270.54037016 -270.52063646 -270.48512776 -270.35493855 -270.33515157 -270.31788879 -270.31734023 -270.28301917 -270.00523318] 
14:[-233.36890721 -233.29113038 -233.29046707 -233.29046528 -233.2530331 -233.21746587 -233.21523659 -233.21505033 -233.21364152 -233.21324546 -233.21314048 -233.19136581 -233.1633522  -233.06966171 -233.06702294 -233.06671177 -232.77355994 -232.69454465 -232.45072529 -232.44797582 -232.37657336 -232.37566163 -232.22089365 -232.19596178 -232.11927267 -231.97085793 -231.95990034 -231.93241624 -231.90924303 -231.74617355 -231.7455753  -231.73533865 -231.73347163 -231.7286196  -231.72860566 -231.72837465 -231.65487453 -231.41959335 -231.35410607 -231.2464427 -231.24643631] 
15:[-1221.30074708 -1221.29787379 -1221.29657262 -1221.29411884 -1221.29080687 -1221.28911592 -1221.28890866 -1221.25796188 -1221.22968843 -1221.22447564 -1221.21847116 -1221.21790525 -1221.21121491 -1221.20846049 -1221.18054644 -1221.16369323 -1221.05585376 -1221.03781453 -1221.03424647 -1220.99900508 -1220.95950115 -1220.93420081 -1220.91637007 -1220.88022823 -1220.82619031 -1220.72546063 -1220.69903296 -1220.63145162 -1220.57229901 -1220.57168878 -1220.49168296 -1220.48173789 -1220.35178852 -1220.35177762 -1220.35174648 -1220.34952966 -1220.34447397 -1220.34443951 -1220.3427013  -1220.072892 -1219.74354048] 
16:[-251.27292163 -251.27075152 -250.83773774 -250.56519261 -250.19159731 -250.10758482 -250.10612969 -250.0797694  -250.07067617 -250.06027921 -250.05789974 -250.05788988 -250.05589553 -250.05364796 -250.05275401 -250.05234224 -250.02995325 -249.94446006 -249.93538424 -249.92446826 -249.92027211 -249.91382652 -249.90112071 -249.89660147 -249.85550358 -249.70787804 -249.6544848  -249.61499395 -249.61376736 -249.61373068 -249.60291617 -249.53951853 -249.5256635  -249.51848588 -249.47175385 -249.45374957 -249.44513982 -249.41734887 -249.40100914 -249.03606509 -248.98159406] 
17:[-138.41282877 -138.37464009 -138.37079887 -138.37079711 -138.36873665 -138.36873651 -138.36873623 -138.35922962 -138.35429729 -138.35243156 -138.33632728 -138.32692457 -138.28729313 -138.28560755 -138.28235201 -138.27859373 -138.27064974 -138.27012121 -138.2638788  -138.26204418 -138.26174837 -138.25911668 -138.21938951 -138.20763621 -138.2062119 -138.20516666 -138.19535772 -138.17222803 -138.15844847 -138.1554804 -138.12635397 -138.12632363 -138.09933584 -138.05766793 -138.03479188 -138.0142866  -137.97828339 -137.95973803 -137.85955532 -137.84660319 -137.61093437] 
18:[-234.54710373 -234.54645555 -234.54434571 -234.54419974 -234.54361913 -234.54236366 -234.54164717 -234.53543967 -234.53522211 -234.53008438 -234.48599474 -234.18445084 -234.17819204 -234.09220685 -234.08797037 -234.01520434 -233.9671501  -233.96712142 -233.92660974 -233.91531318 -233.90351757 -233.89262212 -233.88654342 -233.88507746 -233.86408604 -233.84546915 -233.80734173 -233.76615539 -233.70869534 -233.6375811 -233.46712174 -233.46352754 -233.4429963  -233.44299623 -233.44299428 -233.44291579 -233.43861424 -233.11612941 -233.06748141 -232.8472118 -232.84697865] 
19:[-832.61931238 -832.61930382 -832.61926684 -832.61924947 -832.6187132 -832.61797934 -832.61243811 -832.61170882 -832.60236912 -832.59006485 -832.36213126 -832.36032911 -832.3170612  -832.31552106 -832.27339024 -832.2321938  -832.19971605 -832.11445959 -832.1022389  -831.91595222 -831.78894209 -831.74023448 -831.73290842 -831.68837767 -831.68675921 -831.66355066 -831.56451611 -831.1908529  -831.18337459 -831.15842204 -831.15423089 -831.15331894 -831.15330627 -831.15310268 -831.15301362 -831.15276732 -831.15169609 -830.94039478 -830.64294023 -830.35088375 -830.35085057] 
20:[-334.22766496 -333.85217422 -333.75730918 -333.18516818 -333.17514846 -333.09831963 -333.05024904 -332.9693706  -332.91421885 -332.91313788 -332.82303837 -332.79543172 -332.75884617 -332.75807087 -332.75723589 -332.75712997 -332.75581492 -332.75263121 -332.72277398 -332.71507677 -332.69703866 -332.6875093  -332.58345975 -332.49904874 -332.49849187 -332.49497705 -332.41956431 -332.32117946 -332.31879913 -332.15424655 -331.79966598 -331.79518192 -331.78859172 -331.77887859 -331.77833084 -331.77437583 -331.76158025 -331.65160507 -331.42582463 -331.42349367 -331.06812055] 
21:[-919.12014055 -919.09053722 -919.08891287 -919.08538121 -919.08312931 -919.08285201 -919.08234248 -919.0816139  -919.08068327 -919.0672445 -919.06712924 -919.02142513 -919.01822643 -918.98105019 -918.98102468 -918.9804404  -918.79645101 -918.79586391 -918.77949428 -918.77638427 -918.76916318 -918.76895045 -918.63108394 -918.59998263 -918.59043691 -918.56881433 -918.54058436 -918.49512731 -918.35107547 -918.05873027 -918.05353162 -918.05061615 -918.05026708 -918.04614085 -918.03198131 -918.03020344 -918.00925279 -918.00556638 -917.52817104 -917.47677269 -917.35135459] 
22:[-889.10973868 -889.10410407 -889.1035518  -889.10354904 -889.10267472 -889.09959092 -889.09867496 -889.09761453 -889.09467537 -889.09452593 -889.09262021 -889.08858027 -889.08586797 -889.08515667 -889.08468313 -889.07724632 -889.07199248 -889.07101976 -889.06914389 -889.06628008 -889.06138899 -889.05558331 -889.05546518 -889.05365025 -889.05130118 -889.05116366 -889.04835125 -889.04822406 -889.04726426 -889.04702261 -889.04694621 -889.03218089 -889.02671608 -889.01044981 -889.00190081 -888.99893836 -888.99882669 -888.9036283  -888.90330833 -888.5804901 -888.57044275] 
23:[-832.61931238 -832.61930382 -832.61926684 -832.61924947 -832.6187132 -832.61797934 -832.61243811 -832.61170882 -832.60236912 -832.59006485 -832.36213126 -832.36032911 -832.3170612  -832.31552106 -832.27339024 -832.2321938  -832.19971605 -832.11445959 -832.1022389  -831.91595222 -831.78894209 -831.74023448 -831.73290842 -831.68837767 -831.68675921 -831.66355066 -831.56451611 -831.1908529  -831.18337459 -831.15842204 -831.15423089 -831.15331894 -831.15330627 -831.15310268 -831.15301362 -831.15276732 -831.15169609 -830.94039478 -830.64294023 -830.35088375 -830.35085057] 
24:[-862.41360477 -862.40092452 -862.40077421 -862.40055006 -862.40026427 -862.39833404 -862.38286562 -862.38235638 -862.14446677 -862.14426517 -862.13964544 -862.08118806 -862.06995581 -862.06384429 -862.05296901 -862.04213868 -862.04211128 -862.03114209 -862.02579347 -862.0008834 -861.99628432 -861.99312313 -861.99307736 -861.99297677 -861.99259937 -861.99252686 -861.98944079 -861.90426812 -861.89464088 -861.88254453 -861.87450645 -861.8657594  -861.86279872 -861.8197585  -861.78799842 -861.78750479 -861.77628776 -861.75767119 -861.75249316 -861.18663524 -860.96565051] 
25:[-844.65158959 -844.63991581 -844.6369071  -844.63646371 -844.63147349 -844.62945826 -844.62940761 -844.62916667 -844.60903797 -844.56730431 -844.56631515 -844.55909104 -844.55716824 -844.55296531 -844.55271747 -844.55265298 -844.55243686 -844.5524354  -844.54923382 -844.54729264 -844.54607029 -844.54401722 -844.5430752  -844.54235512 -844.5370838 -844.5368234  -844.53498347 -844.48229767 -844.47956391 -844.47886331 -844.47364789 -844.46324601 -844.43539182 -844.37119923 -844.31864236 -844.25172988 -844.17814914 -844.17813749 -844.03884934 -843.58079541 -843.32866496] 
26:[-262.37913539 -262.37747177 -262.29508112 -262.16321325 -262.09196194 -262.06837056 -262.06323241 -262.06164436 -262.05946985 -262.0570598 -262.0551101  -262.03883682 -262.03875998 -262.03854683 -262.0374095 -262.03729061 -262.03682651 -262.03252204 -262.01493983 -262.01279703 -261.83200543 -261.73646557 -261.7272727  -261.66065753 -261.62612149 -261.57833277 -261.57486878 -261.50441726 -261.50303847 -261.25382634 -261.05731667 -261.03992412 -261.03992025 -261.03990199 -261.03134849 -261.03126824 -261.02984496 -260.70973132 -260.60355406 -260.60235441 -260.27197666] 
27:[-887.4823909  -887.46450471 -887.461413   -887.46070524 -887.45878978 -887.4587083  -887.44180277 -887.43843981 -887.4383769  -887.39427361 -887.05126011 -886.99758843 -886.89518395 -886.87977757 -886.84546526 -886.84350547 -886.84331591 -886.78742459 -886.75608218 -886.75603679 -886.75513981 -886.7379059  -886.73789356 -886.73777611 -886.73775279 -886.73508179 -886.71221896 -886.7088076  -886.70121235 -886.58503077 -886.58492376 -886.51665475 -886.46649106 -886.45310581 -886.43478021 -886.42897467 -886.41900755 -886.36879698 -886.32834758 -886.26172252 -886.24102301] 
28:[-99.81167123 -99.8111218  -99.80988975 -99.8045254  -99.80451919 -99.80349431 -99.80349296 -99.70621764 -99.70138465 -99.69971369 -99.69909243 -99.68731979 -99.64294805 -99.62996375 -99.57789455 -99.57749801 -99.56285247 -99.55519697 -99.54107065 -99.53967637 -99.53915799 -99.45977334 -99.33676604 -99.32364759 -99.31619169 -99.31563579 -99.26520975 -99.23288733 -99.21500331 -99.2027179 -99.13646621 -98.795146   -98.78227348 -98.78227308 -98.77964558 -98.77769718 -98.77743473 -98.77742735 -98.77742726 -98.30203341 -98.30203316] 
29:[-199.51362619 -199.50936069 -199.50934467 -199.50792631 -199.50569786 -199.50564482 -199.50444513 -199.5018     -199.49603809 -199.4848464 -199.46784672 -199.46693554 -199.45784435 -199.45733058 -199.45521569 -199.45141139 -199.4255246  -199.4044998  -199.39558234 -199.39521476 -199.38581301 -199.3834837  -199.38056218 -199.3292771  -199.30007163 -199.28765992 -199.25678126 -199.25677577 -199.23378705 -199.23321246 -199.23321198 -199.23321072 -199.19475236 -199.16285293 -199.05917611 -198.87968267 -198.84816928 -198.84815957 -198.81180883 -198.66177831 -198.64709558] 
30:[-103.43438391 -103.4294512  -103.42527178 -103.40362843 -103.39928875 -103.39659862 -103.39239917 -103.3798321  -103.37904258 -103.37893097 -103.37808562 -103.37603656 -103.37555658 -103.37242461 -103.37228794 -103.37204918 -103.37142024 -103.34522205 -103.34187674 -103.33880485 -103.2941365  -103.2491243  -103.19080803 -103.18142958 -103.17888847 -103.14687148 -103.14687111 -103.14687045 -103.14595297 -103.14517134 -103.14434362 -103.14050734 -103.12801231 -103.08172611 -103.00302874 -102.91937566 -102.90785974 -102.89403439 -102.87189395 -102.87183134 -102.57667395] 
31:[-212.92133075 -212.64773465 -212.64767478 -212.6413117  -212.63328956 -212.6073533  -212.57943709 -212.56628161 -212.08811855 -211.73395275 -211.63089771 -211.46696283 -211.46645733 -211.45058497 -211.43459431 -211.42951175 -211.42811394 -211.42662772 -211.42635028 -211.42549155 -211.42431991 -211.3674383  -211.35658208 -211.32004406 -211.24824859 -211.06727587 -210.8725472  -210.74957902 -210.69572425 -210.21854859 -209.86036129 -209.86015681 -209.85768486 -209.85116814 -209.84957888 -209.84812194 -209.84811091 -209.536253   -209.10538037 -208.74159177 -208.73654135] 
32:[-832.61931238 -832.61930382 -832.61926684 -832.61924947 -832.6187132 -832.61797934 -832.61243811 -832.61170882 -832.60236912 -832.59006485 -832.36213126 -832.36032911 -832.3170612  -832.31552106 -832.27339024 -832.2321938  -832.19971605 -832.11445959 -832.1022389  -831.91595222 -831.78894209 -831.74023448 -831.73290842 -831.68837767 -831.68675921 -831.66355066 -831.56451611 -831.1908529  -831.18337459 -831.15842204 -831.15423089 -831.15331894 -831.15330627 -831.15310268 -831.15301362 -831.15276732 -831.15169609 -830.94039478 -830.64294023 -830.35088375 -830.35085057] 
33:[-269.69026617 -269.68927934 -269.68899847 -269.62591935 -269.62381803 -269.62317517 -269.62295652 -269.62177352 -269.62101273 -269.56287874 -269.56030195 -269.52201107 -269.52201063 -269.52201038 -269.51530313 -269.51502762 -269.50946335 -269.50945996 -269.49060197 -269.46045498 -269.43241472 -269.42852609 -269.42614214 -269.4112348  -269.36816518 -269.36211266 -269.35976901 -269.3506708  -269.33982139 -269.3393691 -269.32141685 -269.30358042 -269.29806672 -269.26016351 -269.22734271 -269.22726383 -269.17407468 -269.15760514 -268.92584302 -268.8599812 -268.00886527] 
34:[-105.73604623 -105.61821046 -105.5581248  -105.48287462 -105.41985189 -105.15489652 -105.15331128 -105.14752092 -105.14749101 -105.1436065 -105.13590655 -105.09618106 -105.06661303 -105.02688375 -105.02687223 -104.99727175 -104.98766072 -104.97937927 -104.97899373 -104.78375109 -104.78332605 -104.77945007 -104.71182566 -104.62028461 -104.59994632 -104.42131586 -104.40225073 -104.33286673 -104.26523908 -104.13589696 -103.95019246 -103.93764768 -103.93633945 -103.93617129 -103.9333524 -103.93114888 -103.93114159 -103.89587585 -103.8845739  -103.4174466 -103.41743833] 
35:[-1297.21920941 -1297.21479431 -1297.20994958 -1297.16493093 -1297.11484935 -1297.11395048 -1297.10328785 -1297.10080395 -1297.09839094 -1297.09734487 -1297.09692138 -1297.08420586 -1297.07761597 -1297.07434253 -1297.0701862  -1297.05010047 -1297.01068032 -1296.98827848 -1296.97115412 -1296.96235032 -1296.89728753 -1296.88975101 -1296.79632181 -1296.71367347 -1296.5560653  -1296.54206862 -1296.54158779 -1296.51161326 -1296.41273117 -1296.21585158 -1296.16407801 -1295.79473137 -1295.79411082 -1295.79179106 -1295.79164408 -1295.79059965 -1295.789933   -1295.78937666 -1295.46045818 -1295.45944774 -1295.27511749] 
36:[-1486.0387294  -1486.03636719 -1486.03526975 -1486.03387497 -1486.03238364 -1486.0323606  -1486.03058222 -1486.02996369 -1486.0270364  -1486.02197463 -1486.02076612 -1486.01995589 -1486.01897783 -1486.01878093 -1485.9761072  -1485.97342894 -1485.97237988 -1485.96575275 -1485.93307061 -1485.90917085 -1485.90272856 -1485.88003954 -1485.88003449 -1485.87940971 -1485.87720534 -1485.87691939 -1485.87383107 -1485.85697883 -1485.8539591  -1485.83802249 -1485.7300773  -1485.70029786 -1485.70029785 -1485.69689981 -1485.65362032 -1485.65353189 -1485.58653843 -1485.10710755 -1485.07161965 -1485.0081907 -1484.89872759] 
37:[-103.43438391 -103.4294512  -103.42527178 -103.40362843 -103.39928875 -103.39659862 -103.39239917 -103.3798321  -103.37904258 -103.37893097 -103.37808562 -103.37603656 -103.37555658 -103.37242461 -103.37228794 -103.37204918 -103.37142024 -103.34522205 -103.34187674 -103.33880485 -103.2941365  -103.2491243  -103.19080803 -103.18142958 -103.17888847 -103.14687148 -103.14687111 -103.14687045 -103.14595297 -103.14517134 -103.14434362 -103.14050734 -103.12801231 -103.08172611 -103.00302874 -102.91937566 -102.90785974 -102.89403439 -102.87189395 -102.87183134 -102.57667395] 
38:[-276.69050604 -276.51263513 -276.51104329 -276.50510297 -276.50402133 -276.44171147 -276.44114741 -276.43102744 -276.38999163 -276.34429781 -276.34425553 -276.33953229 -276.33220619 -276.33183895 -276.31387092 -276.31385544 -276.31238632 -276.31148654 -276.3112699  -276.31109111 -276.30988066 -276.30904359 -276.2944567  -276.28208913 -276.26536575 -276.2017404  -276.19987038 -276.19924278 -276.18762434 -275.99255248 -275.99187243 -275.91958829 -275.91893292 -275.91839843 -275.9168903 -275.91688958 -275.9168875  -275.91364456 -275.91364113 -275.89573425 -275.44298327] 
39:[-223.48760157 -223.45947162 -223.41144917 -223.39553592 -223.34594309 -223.344761   -223.25184523 -223.23811061 -223.185752   -223.18513949 -223.11489219 -223.09877503 -223.07481542 -223.01782364 -222.94021992 -222.93982601 -222.92915866 -222.92897774 -222.92844378 -222.92445073 -222.9243932  -222.90436844 -222.88338147 -222.80696522 -222.79110334 -222.79037352 -222.62132131 -222.57946908 -222.4191215  -222.26621084 -221.94831599 -221.94642367 -221.9425955  -221.93895913 -221.93895685 -221.93771435 -221.62914538 -221.56101704 -221.42303826 -221.42301283 -220.41032168] 
40:[-925.40451033 -925.40444052 -925.40375188 -925.21376852 -925.21374547 -925.21371022 -925.21369994 -925.21368734 -925.21366623 -925.21345908 -925.21322395 -925.21248449 -925.21226247 -925.21015903 -925.10961505 -925.10795542 -925.10686305 -925.10668198 -925.10137345 -925.10054734 -925.01318724 -924.96513354 -924.93117308 -924.88301263 -924.87318652 -924.8728834  -924.8314019  -924.60782628 -924.60725264 -924.59935756 -924.41913494 -924.16562589 -924.16499725 -924.16400507 -924.16354419 -924.14183069 -924.10829169 -923.75837274 -923.64581927 -923.62389561 -923.41844752] 
RANKING VECTORS IDX
0:[ 0. 16. 31. 33. 12. 35.  9. 10. 38. 20. 34. 39.  8. 30. 23. 29.  1. 37. 18. 32.  5. 19. 28. 15. 36.  2. 22. 40.  6.  3. 21. 11. 27. 24. 25. 17.  7. 14. 26.  4. 13.] 
1:[20.  1. 14. 18.  5.  2. 32. 19. 28. 15. 23. 22.  0. 16.  8. 31. 34. 26.  9. 38. 10. 35. 12. 33. 30. 39. 37. 25. 27. 24.  3. 21. 17.  6. 29. 40. 36. 11.  7. 13.  4.] 
2:[19.  5. 15. 36.  2. 22. 18. 32. 10.  9. 39. 37. 35. 33. 30. 23. 40.  6. 12. 14. 34. 16.  0. 27. 24. 25. 17. 11.  3. 21.  8. 26. 20.  1. 31.  4. 13. 38. 29. 28.  7.] 
3:[27.  6. 24. 25.  3. 21. 17. 30. 37. 12. 40. 23. 13.  4. 22. 36.  2. 18. 15.  5. 19. 32.  8. 16.  9.  0. 38. 10. 20.  1. 31. 39. 35. 33. 14. 28. 11. 26. 34.  7. 29.] 
4:[11. 17.  3. 21. 24. 27. 25.  6. 13. 39.  4. 30.  2. 15. 36. 37.  5. 22. 19. 32.  0. 23. 16. 18. 35. 33. 40.  9. 12. 10. 14.  1. 20. 28. 38. 34. 26. 31.  8.  7. 29.] 
5:[15. 28. 32.  2. 19.  9. 10.  5. 22.  6. 36. 38. 18. 23. 35. 12. 33. 37. 39. 31. 14.  0. 16.  1. 20.  8. 29. 40. 26. 30. 34. 11.  3. 17. 27. 24. 25. 21.  7.  4. 13.] 
6:[11. 28.  3. 25. 24. 17. 27. 21.  6. 35. 33. 12. 30. 37.  2. 10. 36.  9. 22. 23. 18. 15. 19.  5. 32.  0. 14. 16. 38. 39. 26.  8. 13.  4. 40. 31.  1. 20. 34.  7. 29.] 
7:[ 7. 20.  8. 17. 11.  3. 27. 28. 24. 21. 25. 12.  6. 31.  0. 34. 13.  4. 19. 10.  9. 15. 36.  5.  2. 22.  1. 29. 35. 38. 32. 33. 18. 30. 16. 37. 23. 39. 14. 40. 26.] 
8:[ 8. 11. 28. 24. 27. 25.  3. 21. 17.  6.  5. 19. 35. 12. 33. 40. 30. 37. 20.  1. 31. 34. 23. 32. 18. 22.  2. 36. 16. 15.  0. 29.  9.  7. 10. 39. 38.  4. 13. 14. 26.] 
9:[10. 38.  9. 23. 39. 18. 32. 22.  2. 28.  5. 15. 19.  6. 36.  0. 16. 31. 37. 34. 33. 12. 35.  8. 29.  1. 20. 14. 30. 40. 26.  7. 27. 24. 25. 11. 17.  3. 21.  4. 13.] 
10:[10.  9. 19.  5. 28. 15. 36.  2. 22. 38. 18. 32. 39.  6. 23. 34.  0. 16. 37. 14. 31. 33. 35. 12. 20.  1. 30.  8. 40. 29. 26.  7. 17. 27. 24. 25. 21. 11.  3. 13.  4.] 
11:[27. 24. 25.  6. 19.  3. 21.  2. 22. 11. 15. 36. 28. 17.  5. 12. 35. 33. 18. 32. 14. 23.  8. 31. 34. 26. 16.  0. 20.  1. 39. 10. 38.  9. 37. 30. 40.  4. 13.  7. 29.] 
12:[33. 35. 12.  6.  3. 21. 17. 24. 25. 27. 11. 28. 34.  8. 30. 37. 38. 31. 40.  0.  9. 16. 22. 15. 32.  5. 19.  2. 36. 18. 10. 39.  1. 20. 23. 14. 13.  4. 26. 29.  7.] 
13:[30. 13.  4.  3. 21. 28.  6. 11. 27. 24. 17. 25. 23. 37. 32. 18. 19. 15. 36.  5. 22.  2. 10.  9. 35. 33. 12. 40.  8. 39.  7. 38. 31. 14. 20. 34.  1. 16.  0. 26. 29.] 
14:[14. 23. 32. 18. 31.  8. 19. 28.  5. 15.  2. 36. 22. 33. 12. 35. 11. 34.  0. 16.  9. 10. 38. 20. 39.  1. 30. 37. 29.  3. 21. 17.  6. 24. 25. 27. 26.  7. 40.  4. 13.] 
15:[22. 28.  5.  2. 15. 18. 32. 36. 10. 39. 23. 33. 35. 38.  9. 30. 14. 34. 19.  0. 16. 37. 31. 12.  6.  8. 26. 40.  1. 20. 13.  4. 24. 27. 25. 17.  3. 21. 11. 29.  7.] 
16:[16.  0. 20. 31. 30. 34. 23.  8. 12.  2. 15. 36. 32. 18. 19.  5. 28. 17. 14. 11. 27. 24. 10.  9. 38. 33. 35. 25.  3. 21.  6. 39.  1.  4. 13. 29. 37. 40.  7. 26. 22.] 
17:[11.  6.  3. 21. 24. 27. 25. 28. 12. 17. 37. 30.  9. 15.  5. 19. 36.  2. 10. 18. 32. 22. 40. 39. 16. 23.  0. 38. 35. 33.  4. 13.  8. 29.  1. 14. 34. 20.  7. 26. 31.] 
18:[ 2. 15. 36. 22. 19.  5. 28. 18. 32.  6. 23.  0. 16. 10.  9. 38. 20.  1. 31. 39.  8. 40. 35. 33. 37. 30. 12. 26. 14. 29. 11. 17. 24. 25. 27. 21.  3.  7. 34. 13.  4.] 
19:[28.  5.  2. 15. 19. 36. 18. 32. 23. 22. 20.  1.  0. 16.  6. 40. 29. 37.  8. 30. 39. 14. 38. 10.  9. 31. 12.  7. 34. 33.  3. 17. 11. 27. 21. 24. 25. 35. 26.  4. 13.] 
20:[20. 39. 14.  0. 16. 33. 35. 18. 23. 31.  8. 32.  5. 28. 15. 19.  2. 12. 36. 22.  1. 34. 26.  9. 10. 11. 38. 40. 30. 37.  6. 17.  3. 24. 25. 27. 21.  7. 13.  4. 29.] 
21:[ 8. 28.  5. 19. 27. 24.  3. 25. 21. 17.  6. 15. 11. 32. 18. 40.  1. 20. 31. 33. 12. 35. 30. 23. 29. 34. 37.  7. 38.  0. 22.  2. 36. 16. 13.  4.  9. 10. 39. 14. 26.] 
22:[35. 18. 32. 19. 33.  2. 22. 36. 23.  9. 38. 10.  5. 28. 15. 30.  0. 37.  6. 12. 16. 11. 39. 31. 14. 17.  3. 21. 27. 24. 25. 40. 34.  8. 26. 20.  1. 13.  4.  7. 29.] 
23:[28.  5.  2. 15. 19. 36. 18. 32. 23. 22. 20.  1.  0. 16.  6. 40. 29. 37.  8. 30. 39. 14. 38. 10.  9. 31. 12.  7. 34. 33.  3. 17. 11. 27. 21. 24. 25. 35. 26.  4. 13.] 
24:[28. 24.  3. 27. 25.  6. 21. 17. 12. 35. 33. 30. 37. 23. 38.  2. 36. 22.  9. 16.  0. 15. 19.  5. 18. 32. 10. 40. 14.  4.  8. 13. 11. 34.  1. 20. 26. 31. 39.  7. 29.] 
25:[12.  3. 17.  6. 21. 24. 27. 25. 28. 35. 11. 39. 22.  5. 19. 15. 18. 32. 30. 33. 10.  9. 36.  2. 16. 37.  0. 31. 13.  4. 23. 14. 38. 26.  8. 40.  1. 20. 34.  7. 29.] 
26:[33. 35. 26. 14. 31. 38. 23. 39. 18. 32. 34.  2. 19. 22.  5. 28. 15. 36. 10.  9. 16.  0.  6. 37. 30. 12.  8. 20.  1. 40. 11. 27. 24. 25.  3. 21. 17. 29. 13.  4.  7.] 
27:[19. 28. 27. 24.  3. 25.  6. 21. 17. 11. 40.  8. 30. 37. 31.  1. 20. 12.  5. 15. 10. 36.  9. 22.  2.  4.  0. 13. 16. 32. 18. 14. 35. 23.  7. 34. 38. 33. 26. 29. 39.] 
28:[28. 19.  5.  2. 22. 15. 36. 10.  9. 12. 35. 33. 18. 32. 20.  1.  0. 39. 38. 16. 23.  8. 31. 40. 34.  6. 29. 14. 30. 37. 26.  7.  3. 21. 17. 11. 27. 24. 25. 13.  4.] 
29:[19. 18. 32.  2. 15. 36.  5. 22. 39. 23. 33. 35. 37.  9. 16. 30.  8. 40. 29. 38. 20.  1.  6. 34. 12. 11.  3. 21. 17. 24. 27. 25. 28. 10. 26.  7. 13.  4.  0. 31. 14.] 
30:[23. 37. 40.  6. 30. 36.  2. 22. 19.  5. 15. 28. 38. 18. 10.  9. 32. 12. 33. 35. 39.  8. 14. 16.  0. 27. 24. 25. 17.  3. 11. 21. 31. 34. 26. 29.  1. 20. 13.  4.  7.] 
31:[31. 33. 35.  8. 34.  0. 16. 12. 39. 14. 20.  9. 10. 40. 15. 36.  2. 28. 19. 22.  5. 32. 38. 18. 23.  1. 37. 29. 30. 26. 25. 24. 27.  6.  3. 21. 17.  7. 11.  4. 13.] 
32:[28.  5.  2. 15. 19. 36. 18. 32. 23. 22. 20.  1.  0. 16.  6. 40. 29. 37.  8. 30. 39. 14. 38. 10.  9. 31. 12.  7. 34. 33.  3. 17. 11. 27. 21. 24. 25. 35. 26.  4. 13.] 
33:[35. 33. 12. 22. 15.  5. 28.  2. 19. 18. 32. 27. 24. 25. 17.  6.  3. 21.  8. 11. 13.  4. 23. 31. 38.  9. 10. 34. 14. 16.  0. 37. 26. 39. 20.  1. 30. 36. 40.  7. 29.] 
34:[34. 14. 31. 16.  0. 19. 15.  2. 22. 28.  5.  8.  6. 18. 32. 39. 38. 10.  9. 33. 35. 12.  1. 23. 20. 30. 26.  7. 40. 29. 37. 27. 24. 25. 17.  3. 21. 11. 36. 13.  4.] 
35:[33. 35. 12. 31. 15. 28.  2. 36. 19. 10.  5. 18. 39. 22.  9. 38. 32. 34. 23. 14.  0. 16. 37. 26. 30. 20.  1.  8.  6. 29. 40. 17.  3. 27. 24. 25. 11. 21. 13.  4.  7.] 
36:[33. 28.  6. 19. 12. 22. 32.  2. 23. 35. 10. 36.  5. 18. 37. 30. 15. 14. 40. 26. 34. 24. 25.  3. 27. 21. 17. 16.  0. 11.  8.  4. 13. 38.  1. 20.  9. 39. 29.  7. 31.] 
37:[23. 37. 40.  6. 30. 36.  2. 22. 19.  5. 15. 28. 38. 18. 10.  9. 32. 12. 33. 35. 39.  8. 14. 16.  0. 27. 24. 25. 17.  3. 11. 21. 31. 34. 26. 29.  1. 20. 13.  4.  7.] 
38:[38. 10.  9. 39. 37. 33. 35. 12. 23. 20.  1.  6. 18. 32.  8. 15. 28.  5.  2. 22. 36. 19. 40. 29. 31. 34. 16.  0. 30. 13.  4. 14.  7. 17. 27. 24. 25.  3. 21. 11. 26.] 
39:[33. 35. 39. 12. 14. 31. 26. 18. 32. 34. 38.  9. 10. 23. 19.  5. 15. 36. 28.  2. 22. 16.  0. 30. 20.  1.  8.  6. 37. 40. 27. 17. 11.  3. 21. 25.  7. 29. 13.  4. 24.] 
40:[18. 32. 40.  3. 21. 27. 24. 25. 17. 28.  6.  5. 19. 11.  0.  1. 20. 31. 12. 33.  8.  7. 34. 30. 23. 29. 10.  4. 13. 37. 38. 15. 22.  2. 36. 16.  9. 39. 26. 35. 14.] 
POSCARS
EA106   4.663  3.763  2.732 89.99 89.90 112.24 Sym.group:  166
1.0
   4.6628059999999998   -0.0151620000000000   -0.0081960000000000
  -1.4129769999999999    3.4880059999999999    0.0017240000000000
   0.0096680000000000    0.0031580000000000    2.7321949999999999
N Al
4 2
direct
   0.3976640000000000    0.0397100000000000    0.2545230000000000 N
   0.8976790000000000    0.5396620000000000    0.7542400000000000 N
   0.2721460000000000    0.2984130000000000    0.2554230000000000 N
   0.7721260000000000    0.7984450000000000    0.7551320000000000 N
   0.8349040000000000    0.1690540000000000    0.2546890000000000 Al
   0.3349030000000000    0.6690630000000000    0.7549700000000000 Al
EA71    2.824  2.818  2.818 86.66 93.33 86.65 Sym.group:  166
1.0
   2.8241459999999998    0.0049320000000000   -0.0024680000000000
   0.1596900000000000    2.8134939999999999    0.0016040000000000
  -0.1616060000000000    0.1722610000000000    2.8081339999999999
O C
2 1
direct
   0.5825060000000000    0.4112730000000000    0.2519760000000000 O
   0.0844320000000000    0.9095550000000000    0.7533350000000000 O
   0.8334380000000000    0.1604120000000000    0.5027180000000000 C
EA137   5.855  4.445  2.659 90.00 90.01 89.87 Sym.group:  164
1.0
   5.8546279999999999   -0.0035110000000000   -0.0078290000000000
   0.0128370000000000    4.4449519999999998   -0.0020550000000000
   0.0032690000000000    0.0011070000000000    2.6591570000000000
Al Si
4 2
direct
   0.7553190000000000    0.7851990000000000    0.8993650000000000 Al
   0.7553190000000000    0.2851970000000000    0.3993060000000000 Al
   0.4081560000000000    0.4492510000000000    0.8988180000000000 Al
   0.4081560000000000    0.9492500000000000    0.3987580000000000 Al
   0.0817350000000000    0.6171020000000000    0.3981780000000000 Si
   0.0817360000000000    0.1171010000000000    0.8980320000000001 Si
EA3     2.238  3.689  3.689 119.99 89.97 90.02 Sym.group:  191
1.0
   2.2377980000000002    0.0023890000000000   -0.0144990000000000
  -0.0053580000000000    3.6891600000000002   -0.0492520000000000
   0.0246410000000000   -1.8009980000000001    3.2192419999999999
Li Si
2 1
direct
   0.9869100000000000    0.6677149999999999    0.6619230000000000 Li
   0.0184500000000000    0.3345510000000000    0.9949150000000000 Li
   0.5024340000000000    0.0011410000000000    0.3284310000000000 Si
EA70    4.635  4.635  4.635 60.01 90.00 60.01 Sym.group:  227
1.0
  -0.0004930000000000    2.6765900000000000   -3.7836900000000000
  -2.3191320000000002   -1.3367920000000000   -3.7834070000000000
  -4.6351110000000002    0.0016310000000000    0.0021080000000000
Si Mg
4 2
direct
   0.0812260000000000    0.3330870000000000    0.7498570000000000 Si
   0.0813060000000000    0.8329680000000000    0.7503620000000000 Si
   0.0813040000000000    0.8332330000000000    0.2502930000000000 Si
   0.5812760000000000    0.3330160000000000    0.7505900000000000 Si
   0.7060550000000000    0.5832450000000000    0.1250730000000000 Mg
   0.4565270000000000    0.0832780000000000    0.3751040000000000 Mg
EA157   2.728  2.719  4.467 89.53 90.60 119.78 Sym.group:  164
1.0
   2.7274699999999998   -0.0184590000000000    0.0064640000000000
  -1.3344790000000000    2.3693059999999999   -0.0056770000000000
  -0.0573660000000000    0.0208810000000000    4.4667599999999998
Mg H
2 1
direct
   0.0559830000000000    0.0479370000000000    0.1694330000000000 Mg
   0.3925780000000000    0.7182539999999999    0.6941120000000000 Mg
   0.7268520000000001    0.3826200000000000    0.4296680000000000 H
EA26    4.230  4.233  2.093 90.10 90.07 60.03 Sym.group:  164
1.0
   4.2298330000000002   -0.0004340000000000    0.0018640000000000
   2.1148889999999998    3.6665070000000002    0.0023410000000000
  -0.0034870000000000   -0.0036120000000000    2.0927180000000001
Na Be
2 1
direct
   0.9995640000000000    0.3335670000000000    0.1344610000000000 Na
   0.6662490000000000    0.0002510000000000    0.2147930000000000 Na
   0.3329810000000000    0.6669119999999999    0.6838440000000000 Be
EA101   4.973  2.881  2.881 60.02 106.83 90.00 Sym.group:  216
1.0
   4.9729789999999996   -0.0128860000000000    0.0208210000000000
   0.0075870000000000    2.8809380000000000    0.0193110000000000
  -0.8402300000000000    1.4257979999999999    2.3580739999999998
B Be
4 2
direct
   0.1339030000000000    0.0910250000000000    0.3194680000000000 B
   0.0083030000000000    0.4663170000000000    0.5689680000000000 B
   0.6339060000000000    0.5917030000000000    0.3190760000000000 B
   0.5083040000000000    0.9668330000000001    0.5686690000000000 B
   0.2576600000000000    0.7162290000000000    0.0688290000000000 Be
   0.7576600000000000    0.2170040000000000    0.0683800000000000 Be
EA107   3.205  3.257  4.608 89.89 110.35 119.47 Sym.group:  166
1.0
   3.2049840000000001   -0.0005470000000000   -0.0017900000000000
  -1.6016349999999999    2.8354800000000000    0.0404360000000000
  -1.6001369999999999   -0.9534950000000000    4.2147930000000002
Li C
4 2
direct
   0.1024880000000000    0.9533090000000000    0.5706230000000000 Li
   0.7663770000000000    0.7883450000000000    0.0633690000000000 Li
   0.2408380000000000    0.5250580000000000    0.2755330000000000 Li
   0.9047050000000000    0.3600940000000000    0.7682610000000000 Li
   0.3992800000000000    0.1088070000000000    0.0087000000000000 C
   0.6079080000000000    0.2045960000000000    0.3301760000000000 C
EA119   2.428  2.430  8.228 90.66 89.69 119.95 Sym.group:  164
1.0
   2.4275869999999999    0.0083930000000000    0.0036710000000000
  -1.2204649999999999    2.1016170000000001   -0.0004920000000000
   0.0318000000000000   -0.0888400000000000    8.2274510000000003
Li F
4 2
direct
   0.3402420000000000    0.6727370000000000    0.5363160000000000 Li
   0.6687000000000000    0.3199710000000000    0.7728030000000000 Li
   0.0023600000000000    0.0061590000000000    0.2998380000000000 Li
   0.3353360000000000    0.6627130000000000    0.0363190000000000 Li
   0.0020130000000000    0.9908480000000000    0.9037940000000000 F
   0.6687920000000001    0.3346540000000000    0.1688510000000000 F
EA106   2.721  8.415  2.722 90.00 60.00 90.00 Sym.group:  164
1.0
   2.7214619999999998   -0.0008370000000000    0.0005190000000000
   0.0026800000000000    8.4150690000000008   -0.0454450000000000
   1.3602520000000000    0.0124400000000000    2.3574600000000001
Al N
4 2
direct
   0.2385610000000000    0.0728040000000000    0.8357420000000000 Al
   0.2384240000000000    0.5728070000000000    0.8359070000000000 Al
   0.9051470000000000    0.8399500000000000    0.5026250000000000 Al
   0.5719030000000001    0.3056610000000000    0.1691090000000000 Al
   0.9051620000000000    0.4402660000000000    0.5024880000000000 N
   0.5717560000000000    0.7053490000000000    0.1693020000000000 N
EA98    5.062  2.392  2.392 118.21 90.00 90.01 Sym.group:  191
1.0
   5.0619550000000002   -0.0073080000000000   -0.0100810000000000
   0.0029630000000000    2.3917959999999998    0.0202750000000000
   0.0025050000000000   -1.1482810000000001    2.0981339999999999
C Cl
2 1
direct
   0.5210580000000000    0.5124850000000000    0.3986680000000000 C
   0.5210570000000000    0.1776620000000000    0.7334560000000000 C
   0.0210720000000000    0.8456240000000000    0.0659550000000000 Cl
EA159   3.005  4.958  3.003 90.33 60.33 90.06 Sym.group:  164
1.0
   3.0038040000000001    0.0794550000000000    0.0041180000000000
  -0.1361460000000000    4.9538320000000002    0.1546900000000000
   1.4845910000000000   -0.0581280000000000    2.6093030000000002
Li B
4 2
direct
   0.6598800000000000    0.3844180000000000    0.7470540000000000 Li
   0.9964850000000000    0.7966030000000000    0.0789650000000000 Li
   0.3181630000000000    0.5457200000000000    0.4170910000000000 Li
   0.6547670000000000    0.9579090000000000    0.7490030000000000 Li
   0.9988750000000000    0.2021890000000000    0.0762570000000000 B
   0.3157730000000000    0.1401380000000000    0.4197990000000000 B
EA306   4.039  4.046  4.046 60.87 118.92 118.92 Sym.group:  227
1.0
   4.0386030000000002    0.0495900000000000    0.0339720000000000
  -1.9998830000000001    3.5173980000000000   -0.0254670000000000
  -1.9990310000000000    1.1536679999999999    3.3234450000000000
Be Al
4 2
direct
   0.8681640000000000    0.6190000000000000    0.1254580000000000 Be
   0.8676220000000000    0.1187650000000000    0.1254190000000000 Be
   0.8680710000000000    0.1190220000000000    0.6255110000000000 Be
   0.3679430000000000    0.1192270000000000    0.1256190000000000 Be
   0.2434810000000000    0.7448620000000000    0.7513580000000000 Al
   0.4924800000000000    0.4931520000000000    0.4996470000000000 Al
EA21    2.407  2.410  3.489 89.78 90.16 60.05 Sym.group:  156
1.0
   2.4072070000000001    0.0102260000000000   -0.0268380000000000
   1.1941560000000000    2.0929920000000002   -0.0223170000000000
   0.0291860000000000    0.0358100000000000    3.4882339999999998
C Be
2 1
direct
   0.2261210000000000    0.5525810000000000    0.5941770000000000 C
   0.5578250000000000    0.8857450000000000    0.4413710000000000 C
   0.2232940000000000    0.5545949999999999    0.0873100000000000 Be
EA107   5.056  5.610  2.814 90.09 90.05 90.55 Sym.group:  164
1.0
   5.0562959999999997    0.0193400000000000    0.0021530000000000
  -0.0756690000000000    5.6096290000000000    0.0189790000000000
  -0.0038000000000000   -0.0140240000000000    2.8143959999999999
Mg Cl
4 2
direct
   0.3362100000000000    0.9064060000000000    0.0782240000000000 Mg
   0.6637330000000000    0.2647970000000000    0.0752090000000000 Mg
   0.1637530000000000    0.2647400000000000    0.5775960000000000 Mg
   0.8362400000000000    0.9063660000000000    0.5761120000000000 Mg
   0.5000500000000000    0.5856670000000000    0.5769420000000000 Cl
   0.0000530000000000    0.5854650000000000    0.0772980000000000 Cl
EA198   2.464  2.463  7.405 90.03 90.02 60.03 Sym.group:  194
1.0
   2.4637349999999998   -0.0001120000000000   -0.0000020000000000
   1.2306930000000000    2.1339649999999999    0.0001630000000000
  -0.0026470000000000   -0.0035630000000000    7.4054580000000003
N Li
4 2
direct
   0.6633250000000001    0.6742060000000000    0.1689210000000000 N
   0.6628590000000000    0.6748130000000000    0.3239060000000000 N
   0.3305730000000000    0.3415670000000000    0.6689270000000000 N
   0.3312350000000000    0.3417330000000000    0.8238990000000000 N
   0.9982940000000000    0.0075700000000000    0.9964130000000000 Li
   0.9957260000000000    0.0086390000000000    0.4964130000000000 Li
EA7     3.894  3.896  2.329 89.97 90.05 118.78 Sym.group:  191
1.0
   3.8935160000000000   -0.0205890000000000    0.0069580000000000
  -1.8576230000000000    3.4246089999999998   -0.0052370000000000
  -0.0060730000000000    0.0017520000000000    2.3293290000000000
Si Li
2 1
direct
   0.1654020000000000    0.1718740000000000    0.1499120000000000 Si
   0.5005440000000000    0.8365110000000000    0.1510130000000000 Si
   0.8330040000000000    0.5043600000000000    0.6502830000000001 Li
EA131   9.170  3.059  3.056 119.77 89.99 90.00 Sym.group:  186
1.0
   9.1703039999999998    0.0003440000000000    0.0063100000000000
  -0.0000430000000000    3.0585749999999998   -0.0006090000000000
  -0.0014100000000000   -1.5169509999999999    2.6528999999999998
S Si
4 2
direct
   0.5482520000000000    0.3456590000000000    0.5193230000000000 S
   0.2718430000000000    0.6765920000000000    0.1875410000000000 S
   0.0481960000000000    0.0138150000000000    0.8515779999999999 S
   0.7717830000000000    0.6834740000000000    0.1843520000000000 S
   0.4115170000000000    0.0110260000000000    0.8534160000000000 Si
   0.9114220000000000    0.3486560000000000    0.5178510000000000 Si
EA126   3.118  3.122  4.847 90.09 90.01 119.96 Sym.group:  164
1.0
   3.1180140000000001   -0.0034710000000000   -0.0000040000000000
  -1.5559550000000000    2.7064640000000000    0.0059250000000000
  -0.0011410000000000   -0.0197830000000000    4.8471539999999997
Cl Mg
2 1
direct
   0.6746490000000001    0.3392180000000000    0.2157000000000000 Cl
   0.3421510000000000    0.6736259999999999    0.7782680000000000 Cl
   0.0082050000000000    0.0062580000000000    0.4970350000000000 Mg
EA41    2.852  2.837  2.849 86.10 86.12 93.92 Sym.group:  160
1.0
   2.8520029999999998   -0.0015010000000000    0.0217260000000000
  -0.1924640000000000    2.8307199999999999   -0.0134330000000000
   0.1711230000000000    0.2194400000000000    2.8358140000000001
N O
2 1
direct
   0.1152700000000000    0.7649350000000000    0.0272890000000000 N
   0.8701680000000001    0.5211730000000000    0.2720110000000000 N
   0.6148169999999999    0.2663370000000000    0.5271880000000000 O
EA298   3.582  3.581  2.204 90.06 90.10 119.99 Sym.group:  191
1.0
   3.5818780000000001   -0.0013250000000000    0.0025200000000000
  -1.7889250000000001    3.1023160000000001    0.0015000000000000
  -0.0054200000000000   -0.0068890000000000    2.2036020000000001
Na N
2 1
direct
   0.9937290000000000    0.6576250000000000    0.8379400000000000 Na
   0.3271670000000000    0.3244150000000000    0.8378679999999999 Na
   0.6605410000000000    0.9910960000000000    0.3383810000000000 N
EA144   2.588  2.565  6.125 90.29 90.44 61.58 Sym.group:  164
1.0
   2.5874169999999999    0.0593180000000000   -0.0063500000000000
   1.1688030000000000    2.2837239999999999   -0.0101980000000000
  -0.0326880000000000    0.0094320000000000    6.1245110000000000
Na Li
2 1
direct
   0.3270970000000000    0.9863110000000000    0.8235930000000000 Na
   0.9786980000000000    0.6498610000000000    0.1951210000000000 Na
   0.6544540000000000    0.3195020000000000    0.5093760000000001 Li
EA74    5.203  3.112  3.112 60.03 107.37 107.37 Sym.group:  166
1.0
   5.2029069999999997   -0.0156530000000000   -0.0227160000000000
  -0.9200060000000000    2.9723739999999998    0.0297550000000000
  -0.9135400000000000    1.3180369999999999    2.6672449999999999
Cl Mg
2 1
direct
   0.7609390000000000    0.3732700000000000    0.0164150000000000 Cl
   0.3221310000000000    0.8934790000000000    0.5364190000000000 Cl
   0.0415610000000000    0.1334200000000000    0.7764219999999999 Mg
EA252   4.198  7.226  2.441 89.77 90.06 90.00 Sym.group:  191
1.0
   4.1975160000000002    0.0011000000000000    0.0108280000000000
  -0.0013600000000000    7.2257720000000001   -0.0844990000000000
  -0.0088560000000000    0.0381900000000000    2.4402159999999999
Na Si
4 2
direct
   0.9980000000000000    0.3338990000000000    0.6718290000000000 Na
   0.4977330000000000    0.1658450000000000    0.6718220000000000 Na
   0.4979320000000000    0.8335250000000000    0.6717680000000000 Na
   0.9980670000000000    0.6659350000000001    0.6723510000000000 Na
   0.9978240000000000    0.9998130000000000    0.1707730000000000 Si
   0.4980160000000000    0.4996880000000000    0.1715450000000000 Si
EA23    4.826  4.970  4.322 64.34 89.83 118.91 Sym.group:  191
1.0
   4.8244080000000000   -0.0773670000000000   -0.0893280000000000
  -2.3326259999999999    4.3884449999999999    0.0144290000000000
   0.1167360000000000    2.1696149999999998    3.7363390000000001
Na Al
4 2
direct
   0.1682030000000000    0.6630300000000000    0.6722270000000000 Na
   0.0018910000000000    0.3306540000000000    0.3384650000000000 Na
   0.5019760000000000    0.3304970000000000    0.3391620000000000 Na
   0.6682770000000000    0.6628039999999999    0.6729940000000000 Na
   0.0856370000000000    0.9968100000000000    0.0059390000000000 Al
   0.5855080000000000    0.9964810000000000    0.0058500000000000 Al
EA330  11.415  2.522  2.522 60.02 89.97 90.02 Sym.group:  187
1.0
  11.4146859999999997   -0.0000130000000000   -0.0038610000000000
  -0.0003210000000000    1.2623780000000000    2.1833990000000001
   0.0022490000000000   -1.2603400000000000    2.1845170000000000
Al F
4 2
direct
   0.2933500000000000    0.3053070000000000    0.9160239999999999 Al
   0.7933570000000000    0.9790680000000000    0.5791240000000000 Al
   0.6031290000000000    0.3097230000000000    0.9165300000000000 Al
   0.9835810000000000    0.3149590000000000    0.9101900000000001 Al
   0.1388780000000000    0.3012400000000000    0.9157350000000000 F
   0.4478170000000000    0.3102180000000000    0.9110590000000000 F
EA169   4.059  4.711  4.751 116.81 64.72 115.32 Sym.group:  191
1.0
   4.0581360000000002   -0.0862700000000000   -0.0105380000000000
  -1.9235920000000000    4.2999340000000004    0.0208420000000000
   2.0081540000000002   -1.4684790000000001    4.0470899999999999
Na P
4 2
direct
   0.7507180000000000    0.4194010000000000    0.9151840000000000 Na
   0.7492290000000000    0.9190850000000000    0.4154590000000000 Na
   0.0837500000000000    0.2515290000000000    0.0818270000000000 Na
   0.0823180000000000    0.7512529999999999    0.5820200000000000 Na
   0.4168180000000000    0.8357750000000000    0.9991210000000000 P
   0.4160130000000000    0.3350330000000000    0.4985030000000000 P
EA3     2.934  2.934  3.748 90.00 90.00 60.00 Sym.group:  164
1.0
   1.4671660000000000   -2.5409649999999999    0.0006470000000000
   2.9341309999999998    0.0001350000000000    0.0009950000000000
  -0.0011320000000000    0.0002090000000000    3.7480030000000002
Si B
2 1
direct
   0.6799550000000000    0.6571020000000000    0.2465980000000000 Si
   0.0132860000000000    0.9903729999999999    0.7841360000000001 Si
   0.3466210000000000    0.3237370000000000    0.5153670000000000 B
EA44    3.469  3.470  3.470 119.99 60.00 120.00 Sym.group:  225
1.0
   3.4694870000000000   -0.0028780000000000    0.0012850000000000
  -1.7321599999999999    3.0064050000000000   -0.0070530000000000
   1.7327619999999999   -0.9967580000000000    2.8358989999999999
Si Be
2 1
direct
   0.7492160000000000    0.2591080000000000    0.7515090000000000 Si
   0.2492550000000000    0.7591900000000000    0.2514450000000000 Si
   0.4991990000000000    0.5091010000000000    0.5014100000000000 Be
EA150   4.299  4.300  4.777 63.32 63.31 60.05 Sym.group:  155
1.0
   4.2992970000000001    0.0083500000000000    0.0025360000000000
   2.1394660000000001    3.7301720000000000    0.0004900000000000
   2.1403390000000000    1.2443050000000000    4.0848040000000001
Al Li
4 2
direct
   0.0352760000000000    0.8617240000000000    0.2463610000000000 Al
   0.2049710000000000    0.3628750000000000    0.7476520000000000 Al
   0.5338050000000000    0.6920080000000000    0.7445090000000000 Al
   0.8613170000000000    0.0355760000000000    0.7463109999999999 Al
   0.7021670000000000    0.5312610000000000    0.2403010000000000 Li
   0.3658670000000000    0.1950160000000000    0.2514690000000000 Li
EA194   2.461  2.462  7.863 81.08 90.00 119.98 Sym.group:  160
1.0
   2.4611459999999998   -0.0028400000000000    0.0104920000000000
  -1.2275290000000001    2.1338620000000001    0.0062310000000000
  -0.0308620000000000    1.3659170000000000    7.7438330000000004
N B
4 2
direct
   0.3174410000000000    0.9532720000000000    0.9239570000000000 N
   0.2690000000000000    0.8566940000000000    0.0655210000000000 N
   0.5117000000000000    0.3369480000000000    0.3420030000000000 N
   0.7433060000000000    0.7984770000000000    0.6487760000000000 N
   0.8433659999999999    0.0000180000000000    0.3472970000000000 B
   0.4071740000000000    0.1260470000000000    0.6574230000000000 B
EA93    3.117  3.124  9.674 89.99 90.00 119.78 Sym.group:  186
1.0
   3.1166220000000000   -0.0048310000000000   -0.0004350000000000
  -1.5472210000000000    2.7140770000000001   -0.0019760000000000
   0.0017260000000000    0.0092700000000000    9.6738750000000007
Cl Mg
4 2
direct
   0.8316720000000000    0.6687650000000001    0.1431300000000000 Cl
   0.4983810000000000    0.0085420000000000    0.3620350000000000 Cl
   0.1648590000000000    0.3380460000000000    0.6431430000000000 Cl
   0.4981750000000000    0.9983010000000000    0.8620160000000000 Cl
   0.1649560000000000    0.3332270000000000    0.0026910000000000 Mg
   0.8316560000000000    0.6735139999999999    0.5027260000000000 Mg
EA187   3.082  3.082  9.121 89.70 90.32 119.90 Sym.group:  164
1.0
   3.0824129999999998   -0.0002510000000000    0.0005820000000000
  -1.5362089999999999    2.6721729999999999   -0.0010000000000000
  -0.0528140000000000    0.0274400000000000    9.1204630000000009
P Cl
4 2
direct
   0.8061410000000000    0.6942350000000000    0.0317620000000000 P
   0.8004390000000000    0.6990300000000000    0.6080470000000000 P
   0.4687040000000000    0.0309960000000000    0.7374540000000001 P
   0.1378910000000000    0.3622820000000000    0.9023550000000000 P
   0.4727790000000000    0.0274150000000000    0.2096270000000000 Cl
   0.1328110000000000    0.3649650000000000    0.4301780000000000 Cl
EA213   6.084  2.563  2.626 119.20 78.61 102.15 Sym.group:  160
1.0
   5.5675910000000002   -2.4535469999999999   -0.0432730000000000
   0.0051660000000000    1.3101870000000000    2.2022339999999998
  -0.5634500000000000   -2.5650879999999998    0.0365680000000000
B C
4 2
direct
   0.6410660000000000    0.3430510000000000    0.4965240000000000 B
   0.2916090000000000    0.8893540000000000    0.9409870000000000 B
   0.9527710000000000    0.4515110000000000    0.4035290000000000 B
   0.8193670000000000    0.0758240000000000    0.7848360000000000 B
   0.2040520000000000    0.5339429999999999    0.3170030000000000 C
   0.5611720000000000    0.9855010000000000    0.8610500000000000 C
EA245   2.756  2.760  9.889 89.42 89.55 60.44 Sym.group:  164
1.0
   2.7560820000000001    0.0319560000000000   -0.0118030000000000
   1.3335140000000001    2.4164479999999999   -0.0159130000000000
   0.1186720000000000    0.1132730000000000    9.8880549999999996
Mg F
4 2
direct
   0.6586740000000000    0.6653770000000000    0.9846890000000000 Mg
   0.3263440000000000    0.3332300000000000    0.7689450000000000 Mg
   0.9926350000000000    0.9988410000000000    0.1984740000000000 Mg
   0.9947490000000000    0.0000650000000000    0.5550610000000000 Mg
   0.6612960000000000    0.6669730000000000    0.4581970000000000 F
   0.3259590000000000    0.3318840000000000    0.2953680000000000 F
EA45    2.654  2.653  6.757 90.06 89.82 119.94 Sym.group:  164
1.0
   2.6535030000000002   -0.0020020000000000   -0.0001750000000000
  -1.3221480000000001    2.2998230000000000   -0.0000800000000000
   0.0222630000000000    0.0043180000000000    6.7570769999999998
Mg Na
2 1
direct
   0.3478080000000000    0.3296290000000000    0.1550550000000000 Mg
   0.6755250000000000    0.9927930000000000    0.4791620000000000 Mg
   0.0057790000000000    0.6636500000000000    0.8170180000000000 Na
EA23    4.293  4.107  4.294 89.93 119.97 90.10 Sym.group:  189
1.0
   4.2924189999999998   -0.0536670000000000   -0.0167830000000000
   0.0445790000000000    4.1070209999999996    0.0320740000000000
  -2.1305779999999999   -0.0006050000000000    3.7285960000000000
Al Li
4 2
direct
   0.2508240000000000    0.8334220000000000    0.7486340000000000 Al
   0.5900240000000000    0.3344200000000000    0.7492420000000000 Al
   0.9145340000000000    0.3335130000000000    0.4113040000000000 Al
   0.2524320000000000    0.3323990000000000    0.0870530000000000 Al
   0.9177390000000000    0.8335550000000000    0.0821670000000000 Li
   0.5844440000000000    0.8333300000000000    0.4152850000000000 Li
EA336   3.045  7.279  3.026 101.88 119.23 78.02 Sym.group:  166
1.0
   3.0249340000000000    0.0433080000000000   -0.3473540000000000
   1.3960330000000001    7.1409180000000001   -0.1976450000000000
  -1.1645770000000000   -0.3305440000000000    2.7735150000000002
Li Cl
4 2
direct
   0.1821380000000000    0.2939250000000000    0.8247260000000000 Li
   0.7586370000000000    0.6209560000000000    0.2687180000000000 Li
   0.4704010000000000    0.4574310000000000    0.5465390000000000 Li
   0.9703900000000000    0.9574420000000000    0.0469170000000000 Li
   0.5740310000000000    0.1352850000000000    0.4385020000000000 Cl
   0.3667520000000000    0.7795930000000000    0.6550990000000000 Cl
EA218  10.463  2.548  2.550 60.03 96.97 90.19 Sym.group:  166
1.0
  10.4625570000000003    0.0443850000000000    0.0225710000000000
  -0.0090950000000000    1.2838039999999999   -2.2010779999999999
  -0.3201460000000000    2.5297109999999998    0.0020160000000000
Si O
4 2
direct
   0.3082340000000000    0.3085510000000000    0.6752110000000000 Si
   0.9912060000000000    0.4044520000000000    0.4631930000000000 Si
   0.6252630000000000    0.1799360000000000    0.8978969999999999 Si
   0.8082330000000000    0.7913030000000000    0.6806660000000000 Si
   0.2203710000000000    0.0025980000000000    0.2846150000000000 O
   0.3961040000000000    0.6143040000000000    0.0658750000000000 O
EA20    5.012  4.055  4.063 60.49 89.93 89.92 Sym.group:  194
1.0
   5.0123040000000003   -0.0093770000000000   -0.0066060000000000
   0.0130900000000000    4.0520849999999999    0.1460780000000000
   0.0131050000000000    1.8731380000000000    3.6059800000000002
Na S
4 2
direct
   0.8387450000000000    0.7536230000000000    0.8780810000000000 Na
   0.0890720000000000    0.0868620000000000    0.2101650000000000 Na
   0.3387800000000000    0.7537020000000000    0.8780900000000000 Na
   0.5888230000000000    0.4204910000000000    0.5459800000000000 Na
   0.0888340000000000    0.4208440000000000    0.5452210000000000 S
   0.5889980000000000    0.0864750000000000    0.2109880000000000 S
