Gen   ID    Origin   Composition    Enthalpy   Volume  Density   Fitness   KPOINTS  SYMM  Q_entr A_order S_order
                                      (eV)     (A^3)  (g/cm^3)
  1    1   Random    [     6  1  ] -7901.835    91.287   3.154  -7901.835  [ 3  3  3] 148  0.015  2.834  2.894
  1    2   RandTop   [     6  1  ] -7901.497    92.915   3.099  -7901.497  [ 2  2  4]  65  0.183  2.866  2.325
  1    3   Random    [     6  1  ] -7902.070    91.990   3.130  -7902.070  [ 3  3  3] 148  0.017  2.900  2.944
  1    4   RandTop   [     6  1  ] -7902.933    92.676   3.107  -7902.933  [ 4  4  1]  12  0.150  3.562  3.012
  1    5   RandTop   [     6  1  ] -7901.945    92.849   3.101  -7901.945  [ 2  2  4]  10  0.153  2.911  2.450
  1    6   RandTop   [     6  1  ] -7901.834    91.287   3.154  -7901.834  [ 3  3  3] 148  0.003  2.896  2.986
  1    7   RandTop   [     6  1  ] -7902.055    91.947   3.131  -7902.055  [ 3  3  3] 148  0.028  2.819  2.830
  1    8   RandTop   [     6  1  ] -7901.771    93.680   3.073  -7901.771  [ 3  3  3]  12  0.112  2.588  2.303
  1    9   Random    [     6  1  ] -7901.861    92.232   3.122  -7901.861  [ 3  3  3] 121  0.108  3.008  2.709
  1   10   Random    [     6  1  ] -7901.864    92.222   3.122  -7901.864  [ 3  3  3] 121  0.110  3.095  2.785
  1   11   Random    [     6  1  ] -7902.003    92.625   3.108  -7902.003  [ 3  3  3]   8  0.153  2.398  2.070
  1   12   Random    [     6  1  ] -7902.079    92.017   3.129  -7902.079  [ 3  3  3] 148  0.004  2.977  3.061
  1   13   Random    [     6  1  ] -7901.951    93.280   3.087  -7901.951  [ 3  3  3]   1  0.184  2.235  1.837
  1   14   Random    [     6  1  ] -7902.013    92.708   3.106  -7902.013  [ 3  3  3]   8  0.153  2.434  2.090
  1   15   Random    [     6  1  ] -7902.096    91.914   3.133  -7902.096  [ 4  2  2]   2  0.107  2.455  2.236
  1   16   Random    [     6  1  ] -7900.741    88.794   3.243  -7900.741  [ 4  4  2]  12  0.144  2.644  2.315
  1   17   Random    [    12  2  ] -15804.491   186.909   3.081  -7902.245  [ 3  3  2] 189  0.186  3.295  2.481
  1   18   RandTop   [    12  2  ] -15803.808   183.690   3.135  -7901.904  [ 1  3  3]   2  0.129  3.640  3.097
  1   19   Random    [    12  2  ] -15804.390   184.775   3.116  -7902.195  [ 2  3  2]   2  0.154  2.463  2.059
  1   20   RandTop   [    12  2  ] -15804.346   182.762   3.151  -7902.173  [ 1  3  3]  10  0.151  2.959  2.413
  1   21   Random    [    12  2  ] -15804.275   184.452   3.122  -7902.137  [ 3  2  3]  11  0.150  2.826  2.378
  1   22   Random    [    12  2  ] -15803.963   187.300   3.074  -7901.981  [ 3  3  2]   5  0.184  2.592  2.063
  1   23   Random    [    12  2  ] -15803.882   185.378   3.106  -7901.941  [ 2  3  3]   1  0.203  2.292  1.777
  1   24   RandTop   [    12  2  ] -15803.738   185.425   3.106  -7901.869  [ 2  3  3]   1  0.226  2.329  1.719
  1   25   Random    [    12  2  ] -15803.719   183.805   3.133  -7901.860  [ 2  2  3]   2  0.146  2.581  2.154
  1   26   RandTop   [    12  2  ] -15804.440   184.494   3.121  -7902.220  [ 3  3  2]   1  0.207  2.387  1.832
  1   27   RandTop   [    12  2  ] -15803.043   183.063   3.146  -7901.522  [ 2  2  3]   1  0.208  2.265  1.741
  1   28   RandTop   [    12  2  ] -15803.779   183.171   3.144  -7901.889  [ 2  2  3]   1  0.150  2.532  2.120
  1   29   Random    [    12  2  ] -15804.490   184.670   3.118  -7902.245  [ 3  2  2]   2  0.193  2.370  1.814
  1   30   RandTop   [    12  2  ] -15804.867   185.825   3.099  -7902.434  [ 2  2  3]   4  0.179  2.462  1.960
  1   31   Random    [    12  2  ] -15803.561   184.079   3.128  -7901.781  [ 2  3  2]   1  0.199  2.251  1.751
  1   32   RandTop   [    12  2  ] -15805.156   187.884   3.065  -7902.578  [ 2  2  3]   1  0.174  2.306  1.889
  2   33 keptBest    [    12  2  ] -15805.156   187.884   3.065  -7902.578  [ 2  2  3]   1  0.174  2.306  1.889
  2   34 keptBest    [    12  2  ] -15804.867   185.825   3.099  -7902.434  [ 2  2  3]   4  0.179  2.462  1.960
  2   35 keptBest    [    12  2  ] -15804.491   186.909   3.081  -7902.245  [ 3  3  2] 189  0.186  3.295  2.481
  2   36 keptBest    [    12  2  ] -15804.390   184.775   3.116  -7902.195  [ 2  3  2]   2  0.154  2.463  2.059
  2   37 Permutate   [     6  1  ] -7903.002    92.891   3.100  -7903.002  [ 4  4  1]  69  0.160  3.656  3.048
  2   38 keptBest    [     6  1  ] -7902.933    92.676   3.107  -7902.933  [ 4  4  1]  12  0.150  3.562  3.012
  2   39   RandTop   [     6  1  ] -7902.910    92.607   3.109  -7902.910  [ 4  1  4]  12  0.148  3.493  2.966
  2   40 LatMutate   [     6  1  ] -7902.699    91.655   3.141  -7902.699  [ 4  5  1]   2  0.138  2.981  2.571
  2   41  Heredity   [     6  1  ] -7901.481    89.913   3.202  -7901.481  [ 3  2  3]   2  0.106  2.393  2.178
  2   42  Heredity   [     6  1  ] -7901.942    91.510   3.146  -7901.942  [ 2  4  2]   2  0.130  2.363  2.099
  2   43   Random    [     6  1  ] -7900.738    90.032   3.198  -7900.738  [ 3  3  2]   1  0.201  2.398  1.922
  2   44   RandTop   [     6  1  ] -7902.368    92.377   3.117  -7902.368  [ 2  2  4]   2  0.104  2.593  2.367
  2   45 LatMutate   [     6  1  ] -7899.548    87.641   3.285  -7899.548  [ 6  3  2]   1  0.181  2.711  2.244
  2   46 Permutate   [    12  2  ] -15804.977   186.127   3.094  -7902.488  [ 3  2  3]  11  0.156  2.783  2.328
  2   47  Heredity   [    12  2  ] -15800.020   174.385   3.302  -7900.010  [ 3  2  2]   2  0.176  2.325  1.897
  2   48  Heredity   [    12  2  ] -15798.696   174.474   3.300  -7899.348  [ 2  2  3]   1  0.228  2.192  1.605
  2   49  Heredity   [    12  2  ] -15799.287   173.246   3.324  -7899.644  [ 2  3  2]   2  0.106  2.395  2.140
  2   50  Heredity   [    12  2  ] -15797.785   172.008   3.348  -7898.892  [ 2  3  3]   1  0.208  2.157  1.638
  2   51  Heredity   [    12  2  ] -15799.127   173.495   3.319  -7899.563  [ 2  3  2]   1  0.230  2.163  1.554
  2   52  Heredity   [    12  2  ] -15798.398   173.158   3.326  -7899.199  [ 3  3  2]   1  0.203  2.207  1.714
  2   53   RandTop   [    12  2  ] -15804.144   184.822   3.116  -7902.072  [ 3  3  2]   2  0.197  2.417  1.833
  2   54  Heredity   [    12  2  ] -15799.099   171.501   3.358  -7899.550  [ 3  2  3]  11  0.191  2.540  1.935
  2   55 softmutate  [    12  2  ] -15798.830   173.422   3.321  -7899.415  [ 2  4  2]   1  0.217  2.222  1.669
  2   56  Heredity   [    12  2  ] -15798.102   173.427   3.320  -7899.051  [ 3  2  3]   2  0.209  2.226  1.643
  2   57  Heredity   [    12  2  ] -15798.157   172.981   3.329  -7899.079  [ 3  2  3]   1  0.186  2.263  1.833
  2   58   RandTop   [    12  2  ] -15804.356   184.407   3.123  -7902.178  [ 3  3  2]   2  0.167  2.334  1.890
  2   59 softmutate  [    12  2  ] -15797.271   171.747   3.353  -7898.636  [ 4  2  2]   1  0.235  2.126  1.559
  2   60  Heredity   [    12  2  ] -15799.939   173.080   3.327  -7899.970  [ 3  3  2]   2  0.151  2.361  1.994
  2   61   RandTop   [    12  2  ] -15803.839   184.425   3.122  -7901.920  [ 3  3  2]   1  0.210  2.347  1.787
  2   62 softmutate  [    12  2  ] -15799.919   172.378   3.341  -7899.959  [ 2  2  4]   2  0.163  2.285  1.881
  2   63 softmutate  [    12  2  ] -15798.071   174.701   3.296  -7899.035  [ 5  1  3]   1  0.170  2.446  1.957
  2   64   Random    [    12  2  ] -15803.627   183.184   3.144  -7901.813  [ 2  2  3]   1  0.202  2.389  1.868
  2   65 softmutate  [    12  2  ] -15797.949   172.436   3.339  -7898.974  [ 3  4  2]   2  0.172  2.142  1.725
  2   66   Random    [    12  2  ] -15804.814   187.698   3.068  -7902.407  [ 4  2  2]   1  0.232  2.507  1.849
  2   67   Random    [    12  2  ] -15804.503   184.742   3.117  -7902.252  [ 2  2  2]   1  0.200  2.371  1.823
  2   68 softmutate  [    12  2  ] -15798.589   172.905   3.330  -7899.294  [ 3  2  4]   2  0.196  2.135  1.635
  2   69   Random    [    12  2  ] -15803.572   184.994   3.113  -7901.786  [ 2  2  2]   1  0.180  2.412  1.929
  3   70 keptBest    [    12  2  ] -15805.156   187.884   3.065  -7902.578  [ 2  2  3]   1  0.174  2.306  1.889
  3   71 keptBest    [    12  2  ] -15804.977   186.127   3.094  -7902.488  [ 3  2  3]  11  0.156  2.783  2.328
  3   72 keptBest    [    12  2  ] -15804.867   185.825   3.099  -7902.434  [ 2  2  3]   4  0.179  2.462  1.960
  3   73  Heredity   [     6  1  ] -7902.983    92.830   3.102  -7902.983  [ 4  4  1]  69  0.159  3.673  3.064
  3   74 Permutate   [     6  1  ] -7902.940    92.699   3.106  -7902.940  [ 4  4  1]  12  0.153  3.661  3.076
  3   75 keptBest    [     6  1  ] -7903.002    92.891   3.100  -7903.002  [ 4  4  1]  69  0.160  3.656  3.048
  3   76 keptBest    [     6  1  ] -7902.699    91.655   3.141  -7902.699  [ 4  5  1]   2  0.138  2.981  2.571
  3   77 Permutate   [     6  1  ] -7902.509    93.157   3.091  -7902.509  [ 2  3  4]  12  0.115  2.844  2.568
  3   78  Heredity   [     6  1  ] -7901.908    91.730   3.139  -7901.908  [ 3  3  3]   2  0.097  2.394  2.234
  3   79  Heredity   [     6  1  ] -7902.331    92.355   3.118  -7902.331  [ 4  2  2]   2  0.110  2.712  2.457
  3   80 LatMutate   [     6  1  ] -7902.232    90.851   3.169  -7902.232  [ 4  3  2]  12  0.159  3.429  2.858
  3   81  Heredity   [     6  1  ] -7901.467    91.150   3.159  -7901.467  [ 3  3  3]   2  0.114  2.466  2.226
  3   82  Heredity   [     6  1  ] -7902.056    92.306   3.119  -7902.056  [ 4  3  2]   2  0.108  2.349  2.143
  3   83 LatMutate   [     6  1  ] -7897.511    87.159   3.303  -7897.511  [ 6  3  1]   1  0.190  2.195  1.810
  3   84 LatMutate   [     6  1  ] -7902.407    92.018   3.129  -7902.407  [ 4  4  1]   2  0.144  2.552  2.198
  3   85 LatMutate   [     6  1  ] -7901.045    90.235   3.191  -7901.045  [ 3  5  2]   2  0.124  2.358  2.118
  3   86  Heredity   [     6  1  ] -7901.892    92.204   3.123  -7901.892  [ 3  4  2]   2  0.115  2.258  2.051
  3   87 Permutate   [    12  2  ] -15804.568   184.935   3.114  -7902.284  [ 2  3  2]   2  0.118  2.554  2.254
  3   88  Heredity   [    12  2  ] -15800.439   172.253   3.343  -7900.220  [ 2  4  2]  12  0.155  2.575  2.115
  3   89   RandTop   [    12  2  ] -15803.163   183.418   3.140  -7901.582  [ 2  2  2]   1  0.187  2.212  1.772
  3   90  Heredity   [    12  2  ] -15800.357   172.748   3.333  -7900.178  [ 2  2  3]   1  0.185  2.285  1.851
  3   91  Heredity   [    12  2  ] -15798.828   172.926   3.330  -7899.414  [ 2  2  3]   1  0.197  2.322  1.802
  3   92  Heredity   [    12  2  ] -15799.901   172.274   3.343  -7899.950  [ 2  2  3]   1  0.211  2.320  1.706
  3   93   RandTop   [    12  2  ] -15803.306   183.045   3.146  -7901.653  [ 2  2  2]  42  0.140  2.559  2.240
  3   94 Permutate   [    12  2  ] -15804.245   184.303   3.124  -7902.123  [ 2  2  3]   1  0.182  2.460  1.992
  3   95  Heredity   [    12  2  ] -15797.426   173.410   3.321  -7898.713  [ 2  2  3]   1  0.231  2.143  1.547
  3   96 softmutate  [    12  2  ] -15798.827   171.399   3.360  -7899.413  [ 3  2  3]   2  0.191  2.351  1.791
  3   97  Heredity   [    12  2  ] -15798.600   172.129   3.345  -7899.300  [ 3  2  3]  11  0.140  2.777  2.401
  3   98   Random    [    12  2  ] -15803.873   183.987   3.130  -7901.936  [ 3  2  3]   2  0.173  2.289  1.838
  3   99 softmutate  [    12  2  ] -15800.206   172.430   3.340  -7900.103  [ 2  3  3]   1  0.190  2.231  1.786
  3  100 softmutate  [    12  2  ] -15796.266   170.658   3.374  -7898.133  [ 5  4  1]   1  0.151  3.211  2.420
  3  101   Random    [    12  2  ] -15804.414   184.532   3.121  -7902.207  [ 3  3  2]   2  0.164  2.334  1.900
  3  102 softmutate  [    12  2  ] -15800.600   174.521   3.300  -7900.300  [ 4  5  1]   2  0.146  2.753  2.163
  3  103   Random    [    12  2  ] -15804.224   185.071   3.111  -7902.112  [ 2  3  3]   2  0.142  2.481  2.124
  3  104 softmutate  [    12  2  ] -15798.141   171.369   3.360  -7899.071  [ 2  2  4]   2  0.158  2.410  1.982
  3  105   RandTop   [    12  2  ] -15805.562   186.251   3.092  -7902.781  [ 2  2  3]  11  0.150  2.634  2.248
  3  106   Random    [    12  2  ] -15803.044   183.053   3.146  -7901.522  [ 2  3  2]   6  0.248  2.632  1.806
  4  107 keptBest    [    12  2  ] -15805.562   186.251   3.092  -7902.781  [ 2  2  3]  11  0.150  2.634  2.248
  4  108 keptBest    [    12  2  ] -15805.156   187.884   3.065  -7902.578  [ 2  2  3]   1  0.174  2.306  1.889
  4  109 keptBest    [    12  2  ] -15804.867   185.825   3.099  -7902.434  [ 2  2  3]   4  0.179  2.462  1.960
  4  110   RandTop   [     6  1  ] -7901.990    92.956   3.097  -7901.990  [ 2  2  4]  47  0.151  3.032  2.466
  4  111 keptBest    [     6  1  ] -7903.002    92.891   3.100  -7903.002  [ 4  4  1]  69  0.160  3.656  3.048
  4  112 Permutate   [     6  1  ] -7902.474    93.062   3.094  -7902.474  [ 4  2  3]  12  0.120  2.811  2.511
  4  113 keptBest    [     6  1  ] -7902.699    91.655   3.141  -7902.699  [ 4  5  1]   2  0.138  2.981  2.571
  4  114 LatMutate   [     6  1  ] -7902.725    92.103   3.126  -7902.725  [ 4  4  1]  12  0.138  2.944  2.550
  4  115 LatMutate   [     6  1  ] -7902.674    92.290   3.120  -7902.674  [ 4  4  1]   2  0.142  2.642  2.267
  4  116  Heredity   [     6  1  ] -7902.241    92.376   3.117  -7902.241  [ 2  3  4]  12  0.119  2.609  2.348
  4  117  Heredity   [     6  1  ] -7901.741    91.477   3.147  -7901.741  [ 3  3  3]   2  0.095  2.424  2.267
  4  118   RandTop   [     6  1  ] -7902.005    91.789   3.137  -7902.005  [ 3  3  3] 148  0.011  2.918  2.982
  4  119 LatMutate   [     6  1  ] -7902.592    92.096   3.126  -7902.592  [ 4  4  1]  12  0.144  2.703  2.352
  4  120 LatMutate   [     6  1  ] -7902.314    92.672   3.107  -7902.314  [ 4  3  2]   2  0.108  2.460  2.247
  4  121  Heredity   [     6  1  ] -7902.004    91.432   3.149  -7902.004  [ 4  2  2]   2  0.137  2.461  2.161
  4  122   Random    [     6  1  ] -7901.543    90.380   3.186  -7901.543  [ 3  3  2]  12  0.128  2.802  2.519
  4  123   Random    [     6  1  ] -7901.860    91.278   3.154  -7901.860  [ 3  2  3]   2  0.116  2.300  2.065
  4  124   RandTop   [     6  1  ] -7901.672    92.923   3.099  -7901.672  [ 2  2  4]   1  0.155  2.414  2.146
  4  125  Heredity   [     6  1  ] -7901.538    91.717   3.139  -7901.538  [ 3  3  4]   1  0.164  2.517  2.160
  4  126 Permutate   [    12  2  ] -15805.192   185.765   3.100  -7902.596  [ 2  3  2]   2  0.135  2.912  2.486
  4  127 Permutate   [    12  2  ] -15804.847   185.261   3.108  -7902.424  [ 2  2  3]   6  0.177  2.908  2.371
  4  128  Heredity   [    12  2  ] -15800.517   173.131   3.326  -7900.259  [ 2  3  3]   2  0.160  2.504  2.045
  4  129   RandTop   [    12  2  ] -15805.046   185.958   3.097  -7902.523  [ 3  3  2]  12  0.170  2.484  1.994
  4  130  Heredity   [    12  2  ] -15799.320   172.768   3.333  -7899.660  [ 2  3  3]   1  0.159  2.444  2.049
  4  131  Heredity   [    12  2  ] -15799.448   171.896   3.350  -7899.724  [ 3  3  2]   2  0.145  2.542  2.146
  4  132  Heredity   [    12  2  ] -15799.115   172.942   3.330  -7899.558  [ 2  3  3]   1  0.184  2.261  1.821
  4  133  Heredity   [    12  2  ] -15800.624   172.618   3.336  -7900.312  [ 2  4  2]   2  0.145  2.678  2.256
  4  134   RandTop   [    12  2  ] -15803.770   184.249   3.125  -7901.885  [ 3  3  2]   2  0.161  2.422  1.994
  4  135   RandTop   [    12  2  ] -15803.967   184.226   3.126  -7901.983  [ 2  3  3]   6  0.185  2.764  2.180
  4  136   RandTop   [    12  2  ] -15803.865   186.001   3.096  -7901.933  [ 3  3  2]   4  0.206  2.146  1.614
  4  137   RandTop   [    12  2  ] -15804.605   184.918   3.114  -7902.302  [ 3  3  2]   2  0.154  2.377  1.985
  4  138   Random    [    12  2  ] -15803.380   181.727   3.169  -7901.690  [ 2  3  2]   2  0.160  2.320  1.937
  4  139 softmutate  [    12  2  ] -15791.740   167.400   3.440  -7895.870  [ 6  3  1]   1  0.183  2.645  2.159
  4  140   Random    [    12  2  ] -15802.982   183.583   3.137  -7901.491  [ 2  2  3]   1  0.216  2.193  1.653
  4  141 softmutate  [    12  2  ] -15800.235   175.542   3.280  -7900.117  [ 5  5  1]   1  0.122  2.921  2.503
  4  142 softmutate  [    12  2  ] -15795.516   176.442   3.264  -7897.758  [ 5  5  1]   1  0.136  2.561  2.240
  5  143 keptBest    [    12  2  ] -15805.562   186.251   3.092  -7902.781  [ 2  2  3]  11  0.150  2.634  2.248
  5  144 keptBest    [    12  2  ] -15805.192   185.765   3.100  -7902.596  [ 2  3  2]   2  0.135  2.912  2.486
  5  145 keptBest    [    12  2  ] -15805.156   187.884   3.065  -7902.578  [ 2  2  3]   1  0.174  2.306  1.889
  5  146 Permutate   [     6  1  ] -7903.005    92.901   3.099  -7903.005  [ 4  4  1]   1  0.160  3.717  3.092
  5  147  Heredity   [     6  1  ] -7902.821    92.350   3.118  -7902.821  [ 4  4  1]  12  0.150  3.185  2.711
  5  148 keptBest    [     6  1  ] -7903.002    92.891   3.100  -7903.002  [ 4  4  1]  69  0.160  3.656  3.048
  5  149   RandTop   [     6  1  ] -7901.855    93.722   3.072  -7901.855  [ 3  3  2]  12  0.138  2.608  2.219
  5  150   RandTop   [     6  1  ] -7902.012    91.809   3.136  -7902.012  [ 3  3  3] 148  0.004  2.957  3.046
  5  151 keptBest    [     6  1  ] -7902.674    92.290   3.120  -7902.674  [ 4  4  1]   2  0.142  2.642  2.267
  5  152   Random    [     6  1  ] -7902.036    91.884   3.134  -7902.036  [ 3  3  3] 148  0.008  2.922  2.996
  5  153   RandTop   [     6  1  ] -7901.971    93.264   3.087  -7901.971  [ 4  2  2]   1  0.194  2.298  1.885
  5  154   RandTop   [     6  1  ] -7901.464    92.813   3.102  -7901.464  [ 2  2  4]  65  0.179  2.996  2.436
  5  155  Heredity   [     6  1  ] -7901.756    91.227   3.156  -7901.756  [ 3  3  2]   2  0.144  2.377  2.037
  5  156   Random    [     6  1  ] -7902.025    91.941   3.132  -7902.025  [ 2  3  4]   2  0.131  2.278  2.011
  5  157 LatMutate   [     6  1  ] -7900.724    91.993   3.130  -7900.724  [ 5  2  2]   1  0.160  2.766  2.416
  5  158 LatMutate   [     6  1  ] -7902.339    92.658   3.107  -7902.339  [ 4  3  2]   2  0.105  2.604  2.382
  5  159   RandTop   [     6  1  ] -7902.370    94.360   3.051  -7902.370  [ 3  3  3]   1  0.203  2.201  1.708
  5  160 LatMutate   [     6  1  ] -7901.964    92.519   3.112  -7901.964  [ 4  2  3]   1  0.169  2.229  1.875
  5  161 LatMutate   [     6  1  ] -7901.842    91.965   3.131  -7901.842  [ 5  4  1]   2  0.139  2.525  2.208
  5  162 Permutate   [    12  2  ] -15804.234   184.094   3.128  -7902.117  [ 3  3  2]  12  0.171  2.666  2.146
  5  163   RandTop   [    12  2  ] -15802.843   185.630   3.102  -7901.421  [ 2  1  4]   2  0.179  2.776  2.205
  5  164  Heredity   [    12  2  ] -15798.330   172.029   3.347  -7899.165  [ 2  2  3]   2  0.185  2.227  1.773
  5  165  Heredity   [    12  2  ] -15799.447   173.271   3.323  -7899.723  [ 2  2  3]   2  0.178  2.470  1.956
  5  166 Permutate   [    12  2  ] -15804.692   185.624   3.102  -7902.346  [ 2  2  3]   1  0.195  2.329  1.811
  5  167 softmutate  [    12  2  ] -15799.771   173.192   3.325  -7899.886  [ 3  3  2]   2  0.139  2.345  1.986
  5  168 softmutate  [    12  2  ] -15800.278   172.568   3.337  -7900.139  [ 2  3  3]   2  0.187  2.406  1.855
  5  169  Heredity   [    12  2  ] -15801.024   173.352   3.322  -7900.512  [ 2  2  3]   2  0.156  2.483  2.086
  5  170  Heredity   [    12  2  ] -15799.450   172.374   3.341  -7899.725  [ 2  3  3]   2  0.173  2.108  1.721
  5  171  Heredity   [    12  2  ] -15799.638   173.581   3.317  -7899.819  [ 2  2  3]   1  0.201  2.343  1.839
  5  172   RandTop   [    12  2  ] -15803.333   183.109   3.145  -7901.667  [ 2  2  2]  42  0.142  2.560  2.235
  5  173  Heredity   [    12  2  ] -15797.231   172.032   3.347  -7898.616  [ 2  3  2]   1  0.233  2.159  1.543
  5  174  Heredity   [    12  2  ] -15798.085   172.732   3.334  -7899.043  [ 3  2  2]  11  0.153  2.403  2.052
  5  175   Random    [    12  2  ] -15802.773   182.855   3.149  -7901.387  [ 2  2  3]   2  0.112  2.507  2.232
  5  176 softmutate  [    12  2  ] -15798.169   173.611   3.317  -7899.084  [ 2  4  2]   1  0.225  2.174  1.595
  5  177   RandTop   [    12  2  ] -15804.493   184.721   3.117  -7902.246  [ 3  3  2]   2  0.162  2.343  1.920
  5  178   Random    [    12  2  ] -15803.953   184.508   3.121  -7901.977  [ 2  2  3]   5  0.174  2.377  1.940
  5  179   Random    [    12  2  ] -15803.598   183.900   3.131  -7901.799  [ 2  2  2]   4  0.189  2.307  1.818
  5  180 softmutate  [    12  2  ] -15798.009   172.879   3.331  -7899.004  [ 2  4  2]   1  0.230  2.138  1.525
