Gen   ID    Origin   Composition    Enthalpy   Volume  Density   Fitness   KPOINTS  SYMM  Q_entr A_order S_order
                                      (eV)     (A^3)  (g/cm^3)
  1    1   Random    [     6  1  ] -1355.812    75.171   4.142  -1355.812  [ 3  3  3]   2  0.156  2.703  2.280
  1    2   Random    [     6  1  ] -1356.108    76.820   4.053  -1356.108  [ 3  3  2]   2  0.172  2.275  1.857
  1    3   Random    [     6  1  ] -1356.218    75.942   4.100  -1356.218  [ 3  3  3]   2  0.128  2.151  1.892
  1    4   Random    [     6  1  ] -1355.811    75.169   4.142  -1355.811  [ 3  3  3]   2  0.152  2.709  2.298
  1    5   Random    [     6  1  ] -1356.089    74.343   4.188  -1356.089  [ 5  5  1]   8  0.133  3.089  2.737
  1    6   Random    [     6  1  ] -1356.026    77.287   4.029  -1356.026  [ 3  3  2]   1  0.192  2.559  2.017
  1    7   Random    [     6  1  ] -1355.985    75.309   4.135  -1355.985  [ 4  3  2]  12  0.141  2.669  2.302
  1    8   RandTop   [    12  2  ] -2711.956   150.788   4.130  -1355.978  [ 2  2  2] 146  0.157  2.421  2.051
  1    9   Random    [     6  1  ] -1355.765    75.872   4.104  -1355.765  [ 3  3  2]   2  0.171  2.179  1.784
  1   10   Random    [     6  1  ] -1356.273    75.618   4.118  -1356.273  [ 2  4  3]   2  0.129  2.446  2.146
  1   11   Random    [    12  2  ] -2712.890   150.047   4.150  -1356.445  [ 2  2  2]   1  0.190  2.311  1.795
  1   12   RandTop   [    12  2  ] -2712.762   149.436   4.167  -1356.381  [ 1  3  3]  11  0.186  2.660  2.038
  1   13   Random    [     6  1  ] -1356.253    78.866   3.948  -1356.253  [ 4  2  3]   6  0.197  2.759  2.121
  1   14   RandTop   [     6  1  ] -1356.148    75.363   4.132  -1356.148  [ 3  3  3]   2  0.085  2.500  2.316
  1   15   Random    [    12  2  ] -2711.831   151.444   4.112  -1355.915  [ 3  2  3]   1  0.199  2.206  1.712
  1   16   RandTop   [    12  2  ] -2711.621   153.601   4.054  -1355.811  [ 3  3  2]   4  0.192  2.194  1.670
  1   17   RandTop   [     6  1  ] -1355.631    75.757   4.110  -1355.631  [ 3  3  3]   2  0.155  2.145  1.806
  1   18   Random    [     6  1  ] -1356.218    75.941   4.100  -1356.218  [ 3  3  3]   2  0.142  2.172  1.873
  1   19   RandTop   [    12  2  ] -2712.675   152.494   4.084  -1356.337  [ 2  2  2]   1  0.210  2.230  1.686
  1   20   RandTop   [     6  1  ] -1355.683    75.635   4.117  -1355.683  [ 3  3  3]   1  0.187  2.179  1.734
  1   21   RandTop   [     6  1  ] -1356.130    75.306   4.135  -1356.130  [ 3  3  3]   2  0.086  2.483  2.300
  1   22   RandTop   [     6  1  ] -1356.318    75.010   4.151  -1356.318  [ 4  2  2]   1  0.183  2.162  1.729
  1   23   Random    [    12  2  ] -2712.250   152.465   4.084  -1356.125  [ 2  2  3]   1  0.213  2.281  1.697
  1   24   RandTop   [     6  1  ] -1355.664    76.657   4.062  -1355.664  [ 3  3  3]   1  0.184  2.251  1.796
  1   25   RandTop   [     6  1  ] -1355.718    75.753   4.110  -1355.718  [ 3  3  3]   1  0.180  2.196  1.769
  1   26   RandTop   [     6  1  ] -1355.936    74.814   4.162  -1355.936  [ 3  3  3]   2  0.122  2.492  2.201
  1   27   Random    [    12  2  ] -2711.890   153.309   4.062  -1355.945  [ 2  2  2]   1  0.219  2.310  1.712
  1   28   Random    [    12  2  ] -2712.176   154.664   4.026  -1356.088  [ 3  3  2]   1  0.210  2.172  1.642
  1   29   Random    [    12  2  ] -2712.072   150.455   4.139  -1356.036  [ 2  2  3]   1  0.198  2.309  1.790
  1   30   RandTop   [     6  1  ] -1355.832    73.130   4.258  -1355.832  [ 3  2  5]  12  0.113  2.897  2.588
  1   31   Random    [    12  2  ] -2713.182   151.289   4.116  -1356.591  [ 2  2  2]   1  0.213  2.252  1.682
  1   32   RandTop   [    12  2  ] -2712.304   150.593   4.135  -1356.152  [ 3  2  2]   2  0.155  2.266  1.856
  2   33  Heredity   [    12  2  ] -2712.331   151.337   4.115  -1356.165  [ 3  2  3]   2  0.111  2.628  2.331
  2   34 Permutate   [    12  2  ] -2712.882   146.828   4.241  -1356.441  [ 1  3  3]   2  0.137  2.691  2.263
  2   35  Heredity   [    12  2  ] -2711.954   152.582   4.081  -1355.977  [ 2  3  2]   1  0.203  2.244  1.700
  2   36 Permutate   [    12  2  ] -2713.025   153.186   4.065  -1356.513  [ 2  2  2]   1  0.219  2.161  1.588
  2   37 softmutate  [    12  2  ] -2711.424   148.623   4.190  -1355.712  [ 2  3  2]   2  0.143  2.335  1.952
  2   38   Random    [    12  2  ] -2712.780   148.540   4.192  -1356.390  [ 2  2  2]   2  0.141  2.313  1.955
  2   39  Heredity   [    12  2  ] -2712.343   149.587   4.163  -1356.171  [ 2  2  3]   2  0.137  2.435  2.068
  2   40 keptBest    [    12  2  ] -2713.182   151.289   4.116  -1356.591  [ 2  2  2]   1  0.213  2.252  1.682
  2   41 keptBest    [    12  2  ] -2712.762   149.436   4.167  -1356.381  [ 1  3  3]  11  0.186  2.660  2.038
  2   42  Heredity   [    12  2  ] -2713.076   152.858   4.074  -1356.538  [ 2  3  2]   2  0.168  2.298  1.825
  2   43  Heredity   [    12  2  ] -2711.904   150.097   4.149  -1355.952  [ 2  2  3]   1  0.205  2.282  1.723
  2   44  Heredity   [    12  2  ] -2711.866   150.396   4.141  -1355.933  [ 2  2  3]   1  0.200  2.265  1.734
  2   45   RandTop   [    12  2  ] -2711.556   147.196   4.231  -1355.778  [ 3  3  2]  15  0.178  3.103  2.385
  2   46  Heredity   [    12  2  ] -2711.144   148.891   4.183  -1355.572  [ 2  3  3]   1  0.192  2.206  1.727
  2   47  Heredity   [    12  2  ] -2712.834   150.658   4.133  -1356.417  [ 2  3  3]   2  0.172  2.339  1.846
  2   48  Heredity   [     6  1  ] -1355.754    75.835   4.106  -1355.754  [ 3  2  3]   2  0.168  2.190  1.803
  2   49   Random    [    12  2  ] -2711.625   149.761   4.158  -1355.812  [ 3  3  2]   8  0.160  2.572  2.091
  2   50  Heredity   [     6  1  ] -1356.066    76.319   4.080  -1356.066  [ 3  3  3]  12  0.130  3.146  2.756
  2   51   Random    [     6  1  ] -1356.210    75.914   4.102  -1356.210  [ 3  3  3]   2  0.128  2.148  1.891
  2   52 keptBest    [     6  1  ] -1356.273    75.618   4.118  -1356.273  [ 2  4  3]   2  0.129  2.446  2.146
  2   53 softmutate  [    12  2  ] -2712.790   153.094   4.068  -1356.395  [ 2  4  2]   8  0.236  2.581  1.822
  2   54 keptBest    [     6  1  ] -1356.253    78.866   3.948  -1356.253  [ 4  2  3]   6  0.197  2.759  2.121
  2   55   Random    [     6  1  ] -1354.987    74.809   4.162  -1354.987  [ 3  3  3] 189  0.123  2.743  2.435
  2   56 keptBest    [     6  1  ] -1356.218    75.942   4.100  -1356.218  [ 3  3  3]   2  0.128  2.151  1.892
  2   57  Heredity   [     6  1  ] -1355.770    75.039   4.149  -1355.770  [ 3  3  3]   2  0.147  2.738  2.341
  2   58  Heredity   [     6  1  ] -1355.650    72.605   4.289  -1355.650  [ 3  2  5]   1  0.144  2.887  2.456
  2   59   Random    [    12  2  ] -2713.054   151.687   4.105  -1356.527  [ 2  2  2]   1  0.211  2.203  1.655
  2   60 softmutate  [    12  2  ] -2712.205   148.009   4.207  -1356.103  [ 3  2  2]   1  0.156  2.491  2.084
  2   61   RandTop   [     6  1  ] -1355.831    74.910   4.157  -1355.831  [ 3  5  2]  10  0.180  2.939  2.389
  2   62   RandTop   [     6  1  ] -1355.891    74.675   4.170  -1355.891  [ 3  3  3]   2  0.124  2.502  2.203
  2   63   RandTop   [     6  1  ] -1355.683    75.634   4.117  -1355.683  [ 3  3  3]   1  0.187  2.176  1.730
  2   64 LatMutate   [     6  1  ] -1356.085    73.836   4.217  -1356.085  [ 2  5  3]   2  0.154  2.599  2.210
  2   65 LatMutate   [     6  1  ] -1355.962    77.923   3.996  -1355.962  [ 4  3  3]   1  0.213  2.253  1.683
  2   66 softmutate  [    12  2  ] -2712.799   151.401   4.113  -1356.399  [ 2  3  2]  12  0.166  2.645  2.134
  2   67 softmutate  [    12  2  ] -2711.603   147.192   4.231  -1355.801  [ 2  3  3]   8  0.137  2.755  2.335
  2   68   RandTop   [    12  2  ] -2711.936   149.892   4.155  -1355.968  [ 2  2  4]   1  0.192  2.382  1.836
  2   69 softmutate  [    12  2  ] -2712.367   150.275   4.144  -1356.183  [ 3  2  2]   1  0.214  2.197  1.663
  3   70  Heredity   [    12  2  ] -2712.124   148.518   4.193  -1356.062  [ 2  2  3]   2  0.171  2.203  1.756
  3   71 Permutate   [    12  2  ] -2712.220   148.193   4.202  -1356.110  [ 1  3  3]   2  0.174  2.481  1.944
  3   72  Heredity   [    12  2  ] -2711.586   147.924   4.210  -1355.793  [ 2  2  3]   2  0.139  2.390  2.033
  3   73 Permutate   [    12  2  ] -2712.898   152.551   4.082  -1356.449  [ 2  2  2]   1  0.231  2.222  1.595
  3   74  Heredity   [    12  2  ] -2713.357   152.226   4.091  -1356.678  [ 2  2  2]   1  0.194  2.335  1.843
  3   75  Heredity   [    12  2  ] -2711.990   151.699   4.105  -1355.995  [ 3  2  3]   1  0.228  2.136  1.534
  3   76  Heredity   [    12  2  ] -2712.674   151.330   4.115  -1356.337  [ 2  3  2]   1  0.216  2.334  1.680
  3   77 keptBest    [    12  2  ] -2713.182   151.289   4.116  -1356.591  [ 2  2  2]   1  0.213  2.252  1.682
  3   78 softmutate  [    12  2  ] -2711.596   147.703   4.216  -1355.798  [ 3  2  2]   2  0.161  2.304  1.867
  3   79  Heredity   [    12  2  ] -2712.033   148.714   4.187  -1356.017  [ 3  3  2]   2  0.133  2.384  2.024
  3   80 keptBest    [    12  2  ] -2712.882   146.828   4.241  -1356.441  [ 1  3  3]   2  0.137  2.691  2.263
  3   81 keptBest    [    12  2  ] -2712.790   153.094   4.068  -1356.395  [ 2  4  2]   8  0.236  2.581  1.822
  3   82  Heredity   [    12  2  ] -2712.291   148.500   4.194  -1356.146  [ 3  2  2]  11  0.158  2.744  2.231
  3   83  Heredity   [     6  1  ] -1356.126    75.296   4.135  -1356.126  [ 3  3  3]   2  0.087  2.476  2.291
  3   84  Heredity   [     6  1  ] -1356.362    78.342   3.975  -1356.362  [ 3  3  3]   5  0.171  2.425  1.930
  3   85   RandTop   [    12  2  ] -2712.349   151.025   4.123  -1356.175  [ 3  2  3]   2  0.167  2.254  1.805
  3   86  Heredity   [     6  1  ] -1355.617    75.429   4.128  -1355.617  [ 3  3  4]   2  0.133  2.391  2.076
  3   87 softmutate  [    12  2  ] -2712.058   147.592   4.219  -1356.029  [ 3  3  2]   2  0.148  2.453  2.047
  3   88   Random    [     6  1  ] -1355.442    75.639   4.117  -1355.442  [ 3  3  3]   8  0.195  2.626  2.059
  3   89  Heredity   [     6  1  ] -1355.681    75.702   4.113  -1355.681  [ 3  3  3]   1  0.184  2.227  1.780
  3   90   Random    [    12  2  ] -2713.056   151.217   4.118  -1356.528  [ 2  2  2]   1  0.202  2.271  1.721
  3   91 softmutate  [    12  2  ] -2711.605   150.356   4.142  -1355.802  [ 3  2  2]   2  0.157  2.185  1.795
  3   92 keptBest    [     6  1  ] -1356.273    75.618   4.118  -1356.273  [ 2  4  3]   2  0.129  2.446  2.146
  3   93 keptBest    [     6  1  ] -1356.253    78.866   3.948  -1356.253  [ 4  2  3]   6  0.197  2.759  2.121
  3   94   RandTop   [    12  2  ] -2712.097   153.967   4.045  -1356.048  [ 3  3  2]   4  0.169  2.354  1.870
  3   95   RandTop   [    12  2  ] -2713.276   150.074   4.150  -1356.638  [ 2  2  2]   1  0.180  2.302  1.823
  3   96 Permutate   [     6  1  ] -1356.148    75.360   4.132  -1356.148  [ 3  3  3]   2  0.088  2.495  2.306
  3   97   Random    [     6  1  ] -1356.217    75.936   4.100  -1356.217  [ 3  3  3]   2  0.129  2.146  1.887
  3   98 softmutate  [    12  2  ] -2711.246   146.724   4.244  -1355.623  [ 3  2  3]   2  0.130  2.454  2.096
  3   99 LatMutate   [     6  1  ] -1355.867    75.555   4.121  -1355.867  [ 2  3  3]   2  0.127  2.410  2.103
  3  100   Random    [     6  1  ] -1356.234    75.628   4.117  -1356.234  [ 4  4  2]   2  0.117  2.499  2.225
  3  101 LatMutate   [     6  1  ] -1355.694    75.668   4.115  -1355.694  [ 3  3  3]   1  0.185  2.154  1.720
  3  102   Random    [    12  2  ] -2711.694   148.847   4.184  -1355.847  [ 3  3  2]   2  0.135  2.386  2.019
  3  103 LatMutate   [     6  1  ] -1355.883    76.253   4.083  -1355.883  [ 3  3  3]   1  0.185  2.257  1.795
  3  104 softmutate  [     6  1  ] -1356.133    78.074   3.988  -1356.133  [ 3  3  3]   2  0.180  2.393  1.932
  3  105 softmutate  [    12  2  ] -2711.537   149.126   4.176  -1355.768  [ 2  3  3]   2  0.179  2.175  1.699
  3  106   RandTop   [    12  2  ] -2712.060   148.228   4.201  -1356.030  [ 2  2  5]   1  0.152  2.461  2.066
  3  107 softmutate  [    12  2  ] -2711.959   146.895   4.239  -1355.979  [ 2  4  2]   2  0.137  2.572  2.153
  4  108 Permutate   [    12  2  ] -2712.469   149.479   4.166  -1356.234  [ 1  3  3]   1  0.200  2.539  1.878
  4  109  Heredity   [    12  2  ] -2711.126   148.920   4.182  -1355.563  [ 3  2  3]   2  0.154  2.272  1.866
  4  110  Heredity   [    12  2  ] -2711.943   148.041   4.207  -1355.972  [ 3  2  2]   2  0.128  2.257  1.943
  4  111  Heredity   [    12  2  ] -2712.777   150.785   4.130  -1356.388  [ 2  3  2]   2  0.160  2.360  1.915
  4  112 Permutate   [    12  2  ] -2712.351   148.476   4.194  -1356.176  [ 2  2  2]   1  0.194  2.313  1.776
  4  113 keptBest    [    12  2  ] -2713.357   152.226   4.091  -1356.678  [ 2  2  2]   1  0.194  2.335  1.843
  4  114  Heredity   [    12  2  ] -2712.525   150.366   4.142  -1356.263  [ 2  2  2]   2  0.176  2.320  1.830
  4  115 keptBest    [    12  2  ] -2712.898   152.551   4.082  -1356.449  [ 2  2  2]   1  0.231  2.222  1.595
  4  116 keptBest    [    12  2  ] -2712.882   146.828   4.241  -1356.441  [ 1  3  3]   2  0.137  2.691  2.263
  4  117 keptBest    [    12  2  ] -2712.790   153.094   4.068  -1356.395  [ 2  4  2]   8  0.236  2.581  1.822
  4  118 softmutate  [    12  2  ] -2711.344   150.034   4.151  -1355.672  [ 3  3  2]   1  0.219  2.358  1.754
  4  119 softmutate  [    12  2  ] -2711.443   147.318   4.227  -1355.721  [ 3  4  1]   2  0.144  2.639  2.188
  4  120  Heredity   [    12  2  ] -2712.890   152.144   4.093  -1356.445  [ 2  2  3]   2  0.150  2.264  1.868
  4  121  Heredity   [    12  2  ] -2711.952   148.676   4.189  -1355.976  [ 1  3  3]   1  0.175  2.468  1.968
  4  122  Heredity   [    12  2  ] -2712.306   148.853   4.184  -1356.153  [ 3  3  2]   2  0.161  2.364  1.949
  4  123  Heredity   [    12  2  ] -2711.714   149.444   4.167  -1355.857  [ 3  2  3]   1  0.175  2.318  1.860
  4  124   Random    [     6  1  ] -1355.973    77.238   4.031  -1355.973  [ 2  3  3]   1  0.197  2.397  1.859
  4  125   Random    [    12  2  ] -2712.363   152.276   4.090  -1356.182  [ 2  3  2]   1  0.215  2.224  1.658
  4  126  Heredity   [     6  1  ] -1356.220    75.948   4.100  -1356.220  [ 3  3  3]   2  0.132  2.154  1.886
  4  127  Heredity   [     6  1  ] -1355.725    75.777   4.109  -1355.725  [ 3  3  3]   1  0.184  2.226  1.780
  4  128   Random    [    12  2  ] -2711.877   153.999   4.044  -1355.938  [ 3  2  2]   1  0.229  2.179  1.580
  4  129   RandTop   [     6  1  ] -1356.371    78.104   3.987  -1356.371  [ 3  3  2]   1  0.179  2.220  1.813
  4  130   Random    [     6  1  ] -1356.105    76.844   4.052  -1356.105  [ 3  3  3]   1  0.185  2.216  1.770
  4  131 keptBest    [     6  1  ] -1356.362    78.342   3.975  -1356.362  [ 3  3  3]   5  0.171  2.425  1.930
  4  132   RandTop   [    12  2  ] -2712.311   150.695   4.132  -1356.156  [ 3  3  2]   2  0.188  2.342  1.770
  4  133  Heredity   [     6  1  ] -1356.283    75.861   4.104  -1356.283  [ 2  5  3]   1  0.198  2.406  1.915
  4  134 softmutate  [    12  2  ] -2711.950   151.103   4.121  -1355.975  [ 3  2  3]   2  0.190  2.271  1.728
  4  135   Random    [     6  1  ] -1356.080    78.088   3.987  -1356.080  [ 3  4  2]   1  0.208  2.277  1.733
  4  136 softmutate  [    12  2  ] -2710.685   147.672   4.217  -1355.342  [ 2  3  2]   1  0.167  2.289  1.869
  4  137   RandTop   [     6  1  ] -1356.203    74.421   4.184  -1356.203  [ 3  2  4]  10  0.151  3.172  2.629
  4  138 softmutate  [    12  2  ] -2711.893   149.701   4.160  -1355.946  [ 2  2  3]   2  0.130  2.491  2.119
  4  139 Permutate   [     6  1  ] -1356.219    75.946   4.100  -1356.219  [ 3  3  3]   2  0.146  2.180  1.867
  4  140 LatMutate   [     6  1  ] -1356.102    76.319   4.080  -1356.102  [ 3  3  3]  12  0.168  2.542  2.109
  4  141 LatMutate   [     6  1  ] -1355.542    73.803   4.219  -1355.542  [ 2  5  2]   1  0.173  2.292  1.888
  4  142 LatMutate   [     6  1  ] -1355.868    75.558   4.121  -1355.868  [ 2  3  3]   2  0.122  2.408  2.119
  4  143   RandTop   [    12  2  ] -2711.909   148.491   4.194  -1355.955  [ 2  2  5]   1  0.199  2.259  1.754
  4  144 softmutate  [    12  2  ] -2712.520   146.235   4.259  -1356.260  [ 4  2  2]   8  0.191  2.690  2.112
  5  145 Permutate   [    12  2  ] -2712.905   152.301   4.089  -1356.453  [ 2  2  2]   1  0.223  2.235  1.651
  5  146  Heredity   [    12  2  ] -2711.378   150.349   4.142  -1355.689  [ 3  3  2]   2  0.168  2.290  1.851
  5  147   RandTop   [    12  2  ] -2712.572   151.848   4.101  -1356.286  [ 2  2  3]   2  0.148  2.275  1.921
  5  148  Heredity   [    12  2  ] -2711.412   149.693   4.160  -1355.706  [ 3  2  3]   1  0.189  2.412  1.856
  5  149  Heredity   [    12  2  ] -2712.227   146.029   4.265  -1356.113  [ 2  3  3]  12  0.135  2.830  2.384
  5  150  Heredity   [    12  2  ] -2711.972   153.171   4.066  -1355.986  [ 3  2  2]   1  0.207  2.219  1.686
  5  151  Heredity   [    12  2  ] -2712.363   149.924   4.154  -1356.182  [ 2  3  3]   1  0.194  2.450  1.912
  5  152   RandTop   [    12  2  ] -2711.847   148.569   4.192  -1355.923  [ 3  3  2]  11  0.167  2.795  2.217
  5  153  Heredity   [    12  2  ] -2711.049   150.446   4.139  -1355.525  [ 2  3  3]   1  0.214  2.216  1.681
  5  154   Random    [    12  2  ] -2712.646   148.321   4.199  -1356.323  [ 2  2  2]   1  0.165  2.283  1.884
  5  155 keptBest    [    12  2  ] -2713.357   152.226   4.091  -1356.678  [ 2  2  2]   1  0.194  2.335  1.843
  5  156 keptBest    [    12  2  ] -2712.898   152.551   4.082  -1356.449  [ 2  2  2]   1  0.231  2.222  1.595
  5  157 Permutate   [    12  2  ] -2713.680   150.465   4.139  -1356.840  [ 2  2  2]   2  0.163  2.162  1.758
  5  158 keptBest    [    12  2  ] -2712.882   146.828   4.241  -1356.441  [ 1  3  3]   2  0.137  2.691  2.263
  5  159  Heredity   [    12  2  ] -2712.071   150.813   4.129  -1356.035  [ 3  3  2]   1  0.211  2.250  1.705
  5  160 keptBest    [    12  2  ] -2712.790   153.094   4.068  -1356.395  [ 2  4  2]   8  0.236  2.581  1.822
  5  161 keptBest    [    12  2  ] -2712.777   150.785   4.130  -1356.388  [ 2  3  2]   2  0.160  2.360  1.915
  5  162  Heredity   [    12  2  ] -2711.861   149.685   4.160  -1355.930  [ 2  3  3]   1  0.206  2.262  1.702
  5  163  Heredity   [    12  2  ] -2712.731   146.605   4.248  -1356.366  [ 4  2  2]   8  0.178  2.682  2.169
  5  164  Heredity   [    12  2  ] -2712.535   151.399   4.113  -1356.268  [ 3  2  3]  12  0.167  2.705  2.180
  5  165 Permutate   [    12  2  ] -2713.678   150.459   4.139  -1356.839  [ 2  2  2]   2  0.162  2.163  1.761
  5  166   Random    [     6  1  ] -1355.789    75.782   4.109  -1355.789  [ 3  3  2]   1  0.191  2.184  1.712
  5  167   Random    [    12  2  ] -2712.902   150.854   4.128  -1356.451  [ 2  2  2]   1  0.225  2.194  1.611
  5  168   Random    [     6  1  ] -1355.833    76.408   4.075  -1355.833  [ 2  3  3]   1  0.195  2.112  1.656
  5  169   Random    [     6  1  ] -1355.426    75.962   4.099  -1355.426  [ 3  3  3]   1  0.167  2.175  1.796
  5  170   RandTop   [    12  2  ] -2712.040   152.956   4.071  -1356.020  [ 3  3  2]   1  0.220  2.239  1.674
  5  171 LatMutate   [     6  1  ] -1355.875    75.582   4.120  -1355.875  [ 3  3  2]   2  0.122  2.397  2.109
  5  172   RandTop   [     6  1  ] -1356.070    75.307   4.135  -1356.070  [ 3  3  3]   2  0.089  2.547  2.359
  5  173 softmutate  [    12  2  ] -2711.546   148.835   4.184  -1355.773  [ 4  3  1]   2  0.159  2.359  1.903
  5  174 Permutate   [     6  1  ] -1356.305    75.576   4.120  -1356.305  [ 2  5  3]   1  0.173  2.308  1.913
  5  175 LatMutate   [     6  1  ] -1355.894    74.687   4.169  -1355.894  [ 3  3  3]   2  0.127  2.482  2.178
  5  176 softmutate  [    12  2  ] -2712.720   146.598   4.248  -1356.360  [ 1  5  2]   2  0.143  2.494  2.134
  5  177 LatMutate   [     6  1  ] -1356.333    75.980   4.098  -1356.333  [ 2  3  5]   2  0.143  2.250  1.977
  5  178 LatMutate   [     6  1  ] -1356.208    75.907   4.102  -1356.208  [ 3  3  3]   2  0.128  2.146  1.889
  5  179 softmutate  [    12  2  ] -2711.830   150.404   4.140  -1355.915  [ 3  2  3]   1  0.197  2.329  1.792
  5  180 softmutate  [    12  2  ] -2711.833   149.566   4.164  -1355.916  [ 2  3  3]   1  0.200  2.283  1.764
  5  181 softmutate  [    12  2  ] -2712.336   150.134   4.148  -1356.168  [ 2  2  4]   2  0.127  2.490  2.151
  5  182 softmutate  [    12  2  ] -2711.438   151.237   4.118  -1355.719  [ 2  2  4]   2  0.166  2.316  1.843
  6  183 Permutate   [    12  2  ] -2713.319   150.835   4.129  -1356.660  [ 2  2  2]   2  0.162  2.129  1.728
  6  184  Heredity   [    12  2  ] -2713.666   150.420   4.140  -1356.833  [ 2  2  2]   2  0.162  2.164  1.760
  6  185  Heredity   [    12  2  ] -2711.214   148.657   4.189  -1355.607  [ 2  3  2]   2  0.152  2.392  1.970
  6  186  Heredity   [    12  2  ] -2711.940   148.029   4.207  -1355.970  [ 2  3  2]   2  0.128  2.256  1.944
  6  187 Permutate   [    12  2  ] -2713.330   150.868   4.128  -1356.665  [ 2  2  2]   2  0.162  2.131  1.728
  6  188 Permutate   [    12  2  ] -2713.313   152.594   4.081  -1356.656  [ 2  2  2]   1  0.211  2.214  1.635
  6  189  Heredity   [    12  2  ] -2712.293   150.826   4.129  -1356.146  [ 2  3  3]   2  0.168  2.274  1.811
  6  190   RandTop   [    12  2  ] -2712.567   151.832   4.102  -1356.284  [ 2  2  3]   2  0.147  2.278  1.925
  6  191   Random    [    12  2  ] -2712.234   147.910   4.210  -1356.117  [ 2  2  2]   2  0.153  2.487  2.041
  6  192 keptBest    [    12  2  ] -2713.680   150.465   4.139  -1356.840  [ 2  2  2]   2  0.163  2.162  1.758
  6  193  Heredity   [    12  2  ] -2711.857   149.828   4.156  -1355.928  [ 3  2  2]   1  0.198  2.353  1.845
  6  194  Heredity   [    12  2  ] -2712.703   151.274   4.117  -1356.351  [ 2  2  3]   1  0.193  2.264  1.776
  6  195  Heredity   [    12  2  ] -2712.799   153.258   4.063  -1356.399  [ 2  3  2]   1  0.216  2.230  1.668
  6  196 keptBest    [    12  2  ] -2713.357   152.226   4.091  -1356.678  [ 2  2  2]   1  0.194  2.335  1.843
  6  197 keptBest    [    12  2  ] -2712.882   146.828   4.241  -1356.441  [ 1  3  3]   2  0.137  2.691  2.263
  6  198 keptBest    [    12  2  ] -2712.790   153.094   4.068  -1356.395  [ 2  4  2]   8  0.236  2.581  1.822
  6  199 keptBest    [    12  2  ] -2712.777   150.785   4.130  -1356.388  [ 2  3  2]   2  0.160  2.360  1.915
  6  200  Heredity   [    12  2  ] -2711.351   147.649   4.218  -1355.675  [ 3  3  2]   2  0.149  2.430  2.011
  6  201  Heredity   [    12  2  ] -2711.227   149.855   4.156  -1355.614  [ 2  3  3]   1  0.208  2.249  1.705
  6  202  Heredity   [    12  2  ] -2712.160   149.866   4.155  -1356.080  [ 2  3  3]   2  0.147  2.486  2.080
  6  203   Random    [     6  1  ] -1356.445    75.422   4.128  -1356.445  [ 2  2  4]   2  0.138  2.198  1.908
  6  204   RandTop   [     6  1  ] -1356.319    75.526   4.123  -1356.319  [ 2  2  5]  65  0.145  3.192  2.732
  6  205   Random    [     6  1  ] -1355.814    75.179   4.142  -1355.814  [ 3  3  3]   2  0.147  2.708  2.315
  6  206 softmutate  [    12  2  ] -2711.301   150.236   4.145  -1355.651  [ 2  2  3]   2  0.164  2.193  1.763
  6  207   Random    [     6  1  ] -1356.116    75.261   4.137  -1356.116  [ 3  3  3]   2  0.088  2.502  2.313
  6  208 Permutate   [     6  1  ] -1356.218    75.940   4.100  -1356.218  [ 3  3  3]   2  0.128  2.148  1.890
  6  209   Random    [    12  2  ] -2712.230   152.308   4.089  -1356.115  [ 2  2  3]   1  0.225  2.194  1.609
  6  210 softmutate  [    12  2  ] -2712.209   149.538   4.164  -1356.104  [ 3  3  2]   2  0.153  2.389  1.960
  6  211   RandTop   [     6  1  ] -1356.019    74.523   4.178  -1356.019  [ 2  2  5]   1  0.173  2.454  2.026
  6  212 softmutate  [    12  2  ] -2711.786   146.692   4.245  -1355.893  [ 3  2  2]   2  0.136  2.495  2.121
  6  213 LatMutate   [     6  1  ] -1355.696    75.215   4.140  -1355.696  [ 3  2  4]   2  0.102  2.625  2.389
  6  214 LatMutate   [    12  2  ] -2712.156   146.881   4.240  -1356.078  [ 2  2  5]   2  0.174  2.618  2.121
  6  215   RandTop   [     6  1  ] -1355.159    75.496   4.124  -1355.159  [ 3  3  4]   1  0.167  2.236  1.839
  6  216 LatMutate   [     6  1  ] -1356.449    75.080   4.147  -1356.449  [ 5  3  2]   2  0.136  2.336  2.044
  6  217 LatMutate   [     6  1  ] -1356.012    77.425   4.022  -1356.012  [ 3  4  2]   1  0.167  2.222  1.832
  6  218 softmutate  [    12  2  ] -2711.321   147.808   4.213  -1355.660  [ 3  2  3]   2  0.152  2.302  1.898
  6  219 softmutate  [    12  2  ] -2712.591   150.778   4.130  -1356.295  [ 2  2  3]   1  0.203  2.337  1.772
  6  220 softmutate  [    12  2  ] -2711.067   149.277   4.172  -1355.533  [ 4  3  2]   2  0.151  2.327  1.928
  7  221 Permutate   [    12  2  ] -2713.327   150.861   4.128  -1356.664  [ 2  2  2]   2  0.162  2.131  1.728
  7  222 Permutate   [    12  2  ] -2713.449   152.343   4.088  -1356.724  [ 2  2  2]   2  0.176  2.154  1.690
  7  223  Heredity   [    12  2  ] -2711.666   148.520   4.193  -1355.833  [ 2  3  2]   2  0.144  2.284  1.899
  7  224 Permutate   [    12  2  ] -2712.512   149.542   4.164  -1356.256  [ 2  2  2]   2  0.167  2.167  1.742
  7  225 Permutate   [    12  2  ] -2712.355   148.488   4.194  -1356.177  [ 2  2  2]   1  0.196  2.318  1.775
  7  226  Heredity   [    12  2  ] -2713.656   150.388   4.141  -1356.828  [ 2  2  2]   2  0.163  2.163  1.759
  7  227  Heredity   [    12  2  ] -2711.923   150.650   4.134  -1355.961  [ 2  2  3]   1  0.211  2.176  1.629
  7  228  Heredity   [    12  2  ] -2711.978   148.225   4.201  -1355.989  [ 2  3  3]   2  0.168  2.396  1.843
  7  229 keptBest    [    12  2  ] -2713.680   150.465   4.139  -1356.840  [ 2  2  2]   2  0.163  2.162  1.758
  7  230   RandTop   [    12  2  ] -2712.729   156.168   3.988  -1356.364  [ 1  3  3]   1  0.165  2.217  1.804
  7  231 keptBest    [    12  2  ] -2713.357   152.226   4.091  -1356.678  [ 2  2  2]   1  0.194  2.335  1.843
  7  232  Heredity   [    12  2  ] -2710.855   150.184   4.147  -1355.428  [ 3  2  2]   1  0.214  2.269  1.708
  7  233 keptBest    [    12  2  ] -2712.882   146.828   4.241  -1356.441  [ 1  3  3]   2  0.137  2.691  2.263
  7  234   RandTop   [    12  2  ] -2712.067   149.498   4.166  -1356.033  [ 3  3  2]  11  0.174  2.687  2.114
  7  235   RandTop   [    12  2  ] -2712.942   153.358   4.061  -1356.471  [ 2  2  2]   1  0.227  2.182  1.562
  7  236  Heredity   [    12  2  ] -2712.962   151.242   4.118  -1356.481  [ 2  2  2]   2  0.162  2.217  1.792
  7  237   Random    [    12  2  ] -2711.750   152.038   4.096  -1355.875  [ 2  2  3]   2  0.178  2.213  1.721
  7  238 Permutate   [    12  2  ] -2712.219   148.189   4.202  -1356.110  [ 1  3  3]   2  0.172  2.461  1.935
  7  239   Random    [     6  1  ] -1355.765    75.705   4.113  -1355.765  [ 3  3  2]   1  0.190  2.144  1.684
  7  240  Heredity   [    12  2  ] -2711.137   148.681   4.188  -1355.568  [ 2  3  3]   1  0.181  2.297  1.841
  7  241  Heredity   [     6  1  ] -1355.926    73.775   4.221  -1355.926  [ 4  3  2]   2  0.110  2.564  2.301
  7  242 softmutate  [    12  2  ] -2711.004   148.017   4.207  -1355.502  [ 2  3  3]   2  0.169  2.198  1.750
  7  243 keptBest    [     6  1  ] -1356.449    75.080   4.147  -1356.449  [ 5  3  2]   2  0.136  2.336  2.044
  7  244 keptBest    [     6  1  ] -1356.445    75.422   4.128  -1356.445  [ 2  2  4]   2  0.138  2.198  1.908
  7  245   Random    [     6  1  ] -1356.221    75.949   4.100  -1356.221  [ 3  3  3]   2  0.148  2.177  1.860
  7  246   Random    [     6  1  ] -1355.021    74.429   4.183  -1355.021  [ 3  3  3]  12  0.164  2.471  2.058
  7  247  Heredity   [     6  1  ] -1355.444    75.648   4.116  -1355.444  [ 3  3  3]   8  0.194  2.611  2.052
  7  248 softmutate  [    12  2  ] -2712.649   150.263   4.144  -1356.324  [ 3  3  2]   2  0.153  2.338  1.925
  7  249 Permutate   [     6  1  ] -1356.577    75.351   4.132  -1356.577  [ 5  3  2]   2  0.127  2.360  2.092
  7  250   RandTop   [     6  1  ] -1356.319    75.527   4.123  -1356.319  [ 2  2  5]  65  0.146  3.220  2.750
  7  251 softmutate  [    12  2  ] -2711.488   149.798   4.157  -1355.744  [ 2  3  2]   2  0.174  2.134  1.686
  7  252 LatMutate   [     6  1  ] -1355.729    74.413   4.184  -1355.729  [ 3  2  4]   1  0.173  2.246  1.837
  7  253 softmutate  [    12  2  ] -2712.593   150.454   4.139  -1356.297  [ 2  4  2]   2  0.129  2.474  2.134
  7  254 softmutate  [    12  2  ] -2711.059   148.762   4.186  -1355.529  [ 3  2  3]   5  0.200  3.131  2.304
  7  255 LatMutate   [     6  1  ] -1355.663    72.610   4.288  -1355.663  [ 3  2  5]   1  0.146  2.922  2.476
  7  256 LatMutate   [     6  1  ] -1356.535    76.411   4.075  -1356.535  [ 3  2  5]   2  0.152  2.338  2.019
  7  257 softmutate  [    12  2  ] -2713.322   146.848   4.241  -1356.661  [ 1  4  2]   2  0.145  2.392  1.996
  7  258   Random    [    12  2  ] -2712.197   147.847   4.212  -1356.099  [ 2  2  4]   1  0.177  2.530  2.002
  8  259  Heredity   [    12  2  ] -2711.803   149.846   4.156  -1355.901  [ 2  2  3]   2  0.174  2.249  1.776
  8  260 Permutate   [    12  2  ] -2713.323   150.848   4.128  -1356.662  [ 2  2  2]   2  0.161  2.131  1.729
  8  261 Permutate   [    12  2  ] -2713.328   150.862   4.128  -1356.664  [ 2  2  2]   2  0.161  2.132  1.730
  8  262  Heredity   [    12  2  ] -2711.761   151.183   4.119  -1355.881  [ 2  2  3]   1  0.222  2.206  1.616
  8  263  Heredity   [    12  2  ] -2712.945   150.700   4.132  -1356.472  [ 2  2  2]   1  0.204  2.221  1.703
  8  264  Heredity   [    12  2  ] -2712.743   149.873   4.155  -1356.372  [ 2  3  2]   2  0.152  2.285  1.886
  8  265  Heredity   [    12  2  ] -2712.280   148.465   4.195  -1356.140  [ 2  3  2]  11  0.158  2.744  2.233
  8  266  Heredity   [    12  2  ] -2712.744   152.386   4.087  -1356.372  [ 2  2  2]   2  0.167  2.215  1.769
  8  267   Random    [    12  2  ] -2712.146   150.306   4.143  -1356.073  [ 3  2  2]  26  0.159  2.335  1.938
  8  268  Heredity   [    12  2  ] -2711.899   150.461   4.139  -1355.950  [ 2  3  3]  11  0.168  2.671  2.133
  8  269   RandTop   [    12  2  ] -2712.310   150.691   4.133  -1356.155  [ 3  3  2]   2  0.188  2.341  1.770
  8  270   RandTop   [    12  2  ] -2712.264   151.452   4.112  -1356.132  [ 3  2  2]  12  0.137  2.637  2.247
  8  271  Heredity   [    12  2  ] -2710.925   148.285   4.200  -1355.462  [ 3  3  2]   2  0.162  2.447  1.952
  8  272 Permutate   [    12  2  ] -2713.331   150.873   4.128  -1356.666  [ 2  2  2]   2  0.161  2.130  1.729
  8  273 keptBest    [    12  2  ] -2713.680   150.465   4.139  -1356.840  [ 2  2  2]   2  0.163  2.162  1.758
  8  274 keptBest    [    12  2  ] -2713.357   152.226   4.091  -1356.678  [ 2  2  2]   1  0.194  2.335  1.843
  8  275 keptBest    [    12  2  ] -2712.882   146.828   4.241  -1356.441  [ 1  3  3]   2  0.137  2.691  2.263
  8  276 keptBest    [    12  2  ] -2712.729   156.168   3.988  -1356.364  [ 1  3  3]   1  0.165  2.217  1.804
  8  277  Heredity   [    12  2  ] -2712.145   149.075   4.177  -1356.073  [ 3  3  2]  26  0.162  2.441  1.984
  8  278   Random    [    12  2  ] -2713.432   151.226   4.118  -1356.716  [ 2  2  2]   1  0.217  2.187  1.644
  8  279 softmutate  [    12  2  ] -2712.466   146.685   4.245  -1356.233  [ 1  3  3]  11  0.136  2.960  2.496
  8  280   Random    [     6  1  ] -1355.102    74.146   4.199  -1355.102  [ 3  3  3]   2  0.105  2.413  2.189
  8  281 softmutate  [    12  2  ] -2712.168   151.038   4.123  -1356.084  [ 2  3  2]   2  0.149  2.310  1.916
  8  282   Random    [    12  2  ] -2712.191   150.619   4.135  -1356.095  [ 2  3  3]   2  0.153  2.205  1.814
  8  283 keptBest    [     6  1  ] -1356.535    76.411   4.075  -1356.535  [ 3  2  5]   2  0.152  2.338  2.019
  8  284   Random    [     6  1  ] -1356.219    75.943   4.100  -1356.219  [ 3  3  3]   2  0.129  2.149  1.887
  8  285   Random    [    12  2  ] -2712.718   151.203   4.119  -1356.359  [ 2  2  3]   2  0.182  2.186  1.729
  8  286   RandTop   [     6  1  ] -1356.065    76.316   4.080  -1356.065  [ 3  3  3]  12  0.130  3.148  2.757
  8  287 LatMutate   [     6  1  ] -1355.848    73.885   4.214  -1355.848  [ 3  2  5]   1  0.157  2.445  2.072
  8  288   RandTop   [     6  1  ] -1355.307    78.010   3.991  -1355.307  [ 3  3  4]   5  0.177  2.224  1.801
  8  289 softmutate  [    12  2  ] -2710.862   148.240   4.201  -1355.431  [ 3  3  2]   2  0.140  2.227  1.876
  8  290 softmutate  [    12  2  ] -2712.148   148.946   4.181  -1356.074  [ 3  3  2]   2  0.141  2.379  1.993
  8  291 softmutate  [    12  2  ] -2712.042   149.898   4.154  -1356.021  [ 4  2  2]  12  0.113  2.613  2.296
  8  292 softmutate  [    12  2  ] -2710.984   149.825   4.156  -1355.492  [ 3  2  3]   2  0.177  2.273  1.784
  8  293 LatMutate   [     6  1  ] -1356.071    74.871   4.159  -1356.071  [ 5  3  2]   1  0.159  2.389  2.028
  8  294 softmutate  [    12  2  ] -2711.155   150.163   4.147  -1355.578  [ 2  3  3]   1  0.205  2.175  1.657
  8  295 softmutate  [    12  2  ] -2712.257   150.612   4.135  -1356.128  [ 3  3  2]   2  0.118  2.664  2.331
  8  296 softmutate  [    12  2  ] -2711.647   149.199   4.174  -1355.824  [ 3  2  2]   2  0.165  2.108  1.689
  9  297  Heredity   [    12  2  ] -2712.483   146.737   4.244  -1356.242  [ 1  3  3]  11  0.136  2.954  2.492
  9  298  Heredity   [    12  2  ] -2711.218   150.573   4.136  -1355.609  [ 2  3  2]   2  0.165  2.231  1.796
  9  299   Random    [    12  2  ] -2710.807   149.524   4.165  -1355.404  [ 3  2  2]   2  0.146  2.270  1.899
  9  300  Heredity   [    12  2  ] -2712.874   146.799   4.242  -1356.437  [ 1  3  3]   2  0.137  2.696  2.268
  9  301  Heredity   [    12  2  ] -2712.118   150.309   4.143  -1356.059  [ 2  2  3]   1  0.218  2.177  1.589
  9  302  Heredity   [    12  2  ] -2712.559   150.577   4.136  -1356.280  [ 2  2  2]   2  0.169  2.154  1.729
  9  303  Heredity   [    12  2  ] -2711.966   147.746   4.215  -1355.983  [ 3  2  3]   2  0.121  2.450  2.146
  9  304  Heredity   [    12  2  ] -2711.867   149.628   4.162  -1355.934  [ 2  2  3]   1  0.187  2.214  1.739
  9  305  Heredity   [    12  2  ] -2713.434   153.121   4.067  -1356.717  [ 2  2  2]   1  0.204  2.148  1.639
  9  306  Heredity   [    12  2  ] -2710.856   148.074   4.206  -1355.428  [ 3  2  3]   2  0.165  2.462  1.950
  9  307  Heredity   [    12  2  ] -2713.450   151.535   4.110  -1356.725  [ 2  2  2]   1  0.197  2.334  1.823
  9  308  Heredity   [    12  2  ] -2711.842   152.086   4.095  -1355.921  [ 2  3  2]   2  0.194  2.226  1.680
  9  309 keptBest    [    12  2  ] -2713.680   150.465   4.139  -1356.840  [ 2  2  2]   2  0.163  2.162  1.758
  9  310 keptBest    [    12  2  ] -2713.357   152.226   4.091  -1356.678  [ 2  2  2]   1  0.194  2.335  1.843
  9  311 Permutate   [    12  2  ] -2712.519   153.290   4.062  -1356.259  [ 2  2  2]   1  0.192  2.251  1.756
  9  312   RandTop   [    12  2  ] -2712.279   153.515   4.057  -1356.139  [ 2  2  2]   1  0.223  2.227  1.643
  9  313 keptBest    [    12  2  ] -2712.882   146.828   4.241  -1356.441  [ 1  3  3]   2  0.137  2.691  2.263
  9  314 keptBest    [    12  2  ] -2712.729   156.168   3.988  -1356.364  [ 1  3  3]   1  0.165  2.217  1.804
  9  315   Random    [    12  2  ] -2712.235   151.733   4.104  -1356.117  [ 3  2  3]   2  0.167  2.142  1.719
  9  316   RandTop   [    12  2  ] -2712.568   149.459   4.167  -1356.284  [ 2  2  5]   6  0.227  2.803  2.018
  9  317   Random    [    12  2  ] -2711.739   150.238   4.145  -1355.869  [ 2  3  3]   2  0.146  2.247  1.869
  9  318 Permutate   [    12  2  ] -2712.685   150.854   4.128  -1356.343  [ 3  2  2]   1  0.191  2.298  1.801
  9  319   Random    [     6  1  ] -1356.214    75.929   4.101  -1356.214  [ 3  3  3]   2  0.144  2.178  1.873
  9  320   Random    [     6  1  ] -1356.111    76.831   4.053  -1356.111  [ 3  2  3]   2  0.172  2.276  1.859
  9  321   RandTop   [     6  1  ] -1355.851    74.969   4.153  -1355.851  [ 3  3  3]   2  0.132  2.410  2.103
  9  322 LatMutate   [    12  2  ] -2711.335   150.737   4.131  -1355.667  [ 3  2  3]   1  0.209  2.244  1.695
  9  323 LatMutate   [    12  2  ] -2711.943   149.071   4.177  -1355.972  [ 2  2  4]   2  0.129  2.459  2.110
  9  324 keptBest    [     6  1  ] -1356.535    76.411   4.075  -1356.535  [ 3  2  5]   2  0.152  2.338  2.019
  9  325   RandTop   [     6  1  ] -1356.713    76.406   4.075  -1356.713  [ 2  2  5]   2  0.148  2.384  2.071
  9  326   RandTop   [    12  2  ] -2713.257   152.060   4.095  -1356.628  [ 2  2  2]   1  0.221  2.189  1.612
  9  327 Permutate   [     6  1  ] -1356.220    75.946   4.100  -1356.220  [ 3  3  3]   2  0.138  2.166  1.881
  9  328 softmutate  [    12  2  ] -2711.468   149.137   4.176  -1355.734  [ 2  2  3]   2  0.169  2.206  1.759
  9  329 LatMutate   [     6  1  ] -1355.687    75.647   4.116  -1355.687  [ 3  3  3]   1  0.186  2.161  1.721
  9  330 softmutate  [    12  2  ] -2713.129   150.845   4.128  -1356.565  [ 3  3  2]   2  0.195  2.417  1.826
  9  331 softmutate  [    12  2  ] -2712.006   147.807   4.213  -1356.003  [ 2  2  3]   1  0.167  2.398  1.957
  9  332   RandTop   [     6  1  ] -1355.806    77.773   4.004  -1355.806  [ 3  3  4]  38  0.187  2.644  2.087
  9  333   RandTop   [    12  2  ] -2712.588   150.863   4.128  -1356.294  [ 2  2  3]   2  0.172  2.292  1.811
  9  334 softmutate  [    12  2  ] -2711.656   153.046   4.069  -1355.828  [ 2  3  4]   1  0.206  2.282  1.710
