NUMBER OF TEMPLATES 33
COMPOSITION A 1 B
pairs , SPACEGROUPS 
[C Li] , 164 
[Be Cl] , 166 
[B N] , 216 
[C P] , 164 
[B Be] , 164 
[Be S] , 119 
[Al N] , 186 
[P Si] , 225 
[Al B] , 156 
[Al N] , 216 
[C H] , 164 
[Al Na] , 141 
[H Na] , 225 
[Li O] , 187 
[Be O] , 186 
[Cl Na] , 225 
[Al Li] , 123 
[C H] , 166 
[C Si] , 216 
[B S] , 166 
[N P] , 160 
[H Si] , 191 
[C Li] , 160 
[Be Cl] , 164 
[Cl Mg] , 164 
[Mg S] , 225 
[B P] , 216 
[F Si] , 191 
[B F] , 164 
[B Li] , 166 
[Al Li] , 227 
[Li Mg] , 123 
[F Si] , 166 
RANKING VECTORS ENTHALPIES
0:[-177.51244205 -177.51233591 -177.51209823 -177.51200291 -177.51102258 -177.50990961 -177.50089849 -177.49934382 -177.46273834 -177.45844989 -177.45264418 -177.41827319 -177.04669819 -176.81660368 -176.81633159 -176.62659612 -176.45322786 -176.28672826 -176.13487151 -175.77776384 -175.50472487 -175.50466881 -175.50249258 -175.46973215 -175.46772344 -175.4058909  -175.40309977 -175.09265495 -175.09183236 -174.37375806 -174.37375683 -174.37372992 -174.34214144] 
1:[-409.43177745 -409.41838657 -409.31403131 -409.31050364 -409.28635918 -409.25884211 -409.25746111 -409.2557458  -409.25250457 -409.22723226 -409.02352885 -408.96897219 -408.94877887 -408.86025657 -408.84886792 -408.84820598 -408.82931215 -408.82921436 -408.82413798 -408.82088232 -408.77254068 -408.77021184 -408.74183026 -408.74051385 -408.44068439 -408.44068028 -408.44037947 -408.43435941 -408.36453696 -408.35766594 -408.29201159 -408.10315122 -407.84731113] 
2:[-180.52731906 -180.52723124 -180.5256761  -180.52552052 -180.52546917 -180.52289577 -180.50579788 -180.50572557 -180.09360002 -180.08898087 -180.08440598 -180.06586174 -180.05867815 -180.05801735 -180.00230485 -180.00169864 -179.99776052 -179.33535871 -178.92488791 -178.92392455 -178.9029461  -178.9029216  -178.49008627 -178.39365474 -178.05780803 -177.83709374 -177.79386708 -177.79227049 -177.57646574 -177.25262828 -176.74583096 -176.74287789 -176.15412087] 
3:[-172.86076232 -172.81744624 -172.81364625 -172.79845665 -172.6253521 -172.52733992 -172.48223187 -172.47902225 -172.39125899 -172.36247401 -172.35433212 -172.35015304 -172.33467788 -172.33451609 -172.31737267 -172.31731302 -172.31355114 -172.3066467  -172.30518643 -172.305065 -172.28742973 -172.28481529 -172.25695639 -172.25667174 -172.23523076 -172.19579688 -171.97558641 -171.54127246 -171.53499691 -171.1838748 -171.18256856 -170.88535587 -170.80950224] 
4:[-227.64115913 -227.63864378 -227.62667475 -227.62578313 -227.62017352 -227.51147003 -227.43419024 -227.4174937  -227.41646827 -227.24666945 -227.20470525 -227.16264217 -227.15899068 -227.10740491 -227.05214673 -227.02429604 -226.93989061 -226.86725877 -226.80266491 -226.80009426 -226.66253471 -226.48367604 -226.48048455 -226.42547649 -226.42268712 -226.35938474 -226.35824826 -226.27826522 -226.27702211 -225.35365914 -225.35365592 -225.35346768 -225.33693507] 
5:[-337.14753937 -337.14667518 -337.14530887 -337.14530342 -337.14479129 -337.13729757 -337.13669346 -337.06489338 -337.06396473 -337.05883851 -337.04393497 -337.04239465 -337.03864745 -337.02429451 -337.02351594 -337.02061773 -337.015913   -336.89489063 -336.8660546  -336.60497552 -336.57174624 -336.56965965 -336.52066837 -336.48490473 -336.2003373 -336.19229182 -336.0910905  -336.07132844 -336.06018433 -335.86401352 -335.83923593 -335.81280788 -335.74258182] 
6:[-171.41926819 -171.41899083 -171.41686136 -171.41165553 -171.41156543 -171.07509916 -171.07486113 -171.07471245 -171.00368641 -171.00363316 -170.97395664 -170.9733948  -170.97322321 -170.97321585 -170.9729275 -170.97012346 -170.81782489 -170.74504782 -170.48361754 -169.93012292 -169.86649562 -169.84150177 -169.83298724 -169.76359334 -169.76343864 -169.14849613 -169.13186684 -168.31054515 -168.31039964 -168.28908669 -168.02215968 -168.0195131  -167.87872935] 
7:[-147.59063228 -147.59052563 -147.5767674  -147.57664081 -147.5272872 -147.52707095 -147.52150456 -147.51183946 -147.46943336 -147.44721031 -147.44643762 -147.37653416 -147.37248007 -147.36293062 -147.34708155 -147.33597275 -147.32925409 -147.32456858 -147.32427687 -147.32376939 -147.32061564 -147.30387848 -147.22296416 -147.16256572 -147.09032182 -146.99316413 -146.94304123 -146.92429442 -146.68160989 -146.63160764 -146.63160362 -146.63153197 -146.59995463] 
8:[-68.5776475  -68.48687261 -68.40540323 -68.37843763 -68.34081391 -68.31664888 -68.26310036 -68.24949968 -68.24303705 -68.24201383 -68.24045428 -68.2398192  -68.07554463 -67.86163151 -67.86089081 -67.79948273 -67.72343961 -67.71760399 -67.68749234 -67.68689514 -67.58600542 -67.4058535  -67.38493824 -67.35688159 -67.21147387 -67.20347084 -67.07716704 -66.62146422 -66.60899552 -66.52469629 -66.52062856 -66.5206249  -66.5205588 ] 
9:[-171.41926819 -171.41899083 -171.41686136 -171.41165553 -171.41156543 -171.07509916 -171.07486113 -171.07471245 -171.00368641 -171.00363316 -170.97395664 -170.9733948  -170.97322321 -170.97321585 -170.9729275 -170.97012346 -170.81782489 -170.74504782 -170.48361754 -169.93012292 -169.86649562 -169.84150177 -169.83298724 -169.76359334 -169.76343864 -169.14849613 -169.13186684 -168.31054515 -168.31039964 -168.28908669 -168.02215968 -168.0195131  -167.87872935] 
10:[-88.37504288 -88.37472329 -88.37018075 -88.36963553 -88.36231441 -88.3605551  -88.35997309 -88.35803452 -87.95717818 -87.64504377 -87.62792356 -87.06490829 -86.98828392 -86.87123576 -86.63578713 -86.63521654 -86.63371122 -86.58301606 -86.46249673 -86.42280705 -86.19247183 -86.18822152 -85.88137277 -85.83177494 -85.81342776 -85.71809612 -85.71809611 -85.71761251 -85.69717286 -85.67749902 -85.6760759  -85.66500538 -85.66179662] 
11:[-648.25956144 -648.25883285 -648.25829038 -648.25142361 -648.24614845 -648.10770895 -648.10727444 -648.10697655 -648.09681295 -648.07941453 -648.078219   -648.01826235 -648.01633101 -647.99632087 -647.95637308 -647.95515393 -647.94267738 -647.92430688 -647.9230797  -647.81508725 -647.81112938 -647.49194248 -647.04518242 -646.91566099 -646.91549564 -646.86437096 -646.86405858 -645.85193336 -645.84718121 -645.35096235 -645.31613962 -645.31609007 -645.31606421] 
12:[-626.95895239 -626.95290051 -626.90020272 -626.89968904 -626.89847944 -626.89801683 -626.89598973 -626.84214916 -626.73375392 -626.6087101 -626.58291026 -626.5001377  -626.49986688 -626.4993921  -626.4993315 -626.49900892 -626.49870588 -626.49299443 -626.47846771 -626.43188991 -626.43180418 -626.43080986 -626.42896317 -626.42352596 -626.41907418 -626.3322854  -626.33228198 -626.33224241 -626.33216884 -626.28823594 -626.22288803 -625.65846208 -625.65772544] 
13:[-321.00429075 -320.78991963 -320.7897556  -320.73655012 -320.71675602 -320.69429345 -320.67088474 -320.67072023 -320.66858968 -320.60501066 -320.60448594 -320.57566427 -320.57559531 -320.57294526 -320.33800401 -320.27540085 -320.27378945 -320.27343937 -320.27336064 -320.2726839 -320.27221449 -320.1952179  -320.18039055 -320.14485277 -320.06649752 -319.96957863 -319.89202835 -319.88884823 -319.88884686 -319.88882544 -319.56015171 -319.55411889 -318.3474405 ] 
14:[-414.37249339 -414.37190198 -414.36984658 -414.36964902 -414.36951236 -414.36835721 -414.36791578 -414.36681629 -414.18967479 -414.18236946 -414.18082774 -414.17461939 -414.1469078  -414.14521096 -414.14180929 -414.14130886 -414.139643   -414.04021279 -414.03802741 -413.95966527 -413.80853577 -413.75419511 -413.6939492  -413.61424446 -412.81973128 -412.77946772 -412.77946012 -412.39198616 -412.3885482  -411.0458985 -410.9325836  -410.92285342 -410.9227007 ] 
15:[-841.6519411  -841.65073401 -841.54592954 -841.54566506 -841.54509024 -841.54460164 -841.54347414 -841.50988939 -841.23670374 -841.01269534 -841.00330972 -840.92846701 -840.92513485 -840.92449802 -840.92447717 -840.8930908  -840.82371375 -840.8121037  -840.73374007 -840.73298311 -840.73278876 -840.73069051 -840.72802565 -840.72696857 -840.42541476 -840.31436448 -840.3143224  -840.31424627 -840.31421339 -840.25540065 -839.79485107 -839.79444487 -839.46235123] 
16:[-125.93906097 -125.93425911 -125.8459821  -125.8439578  -125.83665695 -125.83212234 -125.77289761 -125.68996082 -125.66667327 -125.6558159 -125.64806032 -125.6463496  -125.59825465 -125.56979083 -125.5480683 -125.50519636 -125.45673521 -125.32528498 -125.32211768 -125.32112195 -125.31437847 -125.24744067 -125.22379742 -125.04592183 -125.0458104 -125.02622108 -125.02605891 -124.2739807  -124.27196996 -123.56731656 -123.54598347 -123.54598005 -123.54593641] 
17:[-88.37504288 -88.37472329 -88.37018075 -88.36963553 -88.36231441 -88.3605551  -88.35997309 -88.35803452 -87.95717818 -87.64504377 -87.62792356 -87.06490829 -86.98828392 -86.87123576 -86.63578713 -86.63521654 -86.63371122 -86.58301606 -86.46249673 -86.42280705 -86.19247183 -86.18822152 -85.88137277 -85.83177494 -85.81342776 -85.71809612 -85.71809611 -85.71761251 -85.69717286 -85.67749902 -85.6760759  -85.66500538 -85.66179662] 
18:[-136.68517466 -136.68220471 -136.68092235 -136.68022208 -136.6800797 -136.68002434 -136.67746266 -136.67717113 -136.5138824  -136.5136196 -136.48001143 -136.47994386 -136.44886757 -136.38295597 -136.33530591 -136.33410148 -136.33357749 -136.22973687 -136.20265074 -136.20261381 -136.18150926 -136.0065814  -135.99339328 -135.91511311 -135.88949666 -135.63722325 -135.03494267 -135.02271149 -135.01868216 -134.90076331 -134.87967761 -134.87767599 -134.19113666] 
19:[-187.02092719 -186.94242881 -186.5756847  -186.56396571 -186.52295534 -186.51365259 -186.43990065 -186.40829896 -186.39890402 -186.39510584 -186.38757956 -186.38215468 -186.37813809 -186.37500036 -186.36965879 -186.36790092 -186.35643112 -186.31338665 -186.3133838  -186.31319212 -186.29659618 -186.26900166 -186.22135242 -186.18619913 -186.18548594 -186.09963543 -185.78386431 -185.77683893 -185.625096   -185.4608447 -185.45501653 -185.26978501 -185.06530035] 
20:[-232.23218966 -232.17857727 -232.04054282 -231.94323018 -231.91656804 -231.91334781 -231.91019365 -231.90450186 -231.82183411 -231.71860721 -231.7097187  -231.63293347 -231.35799593 -231.3387678  -231.33417253 -231.27653858 -231.27588041 -231.26268428 -231.2624685  -231.18042603 -230.97750526 -230.87049074 -230.76956667 -230.75719425 -230.67091869 -230.66897692 -230.66897635 -230.66890712 -230.66424565 -230.64225925 -230.41221739 -230.41046652 -230.39473385] 
21:[-62.48247069 -62.47578354 -62.46681771 -62.45081246 -62.43302688 -62.43107021 -62.43035103 -62.42922131 -62.42393448 -62.42339049 -62.42131872 -62.41721762 -62.39514944 -62.3900932  -62.38503522 -62.37740209 -62.37580848 -62.36420961 -62.3541385  -62.35372526 -62.35306033 -62.34353053 -62.33609344 -62.32081153 -62.2949554 -62.27700626 -62.25825311 -62.22233827 -62.13917078 -62.13897042 -62.1355837  -62.08907854 -61.9942887 ] 
22:[-177.51244205 -177.51233591 -177.51209823 -177.51200291 -177.51102258 -177.50990961 -177.50089849 -177.49934382 -177.46273834 -177.45844989 -177.45264418 -177.41827319 -177.04669819 -176.81660368 -176.81633159 -176.62659612 -176.45322786 -176.28672826 -176.13487151 -175.77776384 -175.50472487 -175.50466881 -175.50249258 -175.46973215 -175.46772344 -175.4058909  -175.40309977 -175.09265495 -175.09183236 -174.37375806 -174.37375683 -174.37372992 -174.34214144] 
23:[-409.43177745 -409.41838657 -409.31403131 -409.31050364 -409.28635918 -409.25884211 -409.25746111 -409.2557458  -409.25250457 -409.22723226 -409.02352885 -408.96897219 -408.94877887 -408.86025657 -408.84886792 -408.84820598 -408.82931215 -408.82921436 -408.82413798 -408.82088232 -408.77254068 -408.77021184 -408.74183026 -408.74051385 -408.44068439 -408.44068028 -408.44037947 -408.43435941 -408.36453696 -408.35766594 -408.29201159 -408.10315122 -407.84731113] 
24:[-1026.7844991  -1026.78153913 -1026.77907424 -1026.77799209 -1026.77684117 -1026.77239057 -1026.743345   -1026.68755153 -1026.68431719 -1026.60705033 -1026.59990006 -1026.5918916 -1026.58203551 -1026.30821077 -1026.30778578 -1026.22636523 -1026.22513855 -1026.19249304 -1026.19199196 -1026.07535601 -1026.04311032 -1025.98247117 -1025.88014191 -1025.76319489 -1025.7621025  -1025.75855668 -1025.75455301 -1025.74611604 -1025.50371683 -1025.50206188 -1025.4887595  -1025.48869936 -1025.48866666] 
25:[-954.74381982 -954.74337734 -954.73969029 -954.73473844 -954.73399961 -954.36027827 -954.24744465 -954.2449025  -954.16805306 -954.11089307 -954.05180023 -953.9567085  -953.95650729 -953.95649958 -953.95556979 -953.95299992 -953.83519036 -953.69967401 -953.63408109 -953.63357948 -953.63352304 -953.6334023  -953.55235873 -953.48408783 -953.46748682 -953.45672237 -953.2720745  -953.16149827 -953.1292597  -952.69444405 -952.6909609  -952.66692469 -952.59587179] 
26:[-131.32871241 -131.32148721 -131.32001472 -131.31879505 -131.31783314 -131.31255775 -131.31222001 -130.94189509 -130.74634655 -130.73576221 -130.73461135 -130.73097716 -130.72219578 -130.71520912 -130.70567774 -130.7022033  -130.67705375 -130.67204217 -130.64611367 -130.64535314 -130.64078383 -130.63002968 -130.60692222 -130.58140219 -130.5698798 -130.52684299 -130.44563142 -130.42192595 -130.14954169 -130.03550208 -130.01971795 -130.00744027 -129.85402029] 
27:[-389.87894334 -389.8781304  -389.70888481 -389.68329541 -389.67950546 -389.6054649  -389.60509392 -389.60486694 -389.51092824 -389.50753247 -389.44648795 -389.43425696 -389.43281752 -389.42216925 -389.3618475 -389.36179366 -389.3585022  -389.35849821 -389.30442557 -389.13057371 -389.01858599 -389.01849304 -388.95158056 -388.65046586 -388.08456716 -387.91555889 -387.90578796 -387.90522225 -387.90448523 -387.41782844 -387.41776246 -387.41516883 -387.41009686] 
28:[-373.07737167 -373.0769177  -373.05464512 -372.40661126 -372.40322245 -372.3721175  -372.3370866  -372.33377686 -372.33251713 -372.33043871 -372.28608447 -372.26933392 -372.14834246 -372.14565484 -372.14376465 -371.96083832 -371.87124959 -371.84758357 -371.84564706 -371.30817856 -371.30624993 -370.76795497 -370.76780433 -370.72628435 -370.68161912 -370.15525482 -370.15490944 -370.13715441 -370.1371468  -369.68189665 -369.68126103 -369.68126081 -369.68098686] 
29:[-135.92321726 -135.9217435  -135.90444801 -135.8643729  -135.85982877 -135.85970841 -135.48720687 -135.43343764 -135.3120857  -135.31063835 -135.30898129 -135.03529021 -134.93986762 -134.9257871  -134.92539981 -134.92328817 -134.91820684 -134.90724364 -134.84948132 -134.81722197 -134.50241079 -134.48794426 -133.94134114 -133.92906949 -133.9290007 -133.87603264 -133.87596793 -133.37501602 -133.37284185 -132.64263239 -132.60620206 -132.60620093 -132.60618046] 
30:[-125.93906097 -125.93425911 -125.8459821  -125.8439578  -125.83665695 -125.83212234 -125.77289761 -125.68996082 -125.66667327 -125.6558159 -125.64806032 -125.6463496  -125.59825465 -125.56979083 -125.5480683 -125.50519636 -125.45673521 -125.32528498 -125.32211768 -125.32112195 -125.31437847 -125.24744067 -125.22379742 -125.04592183 -125.0458104 -125.02622108 -125.02605891 -124.2739807  -124.27196996 -123.56731656 -123.54598347 -123.54598005 -123.54593641] 
31:[-901.54131758 -901.53900321 -901.38835728 -901.38343007 -901.38339087 -901.38312056 -901.38055175 -901.3736624  -901.35604312 -901.32031174 -901.31935397 -901.31923446 -901.30746541 -901.30714057 -901.30151245 -901.29582462 -901.28864344 -901.24870606 -901.21238503 -901.1969086 -901.16003977 -901.1598401  -901.15900808 -901.15884404 -901.13033788 -901.12860762 -901.07393943 -901.06899326 -900.18099361 -899.86145296 -899.86143847 -899.8613385  -899.86017159] 
32:[-389.87894334 -389.8781304  -389.70888481 -389.68329541 -389.67950546 -389.6054649  -389.60509392 -389.60486694 -389.51092824 -389.50753247 -389.44648795 -389.43425696 -389.43281752 -389.42216925 -389.3618475 -389.36179366 -389.3585022  -389.35849821 -389.30442557 -389.13057371 -389.01858599 -389.01849304 -388.95158056 -388.65046586 -388.08456716 -387.91555889 -387.90578796 -387.90522225 -387.90448523 -387.41782844 -387.41776246 -387.41516883 -387.41009686] 
RANKING VECTORS IDX
0:[28.  0.  4. 10. 24.  8. 17. 22.  1. 32. 29.  3. 19. 16. 31. 23.  5. 11. 30. 20.  7. 12. 13. 25. 15. 21. 27.  6. 14. 18. 26.  9.  2.] 
1:[32.  1.  8. 22.  3.  4. 24.  0. 23. 19. 13. 20.  5. 10. 28. 17. 16. 31.  6. 14. 25. 15.  7. 12. 18. 26.  9.  2. 27. 21. 29. 11. 30.] 
2:[ 5.  2.  9. 18. 26. 22. 14.  6. 24.  4.  8. 23. 19. 20. 32.  1. 29.  3. 12.  7. 25. 15. 11. 21. 13. 17. 10.  0. 27. 28. 31. 16. 30.] 
3:[23. 10. 28. 17. 19.  8. 32. 20.  3. 22.  6. 14. 25. 15. 12.  5.  7.  9. 18. 26.  2. 29.  0.  4.  1. 13. 24. 27. 21. 16. 31. 11. 30.] 
4:[32. 17.  4. 10.  0.  8. 22. 31. 16.  3. 11.  1. 29. 23. 24. 19. 30. 13. 20. 28.  5. 27. 21.  6. 14.  7. 12. 25. 15. 18. 26.  9.  2.] 
5:[ 2.  5. 18. 26.  9. 14.  6.  7. 12. 17. 25. 15. 19.  4. 24.  0. 20.  8. 22. 23. 13.  1. 32.  3. 31. 16. 10. 28. 11. 21. 27. 29. 30.] 
6:[ 7. 12. 22. 25. 15.  4. 24.  0. 14.  6.  2.  5. 18. 26.  9.  8. 20. 13. 19.  3. 23.  1. 29. 31. 16. 11. 32. 10. 28. 17. 27. 21. 30.] 
7:[25. 15.  7. 12. 13.  5. 27. 21. 20. 16. 31. 11.  1.  8. 22.  0.  4. 32. 17. 29. 28. 24. 30. 23.  3. 19.  6. 14. 10. 18. 26.  9.  2.] 
8:[29.  1.  8. 22. 17. 23. 13. 10. 28.  0.  4. 24. 19. 16. 31.  3. 25. 15.  7. 12. 20.  5. 11. 32.  6. 14. 30. 27. 21.  2. 18. 26.  9.] 
9:[ 7. 12. 22. 25. 15.  4. 24.  0. 14.  6.  2.  5. 18. 26.  9.  8. 20. 13. 19.  3. 23.  1. 29. 31. 16. 11. 32. 10. 28. 17. 27. 21. 30.] 
10:[10. 28.  0.  4. 17. 24.  1. 32.  3.  8. 22. 23. 29. 20. 27. 21. 19. 14. 11. 30. 31. 16. 13.  5.  6. 26. 18.  9.  2.  7. 12. 15. 25.] 
11:[17. 29. 32. 11. 30.  4.  0. 22.  8. 24.  3. 31. 16.  1. 10. 28. 23. 20. 19. 27. 21.  5. 13. 25. 15.  7. 12.  6. 14.  2. 18. 26.  9.] 
12:[31. 16.  7. 12. 25. 15. 22. 13.  5.  8. 20. 28.  6. 10.  4.  0. 14. 24. 11. 32. 17. 29. 30. 19.  1. 18. 26.  2.  9.  3. 23. 27. 21.] 
13:[13. 16. 31.  5. 22.  3. 32. 17.  1. 25. 15.  7. 12. 20.  8. 24.  6.  4. 10. 14.  0. 11. 19. 29. 23. 30.  2. 18. 26.  9. 27. 21. 28.] 
14:[14.  6.  2. 18. 26. 22.  9.  5.  8.  0.  4. 24.  7. 12. 25. 20. 15. 19. 29. 32. 23.  1.  3. 13. 11. 16. 31. 21. 27. 30. 17. 28. 10.] 
15:[16. 31.  7. 12. 25. 15. 22. 13.  5. 11. 20.  8.  1. 30. 32. 29. 17.  3.  4. 10. 24.  0.  6. 14. 23.  2. 18. 26.  9. 19. 27. 21. 28.] 
16:[16. 31. 32. 29. 11. 30. 13. 22.  0.  4. 24.  8. 20.  3.  1. 23. 19.  5. 28. 17. 10. 27. 21. 25. 15.  7. 12.  6. 14.  2. 18. 26.  9.] 
17:[10. 28.  0.  4. 17. 24.  1. 32.  3.  8. 22. 23. 29. 20. 27. 21. 19. 14. 11. 30. 31. 16. 13.  5.  6. 26. 18.  9.  2.  7. 12. 15. 25.] 
18:[ 2.  6.  5. 14. 18. 26.  9. 22.  7. 12. 25. 15. 13.  8. 24.  4.  0. 17. 10. 28. 23. 19. 20. 32.  1.  3. 29. 16. 31. 11. 27. 21. 30.] 
19:[23. 19. 29. 32.  5.  1. 20. 28.  7. 12. 15. 25.  3.  6. 14.  8. 22. 18. 26.  9.  0.  2. 13. 24.  4. 10. 21. 27. 17. 31. 16. 11. 30.] 
20:[ 1. 29. 23.  8.  4. 24.  0. 22.  3. 20. 19. 14.  5. 21. 27. 25. 15.  7. 12. 13. 10.  6. 31. 16. 32. 18. 26.  9.  2. 28. 17. 11. 30.] 
21:[ 1. 27. 21. 23.  4. 10. 24.  0. 32. 17. 28. 29. 12.  7. 11. 13. 19. 20. 14. 15.  6.  8. 22.  5. 25. 16.  3. 31. 18. 26.  9.  2. 30.] 
22:[28.  0.  4. 10. 24.  8. 17. 22.  1. 32. 29.  3. 19. 16. 31. 23.  5. 11. 30. 20.  7. 12. 13. 25. 15. 21. 27.  6. 14. 18. 26.  9.  2.] 
23:[32.  1.  8. 22.  3.  4. 24.  0. 23. 19. 13. 20.  5. 10. 28. 17. 16. 31.  6. 14. 25. 15.  7. 12. 18. 26.  9.  2. 27. 21. 29. 11. 30.] 
24:[29.  1.  4. 24.  0.  8. 22. 16. 31. 20. 23. 19.  3. 14.  6. 25. 15.  7. 12. 13. 11. 32. 30. 27. 21. 17. 28. 10.  5.  2. 18. 26.  9.] 
25:[ 7. 12. 22. 25. 15. 13. 31. 16.  5.  8. 20.  0.  6. 14.  4. 10. 19. 11.  2. 26. 18.  9. 32.  1. 29. 30. 23. 24.  3. 27. 21. 28. 17.] 
26:[ 5.  2. 18. 14.  6. 26.  9. 23.  3. 24.  0.  4.  8. 20.  7. 12. 13. 32. 15.  1. 25. 19. 17. 10. 22. 28. 27. 21. 29. 11. 31. 16. 30.] 
27:[27. 21. 28.  6. 14. 17. 29. 32. 24.  0. 22.  8. 19.  1.  3. 20.  4. 10. 23. 11. 16. 31. 30.  5. 13.  7. 15. 25. 12. 18. 26.  9.  2.] 
28:[28. 10. 17. 21. 27. 29.  1. 14.  3.  6.  8. 22.  0. 24.  4. 20. 23. 32. 19. 13.  5. 31. 16. 11. 30. 12.  7. 25. 15.  9. 18. 26.  2.] 
29:[17. 32.  1. 29. 30. 11.  3. 22. 16. 31.  8.  5. 24. 28.  0. 10.  4. 20. 23. 19. 27. 21. 13. 25. 15.  7. 12. 14.  6.  2. 18. 26.  9.] 
30:[16. 31. 32. 29. 11. 30. 13. 22.  0.  4. 24.  8. 20.  3.  1. 23. 19.  5. 28. 17. 10. 27. 21. 25. 15.  7. 12.  6. 14.  2. 18. 26.  9.] 
31:[31. 16. 30. 29. 11.  1. 32. 17. 13. 22.  0.  8.  4. 24. 19.  5. 20. 23.  3. 14.  7. 12. 25. 15. 10. 28. 21. 27.  6. 18. 26.  9.  2.] 
32:[27. 21. 28.  6. 14. 17. 29. 32. 24.  0. 22.  8. 19.  1.  3. 20.  4. 10. 23. 11. 16. 31. 30.  5. 13.  7. 15. 25. 12. 18. 26.  9.  2.] 
POSCARS
EA105   2.428  2.428  5.036 90.05 90.04 60.01 Sym.group:  164
1.0
   1.2154870000000000   -2.1018800000000000    0.0020810000000000
   2.4280529999999998    0.0019900000000000    0.0042800000000000
  -0.0133960000000000    0.0014390000000000    5.0355910000000002
C Li
2 2
direct
   0.0379250000000000    0.6681760000000000    0.9610740000000000 C
   0.7046490000000000    0.3349480000000000    0.0347930000000000 C
   0.7042840000000000    0.3343490000000000    0.6734100000000000 Li
   0.0382670000000000    0.6689450000000000    0.3224520000000000 Li
EA275   2.813  2.813  6.299 89.87 102.79 60.12 Sym.group:  166
1.0
   1.4122960000000000    2.4327350000000001    0.0061990000000000
  -1.4056450000000000    2.4363750000000000    0.0073130000000000
  -1.4058700000000000   -0.8123250000000000    6.0864279999999997
Be Cl
2 2
direct
   0.0196630000000000    0.5948790000000000    0.4055390000000000 Be
   0.5253679999999999    0.8440730000000000    0.6624949999999999 Be
   0.9806180000000000    0.1164900000000000    0.8455670000000000 Cl
   0.5644380000000000    0.3224570000000000    0.2224670000000000 Cl
EA97    4.276  2.469  2.469 119.97 73.24 106.76 Sym.group:  216
1.0
   4.2761579999999997    0.0215250000000000    0.0394400000000000
  -0.7002260000000000    1.2684359999999999   -1.9996860000000001
   0.6871410000000000    1.2016739999999999    2.0448279999999999
N B
2 2
direct
   0.6083840000000000    0.6889510000000000    0.8151490000000000 N
   0.1083840000000000    0.1885460000000000    0.3157960000000000 N
   0.9834430000000000    0.8135540000000000    0.6908970000000000 B
   0.4834420000000000    0.3139750000000000    0.1902190000000000 B
EA18    2.822  2.833  4.690 90.32 90.23 60.73 Sym.group:  164
1.0
   1.4439240000000000   -2.4244420000000000    0.0032630000000000
   2.8324150000000001    0.0742730000000000   -0.0098110000000000
  -0.0105710000000000    0.0217840000000000    4.6904250000000003
C P
2 2
direct
   0.9990000000000000    0.9942210000000000    0.3454370000000000 C
   0.9988210000000000    0.9991910000000001    0.6608760000000000 C
   0.3326470000000000    0.3291990000000000    0.1795880000000000 P
   0.6651750000000000    0.6642130000000001    0.8267250000000000 P
EA245   2.766  2.767  3.637 90.04 90.12 61.32 Sym.group:  164
1.0
   2.7660790000000000   -0.0258580000000000   -0.0020680000000000
   1.3504849999999999    2.4147609999999999   -0.0082960000000000
  -0.0049130000000000    0.0122750000000000    3.6371820000000001
B Be
2 2
direct
   0.0054240000000000    0.9968560000000000    0.3645330000000000 B
   0.6704410000000000    0.6611390000000000    0.1543400000000000 B
   0.0075860000000000    0.9983230000000000    0.8967300000000000 Be
   0.6683190000000000    0.6596810000000000    0.6221790000000000 Be
EA231   4.336  3.143  3.143 90.00 89.99 90.00 Sym.group:  119
1.0
   4.3364339999999997    0.0001780000000000   -0.0005190000000000
  -0.0000800000000000    3.1427200000000002    0.0032470000000000
   0.0009940000000000   -0.0031540000000000    3.1431719999999999
Be S
2 2
direct
   0.1191090000000000    0.0092710000000000    0.2522740000000000 Be
   0.6191480000000000    0.5094050000000000    0.7523470000000000 Be
   0.3691760000000000    0.5092680000000001    0.2524190000000000 S
   0.8691770000000000    0.0093890000000000    0.7523570000000001 S
EA307   2.968  2.968  4.637 90.00 90.00 60.00 Sym.group:  186
1.0
   2.9680460000000002    0.0000440000000000    0.0000690000000000
   1.4838750000000001    2.5703659999999999   -0.0000850000000000
  -0.0001050000000000    0.0002080000000000    4.6365189999999998
Al N
2 2
direct
   0.3404440000000000    0.3333520000000000    0.1944030000000000 Al
   0.6736060000000000    0.6667860000000000    0.6944030000000000 Al
   0.6737930000000000    0.6666800000000001    0.3048440000000000 N
   0.3402560000000000    0.3334590000000000    0.8048440000000000 N
EA21    3.181  3.224  3.224 119.21 119.52 60.48 Sym.group:  225
1.0
   3.1807430000000001    0.0060770000000000   -0.0043340000000000
   1.5832590000000000    2.8086280000000001    0.0022880000000000
  -1.5833900000000001   -0.9159920000000000    2.6552099999999998
P Si
1 1
direct
   0.9917700000000000    0.9975650000000000    0.0039190000000000 P
   0.4917320000000000    0.4975890000000000    0.5038930000000000 Si
EA162   2.786  5.246  2.786 89.97 60.01 89.97 Sym.group:  156
1.0
   2.7858489999999998    0.0005360000000000    0.0050360000000000
   0.0016580000000000    5.2455730000000003    0.0213140000000000
   1.3884850000000000   -0.0086630000000000    2.4157860000000002
Al B
2 2
direct
   0.6532000000000000    0.0453550000000000    0.6908510000000000 Al
   0.9858230000000000    0.4236990000000000    0.0255270000000000 Al
   0.9867130000000000    0.7988150000000001    0.0247820000000000 B
   0.3200040000000000    0.7423149999999999    0.3582820000000000 B
EA56    2.928  2.929  2.928 90.03 60.02 60.01 Sym.group:  216
1.0
   0.0455560000000000    1.6759340000000000    2.4007429999999998
  -1.4371959999999999    2.5516440000000000    0.0313810000000000
  -1.4453450000000001   -0.8452490000000000    2.4025780000000001
Al N
1 1
direct
   0.6233730000000000    0.5289710000000000    0.0214460000000000 Al
   0.1234450000000000    0.2789120000000000    0.2714300000000000 N
EA54    2.431  2.432  3.419 89.93 89.92 60.01 Sym.group:  164
1.0
   2.4311050000000001   -0.0018390000000000   -0.0004700000000000
   1.2170589999999999    2.1050010000000001   -0.0004580000000000
   0.0054850000000000    0.0025470000000000    3.4190719999999999
C H
2 2
direct
   0.3421560000000000    0.8341480000000000    0.8283880000000000 C
   0.6756470000000000    0.1676600000000000    0.6961030000000000 C
   0.6762980000000000    0.1681510000000000    0.3806000000000000 H
   0.3415220000000000    0.8336330000000000    0.1438910000000000 H
EA114   4.141  4.141  4.162 60.89 119.12 88.62 Sym.group:  141
1.0
   2.0541250000000000    3.5947680000000002    0.0624260000000000
  -2.0546489999999999    1.2305200000000001    3.3777879999999998
   0.0434070000000000   -2.4165770000000002    3.3888379999999998
Al Na
2 2
direct
   0.6281440000000000    0.2378450000000000    0.7580070000000000 Al
   0.3775850000000000    0.9872760000000000    0.2580290000000000 Al
   0.1281480000000000    0.7376060000000000    0.7579740000000000 Na
   0.8776800000000000    0.4874720000000000    0.2579760000000000 Na
EA9     2.754  2.763  3.898 89.91 90.24 90.00 Sym.group:  225
1.0
   2.7536130000000001    0.0003320000000000    0.0059160000000000
  -0.0002510000000000    2.7629459999999999   -0.0025380000000000
  -0.0248570000000000    0.0096260000000000    3.8976380000000002
H Na
2 2
direct
   0.3749810000000000    0.3733480000000000    0.1248950000000000 H
   0.8862890000000000    0.8732330000000000    0.6259860000000000 H
   0.8751960000000000    0.8737360000000000    0.1259200000000000 Na
   0.3859780000000000    0.3737420000000000    0.6251810000000000 Na
EA5     2.791  2.792  3.569 89.82 89.86 60.04 Sym.group:  187
1.0
   1.4297830000000000    2.3968550000000000   -0.0448400000000000
  -1.3630290000000000    2.4357240000000000   -0.0493280000000000
  -0.0070970000000000    0.0812810000000000    3.5685330000000000
O Li
2 2
direct
   0.3330630000000000    0.0810250000000000    0.5309900000000000 O
   0.3322780000000000    0.0798410000000000    0.9545490000000000 O
   0.9994960000000001    0.7465440000000000    0.7427790000000000 Li
   0.6655300000000000    0.4143290000000000    0.2427620000000000 Li
EA9     2.558  2.558  4.154 90.00 90.00 120.00 Sym.group:  186
1.0
   1.2797879999999999   -2.2145630000000001    0.0001290000000000
   1.2780560000000001    2.2155209999999999   -0.0019060000000000
   0.0026940000000000    0.0021730000000000    4.1543720000000004
O Be
2 2
direct
   0.3187550000000000    0.6586500000000000    0.1303500000000000 O
   0.6521370000000000    0.3252110000000000    0.6303460000000000 O
   0.6520600000000000    0.3252690000000000    0.0078250000000000 Be
   0.3187180000000000    0.6585320000000000    0.5077120000000001 Be
EA11    3.320  3.330  3.323 60.43 119.70 119.61 Sym.group:  225
1.0
   3.3203900000000002    0.0230500000000000   -0.0013930000000000
  -1.6563500000000000    1.6711760000000000    2.3568050000000000
  -1.6336679999999999   -1.6770050000000001    2.3577640000000000
Cl Na
1 1
direct
   0.4963550000000000    0.5034310000000000    0.4894050000000000 Cl
   0.9965030000000000    0.0034120000000000    0.9897200000000000 Na
EA10    2.564  5.886  2.618 90.00 90.00 90.00 Sym.group:  123
1.0
   2.5467900000000001    0.2942280000000000   -0.0141000000000000
  -0.6755030000000000    5.8468320000000000    0.0418430000000000
   0.0165320000000000   -0.0169070000000000    2.6176940000000002
Al Li
2 2
direct
   0.7493430000000000    0.1230640000000000    0.2620230000000000 Al
   0.7493700000000000    0.6230850000000000    0.2621960000000000 Al
   0.2494330000000000    0.3732320000000000    0.7621880000000000 Li
   0.2493380000000000    0.8728780000000000    0.7620720000000000 Li
EA128   2.434  2.435  3.699 70.87 109.14 119.97 Sym.group:  166
1.0
   2.4335160000000000    0.0063920000000000   -0.0327730000000000
  -1.2215300000000000    2.1059269999999999    0.0282300000000000
  -1.1679610000000000    0.6774920000000000    3.4434990000000001
C H
2 2
direct
   0.6287880000000000    0.1051270000000000    0.8125530000000000 C
   0.2516170000000000    0.4822160000000000    0.6810370000000000 C
   0.1471790000000000    0.5860860000000000    0.3666050000000000 H
   0.7332090000000000    0.0006370000000000    0.1269880000000000 H
EA157   2.927  2.927  5.064 106.78 73.22 119.98 Sym.group:  216
1.0
   2.9268130000000001   -0.0061000000000000    0.0118420000000000
  -1.4573590000000001    2.5381730000000000   -0.0117750000000000
   1.4405770000000000   -0.8361280000000000    4.7824660000000003
C Si
2 2
direct
   0.1811680000000000    0.8183610000000000    0.1865780000000000 C
   0.6810480000000000    0.3187240000000000    0.6865980000000000 C
   0.8062030000000000    0.1933240000000000    0.3113380000000000 Si
   0.3060940000000000    0.6936730000000000    0.8113290000000000 Si
EA197   2.847  2.845  5.780 75.79 75.77 60.12 Sym.group:  166
1.0
   2.8470230000000001    0.0280920000000000    0.0087170000000000
   1.3929590000000001    2.4807440000000001    0.0406380000000000
   1.3965620000000001    0.7523430000000000    5.5580829999999999
B S
2 2
direct
   0.9827570000000000    0.6458840000000000    0.2853540000000000 B
   0.0785050000000000    0.7424670000000000    0.9946940000000000 B
   0.7925930000000000    0.4566900000000000    0.8509330000000001 S
   0.2686690000000000    0.9316610000000000    0.4291140000000000 S
EA529   2.561  2.559  5.912 77.58 78.10 60.03 Sym.group:  160
1.0
   2.5607280000000001    0.0000380000000000   -0.0246500000000000
   1.2788020000000000    2.2168630000000000    0.0246440000000000
   1.2743110000000000    0.6686330000000000    5.7338550000000001
N P
2 2
direct
   0.9175040000000000    0.6682970000000000    0.0946340000000000 N
   0.4847860000000000    0.2216280000000000    0.4233240000000000 N
   0.2050600000000000    0.9493170000000000    0.2460650000000000 P
   0.3944400000000000    0.1169940000000000    0.7248840000000000 P
EA52    3.213  2.318  2.318 120.00 89.99 90.01 Sym.group:  191
1.0
   3.2133159999999998    0.0024550000000000   -0.0044090000000000
  -0.0041960000000000    1.1843830000000000   -1.9923780000000000
   0.0022070000000000    1.1333370000000000    2.0218630000000002
H Si
1 1
direct
   0.3412390000000000    0.2445300000000000    0.9988190000000000 H
   0.8412180000000000    0.2504320000000000    0.0009270000000000 Si
EA114   2.436  2.439  5.169 77.55 76.80 60.13 Sym.group:  160
1.0
   2.4355069999999999    0.0326110000000000    0.0116820000000000
   1.1858379999999999    2.1292949999999999    0.0868090000000000
   1.1506099999999999    0.4304810000000000    5.0213619999999999
C Li
2 2
direct
   0.5081329999999999    0.2797530000000000    0.7069520000000000 C
   0.1531480000000000    0.9274030000000000    0.7711570000000000 C
   0.3870170000000000    0.1686560000000000    0.0696140000000000 Li
   0.9309630000000000    0.7045960000000000    0.4353600000000000 Li
EA268   2.874  2.873  6.121 89.71 90.32 119.87 Sym.group:  164
1.0
   2.8744070000000002   -0.0061880000000000    0.0068930000000000
  -1.4253830000000001    2.4946869999999999   -0.0017290000000000
  -0.0491440000000000    0.0120510000000000    6.1205809999999996
Be Cl
2 2
direct
   0.9931480000000000    0.0035690000000000    0.1559510000000000 Be
   0.9977680000000000    0.0010590000000000    0.8496060000000000 Be
   0.3303930000000000    0.6685950000000001    0.6854789999999999 Cl
   0.6605470000000000    0.3360420000000000    0.3201440000000000 Cl
EA88    2.997  2.995  6.979 90.01 90.09 119.93 Sym.group:  164
1.0
   2.9968309999999998   -0.0235090000000000    0.0037260000000000
  -1.4738770000000001    2.6074269999999999    0.0030110000000000
  -0.0203500000000000   -0.0214480000000000    6.9790400000000004
Cl Mg
2 2
direct
   0.0072470000000000    0.9945030000000000    0.0901720000000000 Cl
   0.3412810000000000    0.6617450000000000    0.7858309999999999 Cl
   0.3416280000000000    0.6614900000000000    0.2944480000000000 Mg
   0.0067290000000000    0.9948920000000000    0.5815460000000000 Mg
EA161   4.663  3.307  3.307 90.00 90.00 90.00 Sym.group:  225
1.0
   4.6632980000000002   -0.0034580000000000    0.0014890000000000
   0.0022380000000000    3.3066650000000002   -0.0021100000000000
  -0.0009630000000000    0.0023220000000000    3.3070949999999999
Mg S
2 2
direct
   0.1267730000000000    0.7812550000000000    0.7745649999999999 Mg
   0.6280880000000000    0.2806070000000000    0.2750160000000000 Mg
   0.1280070000000000    0.2813220000000000    0.2745110000000000 S
   0.6270160000000000    0.7806980000000000    0.7749300000000000 S
EA147   2.996  2.999  5.178 73.37 73.35 60.38 Sym.group:  216
1.0
   1.4932460000000001   -2.5971039999999999    0.0180820000000000
   2.9985070000000000    0.0145310000000000    0.0061030000000000
   1.4761340000000001   -0.8287470000000000    4.8930449999999999
B P
2 2
direct
   0.9908850000000000    0.6463530000000000    0.3190910000000000 B
   0.4906340000000000    0.1463590000000000    0.8190930000000000 B
   0.3659650000000000    0.0219840000000000    0.1948480000000000 P
   0.8657210000000000    0.5219900000000000    0.6948470000000000 P
EA121   2.396  2.396  7.158 90.00 89.95 120.00 Sym.group:  191
1.0
   2.3963960000000002   -0.0031500000000000    0.0044340000000000
  -1.1953890000000000    2.0769579999999999    0.0003370000000000
  -0.0075610000000000   -0.0050310000000000    7.1579179999999996
F Si
2 2
direct
   0.2383830000000000    0.2455900000000000    0.2484410000000000 F
   0.2359420000000000    0.2482310000000000    0.7484380000000000 F
   0.2369940000000000    0.2440530000000000    0.9984350000000000 Si
   0.2372740000000000    0.2445330000000000    0.4984360000000000 Si
EA42    2.373  2.438  5.375 90.00 89.98 118.99 Sym.group:  164
1.0
   2.3728449999999999    0.0017580000000000    0.0018850000000000
  -1.1829810000000001    2.1316980000000001    0.0027840000000000
  -0.0026280000000000   -0.0089390000000000    5.3747319999999998
B F
2 2
direct
   0.3318400000000000    0.6786630000000000    0.4160780000000000 B
   0.6593900000000000    0.3319520000000000    0.2351630000000000 B
   0.3325880000000000    0.6808870000000000    0.6559490000000000 F
   0.6586720000000000    0.3293930000000000    0.9952190000000000 F
EA7     2.948  2.944  3.616 89.99 66.16 60.06 Sym.group:  166
1.0
   1.4841850000000001    2.5475240000000001    0.0100190000000000
  -1.4640850000000001    2.5535790000000000   -0.0250440000000000
   1.4244509999999999    0.8490500000000000    3.2129509999999999
B Li
2 2
direct
   0.8114250000000000    0.0247860000000000    0.4788280000000000 B
   0.4544910000000000    0.7026990000000000    0.5085790000000000 B
   0.3658470000000000    0.2473590000000000    0.1431600000000000 Li
   0.9000990000000000    0.4801040000000000    0.8442120000000000 Li
EA115   3.872  3.872  3.872 90.03 119.99 119.98 Sym.group:  227
1.0
   0.0885970000000000   -2.2011989999999999   -3.1837399999999998
   1.8915800000000000    3.3775230000000001    0.0702230000000000
   1.8911380000000000   -1.1273070000000001    3.1854429999999998
Al Li
2 2
direct
   0.6172470000000000    0.8650330000000001    0.1149040000000000 Al
   0.1173490000000000    0.6150020000000000    0.3650230000000000 Al
   0.6173140000000000    0.3650650000000000    0.6149790000000001 Li
   0.1173030000000000    0.1150330000000000    0.8650220000000000 Li
EA7     3.625  3.625  3.332 90.00 90.00 90.00 Sym.group:  123
1.0
   3.6252330000000001   -0.0011210000000000    0.0003220000000000
   0.0011950000000000    3.6252190000000000    0.0016460000000000
  -0.0002880000000000   -0.0015150000000000    3.3316040000000000
Mg Li
2 2
direct
   0.6201150000000000    0.6232880000000000    0.6368300000000000 Mg
   0.1202830000000000    0.1232430000000000    0.6365030000000000 Mg
   0.1199110000000000    0.6231380000000000    0.1366970000000000 Li
   0.6202810000000000    0.1232470000000000    0.1366900000000000 Li
EA149   3.816  3.816  3.815 119.47 119.30 60.57 Sym.group:  166
1.0
   3.8158040000000000    0.0208480000000000   -0.0326990000000000
   1.8569860000000000    3.3334999999999999    0.0002790000000000
  -1.8335300000000001   -1.1268659999999999    3.1495129999999998
F Si
2 2
direct
   0.0133080000000000    0.0040340000000000    0.9902650000000000 F
   0.7500190000000000    0.7423340000000000    0.2529320000000000 F
   0.5726640000000000    0.5633440000000000    0.4307920000000000 Si
   0.1905480000000000    0.1831800000000000    0.8124420000000000 Si
