NUMBER OF TEMPLATES 25
COMPOSITION A 3 B
pairs , SPACEGROUPS 
[Si Na] , 191 
[Al O] , 156 
[Si Al] , 160 
[F C] , 148 
[Be Cl] , 129 
[F P] , 148 
[Si H] , 166 
[Na S] , 194 
[Na O] , 176 
[Li Cl] , 160 
[Li O] , 164 
[Al C] , 162 
[P F] , 129 
[F C] , 162 
[C F] , 166 
[C N] , 160 
[Be B] , 160 
[B C] , 107 
[Be F] , 123 
[C S] , 166 
[Be Si] , 167 
[Cl C] , 148 
[Si S] , 229 
[P Na] , 191 
[Al Si] , 139 
RANKING VECTORS ENTHALPIES
0:[-392.78461306 -392.75681906 -392.62967754 -392.58569541 -392.56786478 -392.56022453 -392.53692012 -392.53672462 -392.49384368 -392.45785514 -392.45029871 -392.44369044 -392.44270723 -392.44015227 -392.34884453 -392.34679111 -392.30963743 -392.30463617 -392.27091199 -392.2202867 -392.0291639  -391.76681256 -391.63928733 -391.60602262 -391.46976089] 
1:[-156.73682597 -156.60534832 -156.36558    -156.2886376  -156.1283349 -156.12538841 -156.07669664 -156.07156859 -156.05066808 -156.03818311 -156.01620072 -155.97852491 -155.90523676 -155.87370228 -155.84068167 -155.78870607 -155.72202759 -155.66473705 -155.47761655 -155.36414437 -155.33173176 -155.20491839 -155.17844427 -154.72125191 -154.72102294] 
2:[-97.85376751 -97.84730531 -97.82888683 -97.82718542 -97.81848416 -97.79679648 -97.79677302 -97.77488879 -97.76754992 -97.7319471 -97.72024133 -97.70240557 -97.70189571 -97.69501141 -97.67800107 -97.67332641 -97.5847854  -97.55342624 -97.54591033 -97.50269613 -97.40932075 -97.35660258 -97.30511512 -96.79530994 -96.57475957] 
3:[-541.19276037 -541.17321951 -541.14571553 -540.86130062 -540.2381693 -540.11649413 -539.71900752 -539.67957628 -539.54885563 -539.34108529 -539.33449819 -539.23581568 -539.22519446 -539.09003514 -539.08260528 -539.06423353 -538.97527348 -538.90501395 -538.79901565 -538.79314524 -538.60213421 -538.37595381 -538.31197127 -538.300674   -538.29278694] 
4:[-393.32126511 -393.02953229 -393.01417819 -392.88235748 -392.71460444 -392.70181951 -392.58715642 -392.58632178 -392.58359086 -392.5666418 -392.42060596 -392.41636721 -392.41301014 -392.34339878 -392.34317807 -392.31533285 -392.31328447 -392.29017767 -392.28340107 -392.25022438 -392.24677018 -392.13126379 -392.04614829 -392.03458589 -391.97164819] 
5:[-547.3771863  -547.31641182 -547.2474644  -547.24171419 -547.00216124 -546.93635836 -546.84747884 -546.82239482 -546.70987337 -546.68439482 -546.57473319 -546.56030182 -546.48339849 -546.42256453 -546.35559544 -546.24847267 -546.14843685 -546.08419728 -545.82907312 -545.72673509 -545.66970534 -545.64416653 -545.61531584 -545.61488738 -545.49632811] 
6:[-86.91072182 -86.87859758 -86.66463354 -86.65930123 -86.65171625 -86.61074178 -86.60743037 -86.58059175 -86.56583842 -86.56174658 -86.55262153 -86.54450759 -86.53067289 -86.52275361 -86.4609116 -86.44519328 -86.41875354 -86.40624731 -86.36870318 -86.35619921 -86.35546641 -86.28956712 -85.92973758 -85.91609669 -85.90764399] 
7:[-1003.47273365 -1003.45960613 -1003.24812329 -1003.19235147 -1003.18604619 -1003.18573348 -1003.17405067 -1003.12402127 -1003.09152692 -1003.07600978 -1003.04610681 -1002.98571414 -1002.8584046  -1002.78636033 -1002.78095077 -1002.68347432 -1002.58956079 -1002.53257661 -1002.40824714 -1002.33743174 -1002.32284231 -1002.1265608  -1002.08250374 -1002.05755557 -1001.29665114] 
8:[-1041.38621913 -1041.32603217 -1041.1973445  -1041.08511822 -1041.08478137 -1041.07568656 -1041.07177519 -1041.07120521 -1041.03429076 -1041.02013713 -1041.00169906 -1040.92895622 -1040.91110611 -1040.89278086 -1040.88308584 -1040.69978193 -1040.65786446 -1040.42418418 -1040.3828668  -1040.20982852 -1040.14691026 -1039.9067949  -1039.88472203 -1039.60565047 -1039.00681817] 
9:[-255.66746238 -255.64619286 -255.55655395 -255.53635024 -255.51322072 -255.46925453 -255.45355218 -255.44356912 -255.39392813 -255.38935899 -255.31592662 -255.31588974 -255.29124043 -255.21616619 -255.17161808 -255.11921211 -255.06813406 -255.01666445 -255.00265459 -254.96935676 -254.93596323 -254.89788459 -254.83656194 -254.71372181 -254.4946299 ] 
10:[-257.7519944  -257.71687484 -257.64506667 -257.64371687 -257.57099134 -257.48228649 -257.41755496 -257.40337788 -257.39911766 -257.36618864 -257.34106455 -257.31496163 -257.25179152 -257.10260218 -256.87369514 -256.84202832 -256.6752193  -256.65187262 -256.59603244 -256.52210313 -256.52087326 -256.38502176 -256.20904284 -256.16526377 -255.93294463] 
11:[-84.57879383 -84.56038126 -84.47044216 -84.40027871 -84.39358808 -84.23960539 -84.23040464 -84.11997586 -84.07989139 -83.96696961 -83.9479597  -83.91962091 -83.917775   -83.8649159  -83.7763688 -83.74380974 -83.72166427 -83.59323558 -83.58572029 -83.49475698 -83.39273749 -83.36513289 -82.9345663  -82.90506222 -82.90286381] 
12:[-305.20733256 -305.0634526  -304.85595684 -304.85525435 -304.83921328 -304.79018742 -304.78771343 -304.78230834 -304.71157637 -304.70844582 -304.69650946 -304.68348552 -304.68251674 -304.670759   -304.66239018 -304.65279923 -304.62822458 -304.62645026 -304.59502731 -304.55809985 -304.4490615  -304.39299662 -304.21911505 -304.1869811  -303.98348795] 
13:[-541.19276037 -541.17321951 -541.14571553 -540.86130062 -540.2381693 -540.11649413 -539.71900752 -539.67957628 -539.54885563 -539.34108529 -539.33449819 -539.23581568 -539.22519446 -539.09003514 -539.08260528 -539.06423353 -538.97527348 -538.90501395 -538.79901565 -538.79314524 -538.60213421 -538.37595381 -538.31197127 -538.300674   -538.29278694] 
14:[-288.31814605 -288.23254309 -288.06174555 -287.42816397 -286.92043927 -286.89216567 -286.76573985 -286.64473708 -286.53282718 -286.49795589 -286.41874558 -286.00716811 -286.00317819 -285.85382189 -285.68647192 -285.64449986 -285.52311098 -285.50427065 -285.49108372 -285.31912865 -285.20429449 -285.197181   -285.13375856 -285.09170502 -284.55360902] 
15:[-191.1443956  -190.95050634 -190.82633843 -190.73729212 -190.57459119 -190.48714787 -190.48658918 -190.32387071 -189.83621984 -189.80372224 -189.69166259 -189.52125244 -189.48676369 -189.48211102 -189.18081183 -189.17112792 -189.16301878 -189.01122041 -188.89133698 -188.81058536 -188.73432706 -188.55224599 -188.41110965 -188.40670903 -187.18818711] 
16:[-302.45051633 -302.44175964 -302.42808574 -302.40825749 -302.40819065 -302.38102397 -302.35839558 -302.3442381  -302.31927855 -302.30707594 -302.2514507  -302.24984573 -302.244009   -302.19084941 -302.1338036 -302.11797593 -302.05760846 -302.00480403 -301.87512392 -301.85917091 -301.85828879 -301.81321334 -301.70459773 -301.28804429 -301.17167031] 
17:[-98.80846565 -98.71836558 -98.6136942  -98.54814762 -98.4683503 -98.42547589 -98.3666622  -98.33479084 -98.2646029  -98.15903832 -97.98372335 -97.96624034 -97.95306278 -97.92696238 -97.8953659 -97.88943538 -97.72494904 -97.7242428  -97.68369506 -97.38031303 -97.3776472  -97.37639356 -97.35442728 -97.34062472 -97.04052333] 
18:[-450.27833128 -450.15963934 -450.07977768 -449.99368992 -449.80294875 -449.7782514  -449.70345617 -449.69356219 -449.63544345 -449.57329667 -449.43467305 -449.41241822 -449.38081201 -449.37811472 -449.35571365 -449.30776702 -449.30528757 -449.12671946 -449.10321536 -448.95468754 -448.94941907 -448.9224853  -448.8691506  -448.75284194 -448.71764504] 
19:[-195.02877686 -194.50125302 -194.49344168 -194.43420199 -194.24246449 -194.23778896 -194.23711319 -194.21306735 -194.09573246 -193.9466712 -193.80865375 -193.61774924 -193.55173615 -193.39534838 -193.27144969 -193.24523128 -193.11699031 -193.0398457  -192.86356154 -192.86341964 -192.76242966 -192.52841457 -192.50872499 -191.92023015 -191.77836623] 
20:[-310.64377266 -310.51418536 -310.51137669 -310.49746669 -310.49474211 -310.49300721 -310.48368233 -310.47714521 -310.42615371 -310.42606107 -310.37620153 -310.36673223 -310.32497102 -310.32332295 -310.31857347 -310.29705453 -310.27878218 -310.26266468 -310.25700911 -310.25592014 -310.12424158 -309.96721922 -309.83948802 -309.80992769 -309.5204835 ] 
21:[-370.93252447 -370.9199591  -370.71853137 -370.40350641 -370.22035728 -370.19577647 -370.05913414 -369.84536708 -369.83436046 -369.82931426 -369.80613388 -369.74696062 -369.65104572 -369.64539902 -369.62613666 -369.60680692 -369.56436665 -369.5111601  -369.43935372 -369.31342623 -369.20508626 -369.10823465 -368.90212371 -368.89727346 -368.6256745 ] 
22:[-157.07032269 -157.01649884 -157.01624543 -156.96351243 -156.90302129 -156.89147254 -156.86356414 -156.85703245 -156.84604029 -156.83993931 -156.80456288 -156.80382817 -156.80243774 -156.78135789 -156.77666789 -156.77304044 -156.76938534 -156.75713963 -156.72361762 -156.70255811 -156.70122338 -156.66999109 -156.65566516 -156.52316548 -156.07772188] 
23:[-447.99165146 -447.95384147 -447.69469175 -447.69105395 -447.65258682 -447.65125191 -447.60658497 -447.6050917  -447.59697926 -447.57937322 -447.57121692 -447.52362859 -447.49477158 -447.48842351 -447.48672677 -447.47961856 -447.47646057 -447.46372663 -447.37525926 -447.24844213 -447.21593273 -447.20727184 -447.10699268 -446.8044902  -446.60737663] 
24:[-72.37145719 -71.84504253 -71.83516678 -71.82313211 -71.79331652 -71.78970479 -71.69902476 -71.6987805  -71.67289831 -71.66573763 -71.63975588 -71.63891549 -71.63280437 -71.63203756 -71.54741512 -71.49123905 -71.47218577 -71.434045   -71.42340924 -71.4019647 -71.3487428  -71.32528198 -71.25106357 -70.84656368 -70.15079238] 
RANKING VECTORS IDX
0:[ 0. 23.  4.  2.  7. 24. 12. 19.  8.  1.  5.  6. 16. 15. 21. 20. 13.  3. 18. 11. 10.  9. 22. 14. 17.] 
1:[ 1. 12.  9. 11. 14. 15. 13. 20.  3.  4.  5. 21. 18.  8. 19. 10. 17.  2.  6. 16. 24. 22.  7. 23.  0.] 
2:[ 2. 24.  7.  4.  8. 23.  0. 12. 14.  3. 20.  6. 16.  5. 21.  1. 11. 13. 19.  9. 18. 10. 22. 15. 17.] 
3:[21. 13.  3.  5.  2.  8.  4. 17. 11. 16. 15. 18. 10.  6. 20.  7. 19. 14.  9. 12.  1. 22. 23. 24.  0.] 
4:[ 4. 14. 12. 18.  1.  9.  5. 11.  8.  3. 15. 17. 10. 20.  2. 23.  0. 13. 21. 24.  7. 19. 22. 16.  6.] 
5:[13.  5.  3.  2.  4. 16.  9. 21. 10.  8. 11.  7.  6. 24. 20. 18. 15. 22. 12. 17. 19. 14. 23.  0.  1.] 
6:[ 9. 15. 19. 21.  8.  6. 13.  5. 11.  3.  1.  4. 12. 10. 16. 17. 24. 18. 20.  7.  2. 14.  0. 23. 22.] 
7:[ 7.  8.  2. 24.  6. 16.  5. 10. 20.  4.  9. 11. 15.  0. 23. 22. 21. 13. 12.  3.  1. 18. 19. 14. 17.] 
8:[ 8.  7. 10. 21.  5. 19.  4. 11. 15.  2. 16. 20. 24.  6. 14.  9. 22.  0. 23. 13.  3.  1. 17. 18. 12.] 
9:[ 4.  2. 21.  7.  9. 24. 10. 12.  8. 16.  3.  5. 11. 20. 14. 19.  1.  6.  0. 23. 17. 13. 22. 15. 18.] 
10:[ 8. 10.  9.  7. 14. 11.  2. 15. 21.  5. 16.  4. 20. 24. 12.  6. 22. 19. 17. 23.  0. 13.  3.  1. 18.] 
11:[11. 12. 10.  9. 16. 20.  4.  5. 15.  8. 14.  1. 13. 21.  3. 24. 19.  2. 17.  7.  6. 18. 22.  0. 23.] 
12:[12. 15.  0. 23. 18. 16.  3.  6. 24. 19.  9.  7.  8.  1. 13.  2.  5. 21.  4. 10. 14. 20. 11. 22. 17.] 
13:[21. 13.  3.  5.  2.  8.  4. 17. 11. 16. 15. 18. 10.  6. 20.  7. 19. 14.  9. 12.  1. 22. 23. 24.  0.] 
14:[19. 14. 10. 11.  3. 12.  5.  9. 15. 21.  1. 17. 20.  6. 23. 16.  8.  4.  7. 18. 22.  2. 13.  0. 24.] 
15:[15.  5.  9. 16. 10. 14. 19.  3. 21.  1.  6. 12. 11.  2.  0. 17. 23. 22.  4. 18. 20. 13.  7.  8. 24.] 
16:[16. 20.  2.  7.  8. 10. 24.  3. 19.  4.  5. 11. 12.  6. 14. 21.  1.  9. 18.  0. 23. 13. 15. 17. 22.] 
17:[17. 19. 14. 15.  3.  5.  9. 16.  8. 10. 11. 12. 21. 13.  1.  4. 18. 22.  2.  7. 23.  0.  6. 20. 24.] 
18:[18.  1. 12.  4.  9. 15. 11. 16. 19.  3. 13.  8.  5. 20. 14. 24. 21.  2. 17.  0. 23.  7.  6. 10. 22.] 
19:[14. 15.  9. 11. 19. 21.  5. 16.  3. 10.  1.  4. 20. 17.  2. 22. 12.  6.  8.  7. 18. 13. 23. 24.  0.] 
20:[12. 24.  2.  4.  7.  8.  5. 20. 19.  3.  6.  1.  0. 23. 14.  9. 18. 16. 11. 21. 10. 13. 15. 17. 22.] 
21:[21. 13.  3. 14.  5. 12. 11. 10. 18.  1.  2.  6.  9. 19. 15.  4. 17.  8.  7. 16. 20. 24. 22.  0. 23.] 
22:[14.  3.  5. 22. 13. 19. 16.  6.  1.  4. 10. 21. 18. 24.  7.  8.  2. 11.  9. 12. 20.  0. 23. 15. 17.] 
23:[ 0. 23. 21. 19. 14.  2.  7. 12.  4. 13. 20.  3.  8.  6. 16. 24.  5. 10.  1. 11.  9. 18. 22. 15. 17.] 
24:[19. 24.  2.  4.  8.  7. 12. 20.  1.  9.  6. 16.  3.  5. 21. 11. 10.  0. 23. 15. 14. 18. 13. 22. 17.] 
POSCARS
EA292   4.792  4.792  4.690 90.00 90.00 60.00 Sym.group:  191
1.0
   4.7919330000000002    0.0011640000000000   -0.0024310000000000
   2.3948969999999998    4.1505530000000004   -0.0012420000000000
   0.0021320000000000    0.0000750000000000    4.6895829999999998
Si Na
6 2
direct
   0.0004400000000000    0.5013780000000000    0.6862680000000000 Si
   0.5004700000000000    0.0010760000000000    0.6868430000000000 Si
   0.5007120000000000    0.5008140000000000    0.6881260000000000 Si
   0.5012130000000000    0.0008690000000000    0.1868420000000000 Si
   0.5007030000000000    0.5007370000000000    0.1881250000000000 Si
   0.0005630000000000    0.5014280000000000    0.1862670000000000 Si
   0.0010560000000000    0.0011960000000000    0.9371720000000000 Na
   0.0009610000000000    0.0011540000000000    0.4371810000000000 Na
EA361   2.590 14.228  2.590 89.99 119.98 89.99 Sym.group:  156
1.0
   2.5896300000000001   -0.0153580000000000   -0.0423460000000000
   0.0891870000000000   14.2272379999999998    0.1619790000000000
  -1.2577469999999999   -0.0176590000000000    2.2644880000000001
Al O
6 2
direct
   0.7435650000000000    0.0386380000000000    0.0262880000000000 Al
   0.7484120000000000    0.3397590000000000    0.0350380000000000 Al
   0.4103480000000000    0.5383380000000000    0.3649690000000000 Al
   0.4120740000000000    0.8880770000000000    0.3616390000000000 Al
   0.0804320000000000    0.1891330000000000    0.6984120000000000 Al
   0.0795070000000000    0.7370580000000000    0.6977620000000000 Al
   0.0768520000000000    0.6081530000000001    0.6982150000000000 O
   0.7440290000000001    0.4687400000000000    0.0318120000000000 O
EA41    3.627  3.629  3.629 99.11 80.97 80.98 Sym.group:  160
1.0
   3.6270259999999999    0.0014270000000000    0.0012190000000000
   0.5674890000000000    3.5843349999999998    0.0012870000000000
   0.5689570000000000   -0.6731830000000000    3.5207269999999999
Si Al
3 1
direct
   0.3711660000000000    0.1538180000000000    0.5700539999999999 Si
   0.8188900000000000    0.1577790000000000    0.0203730000000000 Si
   0.3703620000000000    0.7074470000000000    0.0167630000000000 Si
   0.8887870000000000    0.6420270000000000    0.5054900000000000 Al
EA251   4.123  4.120  4.126 72.33 72.07 107.65 Sym.group:  148
1.0
   4.1228980000000002    0.0184750000000000   -0.0250150000000000
  -1.2669349999999999    3.9199069999999998   -0.0313240000000000
   1.2831450000000000    1.7590380000000001    3.5041810000000000
F C
6 2
direct
   0.8869130000000000    0.0738220000000000    0.4183890000000000 F
   0.0747610000000000    0.7042720000000000    0.2349820000000000 F
   0.1652560000000000    0.5355650000000000    0.7581180000000000 F
   0.5344510000000000    0.3640480000000000    0.9563250000000000 F
   0.3642830000000000    0.1660900000000000    0.5863770000000000 F
   0.7053530000000000    0.8874020000000000    0.0481200000000000 F
   0.7894660000000000    0.7890900000000000    0.3331630000000000 C
   0.4542910000000000    0.4547000000000000    0.6674900000000000 C
EA219   2.852  2.982  7.726 90.02 89.83 89.99 Sym.group:  129
1.0
   2.8521420000000002    0.0016230000000000   -0.0367690000000000
  -0.0010410000000000    2.9821219999999999    0.0043180000000000
   0.1220830000000000   -0.0136820000000000    7.7250930000000002
Be Cl
6 2
direct
   0.8723040000000000    0.7484800000000000    0.1366030000000000 Be
   0.8737510000000001    0.2485270000000000    0.9417920000000000 Be
   0.8708350000000000    0.2484660000000000    0.3062960000000000 Be
   0.3708680000000000    0.7484740000000000    0.3103850000000000 Be
   0.3724110000000000    0.2485140000000000    0.1156390000000000 Be
   0.3736830000000000    0.7483900000000000    0.9460270000000000 Be
   0.8708830000000000    0.7456130000000000    0.7453030000000000 Cl
   0.3708740000000000    0.2448870000000000    0.5067150000000000 Cl
EA250   4.111  4.113  4.100 94.76 94.83 94.63 Sym.group:  148
1.0
   4.1110970000000000    0.0022630000000000   -0.0198340000000000
  -0.3344760000000000    4.0995119999999998   -0.0433880000000000
  -0.3254540000000000   -0.3246420000000000    4.0743809999999998
F P
6 2
direct
   0.5926410000000000    0.1641030000000000    0.2918080000000000 F
   0.4030230000000000    0.8392050000000000    0.7123280000000000 F
   0.2867760000000000    0.5947590000000000    0.1640870000000000 F
   0.7089500000000000    0.4087220000000000    0.8401100000000000 F
   0.8348540000000000    0.7116540000000000    0.4074860000000000 F
   0.1606750000000000    0.2915180000000000    0.5964050000000000 F
   0.2185440000000000    0.2212390000000000    0.2219280000000000 P
   0.7771740000000000    0.7821820000000000    0.7819650000000000 P
EA186   3.504  3.501  3.504 109.09 109.12 70.91 Sym.group:  166
1.0
   3.5032969999999999    0.0440030000000000   -0.0319580000000000
   1.1028420000000001    3.3221720000000001   -0.0318940000000000
  -1.1081960000000000   -0.8085170000000000    3.2239810000000002
Si H
3 1
direct
   0.2281920000000000    0.9756089999999999    0.7083220000000000 Si
   0.9345180000000000    0.6828610000000001    0.0007900000000000 Si
   0.6420480000000000    0.3901260000000000    0.2944580000000000 Si
   0.4274450000000000    0.1829280000000000    0.4937710000000000 H
EA27    4.043  5.260  5.279 119.85 90.41 89.95 Sym.group:  194
1.0
   4.0395599999999998   -0.0123550000000000    0.1760030000000000
   0.0205560000000000    5.2597849999999999   -0.0028710000000000
  -0.2449170000000000   -2.6241889999999999    4.5744420000000003
Na S
6 2
direct
   0.4547590000000000    0.0764390000000000    0.6536689999999999 Na
   0.4522920000000000    0.0768520000000000    0.1702420000000000 Na
   0.4525430000000000    0.5923520000000000    0.1706880000000000 Na
   0.9534840000000000    0.4213040000000000    0.8283560000000000 Na
   0.9534600000000000    0.9056600000000000    0.8278530000000000 Na
   0.9519190000000000    0.4214250000000000    0.3448330000000000 Na
   0.4528000000000000    0.5824240000000001    0.6661010000000001 S
   0.9533290000000000    0.9154380000000000    0.3322600000000000 S
EA10    5.183  5.181  3.339 90.00 90.00 60.60 Sym.group:  176
1.0
   5.1810440000000000    0.1465580000000000    0.0015340000000000
   2.4146570000000001    4.5836880000000004   -0.0019450000000000
  -0.0009210000000000    0.0018450000000000    3.3391280000000001
Na O
6 2
direct
   0.1099990000000000    0.7430430000000000    0.2488900000000000 Na
   0.0084090000000000    0.4756650000000000    0.7489700000000000 Na
   0.4758600000000000    0.6429760000000000    0.7490860000000000 Na
   0.7467190000000000    0.2745400000000000    0.2491110000000000 Na
   0.6459410000000000    0.0068380000000000    0.7491600000000000 Na
   0.2795080000000000    0.1076340000000000    0.2489400000000000 Na
   0.7098780000000000    0.7095900000000001    0.2491000000000000 O
   0.0455230000000000    0.0408160000000000    0.7489410000000000 O
EA172   2.988  2.994  9.528 98.94 90.39 118.82 Sym.group:  160
1.0
   2.9793430000000001   -0.2293830000000000   -0.0157910000000000
  -1.2378499999999999    2.7263480000000002    0.0031160000000000
  -0.1473770000000000   -1.7040360000000001    9.3730480000000007
Li Cl
6 2
direct
   0.4741630000000000    0.2503150000000000    0.1499850000000000 Li
   0.8792660000000000    0.0808770000000000    0.3839260000000000 Li
   0.1782560000000000    0.6744430000000000    0.2776130000000000 Li
   0.5830200000000000    0.4938540000000000    0.4997930000000000 Li
   0.9705310000000000    0.2370420000000000    0.6329210000000000 Li
   0.3842710000000000    0.0814710000000000    0.8892500000000000 Li
   0.6743500000000000    0.6559199999999999    0.7539630000000000 Cl
   0.0952890000000000    0.5085960000000000    0.0274240000000000 Cl
EA1     2.916  2.915  7.106 89.98 90.02 119.98 Sym.group:  164
1.0
   1.4623340000000000   -2.5226600000000001    0.0014090000000000
   1.4541970000000000    2.5268380000000001   -0.0016330000000000
   0.0004350000000000    0.0075920000000000    7.1064179999999997
Li O
6 2
direct
   0.6699640000000000    0.9604210000000000    0.1676180000000000 Li
   0.0035520000000000    0.6270070000000000    0.0086470000000000 Li
   0.3364680000000000    0.2936960000000000    0.8397130000000000 Li
   0.3359180000000000    0.2939730000000000    0.3415060000000000 Li
   0.6691660000000000    0.9605629999999999    0.6694080000000000 Li
   0.0022710000000000    0.6273800000000000    0.5005140000000000 Li
   0.6700790000000000    0.9603640000000000    0.9220110000000000 O
   0.3356900000000000    0.2939890000000000    0.5870980000000000 O
EA405   4.641  4.641  4.404 89.99 90.01 60.00 Sym.group:  162
1.0
   4.6413539999999998    0.0029850000000000   -0.0006960000000000
   2.3178679999999998    4.0211470000000000   -0.0004110000000000
  -0.0002600000000000    0.0015640000000000    4.4037080000000000
Al C
6 2
direct
   0.3252040000000000    0.6731239999999999    0.2364970000000000 Al
   0.9996640000000000    0.3246960000000000    0.2360260000000000 Al
   0.6736180000000001    0.9986400000000000    0.2360110000000000 Al
   0.3262590000000000    0.9981570000000000    0.7548660000000000 Al
   0.0001940000000000    0.6720750000000000    0.7548560000000000 Al
   0.6746880000000000    0.3236370000000000    0.7543380000000000 Al
   0.3332510000000000    0.3317300000000000    0.4954190000000000 C
   0.6665970000000000    0.6650779999999999    0.4954430000000000 C
EA30    3.144  3.142  8.398 90.00 90.02 90.00 Sym.group:  129
1.0
   3.1436099999999998    0.0003610000000000    0.0006840000000000
  -0.0003830000000000    3.1424930000000000   -0.0022080000000000
  -0.0049950000000000    0.0062330000000000    8.3981119999999994
P F
6 2
direct
   0.0025110000000000    0.2526560000000000    0.3849900000000000 P
   0.5026520000000000    0.7526240000000000    0.4036780000000000 P
   0.0007810000000000    0.2531300000000000    0.8513640000000000 P
   0.5008460000000000    0.7531409999999999    0.8700630000000000 P
   0.0016140000000000    0.2527730000000000    0.1281950000000000 P
   0.5017160000000001    0.7527390000000000    0.1268600000000000 P
   0.0011080000000000    0.2532120000000000    0.6590730000000000 F
   0.5012980000000000    0.7531430000000000    0.5959650000000000 F
EA148   3.885  3.884  4.314 90.45 90.06 60.01 Sym.group:  162
1.0
   1.9452229999999999    3.3634590000000002   -0.0000500000000000
  -1.9404729999999999    3.3649629999999999    0.0005690000000000
   0.0303290000000000   -0.0223600000000000    4.3140710000000002
F C
6 2
direct
   0.5550300000000000    0.1252570000000000    0.9223640000000000 F
   0.1961330000000000    0.8049910000000000    0.9203560000000000 F
   0.8752560000000000    0.4462250000000000    0.9249630000000000 F
   0.1967490000000000    0.1241840000000000    0.4533030000000000 F
   0.8765150000000000    0.8032400000000000    0.4504160000000000 F
   0.5556179999999999    0.4444690000000000    0.4553040000000000 F
   0.8761790000000000    0.1242330000000000    0.3575950000000000 C
   0.8756020000000000    0.1253180000000000    0.0179720000000000 C
EA421   2.441  2.441  9.044 97.49 97.70 60.05 Sym.group:  166
1.0
   2.4404210000000002    0.0263450000000000   -0.0126750000000000
   1.1958730000000000    2.1279390000000000   -0.0421010000000000
  -1.1598180000000000   -0.5240660000000000    8.9535909999999994
C F
6 2
direct
   0.0677500000000000    0.7396820000000000    0.6030700000000000 C
   0.2387960000000000    0.8964950000000000    0.1041810000000000 C
   0.4197060000000000    0.0903880000000000    0.6578920000000000 C
   0.8294400000000000    0.4935540000000000    0.8815600000000000 C
   0.4770630000000000    0.1426080000000000    0.8256920000000000 C
   0.8868200000000001    0.5457820000000000    0.0493590000000000 C
   0.2895180000000000    0.9448990000000000    0.2539940000000000 F
   0.0173660000000000    0.6913899999999999    0.4532580000000000 F
EA95    2.373  2.373  8.911 82.47 89.97 119.99 Sym.group:  160
1.0
   2.3725350000000001   -0.0336700000000000   -0.0071800000000000
  -1.1565369999999999    2.0716329999999998    0.0160510000000000
   0.0489850000000000    1.2963789999999999    8.8161459999999998
C N
6 2
direct
   0.5548920000000001    0.7312220000000000    0.4105940000000000 C
   0.6111420000000000    0.8435170000000000    0.2390030000000000 C
   0.7067110000000000    0.0331810000000000    0.9501900000000000 C
   0.2970490000000000    0.2150450000000000    0.1809280000000000 C
   0.3541080000000000    0.3281690000000000    0.0085820000000000 C
   0.7642800000000000    0.1480480000000000    0.7752320000000000 C
   0.8702280000000000    0.3620270000000000    0.4650060000000000 N
   0.4491640000000000    0.5177619999999999    0.7201100000000000 N
EA251   3.525  4.651  3.030 90.03 89.98 100.86 Sym.group:  160
1.0
   3.5222050000000000   -0.1509430000000000   -0.0044320000000000
  -0.6801199999999999    4.6005640000000003    0.0098840000000000
   0.0044280000000000   -0.0072790000000000    3.0296379999999998
Be B
6 2
direct
   0.2774630000000000    0.1126740000000000    0.9903520000000000 Be
   0.7774740000000000    0.6126730000000000    0.4903710000000000 Be
   0.6986550000000000    0.9030899999999999    0.9903490000000000 Be
   0.1986610000000000    0.4030940000000000    0.4903460000000000 Be
   0.1471910000000000    0.6788170000000000    0.9903570000000000 Be
   0.6471900000000000    0.1788140000000000    0.4903450000000000 Be
   0.8720010000000000    0.3174090000000000    0.9904130000000000 B
   0.3720140000000000    0.8174010000000000    0.4904200000000000 B
EA1     2.604  2.604  7.032 90.00 90.01 90.00 Sym.group:  107
1.0
   2.6037180000000002    0.0003170000000000    0.0032510000000000
  -0.0003130000000000    2.6037900000000000    0.0013080000000000
  -0.0094340000000000   -0.0037520000000000    7.0321819999999997
B C
6 2
direct
   0.0081670000000000    0.9979360000000000    0.0917870000000000 B
   0.5063290000000000    0.4984870000000000    0.5917780000000000 B
   0.0061400000000000    0.4983840000000000    0.7496570000000000 B
   0.5060970000000000    0.9985360000000000    0.7496570000000000 B
   0.5086490000000000    0.9980920000000000    0.2496560000000000 B
   0.0085640000000000    0.4979960000000000    0.2496610000000000 B
   0.0063290000000000    0.9983379999999999    0.8776430000000000 C
   0.5084320000000000    0.4981740000000000    0.3776530000000000 C
EA151   2.211  5.436  2.208 90.05 90.00 89.91 Sym.group:  123
1.0
   2.2109899999999998    0.0293350000000000    0.0011930000000000
  -0.0631640000000000    5.4352349999999996   -0.0332400000000000
  -0.0014330000000000    0.0114740000000000    2.2083810000000001
Be F
3 1
direct
   0.2408190000000000    0.3943120000000000    0.7488640000000000 Be
   0.7391400000000000    0.6228040000000000    0.2499610000000000 Be
   0.2372880000000000    0.8514980000000000    0.7509550000000000 Be
   0.2340590000000000    0.1228960000000000    0.7418140000000000 F
EA253   2.449  2.461 10.419 96.72 96.70 60.75 Sym.group:  166
1.0
   1.2800060000000000    2.0878540000000001    0.0093590000000000
  -1.2022320000000000    2.1473490000000002    0.0245600000000000
   0.0365320000000000   -1.4941640000000000   10.3115299999999994
C S
6 2
direct
   0.0697190000000000    0.3043280000000000    0.4846960000000000 C
   0.2155190000000000    0.4531080000000000    0.9182300000000000 C
   0.8660390000000000    0.1033890000000000    0.8713180000000000 C
   0.8174360000000001    0.0539610000000000    0.7252950000000000 C
   0.4679800000000000    0.7035160000000000    0.6776300000000000 C
   0.4192400000000000    0.6540540000000000    0.5316080000000000 C
   0.2722760000000000    0.5122130000000000    0.0902550000000000 S
   0.0122220000000000    0.2450630000000000    0.3126720000000000 S
EA107   3.921  3.916  3.942 91.52 88.12 89.70 Sym.group:  167
1.0
   3.9211309999999999    0.0096320000000000    0.0290110000000000
   0.0110440000000000    3.9160710000000001   -0.0256880000000000
   0.1000800000000000   -0.0790570000000000    3.9401850000000000
Be Si
6 2
direct
   0.0579140000000000    0.6891710000000000    0.4310540000000000 Be
   0.3114250000000000    0.4353290000000000    0.9532119999999999 Be
   0.5734570000000000    0.9488100000000000    0.6908540000000000 Be
   0.5494760000000000    0.9296690000000000    0.1909450000000000 Be
   0.0649000000000000    0.1891100000000000    0.4512660000000000 Be
   0.8114830000000000    0.4424430000000000    0.9281880000000000 Be
   0.5614180000000000    0.4392110000000000    0.4407580000000000 Si
   0.0614520000000000    0.9389420000000001    0.9410880000000000 Si
EA44    4.830  5.537  4.828 115.81 119.98 90.04 Sym.group:  148
1.0
   4.8291860000000000   -0.0601380000000000   -0.0206400000000000
   0.0264990000000000    3.8230400000000002   -4.0048360000000001
  -2.3807710000000002    1.1911360000000000    4.0273709999999996
Cl C
6 2
direct
   0.6646080000000000    0.3231730000000000    0.0836850000000000 Cl
   0.9985470000000000    0.3231320000000000    0.7401190000000000 Cl
   0.8334400000000000    0.8380190000000000    0.0861720000000000 Cl
   0.5107230000000000    0.8381200000000000    0.4201660000000000 Cl
   0.1768910000000000    0.8381630000000000    0.7638400000000000 Cl
   0.3419100000000000    0.3232780000000000    0.4177780000000000 Cl
   0.1400170000000000    0.7372800000000000    0.3562590000000000 C
   0.0353540000000000    0.4240060000000000    0.1476720000000000 C
EA83    3.974  3.974  3.974 109.47 70.53 70.53 Sym.group:  229
1.0
   1.3223830000000001    3.7479019999999998   -0.0005040000000000
  -1.3267840000000000    1.8723420000000000   -3.2447080000000001
  -1.3255159999999999    1.8727529999999999    3.2449590000000001
Si S
3 1
direct
   0.0021250000000000    0.4959550000000000    0.4931330000000000 Si
   0.5021080000000000    0.9959620000000000    0.4931560000000000 Si
   0.5021910000000001    0.4958970000000000    0.9931390000000000 Si
   0.0021730000000000    0.9958590000000000    0.9931750000000000 S
EA78    4.526  4.526  2.584 90.03 89.94 120.00 Sym.group:  191
1.0
   4.5262710000000004    0.0057160000000000    0.0080270000000000
  -2.2680570000000002    3.9170410000000002   -0.0050100000000000
  -0.0020650000000000    0.0003320000000000    2.5836489999999999
P Na
3 1
direct
   0.5022240000000000    0.9998580000000000    0.7494200000000000 P
   0.0021860000000000    0.4997720000000000    0.7515100000000000 P
   0.0022110000000000    0.9997400000000000    0.7494260000000000 P
   0.5021330000000001    0.4999180000000000    0.2511170000000000 Na
EA101   3.652  6.940  3.654 90.07 90.06 90.00 Sym.group:  139
1.0
   3.6517900000000001   -0.0027420000000000    0.0247750000000000
   0.0044030000000000    6.9401700000000002    0.0459820000000000
  -0.0284070000000000   -0.0285350000000000    3.6539320000000002
Al Si
6 2
direct
   0.7535770000000001    0.8758440000000000    0.0004310000000000 Al
   0.2539870000000000    0.3754450000000000    0.5007310000000000 Al
   0.7534120000000000    0.3750630000000000    0.0021270000000000 Al
   0.2539800000000000    0.8746699999999999    0.5024160000000000 Al
   0.2527320000000000    0.6251860000000000    0.0015760000000000 Al
   0.7547739999999999    0.1253090000000000    0.5012440000000000 Al
   0.2552240000000000    0.1252190000000000    0.0007900000000000 Si
   0.7522520000000000    0.6253080000000000    0.5020210000000001 Si
