NUMBER OF TEMPLATES 18
COMPOSITION A 3 B
pairs , SPACEGROUPS 
[B S] , 164 
[Al Na] , 123 
[B C] , 107 
[Na P] , 225 
[Si Li] , 191 
[Na H] , 164 
[Be Li] , 139 
[C S] , 166 
[F C] , 148 
[P F] , 129 
[F Al] , 127 
[B H] , 166 
[Li H] , 162 
[C Li] , 191 
[Na N] , 225 
[Al Si] , 123 
[Mg N] , 164 
[Al O] , 156 
RANKING VECTORS ENTHALPIES
0:[-132.22120407 -132.15112584 -131.90096079 -131.8946173  -131.80397783 -131.60828786 -131.60114297 -131.58706674 -131.55748153 -131.41642518 -131.32110627 -131.29627348 -130.92617857 -130.70167757 -130.64892897 -130.63868322 -130.63007819 -130.19020438] 
1:[-353.40585065 -353.39431329 -353.36722655 -353.34778103 -353.33283774 -353.3324823  -353.33129147 -353.32467791 -353.32241171 -353.31558256 -353.12611274 -353.06154319 -353.02244191 -353.02196791 -352.95691576 -352.73479446 -351.77094558 -350.41500045] 
2:[-98.80846565 -98.76999266 -98.71836558 -98.4683503  -98.25531692 -98.04564441 -97.96624034 -97.8953659  -97.79043564 -97.7904145 -97.39172609 -97.37640601 -97.25135709 -97.13615369 -97.04877601 -96.94932709 -96.72361397 -96.68703583] 
3:[-975.27403284 -975.27368029 -975.26637639 -975.26503847 -974.99917711 -974.9332493  -974.74593251 -974.73808639 -974.57197759 -974.43123246 -974.43053232 -974.33871314 -974.27095019 -974.20601149 -974.199367 -973.91068081 -972.99611242 -972.9571601 ] 
4:[-131.54189835 -131.51861484 -131.50058917 -131.49241316 -131.48556739 -131.38810114 -131.36170488 -131.35939191 -131.35307079 -131.25775489 -131.2261092  -131.15319932 -131.14897008 -131.1315468  -131.09256989 -130.89088394 -130.29127534 -129.94107251] 
5:[-932.19023174 -932.1474425  -932.14648832 -932.14635096 -932.09497941 -931.89035977 -931.88189859 -931.86082496 -931.85897439 -931.80617056 -931.73233918 -931.72339623 -931.72178478 -931.70975794 -931.66335334 -931.57895541 -931.54739272 -931.45324355] 
6:[-331.22125539 -331.2176933  -331.206953   -331.15088199 -331.14663606 -331.14653929 -331.14552758 -331.12440153 -331.11071761 -331.10825514 -331.05782012 -331.00061402 -330.92430684 -330.83430721 -330.60728424 -330.55794144 -330.07746    -328.90269695] 
7:[-195.15215144 -194.46374091 -194.37045802 -194.24246449 -194.09573246 -193.80865375 -193.39534838 -193.16714226 -193.11898365 -193.11699031 -193.03967961 -193.03967079 -192.33456888 -191.95729223 -191.95258642 -191.91647244 -191.88269501 -191.75572282] 
8:[-541.14571553 -540.20372992 -539.67957628 -539.46623457 -539.44373668 -539.43102437 -538.97527348 -538.79314524 -538.63959934 -538.60213421 -538.5780558  -538.48529831 -538.4419243  -538.44082537 -538.32057673 -538.2809054  -538.23877253 -538.00480528] 
9:[-305.20733256 -304.96170029 -304.85620043 -304.79702066 -304.78771343 -304.78652624 -304.7442443  -304.70844582 -304.68551774 -304.670759 -304.63256329 -304.61975796 -304.59087182 -304.5426617  -304.52316927 -304.15217866 -303.98348795 -302.88242427] 
10:[-517.53904649 -517.44662185 -517.38940797 -517.35760523 -517.20181491 -516.73080083 -516.68649752 -516.66063336 -516.61231978 -516.52751272 -516.4749225  -516.09212911 -515.22358928 -515.08743174 -514.90600839 -514.34473456 -514.29850338 -513.90190756] 
11:[-62.27945739 -61.90962396 -61.53880628 -61.46958278 -61.40025513 -61.30363801 -61.30290672 -61.223521   -61.21222691 -61.18576421 -61.16008227 -61.14412825 -61.12741283 -61.11936794 -61.11764972 -61.11216139 -61.04820869 -60.788458  ] 
12:[-148.41503135 -148.414627   -148.40096984 -148.39564531 -148.39371651 -148.35145303 -148.27729618 -148.26836864 -148.10459051 -148.07528748 -147.9574157  -147.9489671  -147.93825124 -147.71678352 -147.70948088 -147.70149303 -147.66101752 -147.62217214] 
13:[-169.76996461 -169.76161937 -169.58267321 -169.21534243 -168.86147083 -168.64189411 -168.33483336 -168.18866309 -168.10663397 -168.10375365 -167.98698966 -167.97364958 -167.81670043 -167.28588911 -167.25274527 -166.90219923 -166.901996   -166.24873626] 
14:[-999.17319733 -999.17193463 -999.17175616 -999.1711673  -998.93359677 -998.90476742 -998.84161575 -998.55669421 -998.52372613 -998.52189788 -998.51611771 -998.2619845  -997.79869495 -997.76999115 -997.68312171 -997.67236141 -997.58995178 -997.24569166] 
15:[-72.37145719 -71.84380784 -71.83542287 -71.82664462 -71.79768562 -71.78874894 -71.78840387 -71.69902476 -71.6837731  -71.67289831 -71.63280437 -71.58132637 -71.52590306 -71.47265271 -71.43483648 -70.99724179 -70.15079238 -69.39122038] 
16:[-1278.42269661 -1278.42265518 -1278.41759688 -1278.38769651 -1278.23135782 -1277.72292549 -1277.6848114  -1277.68021871 -1277.64089966 -1277.55566548 -1277.37491736 -1277.26257268 -1277.26136946 -1277.15249597 -1276.98321802 -1276.91074554 -1276.6154211  -1276.40513714] 
17:[-156.73682597 -156.60534832 -156.42149598 -156.40606027 -156.36693729 -156.25829174 -156.0588525  -156.05066808 -155.84068167 -155.72202759 -155.69841537 -155.51591438 -155.24294142 -155.23462404 -155.12776122 -155.12772302 -154.72106704 -154.32387734] 
RANKING VECTORS IDX
0:[11.  0. 17.  8.  7. 12.  2. 16.  5.  4.  9. 13.  1. 15.  6.  3. 14. 10.] 
1:[ 1.  5. 15.  0. 17.  6.  9. 16.  3. 14.  4. 11.  7.  8. 12. 13.  2. 10.] 
2:[ 2. 11.  7.  8.  0. 12.  9. 17. 16.  5. 10.  4. 13.  6.  1. 15. 14.  3.] 
3:[ 6.  2.  3. 14.  0. 15.  4. 13.  1. 16.  5.  8. 17.  7. 12.  9. 10. 11.] 
4:[15.  6.  0.  4.  1. 14.  9. 16.  5. 17.  3.  7. 13. 12. 11.  8.  2. 10.] 
5:[ 1. 16.  5.  9. 12. 17.  0.  8. 10. 15.  6.  2. 14.  7.  3. 13.  4. 11.] 
6:[ 6.  3. 14. 15. 16.  9.  5.  1. 17.  0.  8. 12. 11.  4. 13.  7.  2. 10.] 
7:[11. 13. 12.  7.  8. 17.  2.  0. 10.  9. 16.  5.  1. 14.  3.  6. 15.  4.] 
8:[ 8.  0.  2. 10. 12. 11.  7.  9.  5. 17. 16.  1.  3. 14. 15.  6.  4. 13.] 
9:[ 9. 13.  4.  3.  8. 14.  6.  7.  0. 17. 11.  1. 16. 15.  5. 12.  2. 10.] 
10:[12. 10.  8.  5. 16.  2.  3. 14.  0.  6. 15.  1. 13.  4.  9.  7. 17. 11.] 
11:[ 7. 11.  9.  8.  0. 16. 17.  6.  5. 12. 15. 14.  4.  2.  3. 13.  1. 10.] 
12:[16.  5. 12. 11.  9.  1. 10.  7. 17.  8.  0. 15.  2.  3. 14.  4.  6. 13.] 
13:[13. 12. 11.  8.  7. 17.  9.  4.  5. 16.  0.  2.  1. 15.  6.  3. 14. 10.] 
14:[ 6. 14.  2.  3.  0. 11. 15. 13.  5. 16. 12.  4. 10.  1.  7.  8. 17.  9.] 
15:[ 7.  1. 15.  6.  0. 16.  5.  9. 14. 17.  8.  3. 11. 12.  4. 13.  2. 10.] 
16:[16.  5.  9. 12.  1.  0.  6. 15.  8. 17.  2.  3. 14.  7. 10.  4. 13. 11.] 
17:[17.  9. 11.  5. 16. 12.  1.  8.  7.  2.  0. 15. 10.  6.  3. 14.  4. 13.] 
POSCARS
EA37    4.264  4.264  4.208 90.00 90.01 120.00 Sym.group:  164
1.0
   4.2638410000000002   -0.0001180000000000   -0.0004540000000000
  -2.1315990000000000    3.6926410000000001    0.0000530000000000
   0.0000810000000000    0.0002780000000000    4.2083029999999999
B S
6 2
direct
   0.1314800000000000    0.2601690000000000    0.1607050000000000 B
   0.7458590000000000    0.8756090000000000    0.1606640000000000 B
   0.1304490000000000    0.8744990000000000    0.1597110000000000 B
   0.8732080000000000    0.7472510000000000    0.8391130000000000 B
   0.2588290000000000    0.1318100000000000    0.8391550000000000 B
   0.8742340000000000    0.1329190000000000    0.8401110000000001 B
   0.6689410000000000    0.3370830000000000    0.6199970000000000 S
   0.3357490000000000    0.6703380000000000    0.3798190000000000 S
EA120   7.851  2.601  2.481 90.02 90.00 90.03 Sym.group:  123
1.0
   7.8504889999999996    0.0027390000000000    0.0516550000000000
  -0.0025020000000000    2.5997270000000001    0.0679150000000000
  -0.0162450000000000   -0.0656700000000000    2.4805400000000000
Al Na
3 1
direct
   0.1125450000000000    0.8364960000000000    0.0126570000000000 Al
   0.6469870000000000    0.8350800000000000    0.0129990000000000 Al
   0.8797870000000000    0.3358040000000000    0.5128730000000000 Al
   0.3796720000000000    0.3355470000000000    0.5130430000000000 Na
EA1     2.604  2.604  7.032 90.00 90.01 90.00 Sym.group:  107
1.0
   2.6037180000000002    0.0003170000000000    0.0032510000000000
  -0.0003130000000000    2.6037900000000000    0.0013080000000000
  -0.0094340000000000   -0.0037520000000000    7.0321819999999997
B C
6 2
direct
   0.0081670000000000    0.9979360000000000    0.0917870000000000 B
   0.5063290000000000    0.4984870000000000    0.5917780000000000 B
   0.0061400000000000    0.4983840000000000    0.7496570000000000 B
   0.5060970000000000    0.9985360000000000    0.7496570000000000 B
   0.5086490000000000    0.9980920000000000    0.2496560000000000 B
   0.0085640000000000    0.4979960000000000    0.2496610000000000 B
   0.0063290000000000    0.9983379999999999    0.8776430000000000 C
   0.5084320000000000    0.4981740000000000    0.3776530000000000 C
EA116   4.096  4.095  4.099 60.09 60.09 90.09 Sym.group:  225
1.0
   4.0959519999999996    0.0070610000000000   -0.0055870000000000
  -0.0135790000000000    4.0946309999999997    0.0019490000000000
   2.0443020000000001    2.0494849999999998    2.9018890000000002
Na P
3 1
direct
   0.7443610000000001    0.6901700000000000    0.0603990000000000 Na
   0.2448690000000000    0.1903020000000000    0.0600230000000000 Na
   0.4945900000000000    0.9402199999999999    0.5602090000000000 Na
   0.9946650000000000    0.4402530000000000    0.5601770000000000 P
EA107   4.643  4.643  4.599 90.04 89.99 60.00 Sym.group:  191
1.0
   2.3216230000000002    4.0206679999999997   -0.0014180000000000
  -2.3211919999999999    4.0209050000000000    0.0060600000000000
   0.0109400000000000   -0.0039540000000000    4.5993810000000002
Si Li
6 2
direct
   0.5024630000000000    0.4977590000000000    0.2502180000000000 Si
   0.5019000000000000    0.9971460000000000    0.7511510000000000 Si
   0.0024770000000000    0.4977390000000000    0.2500210000000000 Si
   0.5023300000000001    0.4969330000000000    0.7502180000000001 Si
   0.5025539999999999    0.9977360000000000    0.2511640000000000 Si
   0.0021060000000000    0.4971010000000000    0.7500240000000000 Si
   0.0020040000000000    0.9970880000000000    0.0005670000000000 Li
   0.0028110000000000    0.9967800000000000    0.5005520000000000 Li
EA43    2.670  2.639  6.865 90.33 89.74 119.52 Sym.group:  164
1.0
   1.4526889999999999   -2.2407970000000001    0.0049070000000000
   1.2194680000000000    2.3401369999999999    0.0040710000000000
  -0.0288820000000000   -0.0410790000000000    6.8647250000000000
Na H
3 1
direct
   0.6943530000000000    0.2231150000000000    0.1750140000000000 Na
   0.3755450000000000    0.5579390000000000    0.8223100000000000 Na
   0.0363030000000000    0.8894339999999999    0.4987130000000000 Na
   0.0347670000000000    0.8907020000000000    0.9986790000000000 H
EA18    3.248  3.248  3.339 61.02 61.03 89.82 Sym.group:  139
1.0
   3.2480790000000002    0.0045190000000000   -0.0058990000000000
   0.0058190000000000    3.2482050000000000   -0.0068860000000000
   1.6198720000000000    1.6200829999999999    2.4296650000000000
Be Li
3 1
direct
   0.9642360000000000    0.4716470000000000    0.0702960000000000 Be
   0.4635920000000000    0.9720680000000000    0.0704490000000000 Be
   0.7139160000000000    0.7218610000000000    0.5703680000000000 Be
   0.2139200000000000    0.2218540000000000    0.5703730000000000 Li
EA253   2.449  2.461 10.419 96.72 96.70 60.75 Sym.group:  166
1.0
   1.2800060000000000    2.0878540000000001    0.0093590000000000
  -1.2022320000000000    2.1473490000000002    0.0245600000000000
   0.0365320000000000   -1.4941640000000000   10.3115299999999994
C S
6 2
direct
   0.0697190000000000    0.3043280000000000    0.4846960000000000 C
   0.2155190000000000    0.4531080000000000    0.9182300000000000 C
   0.8660390000000000    0.1033890000000000    0.8713180000000000 C
   0.8174360000000001    0.0539610000000000    0.7252950000000000 C
   0.4679800000000000    0.7035160000000000    0.6776300000000000 C
   0.4192400000000000    0.6540540000000000    0.5316080000000000 C
   0.2722760000000000    0.5122130000000000    0.0902550000000000 S
   0.0122220000000000    0.2450630000000000    0.3126720000000000 S
EA251   4.123  4.120  4.126 72.33 72.07 107.65 Sym.group:  148
1.0
   4.1228980000000002    0.0184750000000000   -0.0250150000000000
  -1.2669349999999999    3.9199069999999998   -0.0313240000000000
   1.2831450000000000    1.7590380000000001    3.5041810000000000
F C
6 2
direct
   0.8869130000000000    0.0738220000000000    0.4183890000000000 F
   0.0747610000000000    0.7042720000000000    0.2349820000000000 F
   0.1652560000000000    0.5355650000000000    0.7581180000000000 F
   0.5344510000000000    0.3640480000000000    0.9563250000000000 F
   0.3642830000000000    0.1660900000000000    0.5863770000000000 F
   0.7053530000000000    0.8874020000000000    0.0481200000000000 F
   0.7894660000000000    0.7890900000000000    0.3331630000000000 C
   0.4542910000000000    0.4547000000000000    0.6674900000000000 C
EA30    3.144  3.142  8.398 90.00 90.02 90.00 Sym.group:  129
1.0
   3.1436099999999998    0.0003610000000000    0.0006840000000000
  -0.0003830000000000    3.1424930000000000   -0.0022080000000000
  -0.0049950000000000    0.0062330000000000    8.3981119999999994
P F
6 2
direct
   0.0025110000000000    0.2526560000000000    0.3849900000000000 P
   0.5026520000000000    0.7526240000000000    0.4036780000000000 P
   0.0007810000000000    0.2531300000000000    0.8513640000000000 P
   0.5008460000000000    0.7531409999999999    0.8700630000000000 P
   0.0016140000000000    0.2527730000000000    0.1281950000000000 P
   0.5017160000000001    0.7527390000000000    0.1268600000000000 P
   0.0011080000000000    0.2532120000000000    0.6590730000000000 F
   0.5012980000000000    0.7531430000000000    0.5959650000000000 F
EA256   4.576  4.577  3.359 89.97 89.98 90.01 Sym.group:  127
1.0
   4.5757550000000000    0.0019970000000000   -0.0189800000000000
  -0.0028800000000000    4.5768459999999997   -0.0229820000000000
   0.0152470000000000    0.0186430000000000    3.3589500000000001
F Al
6 2
direct
   0.6246180000000000    0.3804320000000000    0.4975920000000000 F
   0.1245840000000000    0.8804590000000000    0.4975960000000000 F
   0.4559110000000000    0.7117100000000000    0.9964680000000000 F
   0.7931970000000000    0.0490830000000000    0.9980450000000000 F
   0.9559280000000000    0.5489350000000000    0.9979970000000000 F
   0.2930570000000000    0.2117180000000000    0.9978270000000000 F
   0.1244920000000000    0.8802870000000000    0.9975990000000000 Al
   0.6244470000000000    0.3803370000000000    0.9975940000000000 Al
EA111   2.693  6.894  2.692 89.85 60.11 78.83 Sym.group:  166
1.0
   2.6925100000000000   -0.0017580000000000   -0.0028130000000000
   1.3401719999999999    6.7623980000000001   -0.0024410000000000
   1.3436260000000000   -0.2583390000000000    2.3177859999999999
B H
6 2
direct
   0.5899090000000000    0.6477900000000000    0.4933120000000000 B
   0.5339420000000000    0.2428000000000000    0.0149790000000000 B
   0.2713740000000000    0.1349750000000000    0.6470890000000000 B
   0.6866110000000000    0.0110360000000000    0.9412790000000000 B
   0.4372330000000000    0.8795490000000000    0.5669780000000000 B
   0.8524690000000000    0.7556110000000000    0.8611900000000000 B
   0.7060999999999999    0.4758850000000000    0.4312770000000000 H
   0.4145130000000000    0.4146950000000000    0.0765070000000000 H
EA33    3.961  3.961  3.868 89.97 89.62 60.01 Sym.group:  162
1.0
   3.9607239999999999    0.0001430000000000   -0.0028020000000000
   1.9795590000000001    3.4305530000000002   -0.0018280000000000
   0.0285870000000000   -0.0124190000000000    3.8680219999999998
Li H
6 2
direct
   0.3347190000000000    0.0052410000000000    0.2498340000000000 Li
   0.6604650000000000    0.3421820000000000    0.2491500000000000 Li
   0.9979330000000000    0.6679550000000000    0.2493650000000000 Li
   0.6641899999999999    0.0034180000000000    0.7540530000000000 Li
   0.3383000000000000    0.6665960000000000    0.7547170000000000 Li
   0.0008560000000000    0.3408890000000000    0.7545610000000000 Li
   0.6660020000000000    0.6712770000000000    0.0024830000000000 H
   0.3328290000000000    0.3374860000000000    0.0014690000000000 H
EA186   4.245  3.021  4.245 89.96 60.01 89.95 Sym.group:  191
1.0
   2.1235430000000002    0.0167520000000000   -3.6756419999999999
   0.0472770000000000    3.0201389999999999    0.0378630000000000
   4.2445349999999999   -0.0632660000000000    0.0010660000000000
C Li
6 2
direct
   0.3318190000000000    0.0048540000000000    0.6188260000000000 C
   0.3317940000000000    0.0048310000000000    0.2870890000000000 C
   0.0000340000000000    0.0047700000000000    0.2870630000000000 C
   0.6682450000000000    0.0047680000000000    0.6188540000000000 C
   0.0000070000000000    0.0048500000000000    0.9506380000000000 C
   0.6682700000000000    0.0048100000000000    0.9506110000000000 C
   0.6666960000000000    0.5048100000000000    0.2855350000000000 Li
   0.3333530000000000    0.5048190000000000    0.9521630000000000 Li
EA22    3.717  3.716  3.722 60.10 119.90 89.94 Sym.group:  225
1.0
   3.7168899999999998   -0.0019600000000000    0.0024240000000000
   0.0059910000000000    3.7157220000000000   -0.0021250000000000
  -1.8562719999999999    1.8596320000000000    2.6358690000000000
Na N
3 1
direct
   0.2515260000000000    0.2506690000000000    0.5003290000000000 Na
   0.7520360000000000    0.7506070000000000    0.5006850000000000 Na
   0.0016780000000000    0.0007130000000000    0.0001440000000000 Na
   0.5018600000000000    0.5006720000000000    0.0005370000000000 N
EA198   3.656  3.657  3.458 90.00 90.00 90.00 Sym.group:  123
1.0
   3.6553079999999998    0.0008300000000000   -0.0552610000000000
  -0.0007190000000000    3.6573180000000001    0.0090670000000000
   0.0522590000000000   -0.0086020000000000    3.4578419999999999
Al Si
3 1
direct
   0.3193290000000000    0.4019020000000000    0.8863200000000000 Al
   0.8192900000000000    0.4020560000000000    0.3863060000000000 Al
   0.3192610000000000    0.9019900000000000    0.3863200000000000 Al
   0.8193150000000000    0.9017750000000000    0.8863060000000000 Si
EA215   2.900  6.201  2.901 89.89 60.06 89.92 Sym.group:  164
1.0
   2.9000569999999999   -0.0011820000000000    0.0008240000000000
   0.0113450000000000    6.2013040000000004   -0.0053170000000000
   1.4471220000000000    0.0048800000000000    2.5139710000000002
Mg N
3 1
direct
   0.3270950000000000    0.8593220000000000    0.2148300000000000 Mg
   0.9945610000000000    0.5350670000000000    0.8830330000000000 Mg
   0.6567060000000000    0.1970950000000000    0.5532350000000000 Mg
   0.6609840000000000    0.6972100000000000    0.5488080000000000 N
EA361   2.590 14.228  2.590 89.99 119.98 89.99 Sym.group:  156
1.0
   2.5896300000000001   -0.0153580000000000   -0.0423460000000000
   0.0891870000000000   14.2272379999999998    0.1619790000000000
  -1.2577469999999999   -0.0176590000000000    2.2644880000000001
Al O
6 2
direct
   0.7435650000000000    0.0386380000000000    0.0262880000000000 Al
   0.7484120000000000    0.3397590000000000    0.0350380000000000 Al
   0.4103480000000000    0.5383380000000000    0.3649690000000000 Al
   0.4120740000000000    0.8880770000000000    0.3616390000000000 Al
   0.0804320000000000    0.1891330000000000    0.6984120000000000 Al
   0.0795070000000000    0.7370580000000000    0.6977620000000000 Al
   0.0768520000000000    0.6081530000000001    0.6982150000000000 O
   0.7440290000000001    0.4687400000000000    0.0318120000000000 O
