NUMBER OF TEMPLATES 16
COMPOSITION A 4 B
pairs , SPACEGROUPS 
[C F] , 166 
[Al H] , 221 
[H Al] , 143 
[Al N] , 164 
[Li N] , 166 
[Li H] , 156 
[Na S] , 194 
[Be Li] , 166 
[Cl Si] , 215 
[Na H] , 221 
[Li Si] , 166 
[Li Si] , 1166 
[C Na] , 191 
[Be S] , 156 
[C B] , 166 
[Li P] , 166 
RANKING VECTORS ENTHALPIES
0:[-263.08334259 -263.08181179 -262.77921221 -262.57058389 -262.36509832 -262.34986286 -262.32343141 -261.69216374 -261.51014432 -261.18101745 -260.99901784 -260.36969538 -259.35579965 -259.23122014 -257.51546645 -257.50512565] 
1:[-49.89439209 -49.88698798 -49.88135099 -49.8774577  -49.78560075 -49.70870455 -49.70462999 -49.67238127 -49.66519736 -49.66471917 -49.6477532  -49.62745335 -49.49039597 -49.41057441 -49.41056716 -48.30411595] 
2:[-23.45612149 -23.28682219 -23.22307723 -23.22202687 -23.20367843 -23.18661977 -23.13972689 -23.13399613 -23.06476072 -23.0133138 -22.99922834 -22.97302201 -22.86113602 -22.80341915 -22.78443328 -22.64726403] 
3:[-103.58730491 -103.49967135 -103.11154312 -103.02558894 -103.00574464 -102.93126193 -102.82906351 -102.82620079 -102.73418989 -102.71403657 -102.63932203 -102.50616013 -102.50615748 -102.39100936 -102.3827044 -101.30209902] 
4:[-211.02975457 -211.02975333 -211.01502959 -210.9684608  -210.87997005 -210.8579947  -210.85689586 -210.74811045 -210.60374636 -210.50447847 -210.41751437 -210.4170574  -210.38641454 -210.09300962 -209.75392264 -209.5799624 ] 
5:[-157.19938387 -157.195806   -157.18619761 -157.13651684 -157.13590959 -157.1341559  -157.13067478 -157.13015997 -157.11849975 -157.10788879 -157.08907496 -157.07979696 -156.99501421 -156.975928   -156.97294333 -156.44142569] 
6:[-1050.09944838 -1050.09944287 -1050.07465736 -1050.04846365 -1050.03704097 -1050.02791982 -1050.01578917 -1049.88408228 -1049.87190682 -1049.84667912 -1049.75964571 -1049.50466845 -1049.49912328 -1049.08542995 -1048.98732384 -1048.98495683] 
7:[-340.48712376 -340.48593818 -340.47674164 -340.4767162  -340.43028349 -340.41935654 -340.36979112 -340.07294058 -340.07292629 -340.02110477 -340.00218932 -339.76584726 -339.70360763 -339.27890837 -338.99614625 -338.99128626] 
8:[-375.49951737 -375.13432668 -375.01865745 -375.01600544 -374.93202908 -374.90218773 -374.8339707  -374.69718784 -374.67856138 -374.65800808 -374.65799975 -374.6144519  -374.52070957 -374.52070943 -374.40576348 -373.74086812] 
9:[-993.22309455 -993.21777782 -993.12316444 -993.1218471  -993.10639352 -993.07876329 -993.05709622 -993.05346488 -993.04866972 -993.04850882 -992.95369995 -992.90255623 -992.89691832 -992.88226062 -992.60271701 -992.25459924] 
10:[-176.71102541 -176.70770606 -176.70754763 -176.64796326 -176.64795877 -176.37015228 -176.32217156 -176.23776186 -176.22105076 -176.18614827 -175.95362608 -175.95330724 -175.75596205 -175.54601348 -175.30162345 -175.30087694] 
11:[-176.71102541 -176.70770606 -176.70754763 -176.64796326 -176.64795877 -176.37015228 -176.32217156 -176.23776186 -176.22105076 -176.18614827 -175.95362608 -175.95330724 -175.75596205 -175.54601348 -175.30162345 -175.30087694] 
12:[-377.10364681 -377.06843714 -377.03034241 -376.97338929 -376.94619947 -376.82418797 -376.79876984 -376.22906527 -375.46107034 -375.33312082 -374.85596914 -374.84803669 -374.34535987 -373.49881317 -371.15944968 -371.11729758] 
13:[-360.99812396 -360.95772833 -360.86483588 -360.79933619 -360.7809153 -360.64189185 -360.6384979  -360.54844032 -360.53997187 -360.45214526 -360.44892516 -360.41160174 -360.40139272 -360.14727332 -359.46979223 -359.45635738] 
14:[-145.06811474 -145.06264052 -144.78306064 -144.46854356 -144.3832353 -143.90708473 -143.90621589 -143.81336641 -143.50371604 -143.23348308 -143.23340995 -142.95729478 -142.95573773 -142.47910363 -141.54770367 -141.45164616] 
15:[-191.82282548 -191.82282103 -191.77986424 -191.77856656 -191.776555 -191.49764177 -191.26249477 -191.20297718 -191.02207099 -191.01942217 -190.80502256 -190.8049314  -190.58744613 -190.55283033 -190.55196398 -190.45996473] 
RANKING VECTORS IDX
0:[14.  0.  4.  5.  7.  3. 12. 13.  2. 15. 11. 10.  6.  8.  1.  9.] 
1:[ 5.  1.  9.  3.  8.  0. 14.  7.  4. 10.  2.  6. 13. 11. 15. 12.] 
2:[ 2.  7. 11. 10. 13. 14. 12.  5.  8.  0.  4. 15.  6.  3.  9.  1.] 
3:[ 3.  5.  1.  9.  2.  8.  4.  7.  6. 10. 13. 15. 11. 14.  0. 12.] 
4:[15. 11.  4. 13.  6.  7. 10.  5.  3. 12.  1.  9.  2.  8.  0. 14.] 
5:[ 3.  5. 14. 15.  4. 11.  1.  9. 10.  2. 13.  7.  0.  8.  6. 12.] 
6:[15. 11. 10.  7.  6.  4. 13.  0. 12. 14.  2.  3.  5.  8.  1.  9.] 
7:[ 7.  4. 11. 15. 10.  3.  5.  0. 14. 13.  6.  2. 12.  8.  9.  1.] 
8:[ 8.  2.  4.  7.  1. 10.  9.  6.  3. 11. 15.  5. 14.  0. 13. 12.] 
9:[ 5.  3.  1.  9.  7. 10.  4. 13.  6. 11.  0.  8. 15. 14. 12.  2.] 
10:[10.  7.  4. 11. 15.  2.  6.  5.  3. 12. 14.  0. 13.  8.  1.  9.] 
11:[10.  7.  4. 11. 15.  2.  6.  5.  3. 12. 14.  0. 13.  8.  1.  9.] 
12:[12.  3.  4.  5.  7. 14.  0. 13.  2. 10. 15. 11.  8.  6.  9.  1.] 
13:[ 0. 13.  4. 10.  7. 15. 11. 14.  3.  2.  8.  6.  5. 12.  9.  1.] 
14:[ 0. 14. 13.  4.  5.  3. 12.  2.  7. 15. 11.  8.  6. 10.  9.  1.] 
15:[15. 11.  7.  4. 10.  6. 12.  2.  3.  5.  0. 14. 13.  1.  9.  8.] 
POSCARS
EA289   2.440  2.440 11.021 83.86 96.17 119.90 Sym.group:  166
1.0
   2.4378970000000000   -0.0782720000000000   -0.0599920000000000
  -1.1468119999999999    2.1530640000000001    0.0534010000000000
  -0.8972070000000000    0.5868300000000000   10.9691930000000006
C F
8 2
direct
   0.4982820000000000    0.7396760000000000    0.1547390000000000 C
   0.8465480000000000    0.3916380000000000    0.1995140000000000 C
   0.2403610000000000    0.9990770000000000    0.3823490000000000 C
   0.8919250000000000    0.3472140000000000    0.3367700000000000 C
   0.6337170000000000    0.6070480000000000    0.5647980000000000 C
   0.2853090000000000    0.9551470000000000    0.5192160000000000 C
   0.6790410000000000    0.5627750000000000    0.7020510000000000 C
   0.0272390000000000    0.2148300000000000    0.7468330000000000 C
   0.4576300000000000    0.7802180000000000    0.0322550000000000 F
   0.0675780000000000    0.1748210000000000    0.8693120000000000 F
EA77    3.679  3.679  7.367 90.00 89.98 90.00 Sym.group:  221
1.0
   3.6789369999999999    0.0003520000000000    0.0033030000000000
  -0.0001770000000000    3.6790550000000000    0.0004980000000000
  -0.0043850000000000   -0.0005400000000000    7.3671069999999999
Al H
8 2
direct
   0.4736710000000000    0.1754160000000000    0.7065080000000000 Al
   0.4730530000000000    0.1750570000000000    0.2065090000000000 Al
   0.9736930000000000    0.6753830000000000    0.7065100000000000 Al
   0.9725000000000000    0.6752080000000000    0.2065090000000000 Al
   0.4733400000000000    0.6752510000000000    0.4565000000000000 Al
   0.4733160000000000    0.6753160000000000    0.9564990000000000 Al
   0.9733130000000000    0.1752450000000000    0.4565130000000000 Al
   0.9732890000000000    0.1753080000000000    0.9565080000000000 Al
   0.4707640000000000    0.6746020000000000    0.2064670000000000 H
   0.4733880000000000    0.6754100000000000    0.7064890000000000 H
EA128   4.638  4.639  2.366 90.00 90.05 60.03 Sym.group:  143
1.0
   2.3207559999999998   -4.0161860000000003   -0.0046290000000000
   4.6385269999999998    0.0045200000000000   -0.0001410000000000
   0.0000320000000000   -0.0004700000000000    2.3662749999999999
H Al
8 2
direct
   0.3232340000000000    0.8454690000000000    0.6416240000000000 H
   0.7963479999999999    0.1922470000000000    0.6419370000000000 H
   0.7363520000000000    0.5574490000000000    0.1297760000000000 H
   0.4244400000000000    0.4682300000000000    0.0555470000000000 H
   0.4182880000000000    0.4709540000000000    0.3703690000000000 H
   0.5081880000000000    0.0676050000000000    0.1297470000000000 H
   0.0183810000000000    0.7855220000000001    0.1303220000000000 H
   0.1423150000000000    0.3738920000000000    0.6419620000000000 H
   0.0878090000000000    0.1370420000000000    0.1388300000000000 Al
   0.7539190000000000    0.8037850000000000    0.6303040000000000 Al
EA101   8.381  4.656  2.635 90.01 89.98 89.52 Sym.group:  164
1.0
   8.3796529999999994    0.0423130000000000   -0.1146980000000000
   0.0154230000000000    4.6561349999999999   -0.0183730000000000
   0.0371330000000000    0.0096710000000000    2.6342770000000000
Al N
8 2
direct
   0.0269860000000000    0.4105420000000000    0.4526660000000000 Al
   0.7860600000000000    0.0795450000000000    0.4526520000000000 Al
   0.5120050000000000    0.4155050000000000    0.4536530000000000 Al
   0.7860390000000000    0.5795400000000001    0.9526400000000000 Al
   0.2710730000000000    0.0845140000000000    0.4536090000000000 Al
   0.0269820000000000    0.9105100000000000    0.9526230000000000 Al
   0.5120060000000000    0.9155170000000000    0.9536360000000000 Al
   0.2710850000000000    0.5845180000000000    0.9536600000000000 Al
   0.6490250000000000    0.7475309999999999    0.4531330000000000 N
   0.6490290000000000    0.2475250000000000    0.9531510000000000 N
EA116   7.803  3.134  3.136 119.95 78.47 101.55 Sym.group:  166
1.0
   7.8028370000000002    0.0117160000000000    0.0005320000000000
  -0.6319360000000001    3.0696260000000000   -0.0014660000000000
   0.6289430000000000   -1.4679789999999999    2.6991700000000001
Li N
8 2
direct
   0.8703860000000000    0.9589450000000000    0.0510620000000000 Li
   0.5056530000000000    0.5038340000000000    0.5049560000000000 Li
   0.0233090000000000    0.3422960000000000    0.6626270000000000 Li
   0.1408010000000000    0.7146709999999999    0.2891890000000000 Li
   0.6363560000000000    0.2144710000000000    0.7963720000000000 Li
   0.3880550000000000    0.7973010000000000    0.2087070000000000 Li
   0.2574330000000000    0.0867510000000000    0.9172270000000000 Li
   0.7528930000000000    0.5865480000000000    0.4244750000000000 Li
   0.2630260000000000    0.4218280000000000    0.5819670000000000 N
   0.6306710000000000    0.8793650000000000    0.1316600000000000 N
EA315   2.277  2.281  7.737 90.10 89.94 60.18 Sym.group:  156
1.0
   1.1708209999999999    1.9531010000000000    0.0048610000000000
  -1.1141479999999999    1.9903240000000000   -0.0134140000000000
  -0.0409490000000000    0.0143760000000000    7.7372899999999998
Li H
4 1
direct
   0.2574130000000000    0.0662880000000000    0.1285490000000000 Li
   0.9279830000000000    0.7324680000000000    0.3789400000000000 Li
   0.2589790000000000    0.0968620000000000    0.6272030000000000 Li
   0.5944970000000001    0.3954300000000000    0.8780620000000000 Li
   0.9255030000000000    0.7313480000000000    0.0034470000000000 H
EA71    3.970  3.971  9.561 90.00 90.00 119.96 Sym.group:  194
1.0
   1.9943759999999999   -3.4326690000000002   -0.0003750000000000
   1.9785960000000000    3.4425500000000002    0.0022820000000000
  -0.0051830000000000   -0.0038500000000000    9.5610130000000009
Na S
8 2
direct
   0.0020310000000000    0.5022260000000000    0.9518770000000000 Na
   0.6678990000000000    0.8346200000000000    0.0617330000000000 Na
   0.3345980000000000    0.1662890000000000    0.5616449999999999 Na
   0.0004970000000000    0.5000850000000000    0.4518880000000000 Na
   0.3340460000000000    0.1664980000000000    0.1987680000000000 Na
   0.6685960000000000    0.8335450000000000    0.7059730000000000 Na
   0.6670520000000000    0.8331250000000000    0.3423010000000000 Na
   0.3355870000000000    0.1676700000000000    0.8421310000000000 Na
   0.0006600000000000    0.5000660000000000    0.2023890000000000 S
   0.0020000000000000    0.5000640000000000    0.7012850000000000 S
EA73    3.266  3.283  3.839 65.50 114.02 118.88 Sym.group:  166
1.0
   3.2655820000000002    0.0040430000000000   -0.0077950000000000
  -1.5895319999999999    2.8725480000000001   -0.0271330000000000
  -1.5555619999999999    0.9906330000000000    3.3665010000000000
Be Li
4 1
direct
   0.5971370000000000    0.1978840000000000    0.4005350000000000 Be
   0.7906360000000000    0.0036600000000000    0.9823520000000000 Be
   0.3941470000000000    0.4010830000000000    0.7914500000000000 Be
   0.9936430000000001    0.8005540000000000    0.5913450000000000 Be
   0.1938470000000000    0.6007620000000000    0.1913810000000000 Li
EA36    4.160  4.156  4.158 90.00 89.98 89.99 Sym.group:  215
1.0
   4.1597350000000004   -0.0031990000000000    0.0017860000000000
   0.0042630000000000    4.1564569999999996   -0.0004640000000000
  -0.0005550000000000    0.0002020000000000    4.1575920000000002
Cl Si
4 1
direct
   0.7635350000000000    0.7707190000000000    0.7675320000000000 Cl
   0.2269030000000000    0.2341380000000000    0.7669840000000000 Cl
   0.7640190000000000    0.2338390000000000    0.2308110000000000 Cl
   0.2273210000000000    0.7705600000000000    0.2300640000000000 Cl
   0.4954750000000000    0.5025300000000000    0.4988480000000000 Si
EA78    3.836  3.835  3.832 89.84 89.77 89.39 Sym.group:  221
1.0
   3.8355969999999999   -0.0107230000000000   -0.0183210000000000
   0.0512210000000000    3.8342470000000000   -0.0144550000000000
   0.0335100000000000    0.0248960000000000    3.8319700000000001
Na H
4 1
direct
   0.0017320000000000    0.4983190000000000    0.4981070000000000 Na
   0.4997510000000000    0.5006310000000000    0.9992010000000000 Na
   0.5008720000000000    0.9972220000000001    0.5001210000000000 Na
   0.9991430000000000    0.0008360000000000    0.9995900000000000 Na
   0.5023180000000000    0.4964970000000000    0.4997180000000000 H
EA280   3.696  4.125  3.700 64.55 60.05 63.83 Sym.group:  166
1.0
   2.0223640000000001    1.1047849999999999   -2.8898980000000001
   1.6554810000000000    3.7683689999999999    0.2725880000000000
   3.6894670000000001    0.1010250000000000    0.2583090000000000
Li Si
4 1
direct
   0.7935110000000000    0.2103610000000000    0.4002560000000000 Li
   0.4126120000000000    0.3524150000000000    0.0169440000000000 Li
   0.6025880000000000    0.7838740000000000    0.2017330000000000 Li
   0.9829310000000000    0.6421700000000000    0.5852140000000000 Li
   0.1980670000000000    0.9971250000000000    0.8008280000000000 Si
EA220   3.635  3.656  7.720 76.71 103.55 119.81 Sym.group:  166
1.0
   1.8299040000000000    3.1405430000000001    0.0193060000000000
  -3.6544279999999998    0.0268370000000000   -0.0914140000000000
  -1.9674620000000000   -0.9926750000000000    7.3989190000000002
Li Si
8 2
direct
   0.3816910000000000    0.1758520000000000    0.2838100000000000 Li
   0.6850760000000000    0.8754160000000000    0.1899930000000000 Li
   0.9886160000000001    0.5750900000000000    0.0961470000000000 Li
   0.1851070000000000    0.3755390000000000    0.6900170000000000 Li
   0.5833290000000000    0.9750960000000000    0.8845450000000000 Li
   0.4786300000000000    0.0828720000000000    0.5713780000000001 Li
   0.8916470000000000    0.6681220000000000    0.8085290000000001 Li
   0.7870770000000000    0.7757830000000000    0.4954130000000000 Li
   0.0864850000000000    0.4723220000000000    0.3972690000000000 Si
   0.2839350000000000    0.2785660000000000    0.9827300000000000 Si
EA203   2.462  6.293  2.462 90.08 60.00 90.13 Sym.group:  191
1.0
   2.4617279999999999   -0.0036910000000000    0.0007240000000000
  -0.0043360000000000    6.2925519999999997    0.0061490000000000
   1.2301489999999999   -0.0046600000000000    2.1323859999999999
C Na
4 1
direct
   0.6616400000000000    0.4983250000000000    0.4828040000000000 C
   0.3307430000000000    0.1033020000000000    0.1509050000000000 C
   0.3283090000000000    0.4983710000000000    0.1494810000000000 C
   0.6640750000000000    0.1033480000000000    0.4842280000000000 C
   0.9965070000000000    0.8009390000000000    0.8166790000000000 Na
EA288   3.130  3.120  9.687 90.05 89.61 119.78 Sym.group:  156
1.0
   3.1290030000000000   -0.0853560000000000   -0.0406910000000000
  -1.4752639999999999    2.7486679999999999   -0.0061660000000000
   0.1946040000000000    0.1163590000000000    9.6841650000000001
Be S
8 2
direct
   0.2693460000000000    0.3289540000000000    0.3379200000000000 Be
   0.6023730000000000    0.9950700000000000    0.4142130000000000 Be
   0.9349950000000000    0.6611390000000000    0.4691700000000000 Be
   0.6018050000000000    0.9933670000000000    0.6087780000000000 Be
   0.9351790000000000    0.6596780000000000    0.6834530000000000 Be
   0.2676420000000000    0.3271000000000000    0.5427280000000000 Be
   0.5995090000000000    0.9921730000000000    0.8100579999999999 Be
   0.9372060000000000    0.6738570000000000    0.0881300000000000 Be
   0.2706660000000000    0.3400400000000000    0.1451440000000000 S
   0.9325990000000000    0.6582740000000000    0.8889540000000000 S
EA195   2.439  2.437 10.599 83.41 89.96 60.03 Sym.group:  166
1.0
   1.2448040000000000    2.0973139999999999    0.0291790000000000
  -1.1940550000000001    2.1238830000000002    0.0078490000000000
  -1.2928839999999999    0.6307640000000000   10.5008339999999993
C B
8 2
direct
   0.6468980000000000    0.7273610000000000    0.2713800000000000 C
   0.5989880000000000    0.8228410000000000    0.1283030000000000 C
   0.0426850000000000    0.9345050000000000    0.4613130000000000 C
   0.9955540000000001    0.0295900000000000    0.3182820000000000 C
   0.3913400000000000    0.2367340000000000    0.5082150000000000 C
   0.4392860000000000    0.1412080000000000    0.6512980000000000 C
   0.7879590000000000    0.4432800000000000    0.6984629999999999 C
   0.2503190000000000    0.5207600000000000    0.0811400000000000 C
   0.8414340000000000    0.3437010000000000    0.8440610000000000 B
   0.1969050000000000    0.6202700000000000    0.9355460000000000 B
EA167   7.698  3.569  3.569 60.04 76.69 90.15 Sym.group:  166
1.0
   6.8933340000000003   -1.7134700000000000    2.9682520000000001
  -0.8469590000000000    1.7844690000000001    2.9724499999999998
  -0.8100070000000000   -1.7864500000000001    2.9810819999999998
Li P
8 2
direct
   0.6318150000000000    0.1244380000000000    0.1214200000000000 Li
   0.3078160000000000    0.0179210000000000    0.3343850000000000 Li
   0.0349670000000000    0.9267720000000000    0.5165090000000000 Li
   0.4430200000000000    0.7289390000000000    0.9122740000000000 Li
   0.2541910000000000    0.3335170000000000    0.7030740000000000 Li
   0.5783990000000000    0.4400610000000000    0.4900330000000000 Li
   0.8511170000000000    0.5312270000000000    0.3078840000000000 Li
   0.9430750000000000    0.2289780000000000    0.9122010000000000 Li
   0.7400200000000000    0.8275060000000000    0.7157820000000000 P
   0.1460420000000000    0.6304760000000000    0.1086660000000000 P
