NUMBER OF TEMPLATES 26
COMPOSITION A 2 B
pairs , SPACEGROUPS 
[B Mg] , 191 
[P F] , 139 
[B O] , 189 
[P Mg] , 115 
[H Mg] , 129 
[C S] , 166 
[S Mg] , 140 
[Li O] , 225 
[H O] , 102 
[N B] , 160 
[Si Be] , 225 
[Be N] , 187 
[Li Mg] , 139 
[Na O] , 139 
[H Be] , 164 
[P Cl] , 164 
[Na P] , 191 
[Mg H] , 164 
[P Na] , 139 
[Na N] , 191 
[Be Al] , 227 
[C F] , 164 
[Mg O] , 129 
[N S] , 129 
[P S] , 164 
[Li P] , 139 
RANKING VECTORS ENTHALPIES
0:[-589.33775312 -589.33656481 -589.33509276 -589.3344647  -589.27643106 -589.24697587 -588.9574144  -588.75322153 -588.68851625 -588.62176091 -588.30845562 -588.21915432 -588.2189712  -588.20863933 -588.15424609 -588.13382623 -588.08921375 -587.99652549 -587.98322591 -587.92272571 -587.84208577 -587.02507345 -586.99804283 -586.99282624 -586.62912889 -584.69838392] 
1:[-345.57860767 -345.55898267 -345.55705102 -345.51580455 -345.484845 -345.29553522 -345.28362182 -344.97947203 -344.97551326 -344.97314112 -344.971965   -344.95109218 -344.92570307 -344.92560653 -344.92461534 -344.84476058 -344.8350145  -344.81476584 -344.69755882 -344.62189069 -344.44777112 -344.40723874 -344.0910904  -344.0836163  -344.00268544 -342.7154955 ] 
2:[-201.35775697 -201.03385884 -200.82039381 -200.61912364 -200.41544362 -200.15234115 -200.15112187 -200.14882414 -200.12974849 -200.12858387 -200.12090771 -199.94758454 -199.85689664 -199.61434095 -199.41398011 -199.4139767  -199.4110391  -199.41093793 -199.40199622 -199.32779981 -199.1020961  -199.07755092 -199.07612994 -198.81575732 -197.77601539 -197.74063934] 
3:[-659.94716264 -659.94460229 -659.94373748 -659.9394964  -659.85115004 -659.84103106 -659.83805417 -659.72521102 -659.72426494 -659.72001575 -659.71334173 -659.66421749 -659.62302502 -659.61860104 -659.60240364 -659.57345511 -659.57280339 -659.16906368 -659.16401747 -659.16117253 -658.96431377 -658.96409686 -658.95528956 -658.77521615 -658.6412102 -657.24580635] 
4:[-547.07402852 -546.97636646 -546.96770411 -546.95407552 -546.89223952 -546.86113878 -546.86048307 -546.85119288 -546.82874017 -546.76434582 -546.76046054 -546.75419275 -546.75017761 -546.74438205 -546.74400282 -546.73489454 -546.72486059 -546.72082244 -546.631269   -546.62377954 -546.62115849 -546.4859655  -546.31255998 -546.225256   -545.95640006 -545.54946283] 
5:[-206.20448895 -206.0884144  -205.92172532 -205.88028854 -205.87321284 -205.87128944 -205.05074657 -204.95102417 -204.95066172 -204.9484396 -204.70073354 -204.65013085 -204.61894436 -204.61802454 -204.61781207 -204.6004022  -204.52063386 -204.39224493 -204.36090473 -204.24462926 -204.13794688 -203.90227799 -203.60798877 -203.5703156  -203.51160874 -202.9570645 ] 
6:[-734.93418255 -734.69519138 -734.6056444  -734.6053462  -734.60440062 -734.60264809 -734.59992718 -734.50665519 -734.48249974 -734.25193347 -734.23157104 -734.22955154 -734.22455699 -734.14884116 -734.14440971 -734.13341001 -734.09911722 -734.0937462  -733.97174625 -733.90983064 -733.6319449  -733.62673094 -733.59534801 -733.31883025 -733.21448751 -732.84489232] 
7:[-279.57494811 -279.57439804 -279.57028985 -279.50918304 -279.47745087 -279.30240323 -279.30232347 -279.30220999 -279.30215715 -279.29966897 -279.26129006 -279.26124849 -279.26115786 -279.24192198 -279.21578419 -279.06638106 -279.06396881 -279.00185896 -279.00184764 -279.00181019 -278.62315645 -278.36545655 -277.88066037 -277.83096144 -277.42822246 -276.40678222] 
8:[-159.3613774  -158.98439658 -158.90615498 -158.859332   -158.8133088 -158.7653166  -158.76085073 -158.75711821 -158.75666732 -158.71640401 -158.65565765 -158.44619829 -158.44604043 -158.40583095 -158.40574495 -158.39674508 -158.33217555 -157.97419904 -157.9443467  -157.84222018 -157.75615191 -157.57862383 -157.46384531 -157.4484288  -157.44448276 -156.90485607] 
9:[-212.85818656 -212.64773465 -211.86159407 -211.83345598 -211.72458195 -211.70478197 -211.70008299 -211.636817   -211.54945491 -211.4244284 -211.42431991 -211.42277883 -211.35095924 -210.87722947 -210.86867199 -210.76647783 -210.74957902 -210.74326833 -210.73899473 -210.72324762 -210.7166067  -210.71326128 -209.85768486 -209.84812194 -209.23642889 -208.73654135] 
10:[-199.57016696 -199.52097481 -199.51727087 -199.50444513 -199.49860788 -199.47499631 -199.47497871 -199.46784672 -199.46386842 -199.39558234 -199.39417132 -199.3938245  -199.38321747 -199.36665572 -199.2580773 -199.25677577 -199.23321198 -199.1803714  -199.15940048 -199.06188701 -198.84816928 -198.67107593 -198.59967482 -198.52605327 -198.3913714 -197.86672168] 
11:[-345.49704572 -345.46955079 -345.44024711 -345.40038769 -345.35588711 -345.34981976 -345.34528358 -345.34314897 -345.3430571  -345.21799565 -345.21460232 -345.0969785  -344.95092975 -344.94844579 -344.53163722 -344.53004451 -344.51306708 -344.39811719 -344.36046919 -343.79889417 -343.53771461 -343.33607184 -343.33250992 -343.27000606 -343.26851299 -342.92913969] 
12:[-665.13581431 -665.1355682  -665.13537273 -665.12386334 -665.08583034 -665.0810367  -665.07885557 -665.07672876 -665.07639815 -665.06657761 -665.03991882 -665.01891738 -665.0157415  -665.00911958 -665.00081762 -664.94359412 -664.93359073 -664.81958584 -664.78232653 -664.75506371 -664.57923451 -664.22740379 -664.21135613 -664.20595408 -664.04091318 -663.27102871] 
13:[-975.91325955 -975.89795544 -975.89780232 -975.89772287 -975.8967571 -975.88610524 -975.87272865 -975.87016788 -975.87005905 -975.85770629 -975.80720345 -975.8068601  -975.80672103 -975.8034012  -975.79971993 -975.70468454 -975.7046725  -975.70110038 -975.67056249 -975.59868467 -975.4131519  -974.78621746 -974.71426349 -974.59130774 -973.91747018 -972.43827528] 
14:[-135.58627574 -135.58592348 -135.58215088 -135.55668419 -135.44952165 -135.40247347 -135.37834047 -135.31689882 -135.31395444 -135.30368116 -135.30208174 -135.30061863 -135.25906248 -135.19457486 -135.13100608 -135.1121847  -135.08652058 -135.07448359 -135.07256735 -135.05627678 -135.0552117  -135.03999486 -135.01353679 -135.01145771 -134.92885665 -134.91385833] 
15:[-269.68927934 -269.62740095 -269.62317517 -269.62292003 -269.56073345 -269.52201107 -269.50980203 -269.50945996 -269.47957319 -269.43241472 -269.34818036 -269.34783014 -269.34121724 -269.33976938 -269.33451414 -269.30750818 -269.29729835 -269.26326608 -269.17868755 -269.03494985 -268.76499192 -268.34323923 -268.04252724 -268.02236833 -268.00886527 -266.87871231] 
16:[-887.46412849 -887.461413   -887.43843981 -887.4314347  -887.43049328 -887.12179379 -887.12164801 -887.12157824 -887.11830752 -886.89120692 -886.86754499 -886.85175593 -886.75608218 -886.7088076  -886.64771827 -886.41287399 -886.40950455 -886.36879698 -886.26172252 -886.25049375 -885.87722702 -885.78317616 -885.53010315 -885.41683298 -885.40330326 -884.59843742] 
17:[-1078.60351006 -1078.60069859 -1078.59830864 -1078.58400008 -1078.55236045 -1078.51898368 -1078.47395813 -1078.46874295 -1078.46379858 -1078.46181566 -1078.43690064 -1078.43586293 -1078.38024692 -1078.34804998 -1078.33517642 -1078.3310839 -1078.31216945 -1078.30186467 -1078.22279292 -1078.10529177 -1078.0740559  -1078.07373506 -1077.29393065 -1077.28596866 -1077.27383427 -1076.72400231] 
18:[-535.74981175 -535.74941894 -535.74749487 -535.74720102 -535.73043504 -535.72533769 -535.72218449 -535.71086573 -535.59765476 -535.48316544 -535.48268884 -535.47103195 -535.46466325 -535.40817616 -535.38677503 -535.3326563  -535.33069551 -535.31311262 -535.12360481 -535.12306041 -534.79498889 -534.68334952 -534.66586799 -534.58430777 -534.09168907 -532.28325876] 
19:[-919.10698559 -919.08891287 -919.08312931 -919.08068327 -919.05802247 -919.04723772 -918.98749544 -918.98429435 -918.98317968 -918.9816054 -918.9815171  -918.8195139  -918.80785851 -918.77949428 -918.77638427 -918.76313701 -918.62537506 -918.59043691 -918.59014932 -918.17391412 -918.0334966  -918.03198131 -917.40263261 -917.38266016 -917.30947311 -917.10975262] 
20:[-271.16276167 -271.01831137 -270.99296531 -270.92178597 -270.91957317 -270.9174546  -270.91395081 -270.85429495 -270.85098806 -270.84819568 -270.84815467 -270.84108051 -270.75491859 -270.73777603 -270.73449411 -270.70127942 -270.54037016 -270.52805344 -270.36749276 -270.23305399 -270.00523318 -270.00127935 -269.5963154  -269.49686574 -269.30460125 -267.95357114] 
21:[-330.45276997 -330.42987279 -329.63511821 -329.63287965 -329.63243219 -329.63107318 -329.6301593  -329.61513943 -329.58058556 -329.21592025 -329.03446803 -328.37769976 -328.35799018 -328.35658847 -328.3486908 -328.26510406 -328.11265892 -327.99339754 -327.85013932 -327.84496452 -327.59915517 -327.31027326 -327.04792352 -325.40787854 -325.36753702 -324.81902665] 
22:[-1224.34063144 -1224.27973752 -1224.27314159 -1224.27111366 -1224.19101345 -1223.95737098 -1223.95588867 -1223.92946557 -1223.92211758 -1223.90447989 -1223.78826779 -1223.77603731 -1223.74441346 -1223.72788731 -1223.7048484  -1223.5881058 -1223.55561649 -1223.34619345 -1223.33994481 -1223.33109902 -1222.787612   -1222.73837696 -1221.93055255 -1221.9302631 -1221.92953724 -1221.85182056] 
23:[-284.11821533 -284.11778737 -284.11746085 -284.07827574 -283.91378727 -283.81098591 -283.6064569  -283.56587282 -283.54372354 -283.51567462 -283.45307738 -283.31473633 -283.22064204 -283.21595324 -283.1962384 -283.01459321 -282.97516034 -282.97323917 -282.89931101 -282.82933161 -282.61793557 -282.60960412 -282.36300121 -282.35001189 -282.31770242 -282.06818023] 
24:[-221.35388951 -221.35100313 -221.34887373 -221.33648711 -221.31387867 -221.28230632 -221.28165016 -221.10139173 -221.03598929 -221.03577258 -221.01942428 -220.96724535 -220.96710682 -220.94481242 -220.94435097 -220.94314912 -220.90183148 -220.78794274 -220.72139419 -220.71505058 -220.32422095 -220.18548798 -220.17533013 -220.14180375 -220.08474056 -219.16726242] 
25:[-190.77337698 -190.76688595 -190.76333024 -190.74904594 -190.73966943 -190.6209808  -190.61821388 -190.6182017  -190.61796511 -190.61551946 -190.50282943 -190.38471237 -190.3025824  -190.20396955 -190.16373159 -190.12782069 -190.04649643 -190.04302884 -190.01693295 -189.7930407 -189.77604618 -189.76569381 -189.61933151 -189.54584413 -189.02615921 -188.57274132] 
RANKING VECTORS IDX
0:[14. 24.  0. 17. 16. 19.  4.  9. 15. 20. 21. 18. 12. 25.  6.  5.  3.  2. 23. 22. 13.  1.  7. 10.  8. 11.] 
1:[ 1. 16. 19.  0. 22. 21. 15. 18. 12. 25. 13. 20. 17. 14. 24.  9. 23.  4.  5.  3.  8.  6. 10.  7.  2. 11.] 
2:[ 2. 15. 23.  9.  3. 14. 17. 24. 21.  5.  4. 22.  6.  1. 13. 25. 12. 18.  8. 11.  0. 19. 16. 20. 10.  7.] 
3:[18. 12. 25. 13. 16. 19.  0. 24.  6. 14. 17.  3.  4. 20. 22. 15. 23. 10.  7.  1.  9. 21.  5.  2.  8. 11.] 
4:[ 4.  9.  7. 10.  5. 24. 14.  8. 17.  6. 23. 18. 25. 21. 12. 13.  3. 22.  0. 16. 19. 15. 11. 20.  2.  1.] 
5:[21.  5.  0. 19. 16. 15. 23. 25. 12. 18.  1.  9. 24. 17. 14. 22.  6.  2.  3.  8.  4. 13. 11. 10.  7. 20.] 
6:[ 6. 23. 25. 13. 12. 18. 21.  4. 22.  3. 24. 14. 17. 16.  0. 19.  7. 10.  5. 15. 20.  9.  8.  2.  1. 11.] 
7:[ 7. 10.  5.  4.  9. 23. 12. 18. 25. 13. 14. 24. 17. 15.  8.  6.  3. 19. 16.  0. 11. 22. 21. 20.  2.  1.] 
8:[ 8.  3. 11. 15.  4. 25. 22. 18. 13. 12.  9.  7. 10. 14. 17. 24.  2.  5. 21.  1.  6. 23.  0. 16. 19. 20.] 
9:[ 9. 15.  2.  8.  3. 22.  4. 11. 23. 24. 17. 14.  6.  5. 21.  1. 10. 12. 13.  7. 25. 18. 16. 19.  0. 20.] 
10:[ 6. 12.  5. 17. 14. 25. 13. 15. 18. 10.  4. 22. 23.  7.  3. 19. 16. 24. 21.  1. 20.  8.  9.  2. 11.  0.] 
11:[15.  9.  8. 11. 24. 14. 17. 23. 22.  6.  3.  4.  7. 10. 25. 12. 13. 18.  2. 20. 21.  0.  5. 16. 19.  1.] 
12:[18. 25. 12. 13.  0. 19. 16. 23. 22. 20.  4. 14. 17. 24. 15.  9.  6. 21.  5.  3.  1.  8. 10.  7.  2. 11.] 
13:[ 4. 23. 12. 25. 13. 18.  9. 10.  7.  5. 24. 17. 14. 15. 21. 16. 19.  0.  6.  3.  8. 22. 20. 11.  2.  1.] 
14:[14. 24. 17.  8.  3.  4.  9. 15. 21. 10.  7. 11.  6. 22.  5. 23. 12. 16. 18.  0. 19.  1. 25. 13. 20.  2.] 
15:[15. 14. 17. 24.  1. 16.  0. 19. 22. 20. 18. 21. 12. 13. 25.  9.  3.  4. 23.  5.  6.  2.  7.  8. 10. 11.] 
16:[24. 16. 19. 14.  0. 12. 13. 18. 25.  6.  4.  9. 17. 20. 22. 23.  3. 15. 10.  7.  1.  5.  2.  8. 21. 11.] 
17:[14. 17. 24. 22.  4. 15.  3.  8. 21.  5.  9.  6. 11. 23. 13. 12. 18. 25.  1.  2. 10.  7.  0. 16. 19. 20.] 
18:[25. 13. 12. 18. 19. 16.  0. 20.  4. 22. 23. 17. 14.  3.  5. 24.  6. 15.  1.  9. 21.  7. 10.  2.  8. 11.] 
19:[24. 17. 16. 19. 14.  0. 12. 25. 18. 13. 22.  6.  4.  9. 15. 21.  3. 10.  7.  8.  5. 20. 11. 23.  2.  1.] 
20:[20.  4. 23. 24. 19.  0. 16. 25. 13. 18. 12. 22.  6. 17. 14. 15.  9.  3. 21.  5. 10.  7.  2.  1.  8. 11.] 
21:[21.  5. 24. 17. 19. 14. 16. 15.  0.  9.  4. 25. 12. 13. 18.  8.  1.  3. 23. 22.  2.  6. 20. 10.  7. 11.] 
22:[22. 17. 14. 24. 21. 12. 25.  8. 18. 13. 11. 23.  6.  3.  9.  1.  4. 10.  7. 15.  2.  5. 19.  0. 16. 20.] 
23:[24. 17. 14. 23.  8.  6.  9.  4. 15. 21. 22. 18.  5. 11.  1. 10.  7.  3. 13.  2. 25. 12. 16.  0. 19. 20.] 
24:[14. 24. 17. 15.  1. 23. 22.  4. 16. 19.  0. 13. 21. 18. 25. 12.  3.  6.  9. 20.  5. 10.  7.  8.  2. 11.] 
25:[24. 16. 19.  0. 14. 23. 12. 18. 25. 13.  4.  6.  9. 20. 17. 22.  7. 10.  3. 21. 15.  5.  8.  1.  2. 11.] 
POSCARS
EA7     5.013  3.167  2.884 90.00 90.00 90.00 Sym.group:  191
1.0
   5.0131519999999998   -0.0001810000000000    0.0010080000000000
   0.0000960000000000    3.1674790000000002   -0.0005340000000000
  -0.0005880000000000    0.0004740000000000    2.8835350000000002
B Mg
4 2
direct
   0.3356250000000000    0.4931760000000000    0.1626370000000000 B
   0.6646170000000000    0.4933880000000000    0.1626530000000000 B
   0.1646110000000000    0.4931830000000000    0.6626310000000000 B
   0.8356220000000000    0.4933740000000000    0.6626410000000000 B
   0.0001330000000000    0.9934110000000000    0.1623980000000000 Mg
   0.5000970000000000    0.9934100000000000    0.6624470000000000 Mg
EA262   2.269  2.266 11.584 95.53 95.57 90.01 Sym.group:  139
1.0
   2.2684810000000000   -0.0046350000000000    0.0115890000000000
   0.0040890000000000    2.2658749999999999    0.0024060000000000
  -1.1854130000000000   -1.1265369999999999   11.4682010000000005
P F
4 2
direct
   0.4783240000000000    0.3049800000000000    0.2193560000000000 P
   0.6645410000000000    0.4955080000000000    0.6046230000000000 P
   0.7721270000000000    0.5968470000000000    0.7980980000000000 P
   0.5799410000000000    0.4048930000000000    0.4128510000000000 P
   0.4123350000000000    0.2363370000000000    0.0825680000000000 F
   0.8405070000000000    0.6644620000000000    0.9348900000000000 F
EA13    4.040  4.040  2.484 90.00 89.99 120.00 Sym.group:  189
1.0
   4.0395149999999997   -0.0006620000000000    0.0028050000000000
  -2.0191110000000001    3.4988310000000000   -0.0005280000000000
  -0.0013510000000000   -0.0004930000000000    2.4843660000000001
B O
4 2
direct
   0.9965260000000000    0.9947460000000000    0.9994350000000000 B
   0.9965070000000000    0.2791460000000000    0.4994770000000000 B
   0.2809440000000000    0.9947370000000000    0.4992420000000000 B
   0.7121300000000000    0.7103610000000000    0.4995940000000000 B
   0.3298670000000000    0.6614210000000000    0.4995670000000000 O
   0.6631990000000000    0.3280790000000000    0.4992720000000000 O
EA114   3.178  3.181  3.750 90.07 89.97 90.00 Sym.group:  115
1.0
   3.1784249999999998    0.0001100000000000   -0.0004880000000000
  -0.0000910000000000    3.1804739999999998   -0.0135390000000000
   0.0025010000000000    0.0114130000000000    3.7504200000000001
P Mg
2 1
direct
   0.5069660000000000    0.0011280000000000    0.5178739999999999 P
   0.0073600000000000    0.5011050000000000    0.4736420000000000 P
   0.0064640000000000    0.0005820000000000    0.9958070000000000 Mg
EA43    2.781  2.781  4.412 90.00 89.99 89.98 Sym.group:  129
1.0
   2.7809270000000001   -0.0027270000000000   -0.0068720000000000
   0.0035170000000000    2.7805580000000001   -0.0088120000000000
   0.0114490000000000    0.0141780000000000    4.4116220000000004
H Mg
4 2
direct
   0.8323930000000000    0.0072610000000000    0.8337450000000000 H
   0.8322170000000000    0.5074760000000000    0.1878110000000000 H
   0.3327400000000000    0.5068160000000000    0.8339890000000000 H
   0.3329160000000000    0.0082780000000000    0.4799040000000000 H
   0.8327890000000000    0.5069570000000000    0.5897900000000000 Mg
   0.3324690000000000    0.0066890000000000    0.0779600000000000 Mg
EA179   2.453  2.453  8.479 98.27 98.29 61.12 Sym.group:  166
1.0
   2.4531660000000000   -0.0031120000000000   -0.0240100000000000
   1.1876730000000000    2.1467040000000002   -0.0002580000000000
  -1.1420079999999999   -0.7602080000000000    8.3673110000000008
C S
4 2
direct
   0.5808790000000000    0.3100860000000000    0.6524070000000000 C
   0.6418920000000000    0.3693340000000000    0.8333270000000000 C
   0.8957560000000000    0.6252870000000000    0.5944250000000000 C
   0.3270010000000000    0.0541450000000000    0.8913090000000000 C
   0.8249510000000000    0.5554720000000000    0.3816380000000000 S
   0.3974250000000000    0.1242700000000000    0.1040960000000000 S
EA114   4.592  4.592  4.593 112.99 103.96 111.60 Sym.group:  140
1.0
   1.9854660000000000   -2.0400689999999999   -3.6034530000000000
   1.0527960000000001    4.4648700000000003    0.2063320000000000
   1.5493820000000000   -2.3769640000000001    3.6113670000000000
S Mg
4 2
direct
   0.3662010000000000    0.0017410000000000    0.6406740000000000 S
   0.6421540000000000    0.0028670000000000    0.3673060000000000 S
   0.8678850000000000    0.7275370000000000    0.8650130000000000 S
   0.1404760000000000    0.2769550000000000    0.1427990000000000 S
   0.2553760000000000    0.5029320000000000    0.7553720000000000 Mg
   0.7532650000000000    0.5017200000000001    0.2526540000000000 Mg
EA5     2.930  4.139  2.929 90.00 90.00 90.00 Sym.group:  225
1.0
   2.9296359999999999   -0.0001030000000000    0.0004110000000000
   0.0001720000000000    4.1391260000000001   -0.0000350000000000
  -0.0005410000000000    0.0000810000000000    2.9289740000000002
Li O
4 2
direct
   0.0034140000000000    0.2482700000000000    0.9175470000000000 Li
   0.5034220000000000    0.2478550000000000    0.4175690000000000 Li
   0.0033170000000000    0.7483440000000000    0.9170250000000000 Li
   0.5033480000000000    0.7477790000000000    0.4170190000000000 Li
   0.0033690000000000    0.9980720000000000    0.4172120000000000 O
   0.5033440000000000    0.4980520000000000    0.9172250000000000 O
EA4     2.833  2.833  2.795 90.00 90.00 90.00 Sym.group:  102
1.0
   2.8325000000000000   -0.0003810000000000   -0.0017750000000000
   0.0004220000000000    2.8326859999999998   -0.0018570000000000
   0.0019670000000000    0.0018230000000000    2.7953120000000000
H O
4 2
direct
   0.7866990000000000    0.7929430000000000    0.7597620000000000 H
   0.6979510000000000    0.2928420000000000    0.2596290000000000 H
   0.2866220000000000    0.7040750000000000    0.2596600000000000 H
   0.1980100000000000    0.2041350000000000    0.7595160000000000 H
   0.4923380000000000    0.4984930000000000    0.4770880000000000 O
   0.9923850000000000    0.9985290000000000    0.9770870000000000 O
EA194   2.461  2.462  7.863 81.08 90.00 119.98 Sym.group:  160
1.0
   2.4611459999999998   -0.0028400000000000    0.0104920000000000
  -1.2275290000000001    2.1338620000000001    0.0062310000000000
  -0.0308620000000000    1.3659170000000000    7.7438330000000004
N B
4 2
direct
   0.3174410000000000    0.9532720000000000    0.9239570000000000 N
   0.2690000000000000    0.8566940000000000    0.0655210000000000 N
   0.5117000000000000    0.3369480000000000    0.3420030000000000 N
   0.7433060000000000    0.7984770000000000    0.6487760000000000 N
   0.8433659999999999    0.0000180000000000    0.3472970000000000 B
   0.4071740000000000    0.1260470000000000    0.6574230000000000 B
EA44    3.469  3.470  3.470 119.99 60.00 120.00 Sym.group:  225
1.0
   3.4694870000000000   -0.0028780000000000    0.0012850000000000
  -1.7321599999999999    3.0064050000000000   -0.0070530000000000
   1.7327619999999999   -0.9967580000000000    2.8358989999999999
Si Be
2 1
direct
   0.7492160000000000    0.2591080000000000    0.7515090000000000 Si
   0.2492550000000000    0.7591900000000000    0.2514450000000000 Si
   0.4991990000000000    0.5091010000000000    0.5014100000000000 Be
EA167   3.085  2.722  2.722 60.01 90.01 90.00 Sym.group:  187
1.0
   3.0848990000000001    0.0109750000000000    0.0148440000000000
  -0.0161190000000000    1.3773830000000000    2.3473910000000000
  -0.0068940000000000   -1.3450350000000000    2.3665600000000002
Be N
2 1
direct
   0.7478000000000000    0.3907110000000000    0.7725780000000000 Be
   0.2479880000000000    0.0550840000000000    0.4391980000000000 Be
   0.7479749999999999    0.0575690000000000    0.4390520000000000 N
EA121   2.727  2.727  4.497 72.63 107.38 90.67 Sym.group:  139
1.0
   2.7272989999999999   -0.0087960000000000    0.0246410000000000
  -0.0229080000000000    2.7272449999999999   -0.0241560000000000
  -1.3754100000000000    1.3673850000000001    4.0576129999999999
Li Mg
2 1
direct
   0.7904340000000000    0.1142240000000000    0.5781220000000000 Li
   0.4322150000000000    0.4724260000000000    0.8532700000000000 Li
   0.1115440000000000    0.7930310000000000    0.2157290000000000 Mg
EA102   2.890  3.713  2.824 112.01 90.00 67.15 Sym.group:  139
1.0
   2.8898480000000002    0.0176440000000000    0.0036530000000000
   1.4211090000000000    3.4304070000000002   -0.0369890000000000
   0.0037030000000000   -1.1194560000000000    2.5931730000000002
Na O
2 1
direct
   0.2110190000000000    0.2481750000000000    0.7167980000000000 Na
   0.8983340000000000    0.8726470000000000    0.0298370000000000 Na
   0.5542540000000000    0.5603790000000000    0.3732810000000000 O
EA51    2.082  3.603  3.121 90.29 90.14 89.99 Sym.group:  164
1.0
   2.0819700000000001   -0.0001630000000000    0.0019660000000000
   0.0007600000000000    3.6030259999999998    0.0136480000000000
  -0.0103260000000000   -0.0276680000000000    3.1206160000000001
H Be
4 2
direct
   0.0798060000000000    0.0811250000000000    0.8858450000000000 H
   0.5820650000000001    0.9174790000000000    0.4417410000000000 H
   0.0818940000000000    0.4165850000000000    0.4415250000000000 H
   0.5795290000000000    0.5817680000000000    0.8860740000000000 H
   0.5809510000000000    0.2493100000000000    0.1629260000000000 Be
   0.0807690000000000    0.7491130000000000    0.1645710000000000 Be
EA187   3.082  3.082  9.121 89.70 90.32 119.90 Sym.group:  164
1.0
   3.0824129999999998   -0.0002510000000000    0.0005820000000000
  -1.5362089999999999    2.6721729999999999   -0.0010000000000000
  -0.0528140000000000    0.0274400000000000    9.1204630000000009
P Cl
4 2
direct
   0.8061410000000000    0.6942350000000000    0.0317620000000000 P
   0.8004390000000000    0.6990300000000000    0.6080470000000000 P
   0.4687040000000000    0.0309960000000000    0.7374540000000001 P
   0.1378910000000000    0.3622820000000000    0.9023550000000000 P
   0.4727790000000000    0.0274150000000000    0.2096270000000000 Cl
   0.1328110000000000    0.3649650000000000    0.4301780000000000 Cl
EA169   4.059  4.711  4.751 116.81 64.72 115.32 Sym.group:  191
1.0
   4.0581360000000002   -0.0862700000000000   -0.0105380000000000
  -1.9235920000000000    4.2999340000000004    0.0208420000000000
   2.0081540000000002   -1.4684790000000001    4.0470899999999999
Na P
4 2
direct
   0.7507180000000000    0.4194010000000000    0.9151840000000000 Na
   0.7492290000000000    0.9190850000000000    0.4154590000000000 Na
   0.0837500000000000    0.2515290000000000    0.0818270000000000 Na
   0.0823180000000000    0.7512529999999999    0.5820200000000000 Na
   0.4168180000000000    0.8357750000000000    0.9991210000000000 P
   0.4160130000000000    0.3350330000000000    0.4985030000000000 P
EA157   2.728  2.719  4.467 89.53 90.60 119.78 Sym.group:  164
1.0
   2.7274699999999998   -0.0184590000000000    0.0064640000000000
  -1.3344790000000000    2.3693059999999999   -0.0056770000000000
  -0.0573660000000000    0.0208810000000000    4.4667599999999998
Mg H
2 1
direct
   0.0559830000000000    0.0479370000000000    0.1694330000000000 Mg
   0.3925780000000000    0.7182539999999999    0.6941120000000000 Mg
   0.7268520000000001    0.3826200000000000    0.4296680000000000 H
EA253   4.107  4.729  4.097 90.06 90.01 65.21 Sym.group:  139
1.0
   4.0958810000000003    0.3029240000000000    0.0076360000000000
   1.6611440000000000    4.4278639999999996    0.0159780000000000
  -0.0068030000000000   -0.0169200000000000    4.0974050000000002
P Na
4 2
direct
   0.3779100000000000    0.4081630000000000    0.7540140000000000 P
   0.8778540000000000    0.4081460000000000    0.2540860000000000 P
   0.2863680000000000    0.5955840000000000    0.2542570000000000 P
   0.7864280000000000    0.5955950000000000    0.7541920000000000 P
   0.5820000000000000    0.0018540000000000    0.2530240000000000 Na
   0.0825030000000000    0.0018310000000000    0.7537060000000000 Na
EA298   3.582  3.581  2.204 90.06 90.10 119.99 Sym.group:  191
1.0
   3.5818780000000001   -0.0013250000000000    0.0025200000000000
  -1.7889250000000001    3.1023160000000001    0.0015000000000000
  -0.0054200000000000   -0.0068890000000000    2.2036020000000001
Na N
2 1
direct
   0.9937290000000000    0.6576250000000000    0.8379400000000000 Na
   0.3271670000000000    0.3244150000000000    0.8378679999999999 Na
   0.6605410000000000    0.9910960000000000    0.3383810000000000 N
EA306   4.039  4.046  4.046 60.87 118.92 118.92 Sym.group:  227
1.0
   4.0386030000000002    0.0495900000000000    0.0339720000000000
  -1.9998830000000001    3.5173980000000000   -0.0254670000000000
  -1.9990310000000000    1.1536679999999999    3.3234450000000000
Be Al
4 2
direct
   0.8681640000000000    0.6190000000000000    0.1254580000000000 Be
   0.8676220000000000    0.1187650000000000    0.1254190000000000 Be
   0.8680710000000000    0.1190220000000000    0.6255110000000000 Be
   0.3679430000000000    0.1192270000000000    0.1256190000000000 Be
   0.2434810000000000    0.7448620000000000    0.7513580000000000 Al
   0.4924800000000000    0.4931520000000000    0.4996470000000000 Al
EA117   2.441  6.940  2.439 89.93 60.03 89.99 Sym.group:  164
1.0
   2.4405880000000000   -0.0032440000000000    0.0317050000000000
   0.0102660000000000    6.9404120000000002   -0.0051650000000000
   1.1909360000000000    0.0028260000000000    2.1287370000000001
C F
4 2
direct
   0.0209080000000000    0.8044960000000000    0.7718980000000000 C
   0.6883740000000000    0.0914460000000000    0.4366490000000000 C
   0.3551190000000000    0.1622560000000000    0.1031540000000000 C
   0.6877950000000000    0.8753150000000000    0.4382620000000000 C
   0.3542960000000000    0.3551080000000000    0.1038270000000000 F
   0.0194920000000000    0.6116549999999999    0.7733680000000001 F
EA13    7.544  2.794  2.792 90.00 90.02 90.00 Sym.group:  129
1.0
   7.5438999999999998    0.0017130000000000    0.0141450000000000
  -0.0007090000000000    2.7940999999999998    0.0011440000000000
  -0.0061220000000000   -0.0013360000000000    2.7921149999999999
Mg O
4 2
direct
   0.1150030000000000    0.6727070000000001    0.7568270000000000 Mg
   0.8620230000000000    0.1729350000000000    0.2572060000000000 Mg
   0.3864570000000000    0.1727020000000000    0.2567360000000000 Mg
   0.6394220000000000    0.6729290000000000    0.7571720000000000 Mg
   0.1237130000000000    0.1726360000000000    0.2567290000000000 O
   0.3777490000000000    0.6726310000000000    0.7566780000000000 O
EA120   2.777  2.779  7.553 90.00 90.03 90.00 Sym.group:  129
1.0
   2.7774310000000000    0.0004750000000000    0.0052100000000000
  -0.0006890000000000    2.7785820000000001    0.0010650000000000
  -0.0177050000000000   -0.0033940000000000    7.5533999999999999
N S
4 2
direct
   0.9973340000000001    0.4973700000000000    0.2866310000000000 N
   0.4967430000000000    0.9973280000000000    0.7133250000000000 N
   0.9976180000000000    0.4955750000000000    0.4327480000000000 N
   0.4974360000000000    0.9955030000000000    0.5672110000000000 N
   0.9967770000000000    0.4980550000000000    0.9368010000000000 S
   0.4969250000000000    0.9980770000000000    0.0631590000000000 S
EA150   3.181  3.184  3.913 90.10 89.97 119.92 Sym.group:  164
1.0
   1.5973679999999999   -2.7509910000000000   -0.0103280000000000
   1.5889260000000001    2.7592639999999999    0.0233350000000000
  -0.0206560000000000   -0.0293840000000000    3.9130660000000002
P S
2 1
direct
   0.3370470000000000    0.6700770000000000    0.6456780000000000 P
   0.6701300000000000    0.3354650000000000    0.3519610000000000 P
   0.0035920000000000    0.0027740000000000    0.9988190000000000 S
EA237   3.887  5.570  2.813 104.61 68.81 109.67 Sym.group:  139
1.0
   3.8763290000000001    0.2824430000000000    0.0174490000000000
  -2.2491409999999998    5.0888859999999996   -0.2544160000000000
   1.0216860000000001   -0.1942060000000000    2.6135809999999999
Li P
4 2
direct
   0.6371390000000000    0.1663920000000000    0.1451050000000000 Li
   0.6392030000000000    0.8320370000000000    0.4766910000000000 Li
   0.1392200000000000    0.3320580000000000    0.4766930000000000 Li
   0.1371560000000000    0.6664120000000000    0.1451070000000000 Li
   0.1381750000000000    0.9992300000000000    0.8109060000000000 P
   0.6381840000000000    0.4992190000000000    0.8108919999999999 P
