NUMBER OF TEMPLATES 28
COMPOSITION A 1 B
pairs , SPACEGROUPS 
[B N] , 216 
[Cl P] , 129 
[Be Cl] , 166 
[C P] , 164 
[B N] , 186 
[Al P] , 194 
[Li O] , 187 
[Al Si] , 123 
[Cl Mg] , 164 
[Li Mg] , 123 
[N P] , 131 
[C Cl] , 166 
[Al S] , 139 
[H Na] , 225 
[S Si] , 166 
[Be Cl] , 164 
[Al Si] , 141 
[Be S] , 119 
[B Be] , 164 
[B P] , 216 
[Mg P] , 123 
[H P] , 129 
[B C] , 139 
[Be O] , 186 
[Al F] , 191 
[Na S] , 123 
[C Si] , 216 
[F Na] , 225 
RANKING VECTORS ENTHALPIES
0:[-180.52731906 -180.52723124 -180.52552052 -180.52546917 -180.50580575 -180.50579788 -180.09360002 -180.08898087 -180.06586174 -180.00169864 -179.99221543 -179.75454064 -179.33535871 -178.92488791 -178.92472705 -178.90279682 -178.8766196  -178.72382083 -178.57927287 -178.55009471 -178.23999292 -178.05780803 -177.80755167 -177.57604486 -176.76132423 -176.75135356 -176.74972407 -176.74583096] 
1:[-312.45643357 -312.45639419 -312.41605719 -312.29271199 -312.25821812 -312.25804307 -312.22053315 -312.21986671 -312.20672173 -312.18456819 -312.06792414 -312.02489664 -312.01303725 -311.9574342  -311.85108382 -311.84735695 -311.84672761 -311.83932225 -311.81016401 -311.55587166 -311.45422739 -311.27299299 -311.26898985 -310.53479827 -310.41907151 -309.88578231 -309.88577896 -309.86795122] 
2:[-409.43437692 -409.41838657 -409.41698223 -409.28635918 -409.25884211 -409.25746111 -409.25250457 -409.13307916 -409.02352885 -409.01550705 -408.94877887 -408.87423243 -408.83129902 -408.82921436 -408.82605146 -408.82106652 -408.82088232 -408.82074908 -408.80491485 -408.77825231 -408.74051385 -408.73955369 -408.53162174 -408.44068439 -408.44068028 -408.43435941 -408.36445426 -407.98263574] 
3:[-172.86076232 -172.75086647 -172.41206744 -172.39125899 -172.35015304 -172.34878062 -172.31737267 -172.31731302 -172.31729582 -172.30518643 -172.305065   -172.28742973 -172.25667174 -172.23523076 -172.19579688 -172.09398246 -172.06062284 -172.01788503 -171.97558641 -171.95696968 -171.87463138 -171.71755043 -171.55561847 -171.54090371 -171.18256856 -171.17841855 -171.1726361  -171.17231722] 
4:[-180.52731906 -180.52723124 -180.52552052 -180.52546917 -180.50580575 -180.50579788 -180.09360002 -180.08898087 -180.06586174 -180.00169864 -179.99221543 -179.75454064 -179.33535871 -178.92488791 -178.92472705 -178.90279682 -178.8766196  -178.72382083 -178.57927287 -178.55009471 -178.23999292 -178.05780803 -177.80755167 -177.57604486 -176.76132423 -176.75135356 -176.74972407 -176.74583096] 
5:[-121.74998379 -121.70778699 -121.70440136 -121.6750488  -121.6749365 -121.61488093 -121.60740145 -121.60698165 -121.59949221 -121.54287404 -121.47499483 -121.4065187  -121.37653614 -121.35985337 -121.32714872 -121.31835644 -121.31217814 -121.23741757 -121.19934977 -121.16189075 -121.07441206 -120.91304946 -120.91284619 -120.91264542 -120.91088807 -120.89978276 -120.89977654 -120.46298415] 
6:[-321.00429075 -320.91786662 -320.79086852 -320.7903342  -320.7897556 -320.78639774 -320.78310441 -320.78279574 -320.73655012 -320.69429345 -320.68570763 -320.66858968 -320.61525037 -320.59418468 -320.57712609 -320.57559531 -320.57519664 -320.57374444 -320.38226101 -320.27540085 -320.27343937 -320.27270322 -320.2726839  -320.06649752 -319.89202835 -319.88884823 -319.88884686 -319.56012283] 
7:[-84.87389993 -84.87089141 -84.85888928 -84.85798501 -84.85787621 -84.83063871 -84.77946561 -84.77054211 -84.76751268 -84.7576771 -84.63974532 -84.59494957 -84.56314966 -84.43497148 -84.38197413 -84.37836579 -84.26438753 -84.22117303 -84.19196688 -84.16045145 -84.16029703 -84.13242136 -83.6040623  -83.27774656 -83.23540123 -82.80233313 -82.80233134 -82.79865461] 
8:[-1026.85454699 -1026.85441373 -1026.78278696 -1026.78153913 -1026.77907424 -1026.77799209 -1026.69007971 -1026.68687254 -1026.68439181 -1026.68431719 -1026.68197528 -1026.63201146 -1026.59990006 -1026.58203551 -1026.36485006 -1026.30821077 -1026.30023896 -1026.19199196 -1026.19148768 -1026.07535601 -1026.03948234 -1025.88195229 -1025.76310369 -1025.50371683 -1025.50206188 -1025.4887595  -1025.48869936 -1025.03222879] 
9:[-901.54918838 -901.54827982 -901.54131758 -901.53514858 -901.48056886 -901.47876901 -901.4715911  -901.39793856 -901.38312056 -901.35604312 -901.32891009 -901.30746541 -901.30714057 -901.29582462 -901.24870606 -901.23553903 -901.21238503 -901.1969086  -901.1922721  -901.18276082 -901.1598401  -901.15972092 -901.06892919 -901.01819869 -900.84910163 -899.86145296 -899.86143847 -899.86017159] 
10:[-232.23218966 -232.04054282 -231.91656804 -231.91334781 -231.82183411 -231.81918944 -231.75138549 -231.7014749  -231.63302658 -231.63293347 -231.35799593 -231.33320564 -231.31677125 -231.2690489  -231.2624685 -231.26213699 -231.21094772 -231.18042603 -231.09291307 -230.98135093 -230.86352104 -230.77322632 -230.76962983 -230.76956667 -230.76849375 -230.66897692 -230.66897635 -230.66424565] 
11:[-301.09195054 -301.09194934 -300.87809849 -300.87799018 -300.8719584 -300.76907298 -300.07211295 -300.06569125 -299.61962172 -299.28931661 -298.90455875 -298.90433887 -298.88756204 -298.77861225 -298.68015152 -298.66589092 -298.62844305 -298.58333953 -298.55016499 -298.43945129 -298.43785892 -298.4345875  -298.43412737 -298.41124644 -298.4104085 -297.69420137 -297.64020078 -297.64020077] 
12:[-177.84047062 -177.79190283 -177.79125015 -177.78357692 -177.78152349 -177.77796655 -177.7582275  -177.71370814 -177.69391855 -177.69376726 -177.51148756 -177.44248226 -177.4192362  -177.4085248  -177.37166406 -177.36917177 -177.30367469 -177.25075924 -177.19885471 -177.17830631 -177.17812913 -177.15294321 -176.97431709 -176.83470784 -176.72144267 -176.71039838 -176.71039455 -176.38017579] 
13:[-626.95895239 -626.95808117 -626.95552505 -626.95067465 -626.90031153 -626.89968904 -626.89939226 -626.897459   -626.84214916 -626.83923535 -626.78021252 -626.73375392 -626.66410168 -626.49993952 -626.4993315 -626.49870588 -626.49299443 -626.44612398 -626.43143474 -626.42624496 -626.41907418 -626.3783887  -626.3322854  -626.33228198 -626.33224241 -626.28823594 -626.22288803 -625.65837619] 
14:[-203.46023722 -203.37682343 -203.37219651 -203.34015271 -203.29384947 -203.27021636 -203.27011859 -203.26923839 -203.26585116 -203.26291427 -203.26156158 -203.261345   -203.25890417 -203.2568669  -203.22377958 -203.20770227 -203.08149876 -203.05099762 -203.04139592 -203.0217416 -203.01605503 -202.96825304 -202.92963787 -202.92952007 -202.681428 -201.91833907 -201.91833597 -201.90915354] 
15:[-409.43437692 -409.41838657 -409.41698223 -409.28635918 -409.25884211 -409.25746111 -409.25250457 -409.13307916 -409.02352885 -409.01550705 -408.94877887 -408.87423243 -408.83129902 -408.82921436 -408.82605146 -408.82106652 -408.82088232 -408.82074908 -408.80491485 -408.77825231 -408.74051385 -408.73955369 -408.53162174 -408.44068439 -408.44068028 -408.43435941 -408.36445426 -407.98263574] 
16:[-84.87389993 -84.87089141 -84.85888928 -84.85798501 -84.85787621 -84.83063871 -84.77946561 -84.77054211 -84.76751268 -84.7576771 -84.63974532 -84.59494957 -84.56314966 -84.43497148 -84.38197413 -84.37836579 -84.26438753 -84.22117303 -84.19196688 -84.16045145 -84.16029703 -84.13242136 -83.6040623  -83.27774656 -83.23540123 -82.80233313 -82.80233134 -82.79865461] 
17:[-337.14753937 -337.14667518 -337.14530887 -337.14530342 -337.13776611 -337.13729757 -337.12970586 -337.08214636 -337.06396473 -337.06339698 -337.02429451 -337.02351594 -336.6678231  -336.60497552 -336.57174624 -336.56965965 -336.53763136 -336.48490473 -336.47536603 -336.35941019 -336.22647834 -336.22075916 -336.21631858 -336.2003373  -336.19625175 -336.08562305 -335.83906444 -335.83405085] 
18:[-227.62667475 -227.57734614 -227.51354713 -227.41906156 -227.41803878 -227.4174937  -227.41131342 -227.39660749 -227.25847143 -227.25808246 -227.25630361 -227.24666945 -227.16264217 -227.16119182 -227.10740491 -227.05214673 -227.01673458 -226.86725877 -226.7633474  -226.66253471 -226.4826733  -226.42476855 -226.42268712 -226.35824826 -226.35781858 -225.35365914 -225.35365592 -225.33693507] 
19:[-131.32871241 -131.32148721 -131.32001472 -131.3191282  -131.31879505 -131.31255775 -130.94189509 -130.74634655 -130.73576221 -130.73097716 -130.70818451 -130.70568253 -130.7022033  -130.67705375 -130.67586767 -130.64535314 -130.64456523 -130.54258916 -130.44552954 -130.40791225 -130.31861152 -130.26539139 -130.25317377 -130.01971795 -130.01646249 -130.01259852 -130.01218609 -129.95021908] 
20:[-897.80747712 -897.78507395 -897.77875269 -897.77835891 -897.77603856 -897.67886905 -897.64911297 -897.59961263 -897.59605133 -897.57666688 -897.49048829 -897.43155401 -897.43111355 -897.37148769 -897.29808062 -897.24348008 -897.23017802 -897.22026599 -897.14494077 -896.93513771 -896.82443471 -896.81936492 -896.55211057 -896.55120362 -896.46410411 -895.92987756 -895.92982137 -895.92104097] 
21:[-99.27956435 -99.1824063  -99.09069654 -99.06965173 -99.06964985 -99.03623934 -98.99686508 -98.996863   -98.98961033 -98.98250701 -98.97913579 -98.97643219 -98.9418078  -98.93483534 -98.92801375 -98.88556027 -98.88475757 -98.85719552 -98.84676805 -98.8147509 -98.80987918 -98.78718164 -98.77857855 -98.71598762 -98.71598426 -98.55664474 -98.53778524 -98.53759161] 
22:[-119.79770711 -119.74656643 -119.61976523 -119.47881638 -119.47870682 -119.47867246 -119.46950854 -119.46876622 -119.46474246 -119.43508445 -119.38636821 -119.38296134 -119.36768936 -119.15851988 -118.88810683 -118.87596673 -118.84165496 -118.84156023 -118.65356001 -118.62663222 -118.33933762 -118.3286469  -118.02767834 -117.88919843 -117.24530152 -117.24333305 -117.23975193 -117.23945935] 
23:[-414.37379937 -414.37249339 -414.36984658 -414.36964902 -414.36951236 -414.36681629 -414.18082774 -414.17461939 -414.14835191 -414.14660901 -414.14521096 -414.14317887 -414.08076076 -413.96144578 -413.95077033 -413.80853577 -413.76489485 -413.75419511 -413.6939492  -413.61424446 -413.55085158 -413.4487874  -413.36231139 -412.77946012 -412.77945394 -412.77552021 -412.77510324 -412.38958706] 
24:[-364.23802846 -364.17279885 -364.17127917 -364.06796505 -364.05958141 -364.05255801 -364.0511922  -364.03668902 -364.02355082 -363.93847329 -363.92973247 -363.80252728 -363.72063004 -363.28591303 -363.17472788 -363.17407963 -363.17353178 -363.17150277 -363.11826019 -362.85573918 -362.80480181 -362.80478903 -362.80199396 -362.79816074 -362.72528073 -362.64261487 -362.61990009 -362.16838497] 
25:[-767.90426091 -767.90367092 -767.90345114 -767.8983766  -767.75486274 -767.65232681 -767.60209356 -767.55152882 -767.54982464 -767.43356072 -767.43261754 -767.42129682 -767.31018833 -767.30664577 -767.23717575 -767.19243405 -767.04126779 -767.04116226 -766.69252472 -766.64768226 -766.63846223 -766.62576193 -766.44672399 -766.19558656 -766.19436259 -765.56191832 -765.56185288 -765.5583053 ] 
26:[-136.68517466 -136.68273303 -136.68092235 -136.68022208 -136.6800797 -136.68002434 -136.5136196  -136.51357499 -136.44886757 -136.33530591 -136.33410148 -136.18150926 -135.93859323 -135.88949666 -135.88949594 -135.84058938 -135.83790584 -135.82276045 -135.63722325 -135.49640687 -135.15262836 -135.01888612 -135.01868216 -135.01476162 -135.01423628 -135.0007175  -134.87945094 -134.63074505] 
27:[-955.55991802 -955.55984853 -955.55901182 -955.55716565 -955.45453305 -955.45402021 -955.45340743 -955.44504777 -955.40102894 -955.38417417 -955.3173861  -955.19993619 -955.16238163 -954.90496005 -954.90461938 -954.90258331 -954.901292   -954.85425091 -954.85422275 -954.85147235 -954.85001369 -954.75472796 -954.6486843  -954.59191618 -954.59189224 -954.59186641 -954.42114569 -953.78910169] 
RANKING VECTORS IDX
0:[17.  0. 26. 19.  4. 23.  8. 18. 15.  2. 14. 11.  3. 13. 27.  5. 22. 21. 12. 10. 16.  6.  1. 24. 20.  7. 25.  9.] 
1:[ 1. 21.  2. 15. 18.  8.  4. 11. 16. 14. 24.  3.  5. 10.  9. 25.  7. 20. 12. 17.  6. 13. 27. 22. 23. 26. 19.  0.] 
2:[11.  2. 14.  3. 18.  8. 15. 12.  6. 10. 17.  1. 20.  9.  7.  4. 23. 25.  5. 16. 13. 27. 22. 26. 19.  0. 24. 21.] 
3:[15. 11. 12.  3. 23.  4. 13. 17. 27. 26. 19.  0. 18.  2.  6.  1.  5. 22.  8. 14. 16. 10. 21. 24.  9. 20.  7. 25.] 
4:[17.  0. 26. 19.  4. 23.  8. 18. 15.  2. 14. 11.  3. 13. 27.  5. 22. 21. 12. 10. 16.  6.  1. 24. 20.  7. 25.  9.] 
5:[ 5.  1. 21. 13. 27. 20.  7. 25.  9. 16.  6. 12.  3.  2.  8. 24. 14. 10. 15. 11. 18. 17.  4. 23.  0. 26. 19. 22.] 
6:[ 6. 12.  7. 25.  9. 11. 20. 14. 17.  3.  5.  2. 16. 22.  1. 13. 27. 21. 10.  8. 18.  4. 23. 15.  0. 26. 19. 24.] 
7:[20. 16.  9.  7. 25.  2. 21.  1. 14.  8. 15. 11.  4. 10. 17. 24.  6. 12.  5. 13. 27. 18.  3. 22. 23. 26. 19.  0.] 
8:[21.  1. 14.  2. 18.  8.  7. 25. 20.  9.  5. 12. 15.  3. 16. 23.  4. 13. 27.  6. 10. 11. 24. 17.  0. 26. 19. 22.] 
9:[ 7. 25.  9. 20.  1. 16. 21. 14.  2.  6.  5. 18.  8. 17. 15. 11.  3. 23.  4. 12. 13. 27. 24. 10. 22. 26. 19.  0.] 
10:[ 2. 15. 18.  8.  3. 14. 22. 12.  4. 23. 17. 24. 16.  5. 13. 27. 21.  6. 10. 11.  1. 20.  7.  9. 25. 26. 19.  0.] 
11:[14.  2. 18.  8.  3. 11.  1. 21. 12. 15. 13. 27. 22. 16.  6. 24.  5. 17. 10.  9. 20.  7. 25.  4. 23.  0. 26. 19.] 
12:[ 6.  7. 25.  9. 20. 12.  5.  1. 13. 27. 17.  2. 16. 14. 18.  8.  3. 15. 10.  4. 23. 24. 11. 21.  0. 26. 19. 22.] 
13:[ 9. 20.  7. 25.  1. 13. 27. 21.  6.  5. 16. 17. 12.  4. 18. 23.  8. 14. 11. 22.  2. 10. 26. 19.  0.  3. 15. 24.] 
14:[ 2. 18.  8. 12. 14. 13. 27. 22.  5.  7. 25.  6. 20.  9. 11. 15.  3. 17. 24.  1. 21. 16.  4. 23. 10. 26. 19.  0.] 
15:[11.  2. 14.  3. 18.  8. 15. 12.  6. 10. 17.  1. 20.  9.  7.  4. 23. 25.  5. 16. 13. 27. 22. 26. 19.  0. 24. 21.] 
16:[20. 16.  9.  7. 25.  2. 21.  1. 14.  8. 15. 11.  4. 10. 17. 24.  6. 12.  5. 13. 27. 18.  3. 22. 23. 26. 19.  0.] 
17:[ 0. 17. 26. 19.  4. 23.  5.  1. 13. 27. 18.  8. 12. 15.  6.  2. 22.  3. 14. 16. 25.  7. 20.  9. 10. 11. 24. 21.] 
18:[18.  5. 11.  7. 25.  9. 20. 12. 16.  1. 21.  3.  2. 14. 15.  8. 10.  6. 22. 17. 24.  4. 23. 13. 27. 26. 19.  0.] 
19:[17.  0. 26.  4. 23. 19. 15.  3.  8. 18. 12. 27. 13.  6. 11.  2. 14.  5. 24.  1. 10. 16. 21.  9. 25. 20.  7. 22.] 
20:[16.  9.  7. 20. 25.  5.  6. 21.  1. 17. 12. 13. 27.  2.  8. 14. 11. 10. 15.  3. 24. 18. 23.  4. 22. 19. 26.  0.] 
21:[ 1. 21. 15.  4. 23. 24.  7. 25. 20. 14. 22. 12.  2. 16. 10. 18.  8. 11.  9. 17.  3.  6.  5. 13. 27.  0. 26. 19.] 
22:[22. 11. 14. 26. 19. 17. 23.  4.  0.  2. 18.  8.  3. 15. 12.  1. 13. 27.  5. 10.  6. 21. 24. 16.  9. 20.  7. 25.] 
23:[ 4. 23.  0. 26. 19. 17. 18.  8. 21.  1. 13. 27.  5. 14. 11. 15. 12.  2.  3.  6. 16. 22. 10.  9. 25.  7. 20. 24.] 
24:[24.  2. 14.  3. 11. 23.  4. 18.  8.  1. 15. 21. 10. 16. 20.  9. 25.  7. 12.  6. 26. 19. 17.  0.  5. 27. 13. 22.] 
25:[ 7.  9. 25. 20. 17. 16.  5.  6. 12. 14.  2. 11.  1. 21.  3. 10. 13. 27. 24.  8. 15. 18. 22.  4. 23. 19. 26.  0.] 
26:[ 0.  4. 17. 23. 26. 19. 13. 27.  6.  8. 18. 15. 12.  2. 14. 11. 10.  5.  3. 16.  1. 20.  9.  7. 25. 22. 24. 21.] 
27:[ 7. 20.  9. 25.  1. 13. 27. 21.  6.  5. 16. 17. 12. 23. 18.  4.  8. 14. 22. 11.  2. 10.  3. 26.  0. 19. 15. 24.] 
POSCARS
EA97    4.276  2.469  2.469 119.97 73.24 106.76 Sym.group:  216
1.0
   4.2761579999999997    0.0215250000000000    0.0394400000000000
  -0.7002260000000000    1.2684359999999999   -1.9996860000000001
   0.6871410000000000    1.2016739999999999    2.0448279999999999
N B
2 2
direct
   0.6083840000000000    0.6889510000000000    0.8151490000000000 N
   0.1083840000000000    0.1885460000000000    0.3157960000000000 N
   0.9834430000000000    0.8135540000000000    0.6908970000000000 B
   0.4834420000000000    0.3139750000000000    0.1902190000000000 B
EA123   5.647  3.102  3.101 90.00 90.03 90.01 Sym.group:  129
1.0
   5.6474359999999999   -0.0058580000000000    0.0235360000000000
   0.0028310000000000    3.1019470000000000   -0.0016190000000000
  -0.0143380000000000    0.0016730000000000    3.1010089999999999
Cl P
2 2
direct
   0.0491200000000000    0.8893030000000000    0.6548640000000000 Cl
   0.3445530000000000    0.3894800000000000    0.1569170000000000 Cl
   0.6991170000000000    0.8893890000000000    0.6615680000000000 P
   0.6945690000000000    0.3892620000000000    0.1612970000000000 P
EA275   2.813  2.813  6.299 89.87 102.79 60.12 Sym.group:  166
1.0
   1.4122960000000000    2.4327350000000001    0.0061990000000000
  -1.4056450000000000    2.4363750000000000    0.0073130000000000
  -1.4058700000000000   -0.8123250000000000    6.0864279999999997
Be Cl
2 2
direct
   0.0196630000000000    0.5948790000000000    0.4055390000000000 Be
   0.5253679999999999    0.8440730000000000    0.6624949999999999 Be
   0.9806180000000000    0.1164900000000000    0.8455670000000000 Cl
   0.5644380000000000    0.3224570000000000    0.2224670000000000 Cl
EA18    2.822  2.833  4.690 90.32 90.23 60.73 Sym.group:  164
1.0
   1.4439240000000000   -2.4244420000000000    0.0032630000000000
   2.8324150000000001    0.0742730000000000   -0.0098110000000000
  -0.0105710000000000    0.0217840000000000    4.6904250000000003
C P
2 2
direct
   0.9990000000000000    0.9942210000000000    0.3454370000000000 C
   0.9988210000000000    0.9991910000000001    0.6608760000000000 C
   0.3326470000000000    0.3291990000000000    0.1795880000000000 P
   0.6651750000000000    0.6642130000000001    0.8267250000000000 P
EA14    2.461  2.461  4.073 90.00 90.00 120.00 Sym.group:  186
1.0
   2.4611839999999998    0.0001860000000000   -0.0017710000000000
  -1.2306960000000000    2.1314380000000002    0.0008860000000000
   0.0031600000000000    0.0000000000000000    4.0726279999999999
N B
2 2
direct
   0.6728370000000000    0.3458740000000000    0.1324850000000000 N
   0.3397440000000000    0.6799690000000000    0.6324850000000000 N
   0.3395030000000000    0.6792210000000000    0.0064780000000000 B
   0.6730610000000000    0.3466200000000000    0.5064770000000000 B
EA40    3.302  3.304  5.255 90.00 90.00 119.97 Sym.group:  194
1.0
   3.3019690000000002    0.0002330000000000   -0.0010690000000000
  -1.6505240000000001    2.8620000000000001   -0.0003000000000000
   0.0014970000000000    0.0013480000000000    5.2548159999999999
Al P
2 2
direct
   0.9987549999999999    0.0054590000000000    0.9985550000000000 Al
   0.9988020000000000    0.0054790000000000    0.4985540000000000 Al
   0.6655219999999999    0.3390830000000000    0.7485600000000000 P
   0.3320310000000000    0.6718530000000000    0.2485520000000000 P
EA5     2.791  2.792  3.569 89.82 89.86 60.04 Sym.group:  187
1.0
   1.4297830000000000    2.3968550000000000   -0.0448400000000000
  -1.3630290000000000    2.4357240000000000   -0.0493280000000000
  -0.0070970000000000    0.0812810000000000    3.5685330000000000
O Li
2 2
direct
   0.3330630000000000    0.0810250000000000    0.5309900000000000 O
   0.3322780000000000    0.0798410000000000    0.9545490000000000 O
   0.9994960000000001    0.7465440000000000    0.7427790000000000 Li
   0.6655300000000000    0.4143290000000000    0.2427620000000000 Li
EA122   3.658  3.658  3.371 90.00 90.00 92.66 Sym.group:  123
1.0
   3.6567090000000002   -0.0867660000000000   -0.0089370000000000
  -0.0832930000000000    3.6570149999999999    0.0165820000000000
   0.0077750000000000   -0.0150320000000000    3.3704790000000000
Al Si
2 2
direct
   0.7587080000000000    0.2476840000000000    0.4975030000000000 Al
   0.2581390000000000    0.7474740000000000    0.4974190000000000 Al
   0.2589800000000000    0.2473450000000000    0.9974730000000001 Si
   0.7578530000000000    0.7477740000000000    0.9974440000000000 Si
EA88    2.997  2.995  6.979 90.01 90.09 119.93 Sym.group:  164
1.0
   2.9968309999999998   -0.0235090000000000    0.0037260000000000
  -1.4738770000000001    2.6074269999999999    0.0030110000000000
  -0.0203500000000000   -0.0214480000000000    6.9790400000000004
Cl Mg
2 2
direct
   0.0072470000000000    0.9945030000000000    0.0901720000000000 Cl
   0.3412810000000000    0.6617450000000000    0.7858309999999999 Cl
   0.3416280000000000    0.6614900000000000    0.2944480000000000 Mg
   0.0067290000000000    0.9948920000000000    0.5815460000000000 Mg
EA7     3.625  3.625  3.332 90.00 90.00 90.00 Sym.group:  123
1.0
   3.6252330000000001   -0.0011210000000000    0.0003220000000000
   0.0011950000000000    3.6252190000000000    0.0016460000000000
  -0.0002880000000000   -0.0015150000000000    3.3316040000000000
Mg Li
2 2
direct
   0.6201150000000000    0.6232880000000000    0.6368300000000000 Mg
   0.1202830000000000    0.1232430000000000    0.6365030000000000 Mg
   0.1199110000000000    0.6231380000000000    0.1366970000000000 Li
   0.6202810000000000    0.1232470000000000    0.1366900000000000 Li
EA457   2.538  4.866  2.529 89.78 90.08 90.74 Sym.group:  131
1.0
   2.5343619999999998   -0.0775900000000000   -0.1045540000000000
   0.0872620000000000    4.8646839999999996    0.0205710000000000
   0.1004480000000000   -0.0026590000000000    2.5265949999999999
N P
2 2
direct
   0.3688340000000000    0.2693370000000000    0.7484910000000000 N
   0.3826040000000000    0.7683140000000001    0.7478790000000000 N
   0.3758940000000000    0.5188230000000000    0.2481900000000000 P
   0.8756720000000000    0.0188370000000000    0.7481139999999999 P
EA104   2.393  7.779  2.394 90.76 62.10 81.30 Sym.group:  166
1.0
   2.3920650000000001    0.0650340000000000    0.0412650000000000
   0.9647100000000000    7.7172099999999997    0.1542300000000000
   1.0897640000000000   -0.2104310000000000    2.1206930000000002
C Cl
2 2
direct
   0.9111640000000000    0.3648850000000000    0.1786930000000000 C
   0.5753700000000000    0.3649480000000000    0.8429700000000000 C
   0.0196780000000000    0.6956360000000000    0.6201170000000000 Cl
   0.4567960000000000    0.0341320000000000    0.3925650000000000 Cl
EA273   3.267  5.262  3.275 72.09 89.92 72.14 Sym.group:  139
1.0
   3.2572770000000002   -0.2366790000000000   -0.0918090000000000
   1.9823670000000000    3.8341449999999999    3.0104280000000001
   0.0149660000000000   -1.0586789999999999    3.0996350000000001
Al S
2 2
direct
   0.8955780000000000    0.9574260000000000    0.0383110000000000 Al
   0.6404490000000000    0.4558070000000000    0.7833750000000000 Al
   0.1248000000000000    0.4889460000000000    0.2676990000000000 S
   0.4112270000000000    0.9242870000000000    0.5539870000000000 S
EA9     2.754  2.763  3.898 89.91 90.24 90.00 Sym.group:  225
1.0
   2.7536130000000001    0.0003320000000000    0.0059160000000000
  -0.0002510000000000    2.7629459999999999   -0.0025380000000000
  -0.0248570000000000    0.0096260000000000    3.8976380000000002
H Na
2 2
direct
   0.3749810000000000    0.3733480000000000    0.1248950000000000 H
   0.8862890000000000    0.8732330000000000    0.6259860000000000 H
   0.8751960000000000    0.8737360000000000    0.1259200000000000 Na
   0.3859780000000000    0.3737420000000000    0.6251810000000000 Na
EA237   3.077  3.077  6.387 103.80 103.81 60.08 Sym.group:  166
1.0
   1.5414200000000000    2.6636389999999999    0.0010510000000000
  -1.5398769999999999    2.6643400000000002   -0.0072570000000000
  -0.0179460000000000   -1.7529170000000001    6.1412370000000003
S Si
2 2
direct
   0.8843330000000000    0.1459110000000000    0.9263890000000000 S
   0.1010140000000000    0.3622070000000000    0.5762550000000000 S
   0.7013260000000000    0.9626040000000000    0.3776210000000000 Si
   0.2840180000000000    0.5455179999999999    0.1250220000000000 Si
EA268   2.874  2.873  6.121 89.71 90.32 119.87 Sym.group:  164
1.0
   2.8744070000000002   -0.0061880000000000    0.0068930000000000
  -1.4253830000000001    2.4946869999999999   -0.0017290000000000
  -0.0491440000000000    0.0120510000000000    6.1205809999999996
Be Cl
2 2
direct
   0.9931480000000000    0.0035690000000000    0.1559510000000000 Be
   0.9977680000000000    0.0010590000000000    0.8496060000000000 Be
   0.3303930000000000    0.6685950000000001    0.6854789999999999 Cl
   0.6605470000000000    0.3360420000000000    0.3201440000000000 Cl
EA9     3.535  3.538  4.372 66.13 113.84 89.99 Sym.group:  141
1.0
   3.5016240000000001    0.4839560000000000   -0.0003920000000000
  -0.4839390000000000    3.5051120000000000    0.0003880000000000
  -1.9923460000000000    1.5102000000000000    3.5864750000000001
Al Si
2 2
direct
   0.7532250000000000    0.7507960000000000    0.4994310000000000 Al
   0.0030600000000000    0.0009340000000000    0.9991090000000000 Al
   0.5033750000000000    0.5006130000000000    0.9997300000000000 Si
   0.2529090000000000    0.2511170000000000    0.4988110000000000 Si
EA231   4.336  3.143  3.143 90.00 89.99 90.00 Sym.group:  119
1.0
   4.3364339999999997    0.0001780000000000   -0.0005190000000000
  -0.0000800000000000    3.1427200000000002    0.0032470000000000
   0.0009940000000000   -0.0031540000000000    3.1431719999999999
Be S
2 2
direct
   0.1191090000000000    0.0092710000000000    0.2522740000000000 Be
   0.6191480000000000    0.5094050000000000    0.7523470000000000 Be
   0.3691760000000000    0.5092680000000001    0.2524190000000000 S
   0.8691770000000000    0.0093890000000000    0.7523570000000001 S
EA245   2.766  2.767  3.637 90.04 90.12 61.32 Sym.group:  164
1.0
   2.7660790000000000   -0.0258580000000000   -0.0020680000000000
   1.3504849999999999    2.4147609999999999   -0.0082960000000000
  -0.0049130000000000    0.0122750000000000    3.6371820000000001
B Be
2 2
direct
   0.0054240000000000    0.9968560000000000    0.3645330000000000 B
   0.6704410000000000    0.6611390000000000    0.1543400000000000 B
   0.0075860000000000    0.9983230000000000    0.8967300000000000 Be
   0.6683190000000000    0.6596810000000000    0.6221790000000000 Be
EA147   2.996  2.999  5.178 73.37 73.35 60.38 Sym.group:  216
1.0
   1.4932460000000001   -2.5971039999999999    0.0180820000000000
   2.9985070000000000    0.0145310000000000    0.0061030000000000
   1.4761340000000001   -0.8287470000000000    4.8930449999999999
B P
2 2
direct
   0.9908850000000000    0.6463530000000000    0.3190910000000000 B
   0.4906340000000000    0.1463590000000000    0.8190930000000000 B
   0.3659650000000000    0.0219840000000000    0.1948480000000000 P
   0.8657210000000000    0.5219900000000000    0.6948470000000000 P
EA54    2.761  3.165  2.761 90.01 90.06 90.05 Sym.group:  123
1.0
   2.7611260000000000   -0.0058660000000000    0.0104370000000000
   0.0041570000000000    3.1652330000000002   -0.0010700000000000
  -0.0132800000000000    0.0004560000000000    2.7611740000000000
Mg P
1 1
direct
   0.4719270000000000    0.5237270000000001    0.5175190000000000 Mg
   0.9723230000000000    0.0236670000000000    0.0171820000000000 P
EA125   3.047  3.111  3.202 89.76 90.52 90.00 Sym.group:  129
1.0
   3.0467860000000000   -0.0000550000000000    0.0033390000000000
  -0.0000940000000000    3.1108709999999999   -0.0101860000000000
  -0.0328360000000000    0.0237280000000000    3.2015600000000002
H P
2 2
direct
   0.2426430000000000    0.7489150000000000    0.5106240000000000 H
   0.7460620000000000    0.2478020000000000    0.4908810000000000 H
   0.2442380000000000    0.7486159999999999    0.9688870000000001 P
   0.7444740000000000    0.2483850000000000    0.0326210000000000 P
EA1     3.706  2.687  2.687 89.98 68.77 111.23 Sym.group:  139
1.0
   3.7063630000000001   -0.0127100000000000    0.0119180000000000
  -0.9640260000000000    2.5075820000000002   -0.0154630000000000
   0.9661270000000000    0.3877260000000000    2.4767039999999998
C B
2 2
direct
   0.2250170000000000    0.1202560000000000    0.8870150000000000 C
   0.7720690000000000    0.8942380000000000    0.1136900000000000 C
   0.4985170000000000    0.2574860000000000    0.2503560000000000 B
   0.4985700000000000    0.7570080000000000    0.7503500000000000 B
EA9     2.558  2.558  4.154 90.00 90.00 120.00 Sym.group:  186
1.0
   1.2797879999999999   -2.2145630000000001    0.0001290000000000
   1.2780560000000001    2.2155209999999999   -0.0019060000000000
   0.0026940000000000    0.0021730000000000    4.1543720000000004
O Be
2 2
direct
   0.3187550000000000    0.6586500000000000    0.1303500000000000 O
   0.6521370000000000    0.3252110000000000    0.6303460000000000 O
   0.6520600000000000    0.3252690000000000    0.0078250000000000 Be
   0.3187180000000000    0.6585320000000000    0.5077120000000001 Be
EA38    2.493  4.344  3.535 90.06 90.01 89.98 Sym.group:  191
1.0
   2.4929779999999999    0.0120400000000000    0.0011120000000000
  -0.0193490000000000    4.3433999999999999    0.0228970000000000
  -0.0021150000000000   -0.0226460000000000    3.5351050000000002
Al F
2 2
direct
   0.1352800000000000    0.3769140000000000    0.3730740000000000 Al
   0.6352830000000000    0.8769150000000000    0.3735150000000000 Al
   0.6350260000000000    0.8773110000000000    0.8734630000000000 F
   0.1346930000000000    0.3773080000000000    0.8731260000000000 F
EA120   2.598  2.598  7.015 89.99 90.00 90.12 Sym.group:  123
1.0
   2.5977730000000001    0.0045990000000000    0.0007530000000000
  -0.0099900000000000    2.5976319999999999   -0.0048070000000000
  -0.0022590000000000    0.0136650000000000    7.0149210000000002
Na S
2 2
direct
   0.2562920000000000    0.7504700000000000    0.2723070000000000 Na
   0.2587670000000000    0.7522600000000000    0.7722890000000000 Na
   0.7580800000000000    0.2533620000000000    0.0222570000000000 S
   0.7573110000000000    0.2499810000000000    0.5222440000000000 S
EA157   2.927  2.927  5.064 106.78 73.22 119.98 Sym.group:  216
1.0
   2.9268130000000001   -0.0061000000000000    0.0118420000000000
  -1.4573590000000001    2.5381730000000000   -0.0117750000000000
   1.4405770000000000   -0.8361280000000000    4.7824660000000003
C Si
2 2
direct
   0.1811680000000000    0.8183610000000000    0.1865780000000000 C
   0.6810480000000000    0.3187240000000000    0.6865980000000000 C
   0.8062030000000000    0.1933240000000000    0.3113380000000000 Si
   0.3060940000000000    0.6936730000000000    0.8113290000000000 Si
EA1     2.891  2.880  4.081 89.57 90.09 90.00 Sym.group:  225
1.0
   2.8911319999999998   -0.0003270000000000    0.0019110000000000
   0.0002030000000000    2.8802469999999998   -0.0082450000000000
  -0.0088840000000000    0.0424570000000000    4.0804640000000001
F Na
2 2
direct
   0.3711040000000000    0.8696680000000000    0.9639440000000000 F
   0.8750260000000000    0.3707220000000000    0.4635940000000000 F
   0.8712290000000000    0.3703310000000000    0.9633980000000000 Na
   0.3753950000000000    0.8713330000000000    0.4642500000000000 Na
