NUMBER OF TEMPLATES 30
COMPOSITION A 2 B
pairs , SPACEGROUPS 
[Li O] , 225 
[S H] , 129 
[C Na] , 191 
[Si S] , 122 
[C Cl] , 191 
[Na S] , 194 
[B S] , 141 
[Na F] , 139 
[Cl Si] , 140 
[Be Al] , 227 
[Li Si] , 191 
[Al O] , 166 
[Si Li] , 191 
[Si Mg] , 191 
[Na Mg] , 191 
[Al P] , 140 
[Mg Na] , 164 
[Mg Li] , 139 
[Si B] , 164 
[Na Be] , 164 
[Al N] , 164 
[C F] , 164 
[Na C] , 191 
[N Mg] , 187 
[B Be] , 216 
[Li S] , 225 
[N Al] , 166 
[Cl Mg] , 186 
[B Al] , 191 
[H S] , 224 
RANKING VECTORS ENTHALPIES
0:[-279.57511676 -279.57494811 -279.53122356 -279.52643617 -279.52637725 -279.5094304  -279.30232205 -279.30218998 -279.26134419 -279.26110143 -279.25049821 -279.22223527 -279.12814638 -279.06630389 -279.01468435 -279.00185226 -279.00184491 -279.00184302 -279.00181925 -279.00180055 -279.00158174 -278.99813327 -278.9543452  -278.61633823 -278.51416362 -278.3659474  -278.2145775  -277.88066037 -277.83096144 -277.5181716 ] 
1:[-201.81432065 -201.75766909 -201.55784647 -201.52042925 -201.46636749 -201.42583823 -201.34977635 -201.31449323 -201.29161811 -201.2602565 -201.25256737 -201.24807555 -201.24020362 -201.21138274 -201.19447052 -201.19010994 -201.18908052 -201.16211477 -201.10847685 -200.97502491 -200.9467383  -200.94597357 -200.93733256 -200.93732672 -200.92229268 -200.91898663 -200.9153098  -200.91358023 -200.56332634 -200.42004414] 
2:[-520.76737791 -520.76621517 -520.76516705 -520.76270464 -520.76258182 -520.75376108 -520.63154837 -520.34886591 -520.27322344 -519.24452024 -519.23357327 -519.04530038 -518.91828673 -518.91011344 -518.88853527 -518.84696845 -518.83199833 -518.82700408 -518.8267846  -518.82530554 -518.82508804 -518.82071745 -518.81965312 -518.7793094  -518.53201123 -518.29802286 -517.81574986 -517.08874368 -517.08329999 -514.39929099] 
3:[-172.86261627 -172.52006288 -172.39291242 -172.38582098 -172.37425056 -172.37299692 -172.35585699 -172.3462334  -172.28339172 -172.24406331 -172.16912808 -172.12745064 -172.11086176 -172.10879538 -172.10844717 -172.10728036 -172.10706901 -172.10060283 -172.09564644 -172.08319286 -172.07384084 -172.05359413 -172.04683744 -171.99895095 -171.977213 -171.87927825 -171.80461551 -171.72033814 -171.6855601  -170.11213911] 
4:[-254.51913895 -254.50708183 -254.50438068 -254.50209189 -254.50148743 -254.49614681 -254.49613255 -254.49602093 -254.4860167  -254.48500297 -254.46644408 -254.42271083 -253.33087286 -252.86614758 -252.78873423 -252.56261367 -252.55797267 -252.45791342 -252.40776896 -252.22979134 -252.14207242 -252.09434014 -251.56336903 -251.47273554 -251.24416888 -251.21760809 -251.07003087 -250.76188325 -250.75248691 -250.50881192] 
5:[-925.40444052 -925.40375188 -925.21509116 -925.21484307 -925.21376852 -925.21374535 -925.21369128 -925.21368563 -925.21366623 -925.21345908 -925.21322395 -925.21131459 -925.21015903 -925.18136628 -925.15104294 -925.10961505 -924.96513354 -924.87283586 -924.87227571 -924.85676102 -924.8314019  -924.66860038 -924.63649544 -924.60725264 -924.16354419 -924.08437208 -923.90485309 -923.63038597 -923.12691309 -922.73689787] 
6:[-150.66563969 -150.1801219  -150.02501956 -149.95491145 -149.8590586 -149.85817127 -149.85469549 -149.81316528 -149.79870538 -149.70349094 -149.59818341 -149.56382893 -149.56353737 -149.56342726 -149.56342059 -149.56262013 -149.56184527 -149.56178008 -149.55977727 -149.51009758 -149.48082733 -149.39051194 -149.09741831 -149.06183205 -149.02433106 -149.02179967 -148.9488199  -148.94488904 -148.8785301  -148.47748252] 
7:[-1049.44540613 -1049.41239808 -1049.38879484 -1049.34007989 -1049.33584696 -1049.33248184 -1049.31418021 -1049.27206507 -1049.23407993 -1049.23248024 -1049.187073   -1049.10901985 -1049.10617607 -1049.09201558 -1048.94046449 -1048.9090554 -1048.89191221 -1048.85907804 -1048.85578149 -1048.64882144 -1048.64812601 -1048.64808605 -1048.64569222 -1048.64469189 -1048.64407065 -1048.62985343 -1048.62405949 -1048.62317164 -1048.34318038 -1048.17100224] 
8:[-331.46678232 -331.06269766 -330.9313599  -330.86727932 -330.86645822 -330.86554415 -330.85420947 -330.83955037 -330.8358097  -330.83415687 -330.8246013  -330.8117254  -330.80314909 -330.74904713 -330.65779192 -330.65014211 -330.6473761  -330.6385704  -330.52374932 -330.2219167 -330.21569015 -330.21419066 -330.21418626 -330.21294406 -330.21211534 -330.21211253 -330.20978175 -329.69006224 -329.67340596 -329.61312725] 
9:[-271.17990977 -271.16276167 -270.91984301 -270.91970112 -270.91965517 -270.91954078 -270.91882428 -270.91803752 -270.91750085 -270.91517445 -270.913755   -270.90341868 -270.84820632 -270.84247282 -270.76524882 -270.75345602 -270.73924867 -270.71886789 -270.68768108 -270.65620416 -270.6069575  -270.60369465 -270.36749276 -270.33467484 -270.31734023 -270.30567274 -270.02327434 -270.00127935 -269.48073296 -267.15318039] 
10:[-165.9399674  -165.93339673 -165.93266637 -165.93183528 -165.93153265 -165.92660843 -165.92579984 -165.92364125 -165.89125259 -165.89101601 -165.69987487 -165.57686309 -165.57333273 -165.56253714 -165.53699111 -165.53123527 -165.52169545 -165.49697371 -165.46957002 -165.45573847 -165.24792142 -165.23975255 -165.17919246 -165.15151688 -165.06061796 -164.97898488 -164.94133207 -164.76114476 -164.76043582 -162.89021777] 
11:[-189.31108819 -189.16106477 -189.04774809 -189.04387556 -189.00003351 -188.78730484 -188.75354919 -188.69126183 -188.58851375 -188.54353573 -188.51574883 -188.50700188 -188.47780942 -188.4342282  -188.40400292 -188.17531298 -187.65149102 -187.30191679 -187.28901595 -187.16853773 -186.92149462 -186.92009268 -186.91947425 -186.91944966 -186.91899211 -186.9182809  -186.9182425  -186.91517256 -186.62781874 -186.61561746] 
12:[-138.41282877 -138.37464009 -138.3722155  -138.37079887 -138.37079828 -138.35922962 -138.35530045 -138.35329915 -138.35319244 -138.35243156 -138.3479361  -138.33532115 -138.27064974 -138.2638788  -138.26174837 -138.23835552 -138.23074615 -138.22735621 -138.21938951 -138.19535772 -138.13189248 -138.13083687 -138.12632363 -138.07900662 -138.0564251 -138.04800647 -137.87073358 -137.85955532 -137.8279383  -135.9283734 ] 
13:[-610.95181579 -610.94082547 -610.93288463 -610.93272457 -610.92420565 -610.91566673 -610.9154259  -610.91021879 -610.90399362 -610.90360023 -610.75310635 -610.7263872  -610.71239807 -610.70279449 -610.65833049 -610.60153124 -610.59105999 -610.55100577 -610.52297915 -610.38280066 -610.36511027 -610.2761951  -610.13119393 -610.12668837 -609.9644989 -609.94784759 -609.87631996 -609.87010477 -607.86576612 -606.85694477] 
14:[-1361.76267441 -1361.75631281 -1361.75545736 -1361.7441555 -1361.73376477 -1361.7312624  -1361.730999   -1361.73097388 -1361.73043651 -1361.72997358 -1361.72896949 -1361.72794384 -1361.71551294 -1361.71171397 -1361.70927711 -1361.70419014 -1361.70317037 -1361.70066618 -1361.68249424 -1361.68184857 -1361.64261805 -1361.5750471  -1361.54767508 -1361.43448473 -1361.277069   -1360.95523505 -1360.79540862 -1360.78994296 -1359.63434275 -1359.39551134] 
15:[-100.68313263 -100.68116632 -100.64115198 -100.63862405 -100.62657883 -100.6167333  -100.57911891 -100.57739467 -100.55578606 -100.53200433 -100.44818332 -100.41581514 -100.30308377 -100.28378951 -100.26992874 -100.23100757 -100.22825982 -100.22754967 -100.21041307 -100.20988681 -100.1880309  -100.18765881 -100.18647201 -100.18376354 -100.17415909 -100.03343587 -100.02368665 -100.00691394  -99.79223094  -98.12318187] 
16:[-1486.03636719 -1486.03526975 -1486.03058222 -1486.02076612 -1486.01995589 -1485.98003225 -1485.97335883 -1485.93307061 -1485.8952049  -1485.88444985 -1485.88147056 -1485.87940971 -1485.87694477 -1485.8751047  -1485.87383107 -1485.86569542 -1485.86459994 -1485.8539591  -1485.83802249 -1485.77192702 -1485.74445768 -1485.70833707 -1485.70029785 -1485.69347233 -1485.07437125 -1485.07075201 -1485.04366965 -1485.0081907 -1484.55141427 -1483.82445355] 
17:[-1137.85315296 -1137.84571758 -1137.78920317 -1137.75539115 -1137.71998822 -1137.69728646 -1137.6905866  -1137.68918475 -1137.68742834 -1137.66585901 -1137.60996907 -1137.58375745 -1137.57856008 -1137.57410815 -1137.5737292  -1137.57369802 -1137.57307176 -1137.57138644 -1137.55926676 -1137.55274884 -1137.55120949 -1137.51746918 -1137.51569145 -1137.42000318 -1137.14781379 -1137.07361073 -1137.06507052 -1136.66462211 -1136.07446359 -1135.92254401] 
18:[-99.81167123 -99.80349296 -99.70621764 -99.68285584 -99.64921169 -99.62996375 -99.57527346 -99.56285247 -99.53715065 -99.47617502 -99.46900234 -99.44770606 -99.40540294 -99.34448655 -99.34225767 -99.32364759 -99.31563579 -99.30539534 -99.24737665 -98.795146 -98.78227348 -98.78227328 -98.78014586 -98.78014543 -98.77964558 -98.77769718 -98.77427331 -98.7665399  -98.42404473 -98.30203341] 
19:[-950.52944068 -950.51463337 -950.50706973 -950.50571264 -950.50566058 -950.50423873 -950.50399849 -950.50074149 -950.4999911  -950.49870862 -950.4556079  -950.43798765 -950.40220664 -950.38986408 -950.38950596 -950.36982539 -950.36659751 -950.36559462 -950.32596164 -950.20597433 -950.19344856 -950.19070459 -950.12947677 -950.0801985  -949.930266 -949.84323437 -949.51278502 -949.4505289  -949.43970563 -948.33610204] 
20:[-133.67040991 -133.56915802 -133.56724383 -133.52131074 -133.47785411 -133.19120956 -133.13612754 -133.00819266 -132.91843825 -132.8693988 -132.86605819 -132.76708317 -132.74445759 -132.72317208 -132.44976079 -132.35955063 -131.91223523 -131.79791971 -131.78436416 -131.59960771 -130.82928329 -130.8262256  -130.82622036 -130.82163847 -130.81575735 -130.81122196 -130.80208269 -130.7950963  -130.5969     -130.57431489] 
21:[-330.45276997 -329.72012044 -329.63322684 -329.63292706 -329.63291459 -329.63200742 -329.63111033 -329.63023709 -329.61894307 -329.61635994 -329.61474496 -329.59923972 -328.72763657 -328.62138645 -328.34610674 -328.27495412 -328.02494767 -327.71950136 -327.58840721 -327.34852503 -327.08550355 -327.04792352 -327.03649234 -326.96300862 -326.87482557 -326.75559815 -326.67773376 -325.39337713 -325.36753702 -325.25213806] 
22:[-879.02594799 -878.71883823 -878.67624835 -878.67541199 -878.66234097 -878.6589977  -878.65595267 -878.65589104 -878.65520864 -878.64785486 -878.64653521 -878.61193325 -878.57290723 -878.49588045 -878.49360226 -878.42522557 -878.42500801 -878.33085249 -878.21492747 -877.88765618 -877.88316233 -877.85945452 -877.85315957 -877.84725729 -877.82330702 -877.78451869 -877.74384252 -877.72533904 -877.46460086 -876.47703628] 
23:[-724.00587701 -723.97020354 -723.880225   -723.66597022 -723.66584761 -723.19804393 -723.00136015 -722.91181654 -722.8957408  -722.87732688 -722.86444598 -722.83555334 -722.83338652 -722.81464281 -722.81292187 -722.81279635 -722.81069158 -722.80976547 -722.80961041 -722.80906819 -722.80903474 -722.64867931 -722.64239238 -722.46724012 -722.46662819 -722.4569324  -722.33701324 -722.22244601 -721.85876485 -720.31233613] 
24:[-177.95721653 -177.75753581 -177.75252171 -177.74942457 -177.74826595 -177.74597446 -177.74209701 -177.7408393  -177.73903022 -177.73448064 -177.7223837  -177.60949753 -177.52715155 -177.33480717 -177.32469192 -177.22142681 -177.18358137 -177.17853455 -177.17392527 -177.1738214 -177.15336826 -177.15290716 -177.12630635 -177.07141805 -177.00334469 -176.97145135 -176.93205929 -176.83063833 -176.33844523 -174.82968697] 
25:[-228.64775571 -228.64757383 -228.6395365  -228.55971034 -228.45599043 -228.45522833 -228.45419463 -228.42497028 -228.40422575 -228.40410878 -228.30151136 -228.28494145 -228.27205859 -228.25070537 -228.24313479 -228.24313147 -228.24287106 -228.2428058  -228.24280322 -228.2427532 -228.2416168  -228.24037696 -228.12641771 -228.022024   -227.75620395 -227.48335325 -227.36162574 -227.25849438 -227.15031295 -226.74873866] 
26:[-206.99684253 -206.83476648 -206.74284475 -206.24199682 -206.22821914 -206.12224394 -206.06222603 -206.05893944 -206.00006106 -205.84489385 -205.81838676 -205.81254538 -205.69828289 -205.64505384 -205.64446386 -205.57853469 -205.57046428 -205.27924073 -204.98420511 -204.98408236 -204.98230144 -204.97948964 -204.97726293 -204.9750214  -204.97482566 -204.97212251 -204.93278821 -204.72452448 -204.6300498  -204.21576453] 
27:[-832.61931238 -832.61797934 -832.61170882 -832.46470549 -832.36267991 -832.3170612  -832.30426436 -832.27339024 -832.2321938  -832.22754781 -832.20959117 -832.19967508 -832.19953435 -832.13881244 -831.75874791 -831.68837767 -831.32625598 -831.25465109 -831.1908529  -831.15493344 -831.15429277 -831.15423089 -831.15334544 -831.15331894 -831.15330627 -831.15188123 -831.10025101 -830.70374823 -830.45492852 -830.35085057] 
28:[-71.98441352 -71.98378079 -71.98304533 -71.98133527 -71.98100777 -71.98100283 -71.98031864 -71.97963683 -71.97764923 -71.97763385 -71.97710517 -71.8463677  -71.75048373 -71.28940646 -71.13618029 -71.12383623 -71.11175248 -71.08084987 -71.03817192 -71.02392171 -70.80450415 -70.70041745 -70.6630637  -70.57187239 -70.54797161 -70.43902021 -70.34273426 -70.33610303 -69.68150967 -67.72102143] 
29:[-108.09189082 -108.006145   -107.98933163 -107.98132758 -107.93609022 -107.92844738 -107.91173837 -107.89347682 -107.88691667 -107.81264772 -107.80243839 -107.77793498 -107.74433479 -107.73633676 -107.71361799 -107.71349628 -107.70866797 -107.70486932 -107.70307014 -107.64783648 -107.52843956 -107.51891951 -107.50986613 -107.42270055 -107.42133046 -107.41070207 -107.41041871 -107.41037621 -107.40835571 -107.25176482] 
RANKING VECTORS IDX
0:[25.  0. 27.  5. 20.  1.  7. 17. 18. 16. 24. 19.  3. 15. 26. 10. 14. 28. 13. 12.  4.  2. 22. 23. 29.  6.  8. 21.  9. 11.] 
1:[11.  1.  3. 21. 20.  5. 18. 27. 26. 17.  7.  8.  6. 25.  0. 23. 16. 15. 29.  4.  2. 14. 10. 22. 19. 13. 28. 12. 24.  9.] 
2:[16.  4.  2. 28. 18. 13. 27. 21.  6.  1. 17.  7.  9.  3. 15. 26. 23. 14. 12. 10. 20. 22. 19.  8. 11. 24.  5.  0. 25. 29.] 
3:[ 6.  3. 16. 18. 20. 27. 17.  7. 19. 21.  5. 12. 10. 22. 26. 28. 23. 13. 14. 15.  8.  1.  4. 11.  2.  9. 24. 25.  0. 29.] 
4:[19. 10. 21.  2.  4. 16. 18. 28. 13. 12. 14. 27.  6.  1. 17.  8. 26. 20. 11. 23. 15.  3.  5.  7.  9. 22. 24.  0. 25. 29.] 
5:[27.  5.  7. 17. 10. 22. 28. 13. 12. 18. 19. 14.  4.  2.  1. 26. 24. 25.  0. 15. 20.  3.  6.  9. 16.  8. 11. 23. 21. 29.] 
6:[ 6. 11. 20. 21. 16. 18. 19. 27. 26.  3. 15.  4.  2. 13. 14. 28. 10. 22. 12.  1. 23.  8.  5. 24.  7. 17.  9.  0. 25. 29.] 
7:[ 7. 17. 20. 16. 18. 27. 15. 26.  3. 23.  6. 25.  0. 21.  1.  5.  8. 11. 19. 14. 10. 22.  2. 13.  4. 12. 24. 28. 29.  9.] 
8:[ 8. 15. 19.  7. 17. 23.  1. 18. 16. 27.  5.  3.  6. 20. 26.  0. 25. 21. 11.  2. 12. 13. 14. 28. 10. 22.  4. 24. 29.  9.] 
9:[ 3.  9. 13. 14. 10. 22. 18. 19. 28.  4. 12.  2. 17.  7. 15. 27. 16. 20.  1.  5.  6. 24. 21. 11. 26. 23. 25.  0.  8. 29.] 
10:[19. 10. 22. 28. 12.  2. 13. 14.  7. 17.  5.  1.  3.  9. 23. 16. 15. 27. 26. 20. 18.  4.  6. 11. 21. 24.  8. 25.  0. 29.] 
11:[11. 20. 16. 18. 27.  6. 26. 23. 29.  8. 17.  1.  7. 15.  3. 19.  5. 25.  0. 21. 28. 12. 10. 22.  2. 14. 13.  4. 24.  9.] 
12:[ 4. 19. 14. 10. 22. 18. 13. 28.  2. 12. 17.  7. 16. 20. 27. 15.  3. 23.  5. 26.  1. 11.  9.  8. 25.  0.  6. 24. 21. 29.] 
13:[ 4. 12. 10. 22. 14. 19. 13. 28.  9.  3. 16. 27. 26. 11. 23. 17.  7.  5. 20. 15. 18.  1. 24. 21.  0. 25.  8.  6.  2. 29.] 
14:[18. 16. 20. 27. 13. 19. 14. 10. 22. 12. 28. 23.  4. 26. 17. 21.  9.  7. 11.  3.  2.  5.  1. 15.  8. 24.  0. 25. 29.  6.] 
15:[17.  7. 11.  5.  1.  3. 16. 15. 27. 19. 20. 18. 26. 23.  8. 21. 28.  2. 13. 14. 10. 22.  6.  4. 12.  0.  9. 25. 24. 29.] 
16:[18. 19. 27. 20. 16. 17.  7.  5. 21. 28. 14. 10. 22. 13. 12.  2. 23. 26.  4.  3. 15.  8.  9.  1.  0. 25. 11. 24.  6. 29.] 
17:[ 7. 17.  5. 19. 15. 16. 20. 27. 18.  3.  8.  4. 28. 12. 10. 13. 22. 14.  1. 23. 26. 11.  2. 21.  9.  0. 25. 24. 29.  6.] 
18:[18. 16. 20. 11. 21. 27. 15. 26.  3. 17.  7.  1. 23.  8.  0.  5. 19. 25.  6. 24. 10. 22. 13. 14. 12.  4.  2. 28. 29.  9.] 
19:[ 4. 18. 10. 14. 13. 22. 12. 28.  2. 19. 15.  8. 21. 20. 16. 27. 11. 26. 23.  3. 17.  9.  6.  5.  1.  7. 24. 25.  0. 29.] 
20:[20. 18. 16. 27. 19. 26.  1. 23.  6.  7. 17.  3. 11. 15.  8. 29.  5.  0. 25. 21. 24. 14. 13. 12. 22. 28.  2.  4. 10.  9.] 
21:[21. 27.  2. 10.  4. 18. 13. 14. 19. 22. 12. 28.  1.  6. 17.  7. 11.  3. 20. 15. 24.  9. 23. 26.  8.  5. 16. 25.  0. 29.] 
22:[21.  4. 10. 22. 18. 12. 13. 14. 19.  2. 28.  8. 15.  7. 17.  5. 27.  3.  1. 25.  0. 24. 16.  9. 20.  6. 26. 23. 11. 29.] 
23:[26. 23. 15.  7. 17.  8.  6.  1. 20. 18. 19. 16. 27. 14. 12. 13.  4.  2. 28. 10. 22.  3.  5.  0. 25. 11. 24.  9. 21. 29.] 
24:[24. 12.  4.  2. 28. 13. 14. 10. 18. 22. 19.  6. 26.  9.  3. 15. 20. 25.  0. 16. 17.  7. 27. 23. 21.  1. 11.  5.  8. 29.] 
25:[ 5. 20. 27.  1.  0. 25. 26. 24.  7. 17. 21. 18. 19.  3. 10. 22. 12. 13. 14.  2. 28.  4.  6. 15.  9. 23. 16.  8. 11. 29.] 
26:[26. 23. 15.  8. 20.  6. 17.  7.  3.  1. 25.  0. 27. 18. 16.  5. 19. 11. 10. 22.  2.  4. 28. 13. 14. 12. 24. 21. 29.  9.] 
27:[18. 16. 27. 17.  1. 26.  7. 19.  5. 15.  3. 25.  0. 23.  8. 20. 29.  6. 24. 28. 13. 10. 22. 12.  4. 14.  2. 11. 21.  9.] 
28:[12. 18. 19.  2. 10. 22.  4. 16. 13. 14. 28.  6. 27. 20.  9.  3. 21. 15.  1. 24.  7. 17. 26. 11. 23.  5.  0. 25.  8. 29.] 
29:[29. 15. 27.  3.  6.  7.  1. 21.  8. 17. 26. 11. 19. 18.  0. 25. 16. 20.  5. 23.  2.  4. 24. 12. 13. 14. 10. 22. 28.  9.] 
POSCARS
EA5     2.930  4.139  2.929 90.00 90.00 90.00 Sym.group:  225
1.0
   2.9296359999999999   -0.0001030000000000    0.0004110000000000
   0.0001720000000000    4.1391260000000001   -0.0000350000000000
  -0.0005410000000000    0.0000810000000000    2.9289740000000002
Li O
4 2
direct
   0.0034140000000000    0.2482700000000000    0.9175470000000000 Li
   0.5034220000000000    0.2478550000000000    0.4175690000000000 Li
   0.0033170000000000    0.7483440000000000    0.9170250000000000 Li
   0.5033480000000000    0.7477790000000000    0.4170190000000000 Li
   0.0033690000000000    0.9980720000000000    0.4172120000000000 O
   0.5033440000000000    0.4980520000000000    0.9172250000000000 O
EA111   3.236  3.237  5.251 90.00 89.97 90.07 Sym.group:  129
1.0
   3.2318790000000002    0.1610350000000000   -0.0001510000000000
  -0.1651230000000000    3.2331690000000002   -0.0001870000000000
   0.0031780000000000    0.0001310000000000    5.2509680000000003
S H
4 2
direct
   0.2506650000000000    0.4236970000000000    0.9715620000000000 S
   0.7505370000000000    0.9237060000000000    0.0266950000000000 S
   0.7514900000000000    0.4243500000000000    0.4989990000000000 S
   0.2516750000000000    0.9243630000000000    0.4992380000000000 S
   0.2474780000000000    0.4244220000000000    0.2265860000000000 H
   0.7491930000000000    0.9242580000000000    0.7716690000000000 H
EA7     2.514  2.514  3.827 90.00 90.00 60.00 Sym.group:  191
1.0
   1.2572360000000000    2.1772900000000002    0.0000260000000000
  -1.2570230000000000    2.1774719999999999    0.0026280000000000
   0.0041730000000000   -0.0024520000000000    3.8273950000000001
C Na
2 1
direct
   0.3382550000000000    0.3356890000000000    0.9009600000000000 C
   0.6716000000000000    0.6690010000000000    0.9011710000000001 C
   0.0031900000000000    0.0035400000000000    0.4010370000000000 Na
EA71    4.386  4.594  4.594 103.16 61.49 118.50 Sym.group:  122
1.0
   2.3277700000000001    1.8092699999999999   -3.2467830000000002
  -1.3056859999999999    2.6626120000000002    3.5088840000000001
   4.5821670000000001    0.0090980000000000    0.3285290000000000
Si S
4 2
direct
   0.7482940000000000    0.9482440000000000    0.6191480000000000 Si
   0.6994260000000000    0.4484170000000000    0.7179430000000000 Si
   0.2483480000000000    0.5466080000000000    0.2176920000000000 Si
   0.7973310000000000    0.0468320000000000    0.1192450000000000 Si
   0.3732330000000000    0.2476020000000000    0.4189410000000000 S
   0.1235500000000000    0.7478240000000000    0.9186120000000000 S
EA98    5.062  2.392  2.392 118.21 90.00 90.01 Sym.group:  191
1.0
   5.0619550000000002   -0.0073080000000000   -0.0100810000000000
   0.0029630000000000    2.3917959999999998    0.0202750000000000
   0.0025050000000000   -1.1482810000000001    2.0981339999999999
C Cl
2 1
direct
   0.5210580000000000    0.5124850000000000    0.3986680000000000 C
   0.5210570000000000    0.1776620000000000    0.7334560000000000 C
   0.0210720000000000    0.8456240000000000    0.0659550000000000 Cl
EA20    5.012  4.055  4.063 60.49 89.93 89.92 Sym.group:  194
1.0
   5.0123040000000003   -0.0093770000000000   -0.0066060000000000
   0.0130900000000000    4.0520849999999999    0.1460780000000000
   0.0131050000000000    1.8731380000000000    3.6059800000000002
Na S
4 2
direct
   0.8387450000000000    0.7536230000000000    0.8780810000000000 Na
   0.0890720000000000    0.0868620000000000    0.2101650000000000 Na
   0.3387800000000000    0.7537020000000000    0.8780900000000000 Na
   0.5888230000000000    0.4204910000000000    0.5459800000000000 Na
   0.0888340000000000    0.4208440000000000    0.5452210000000000 S
   0.5889980000000000    0.0864750000000000    0.2109880000000000 S
EA108   2.865  6.384  2.865 77.04 90.02 102.96 Sym.group:  141
1.0
   2.8651409999999999   -0.0140380000000000    0.0102970000000000
  -1.4012990000000001    6.2277870000000002    0.0105780000000000
  -0.0078370000000000    0.6522010000000000    2.7899259999999999
B S
4 2
direct
   0.7052840000000000    0.7688390000000001    0.2056640000000000 B
   0.0229090000000000    0.4040580000000000    0.8877950000000000 B
   0.9548870000000000    0.2688600000000000    0.4551430000000000 B
   0.2726950000000000    0.9040820000000001    0.1370120000000000 B
   0.6139720000000000    0.5864460000000000    0.7967590000000000 S
   0.3638460000000000    0.0864740000000000    0.5459480000000000 S
EA158   3.539  5.121  3.456 90.01 89.96 70.96 Sym.group:  139
1.0
   3.5373690000000000    0.1068990000000000   -0.0073920000000000
   1.5233939999999999    4.8895549999999997    0.0013210000000000
   0.0100000000000000   -0.0044000000000000    3.4557630000000001
Na F
4 2
direct
   0.2037140000000000    0.2404590000000000    0.0741140000000000 Na
   0.4570020000000000    0.7556710000000000    0.5743930000000000 Na
   0.7038250000000000    0.2402140000000000    0.5741230000000000 Na
   0.9573600000000000    0.7551410000000000    0.0743960000000000 Na
   0.5805080000000000    0.4979010000000000    0.0742220000000000 F
   0.0805040000000000    0.4978530000000000    0.5742310000000000 F
EA48    4.702  4.637  4.703 119.53 104.06 60.47 Sym.group:  140
1.0
   2.4257010000000001    4.0277180000000001    0.0025010000000000
  -2.2771740000000000    4.0395909999999997    0.0006250000000000
   1.1369020000000001   -2.0210569999999999    4.0916969999999999
Cl Si
4 2
direct
   0.9996699999999999    0.0720200000000000    0.8160849999999999 Cl
   0.6804650000000000    0.5725200000000000    0.4979480000000000 Cl
   0.9993400000000000    0.7526460000000000    0.1771530000000000 Cl
   0.3199700000000000    0.2527470000000000    0.4978370000000000 Cl
   0.4991340000000000    0.9128210000000000    0.9980760000000000 Si
   0.5003370000000000    0.4123870000000000    0.9984050000000000 Si
EA306   4.039  4.046  4.046 60.87 118.92 118.92 Sym.group:  227
1.0
   4.0386030000000002    0.0495900000000000    0.0339720000000000
  -1.9998830000000001    3.5173980000000000   -0.0254670000000000
  -1.9990310000000000    1.1536679999999999    3.3234450000000000
Be Al
4 2
direct
   0.8681640000000000    0.6190000000000000    0.1254580000000000 Be
   0.8676220000000000    0.1187650000000000    0.1254190000000000 Be
   0.8680710000000000    0.1190220000000000    0.6255110000000000 Be
   0.3679430000000000    0.1192270000000000    0.1256190000000000 Be
   0.2434810000000000    0.7448620000000000    0.7513580000000000 Al
   0.4924800000000000    0.4931520000000000    0.4996470000000000 Al
EA3     2.238  3.689  3.689 119.99 89.97 90.02 Sym.group:  191
1.0
   2.2377980000000002    0.0023890000000000   -0.0144990000000000
  -0.0053580000000000    3.6891600000000002   -0.0492520000000000
   0.0246410000000000   -1.8009980000000001    3.2192419999999999
Li Si
2 1
direct
   0.9869100000000000    0.6677149999999999    0.6619230000000000 Li
   0.0184500000000000    0.3345510000000000    0.9949150000000000 Li
   0.5024340000000000    0.0011410000000000    0.3284310000000000 Si
EA401   2.618  2.618  9.952 82.49 89.99 119.99 Sym.group:  166
1.0
   1.3094520000000001   -2.2668180000000002   -0.0125980000000000
   1.3085249999999999    2.2669410000000001    0.0141830000000000
   1.2962110000000000    0.6923120000000000    9.8430269999999993
Al O
4 2
direct
   0.5997220000000000    0.8680920000000000    0.0466240000000000 Al
   0.8373969999999999    0.3370320000000000    0.3331320000000000 Al
   0.0729280000000000    0.8148460000000000    0.6196430000000001 Al
   0.3359670000000000    0.3430230000000000    0.8331340000000000 Al
   0.1372780000000000    0.9375300000000000    0.4331060000000000 O
   0.5374660000000000    0.7367540000000000    0.2331520000000000 O
EA7     3.894  3.896  2.329 89.97 90.05 118.78 Sym.group:  191
1.0
   3.8935160000000000   -0.0205890000000000    0.0069580000000000
  -1.8576230000000000    3.4246089999999998   -0.0052370000000000
  -0.0060730000000000    0.0017520000000000    2.3293290000000000
Si Li
2 1
direct
   0.1654020000000000    0.1718740000000000    0.1499120000000000 Si
   0.5005440000000000    0.8365110000000000    0.1510130000000000 Si
   0.8330040000000000    0.5043600000000000    0.6502830000000001 Li
EA205   2.682  3.909  3.909 60.02 90.07 90.05 Sym.group:  191
1.0
   2.6823530000000000    0.0060960000000000    0.0223840000000000
  -0.0363820000000000    1.9575940000000001    3.3836800000000000
  -0.0288420000000000   -1.9525150000000000    3.3858180000000000
Si Mg
2 1
direct
   0.1179590000000000    0.0779170000000000    0.3554900000000000 Si
   0.1191710000000000    0.7444710000000000    0.0221410000000000 Si
   0.6182170000000000    0.4114790000000000    0.6885180000000000 Mg
EA101   4.180  4.179  2.721 89.98 90.00 60.06 Sym.group:  191
1.0
   4.1797649999999997    0.0279380000000000    0.0059540000000000
   2.0619459999999998    3.6353819999999999    0.0041520000000000
  -0.0038960000000000   -0.0000370000000000    2.7208060000000001
Na Mg
2 1
direct
   0.7541830000000000    0.1782980000000000    0.7399900000000000 Na
   0.0875720000000000    0.5113799999999999    0.7390460000000000 Na
   0.4208390000000000    0.8448700000000000    0.2396090000000000 Mg
EA1     4.609  4.605  4.613 81.95 115.50 64.57 Sym.group:  140
1.0
   4.6087049999999996   -0.0009520000000000    0.0024770000000000
   1.9783750000000000    4.1581000000000001    0.0026510000000000
  -1.9877880000000001    1.6585820000000000    3.8181150000000001
Al P
4 2
direct
   0.4995570000000000    0.5818840000000000    0.2633290000000000 Al
   0.4995940000000000    0.2358550000000000    0.9059890000000000 Al
   0.8512700000000000    0.7324320000000000    0.7610730000000000 Al
   0.1479010000000000    0.0841680000000000    0.4093770000000000 Al
   0.9963220000000000    0.6602280000000000    0.3333340000000000 P
   0.0028990000000000    0.1569450000000000    0.8366150000000000 P
EA45    2.654  2.653  6.757 90.06 89.82 119.94 Sym.group:  164
1.0
   2.6535030000000002   -0.0020020000000000   -0.0001750000000000
  -1.3221480000000001    2.2998230000000000   -0.0000800000000000
   0.0222630000000000    0.0043180000000000    6.7570769999999998
Mg Na
2 1
direct
   0.3478080000000000    0.3296290000000000    0.1550550000000000 Mg
   0.6755250000000000    0.9927930000000000    0.4791620000000000 Mg
   0.0057790000000000    0.6636500000000000    0.8170180000000000 Na
EA99    5.066  2.729  2.728 89.58 75.33 104.66 Sym.group:  139
1.0
   5.0656239999999997    0.0014550000000000   -0.0099780000000000
  -0.6911540000000000    2.6397080000000002   -0.0065350000000000
   0.6960440000000000    0.2093970000000000    2.6297839999999999
Mg Li
2 1
direct
   0.1131380000000000    0.3605820000000000    0.7312120000000000 Mg
   0.5053480000000000    0.0535230000000000    0.0378040000000000 Mg
   0.8091580000000000    0.7068170000000000    0.3844880000000000 Li
EA3     2.934  2.934  3.748 90.00 90.00 60.00 Sym.group:  164
1.0
   1.4671660000000000   -2.5409649999999999    0.0006470000000000
   2.9341309999999998    0.0001350000000000    0.0009950000000000
  -0.0011320000000000    0.0002090000000000    3.7480030000000002
Si B
2 1
direct
   0.6799550000000000    0.6571020000000000    0.2465980000000000 Si
   0.0132860000000000    0.9903729999999999    0.7841360000000001 Si
   0.3466210000000000    0.3237370000000000    0.5153670000000000 B
EA26    4.230  4.233  2.093 90.10 90.07 60.03 Sym.group:  164
1.0
   4.2298330000000002   -0.0004340000000000    0.0018640000000000
   2.1148889999999998    3.6665070000000002    0.0023410000000000
  -0.0034870000000000   -0.0036120000000000    2.0927180000000001
Na Be
2 1
direct
   0.9995640000000000    0.3335670000000000    0.1344610000000000 Na
   0.6662490000000000    0.0002510000000000    0.2147930000000000 Na
   0.3329810000000000    0.6669119999999999    0.6838440000000000 Be
EA106   2.721  8.415  2.722 90.00 60.00 90.00 Sym.group:  164
1.0
   2.7214619999999998   -0.0008370000000000    0.0005190000000000
   0.0026800000000000    8.4150690000000008   -0.0454450000000000
   1.3602520000000000    0.0124400000000000    2.3574600000000001
Al N
4 2
direct
   0.2385610000000000    0.0728040000000000    0.8357420000000000 Al
   0.2384240000000000    0.5728070000000000    0.8359070000000000 Al
   0.9051470000000000    0.8399500000000000    0.5026250000000000 Al
   0.5719030000000001    0.3056610000000000    0.1691090000000000 Al
   0.9051620000000000    0.4402660000000000    0.5024880000000000 N
   0.5717560000000000    0.7053490000000000    0.1693020000000000 N
EA117   2.441  6.940  2.439 89.93 60.03 89.99 Sym.group:  164
1.0
   2.4405880000000000   -0.0032440000000000    0.0317050000000000
   0.0102660000000000    6.9404120000000002   -0.0051650000000000
   1.1909360000000000    0.0028260000000000    2.1287370000000001
C F
4 2
direct
   0.0209080000000000    0.8044960000000000    0.7718980000000000 C
   0.6883740000000000    0.0914460000000000    0.4366490000000000 C
   0.3551190000000000    0.1622560000000000    0.1031540000000000 C
   0.6877950000000000    0.8753150000000000    0.4382620000000000 C
   0.3542960000000000    0.3551080000000000    0.1038270000000000 F
   0.0194920000000000    0.6116549999999999    0.7733680000000001 F
EA112   3.754  3.768  2.211 90.08 89.85 119.84 Sym.group:  191
1.0
   1.8426240000000000    3.2602959999999999   -0.2620650000000000
  -3.7641760000000000   -0.0176650000000000    0.1705410000000000
   0.1024020000000000    0.1258160000000000    2.2046839999999999
Na C
2 1
direct
   0.3315370000000000    0.4990260000000000    0.1499130000000000 Na
   0.6651620000000000    0.1659850000000000    0.1493050000000000 Na
   0.9982230000000000    0.8324150000000000    0.6495960000000000 C
EA30    2.714  2.717  3.766 90.01 90.00 60.07 Sym.group:  187
1.0
   2.7144740000000001    0.0017830000000000    0.0000840000000000
   1.3538429999999999    2.3554879999999998   -0.0023350000000000
  -0.0001430000000000    0.0033640000000000    3.7656399999999999
N Mg
2 1
direct
   0.4440260000000000    0.1245160000000000    0.8245070000000000 N
   0.4438150000000000    0.1245950000000000    0.5020580000000000 N
   0.1105420000000000    0.7906210000000000    0.1632350000000000 Mg
EA101   4.973  2.881  2.881 60.02 106.83 90.00 Sym.group:  216
1.0
   4.9729789999999996   -0.0128860000000000    0.0208210000000000
   0.0075870000000000    2.8809380000000000    0.0193110000000000
  -0.8402300000000000    1.4257979999999999    2.3580739999999998
B Be
4 2
direct
   0.1339030000000000    0.0910250000000000    0.3194680000000000 B
   0.0083030000000000    0.4663170000000000    0.5689680000000000 B
   0.6339060000000000    0.5917030000000000    0.3190760000000000 B
   0.5083040000000000    0.9668330000000001    0.5686690000000000 B
   0.2576600000000000    0.7162290000000000    0.0688290000000000 Be
   0.7576600000000000    0.2170040000000000    0.0683800000000000 Be
EA11    3.427  3.431  3.430 90.36 60.24 60.28 Sym.group:  225
1.0
   3.4266120000000000   -0.0317030000000000   -0.0424470000000000
   1.7281290000000000    2.9634230000000001   -0.0160090000000000
   1.7277460000000000   -1.0175829999999999    2.7829730000000001
Li S
2 1
direct
   0.4931640000000000    0.2465900000000000    0.7460900000000000 Li
   0.4935140000000000    0.7451000000000000    0.2467130000000000 Li
   0.9934809999999999    0.9956820000000000    0.9965830000000000 S
EA106   4.663  3.763  2.732 89.99 89.90 112.24 Sym.group:  166
1.0
   4.6628059999999998   -0.0151620000000000   -0.0081960000000000
  -1.4129769999999999    3.4880059999999999    0.0017240000000000
   0.0096680000000000    0.0031580000000000    2.7321949999999999
N Al
4 2
direct
   0.3976640000000000    0.0397100000000000    0.2545230000000000 N
   0.8976790000000000    0.5396620000000000    0.7542400000000000 N
   0.2721460000000000    0.2984130000000000    0.2554230000000000 N
   0.7721260000000000    0.7984450000000000    0.7551320000000000 N
   0.8349040000000000    0.1690540000000000    0.2546890000000000 Al
   0.3349030000000000    0.6690630000000000    0.7549700000000000 Al
EA93    3.117  3.124  9.674 89.99 90.00 119.78 Sym.group:  186
1.0
   3.1166220000000000   -0.0048310000000000   -0.0004350000000000
  -1.5472210000000000    2.7140770000000001   -0.0019760000000000
   0.0017260000000000    0.0092700000000000    9.6738750000000007
Cl Mg
4 2
direct
   0.8316720000000000    0.6687650000000001    0.1431300000000000 Cl
   0.4983810000000000    0.0085420000000000    0.3620350000000000 Cl
   0.1648590000000000    0.3380460000000000    0.6431430000000000 Cl
   0.4981750000000000    0.9983010000000000    0.8620160000000000 Cl
   0.1649560000000000    0.3332270000000000    0.0026910000000000 Mg
   0.8316560000000000    0.6735139999999999    0.5027260000000000 Mg
EA171   3.022  2.844  2.844 60.17 90.06 89.65 Sym.group:  191
1.0
   2.2411759999999998   -0.8250630000000000    1.8512329999999999
   0.9712010000000000    2.6730489999999998    0.0442100000000000
  -0.9564870000000000    1.8202890000000000    1.9642290000000000
B Al
2 1
direct
   0.8287380000000000    0.3307850000000000    0.7243410000000000 B
   0.8287300000000000    0.6647180000000000    0.0583240000000000 B
   0.3287310000000000    0.9976900000000000    0.3914120000000000 Al
EA39    3.469  3.452  3.449 89.98 90.02 90.05 Sym.group:  224
1.0
   3.4685589999999999    0.0170140000000000    0.0090690000000000
  -0.0197140000000000    3.4517449999999998   -0.0015360000000000
  -0.0102770000000000    0.0028630000000000    3.4491070000000001
H S
4 2
direct
   0.4984280000000000    0.0047170000000000    0.0021610000000000 H
   0.0097970000000000    0.4906150000000000    0.9968230000000000 H
   0.9883110000000001    0.9979440000000001    0.5040350000000000 H
   0.4995720000000000    0.5118690000000000    0.4957120000000000 H
   0.2493610000000000    0.2497720000000000    0.2526540000000000 S
   0.7488380000000000    0.7497630000000000    0.7531140000000000 S
