NUMBER OF TEMPLATES 20
COMPOSITION A 4 B
pairs , SPACEGROUPS 
[H Al] , 143 
[C F] , 166 
[H C] , 160 
[Be S] , 156 
[C B] , 166 
[Al N] , 164 
[Al O] , 156 
[Mg C] , 221 
[Al F] , 160 
[Na S] , 194 
[F Si] , 215 
[Cl Si] , 215 
[C Na] , 191 
[Li N] , 166 
[Al Cl] , 156 
[C S] , 164 
[Na H] , 221 
[Li O] , 166 
[O F] , 191 
[Li Si] , 166 
RANKING VECTORS ENTHALPIES
0:[-23.45612149 -23.23279475 -23.22361764 -23.22202687 -23.20367843 -23.18661977 -23.13972689 -23.13756089 -23.06476072 -23.04758261 -23.0133138  -22.99922834 -22.97670675 -22.96257648 -22.8830069 -22.86113602 -22.82635266 -22.80341915 -22.78443328 -22.4855225 ] 
1:[-263.08334259 -263.08181179 -263.05009172 -262.77921221 -262.63428112 -262.50070857 -262.47081199 -262.42428928 -262.34986286 -262.32343141 -262.28446728 -261.69216374 -261.51014432 -260.37028735 -260.36969538 -259.35579965 -259.23122014 -259.22886832 -257.51166595 -257.50512565] 
2:[-44.16973507 -44.04991567 -44.01548055 -43.97152286 -43.96414466 -43.88151464 -43.57454605 -43.37079758 -43.35801314 -43.35568507 -43.3295703  -43.2756943  -43.21920053 -43.18541228 -43.14899179 -43.14507312 -42.90686344 -42.8892307  -42.69204253 -42.64472392] 
3:[-360.99812396 -360.95772833 -360.86483588 -360.82188998 -360.79933619 -360.71105309 -360.63449952 -360.54844032 -360.54640064 -360.53997187 -360.45214526 -360.44892516 -360.44473373 -360.43265567 -360.42116725 -360.41160174 -360.14727332 -359.97951576 -359.46979223 -359.46894252] 
4:[-145.08009484 -145.06811474 -145.06264052 -144.78306064 -144.72845407 -144.53923803 -144.46854356 -143.90708473 -143.90621589 -143.81336641 -143.6871653  -143.44926993 -142.95729478 -142.95573773 -142.94679566 -142.70736993 -142.47910363 -141.81252469 -141.54838497 -141.54770367] 
5:[-103.58730491 -103.41778983 -103.30819628 -103.11163141 -103.02558894 -103.02459951 -103.0214264  -103.00574464 -102.93126193 -102.82906351 -102.82745334 -102.75725945 -102.73418989 -102.71403657 -102.63932203 -102.58795805 -102.39100936 -102.3827044  -101.3038897  -101.30209902] 
6:[-137.03235476 -136.95345751 -136.94074554 -136.65741846 -136.65712246 -136.64931519 -136.55422775 -136.47986778 -136.47845798 -136.47691913 -136.44708291 -136.42746087 -136.42565906 -136.37484469 -136.36850965 -136.35524891 -136.10195808 -136.10133426 -134.94593005 -134.93861398] 
7:[-1320.59261414 -1320.46074021 -1320.45196845 -1320.44915443 -1320.4327933  -1320.43279262 -1320.40159387 -1320.39274732 -1320.38926809 -1320.38785415 -1320.32600291 -1320.16918257 -1319.9311564  -1319.89814241 -1319.89231698 -1319.89049876 -1319.72702594 -1319.56658874 -1319.26199493 -1319.21715122] 
8:[-180.91385825 -180.85261167 -180.79287189 -180.69007402 -180.52439125 -180.52306022 -180.47143194 -180.47065093 -180.47033431 -180.46835623 -180.4671149  -180.46605024 -180.46506762 -180.37138742 -180.26330757 -180.19484895 -180.0925926  -180.01965067 -179.33047505 -179.3263136 ] 
9:[-1050.07855282 -1050.07465736 -1050.03704097 -1050.02791982 -1050.01578917 -1049.88408228 -1049.87229241 -1049.87190682 -1049.84667912 -1049.75964571 -1049.65096767 -1049.50466845 -1049.35861876 -1049.35351565 -1049.21870208 -1049.08542995 -1049.08218667 -1048.985217   -1048.98495683 -1048.19526715] 
10:[-557.74052562 -557.73997357 -557.49524935 -557.35353837 -557.3534492 -557.35343875 -557.28543718 -557.27892969 -556.69573807 -556.30753647 -555.40069561 -555.3834131  -555.35814326 -555.21594281 -555.20628479 -555.06800476 -555.03863872 -555.01954351 -555.0135364  -554.52981285] 
11:[-375.49951737 -375.49942705 -375.13432668 -375.05338423 -375.01886792 -375.01865745 -374.92532665 -374.90218773 -374.8339707  -374.70512707 -374.69718784 -374.67856138 -374.553393   -374.52070957 -374.52070943 -374.51096362 -374.45103516 -374.40576348 -373.77557402 -373.74086812] 
12:[-377.10364681 -377.06843714 -377.03034241 -376.96883333 -376.93790648 -376.88836075 -376.82532658 -376.82464201 -376.82418797 -376.79876984 -376.22906527 -376.12185724 -375.46107034 -375.33312082 -375.09426869 -374.46470944 -374.34535987 -373.49881317 -371.16210451 -371.15944968] 
13:[-211.01502959 -210.9684608  -210.87997005 -210.85689586 -210.85393035 -210.65767822 -210.60374636 -210.58853103 -210.50447847 -210.42047672 -210.4170574  -210.38641454 -210.09300962 -210.04886501 -209.75392264 -209.67971106 -209.67819066 -209.61875532 -209.5799624  -209.45124605] 
14:[-135.33811561 -135.25184341 -135.24321331 -135.16407602 -135.01968453 -134.98527705 -134.98359523 -134.97915508 -134.97358295 -134.96107039 -134.86570654 -134.81556549 -134.67853094 -134.65188626 -134.30659488 -134.30448984 -134.12511212 -133.98776979 -133.78131913 -133.77778549] 
15:[-188.53632359 -188.53615429 -188.53347532 -188.22093723 -188.14270689 -188.07103379 -187.91212085 -187.8591247  -187.58375434 -187.40967407 -187.37208799 -186.78608601 -186.58423856 -186.51033465 -186.25074978 -186.08801254 -185.63692896 -185.62774573 -185.08633899 -185.08384973] 
16:[-993.23577135 -993.21777782 -993.1289285  -993.1218471  -993.10296997 -993.07876329 -993.05709622 -993.05346488 -993.04866972 -993.02855431 -992.97646828 -992.95595012 -992.95369995 -992.9027635  -992.90255623 -992.88226062 -992.73001311 -992.60293448 -992.60271701 -992.25459924] 
17:[-244.59517643 -244.59092665 -244.57452383 -244.48806617 -244.42115944 -244.40321619 -244.37009578 -244.3414941  -244.32685522 -244.30212051 -244.15874665 -244.15500227 -244.14672887 -244.09311003 -244.07979426 -243.87881391 -243.84458054 -243.70283664 -243.68363221 -243.17831897] 
18:[-489.03220553 -488.87292056 -488.86527894 -488.84273962 -488.5701777 -488.53869189 -488.19506691 -487.80589047 -487.79962255 -487.7714472 -487.75128397 -487.6735405  -487.64138537 -487.63433469 -487.56792587 -487.42318297 -487.40271752 -487.37401392 -486.45523391 -486.40600818] 
19:[-176.71102541 -176.70754763 -176.70573694 -176.42765788 -176.37015228 -176.32217156 -176.22410756 -176.22105076 -176.18614827 -176.11810413 -176.0838132  -175.99327636 -175.96651721 -175.95362608 -175.95330724 -175.75596205 -175.55255334 -175.54601348 -175.30087694 -175.29477118] 
RANKING VECTORS IDX
0:[ 0. 17.  2. 19.  3.  4. 12. 18. 11. 10.  1. 13. 15. 14.  6.  9.  8.  5. 16.  7.] 
1:[ 4.  1. 15. 13.  6. 14. 17.  8.  5. 12. 18.  3.  0.  2. 19.  9. 11. 10.  7. 16.] 
2:[ 2. 11. 10.  4.  1.  0. 14.  8. 19. 13. 17. 15.  6.  3.  7. 16. 12.  9. 18.  5.] 
3:[ 1.  3. 13. 17. 19.  8.  6.  4. 14.  5.  0. 11. 10. 15.  2.  9. 12. 18. 16.  7.] 
4:[15.  1.  4.  3. 14.  6. 13.  5. 12.  0.  2. 17. 11.  9. 10. 18. 19.  8.  7. 16.] 
5:[ 5. 14.  6.  7. 16. 10.  2.  0. 11. 13. 17. 15.  9. 19.  3.  8.  4.  1. 18. 12.] 
6:[ 6.  5. 14. 10. 11.  2.  8. 13. 17. 19. 16.  9.  7.  3.  0. 15.  1.  4. 12. 18.] 
7:[14. 16.  7. 15.  4.  1.  9. 13. 19. 17.  5.  2.  6.  0. 11. 10.  3.  8. 18. 12.] 
8:[14.  8.  6.  5.  1.  4. 19. 17. 13.  9. 10. 11.  2.  3.  0. 15. 16.  7. 12. 18.] 
9:[17. 19.  9. 13.  3.  1. 18. 12.  4.  0.  8.  5.  2.  6. 14. 11. 10.  7. 16. 15.] 
10:[11. 10.  2. 17. 19. 13.  7. 16.  9.  0.  8. 12. 18.  6.  3.  5.  4.  1. 15. 14.] 
11:[11. 10.  0.  2. 17. 13.  7. 19. 16.  8.  9.  5.  6.  4.  1. 14. 15.  3. 18. 12.] 
12:[12.  5. 13. 18.  6. 17. 14. 15.  4.  1.  3.  2.  0. 19.  8. 10. 11.  9.  7. 16.] 
13:[13.  3.  9. 19. 17.  2.  5. 18. 12.  7. 16.  0. 11. 10.  1. 15.  6. 14.  4.  8.] 
14:[14.  6.  5.  8.  1. 19. 13. 17. 15.  4.  3.  9.  2.  0. 11. 10. 18. 12.  7. 16.] 
15:[ 1.  4. 15.  8. 12.  6.  5.  3. 13.  0. 14. 17. 18.  2. 19.  9. 11. 10.  7. 16.] 
16:[14.  5.  7. 16. 17. 19. 13.  3.  9.  6. 15.  2.  1. 10. 11.  4.  8. 18. 12.  0.] 
17:[17.  9.  4. 13.  3.  1. 19. 14.  5.  2.  0.  7. 16. 12. 18. 10. 11. 15.  6.  8.] 
18:[18. 19.  4.  1. 13. 15.  0.  6.  2. 14.  3. 17. 12.  5.  8. 11. 10.  9. 16.  7.] 
19:[19. 13. 17.  2.  0.  9. 18.  5. 12. 14.  6.  8. 15.  4.  1.  3. 10. 11. 16.  7.] 
POSCARS
EA128   4.638  4.639  2.366 90.00 90.05 60.03 Sym.group:  143
1.0
   2.3207559999999998   -4.0161860000000003   -0.0046290000000000
   4.6385269999999998    0.0045200000000000   -0.0001410000000000
   0.0000320000000000   -0.0004700000000000    2.3662749999999999
H Al
8 2
direct
   0.3232340000000000    0.8454690000000000    0.6416240000000000 H
   0.7963479999999999    0.1922470000000000    0.6419370000000000 H
   0.7363520000000000    0.5574490000000000    0.1297760000000000 H
   0.4244400000000000    0.4682300000000000    0.0555470000000000 H
   0.4182880000000000    0.4709540000000000    0.3703690000000000 H
   0.5081880000000000    0.0676050000000000    0.1297470000000000 H
   0.0183810000000000    0.7855220000000001    0.1303220000000000 H
   0.1423150000000000    0.3738920000000000    0.6419620000000000 H
   0.0878090000000000    0.1370420000000000    0.1388300000000000 Al
   0.7539190000000000    0.8037850000000000    0.6303040000000000 Al
EA289   2.440  2.440 11.021 83.86 96.17 119.90 Sym.group:  166
1.0
   2.4378970000000000   -0.0782720000000000   -0.0599920000000000
  -1.1468119999999999    2.1530640000000001    0.0534010000000000
  -0.8972070000000000    0.5868300000000000   10.9691930000000006
C F
8 2
direct
   0.4982820000000000    0.7396760000000000    0.1547390000000000 C
   0.8465480000000000    0.3916380000000000    0.1995140000000000 C
   0.2403610000000000    0.9990770000000000    0.3823490000000000 C
   0.8919250000000000    0.3472140000000000    0.3367700000000000 C
   0.6337170000000000    0.6070480000000000    0.5647980000000000 C
   0.2853090000000000    0.9551470000000000    0.5192160000000000 C
   0.6790410000000000    0.5627750000000000    0.7020510000000000 C
   0.0272390000000000    0.2148300000000000    0.7468330000000000 C
   0.4576300000000000    0.7802180000000000    0.0322550000000000 F
   0.0675780000000000    0.1748210000000000    0.8693120000000000 F
EA162   2.871  2.876  2.880 109.23 108.79 108.34 Sym.group:  160
1.0
   2.8706179999999999   -0.0100810000000000   -0.0175840000000000
  -0.8952510000000000    2.7325729999999999   -0.0235870000000000
  -0.9173890000000000   -1.2779280000000000    2.4119030000000001
H C
4 1
direct
   0.3332920000000000    0.1268310000000000    0.7667310000000001 H
   0.7320220000000000    0.5304720000000001    0.5420930000000000 H
   0.3375820000000000    0.7601710000000000    0.1398800000000000 H
   0.9683800000000000    0.1370190000000000    0.1448150000000000 H
   0.0939300000000000    0.8896490000000000    0.8993770000000000 C
EA288   3.130  3.120  9.687 90.05 89.61 119.78 Sym.group:  156
1.0
   3.1290030000000000   -0.0853560000000000   -0.0406910000000000
  -1.4752639999999999    2.7486679999999999   -0.0061660000000000
   0.1946040000000000    0.1163590000000000    9.6841650000000001
Be S
8 2
direct
   0.2693460000000000    0.3289540000000000    0.3379200000000000 Be
   0.6023730000000000    0.9950700000000000    0.4142130000000000 Be
   0.9349950000000000    0.6611390000000000    0.4691700000000000 Be
   0.6018050000000000    0.9933670000000000    0.6087780000000000 Be
   0.9351790000000000    0.6596780000000000    0.6834530000000000 Be
   0.2676420000000000    0.3271000000000000    0.5427280000000000 Be
   0.5995090000000000    0.9921730000000000    0.8100579999999999 Be
   0.9372060000000000    0.6738570000000000    0.0881300000000000 Be
   0.2706660000000000    0.3400400000000000    0.1451440000000000 S
   0.9325990000000000    0.6582740000000000    0.8889540000000000 S
EA195   2.439  2.437 10.599 83.41 89.96 60.03 Sym.group:  166
1.0
   1.2448040000000000    2.0973139999999999    0.0291790000000000
  -1.1940550000000001    2.1238830000000002    0.0078490000000000
  -1.2928839999999999    0.6307640000000000   10.5008339999999993
C B
8 2
direct
   0.6468980000000000    0.7273610000000000    0.2713800000000000 C
   0.5989880000000000    0.8228410000000000    0.1283030000000000 C
   0.0426850000000000    0.9345050000000000    0.4613130000000000 C
   0.9955540000000001    0.0295900000000000    0.3182820000000000 C
   0.3913400000000000    0.2367340000000000    0.5082150000000000 C
   0.4392860000000000    0.1412080000000000    0.6512980000000000 C
   0.7879590000000000    0.4432800000000000    0.6984629999999999 C
   0.2503190000000000    0.5207600000000000    0.0811400000000000 C
   0.8414340000000000    0.3437010000000000    0.8440610000000000 B
   0.1969050000000000    0.6202700000000000    0.9355460000000000 B
EA101   8.381  4.656  2.635 90.01 89.98 89.52 Sym.group:  164
1.0
   8.3796529999999994    0.0423130000000000   -0.1146980000000000
   0.0154230000000000    4.6561349999999999   -0.0183730000000000
   0.0371330000000000    0.0096710000000000    2.6342770000000000
Al N
8 2
direct
   0.0269860000000000    0.4105420000000000    0.4526660000000000 Al
   0.7860600000000000    0.0795450000000000    0.4526520000000000 Al
   0.5120050000000000    0.4155050000000000    0.4536530000000000 Al
   0.7860390000000000    0.5795400000000001    0.9526400000000000 Al
   0.2710730000000000    0.0845140000000000    0.4536090000000000 Al
   0.0269820000000000    0.9105100000000000    0.9526230000000000 Al
   0.5120060000000000    0.9155170000000000    0.9536360000000000 Al
   0.2710850000000000    0.5845180000000000    0.9536600000000000 Al
   0.6490250000000000    0.7475309999999999    0.4531330000000000 N
   0.6490290000000000    0.2475250000000000    0.9531510000000000 N
EA321   2.598 18.367  2.597 86.33 60.10 94.02 Sym.group:  156
1.0
   1.4340619999999999    0.1294040000000000    2.1630400000000001
  -1.7726880000000000   18.2223649999999999   -1.4618990000000001
  -1.1610480000000001    0.2398560000000000    2.3108870000000001
Al O
8 2
direct
   0.0879750000000000    0.9627650000000000    0.0917760000000000 Al
   0.4922260000000000    0.3522620000000000    0.6890710000000000 Al
   0.6341940000000000    0.8484130000000000    0.8783040000000000 Al
   0.0042610000000000    0.1962070000000000    0.5098500000000000 Al
   0.4083420000000000    0.6181360000000000    0.1104660000000000 Al
   0.5452710000000000    0.0784940000000000    0.3043490000000000 Al
   0.9310330000000000    0.4622050000000000    0.9269400000000000 Al
   0.8544440000000000    0.7339240000000000    0.3242650000000000 Al
   0.1064260000000000    0.2977790000000000    0.4051800000000000 O
   0.3165510000000000    0.5167850000000000    0.2109300000000000 O
EA30    3.934  3.934  3.934 89.99 90.01 90.01 Sym.group:  221
1.0
   3.9339700000000000   -0.0063210000000000   -0.0018010000000000
   0.0054810000000000    3.9339759999999999    0.0031300000000000
   0.0014510000000000   -0.0027200000000000    3.9339469999999999
Mg C
4 1
direct
   0.9967490000000000    0.6998190000000000    0.1972420000000000 Mg
   0.9968350000000000    0.1999600000000000    0.6954129999999999 Mg
   0.4965360000000000    0.1999700000000000    0.1974380000000000 Mg
   0.4965660000000000    0.6999590000000000    0.6974230000000000 Mg
   0.9965400000000000    0.1997940000000000    0.1951160000000000 C
EA185  10.066  2.539  2.539 60.02 82.79 89.93 Sym.group:  160
1.0
   9.7819699999999994   -1.0094700000000001    2.1490849999999999
   0.2775020000000000    2.5227640000000000   -0.0638550000000000
  -0.0095560000000000    1.3324530000000001    2.1612589999999998
Al F
4 1
direct
   0.6237220000000000    0.7491120000000000    0.6101750000000000 Al
   0.1949950000000000    0.6083420000000000    0.8950490000000000 Al
   0.4095080000000000    0.0123340000000000    0.0878830000000000 Al
   0.8400470000000000    0.4860150000000000    0.1349870000000000 Al
   0.0172060000000000    0.5494340000000000    0.0143740000000000 F
EA71    3.970  3.971  9.561 90.00 90.00 119.96 Sym.group:  194
1.0
   1.9943759999999999   -3.4326690000000002   -0.0003750000000000
   1.9785960000000000    3.4425500000000002    0.0022820000000000
  -0.0051830000000000   -0.0038500000000000    9.5610130000000009
Na S
8 2
direct
   0.0020310000000000    0.5022260000000000    0.9518770000000000 Na
   0.6678990000000000    0.8346200000000000    0.0617330000000000 Na
   0.3345980000000000    0.1662890000000000    0.5616449999999999 Na
   0.0004970000000000    0.5000850000000000    0.4518880000000000 Na
   0.3340460000000000    0.1664980000000000    0.1987680000000000 Na
   0.6685960000000000    0.8335450000000000    0.7059730000000000 Na
   0.6670520000000000    0.8331250000000000    0.3423010000000000 Na
   0.3355870000000000    0.1676700000000000    0.8421310000000000 Na
   0.0006600000000000    0.5000660000000000    0.2023890000000000 S
   0.0020000000000000    0.5000640000000000    0.7012850000000000 S
EA113   3.415  3.415  3.421 90.01 90.01 90.00 Sym.group:  215
1.0
   3.4147300000000000   -0.0024360000000000   -0.0050680000000000
   0.0023070000000000    3.4148550000000002   -0.0053160000000000
   0.0046400000000000    0.0046630000000000    3.4211839999999998
F Si
4 1
direct
   0.4309810000000000    0.5639340000000000    0.0290560000000000 F
   0.9507790000000000    0.0441110000000000    0.0289960000000000 F
   0.9505890000000000    0.5640940000000000    0.5488380000000000 F
   0.4308200000000000    0.0443330000000000    0.5484290000000001 F
   0.6910520000000000    0.3041530000000000    0.2888180000000000 Si
EA36    4.160  4.156  4.158 90.00 89.98 89.99 Sym.group:  215
1.0
   4.1597350000000004   -0.0031990000000000    0.0017860000000000
   0.0042630000000000    4.1564569999999996   -0.0004640000000000
  -0.0005550000000000    0.0002020000000000    4.1575920000000002
Cl Si
4 1
direct
   0.7635350000000000    0.7707190000000000    0.7675320000000000 Cl
   0.2269030000000000    0.2341380000000000    0.7669840000000000 Cl
   0.7640190000000000    0.2338390000000000    0.2308110000000000 Cl
   0.2273210000000000    0.7705600000000000    0.2300640000000000 Cl
   0.4954750000000000    0.5025300000000000    0.4988480000000000 Si
EA203   2.462  6.293  2.462 90.08 60.00 90.13 Sym.group:  191
1.0
   2.4617279999999999   -0.0036910000000000    0.0007240000000000
  -0.0043360000000000    6.2925519999999997    0.0061490000000000
   1.2301489999999999   -0.0046600000000000    2.1323859999999999
C Na
4 1
direct
   0.6616400000000000    0.4983250000000000    0.4828040000000000 C
   0.3307430000000000    0.1033020000000000    0.1509050000000000 C
   0.3283090000000000    0.4983710000000000    0.1494810000000000 C
   0.6640750000000000    0.1033480000000000    0.4842280000000000 C
   0.9965070000000000    0.8009390000000000    0.8166790000000000 Na
EA116   7.803  3.134  3.136 119.95 78.47 101.55 Sym.group:  166
1.0
   7.8028370000000002    0.0117160000000000    0.0005320000000000
  -0.6319360000000001    3.0696260000000000   -0.0014660000000000
   0.6289430000000000   -1.4679789999999999    2.6991700000000001
Li N
8 2
direct
   0.8703860000000000    0.9589450000000000    0.0510620000000000 Li
   0.5056530000000000    0.5038340000000000    0.5049560000000000 Li
   0.0233090000000000    0.3422960000000000    0.6626270000000000 Li
   0.1408010000000000    0.7146709999999999    0.2891890000000000 Li
   0.6363560000000000    0.2144710000000000    0.7963720000000000 Li
   0.3880550000000000    0.7973010000000000    0.2087070000000000 Li
   0.2574330000000000    0.0867510000000000    0.9172270000000000 Li
   0.7528930000000000    0.5865480000000000    0.4244750000000000 Li
   0.2630260000000000    0.4218280000000000    0.5819670000000000 N
   0.6306710000000000    0.8793650000000000    0.1316600000000000 N
EA138   2.664 20.036  2.662 90.01 60.02 90.02 Sym.group:  156
1.0
   1.3344750000000001    0.0025090000000000    2.3050860000000002
   0.0042840000000000   20.0355479999999986   -0.0343500000000000
  -1.3294800000000000    0.0038120000000000    2.3067370000000000
Al Cl
8 2
direct
   0.8962320000000000    0.1556440000000000    0.6280780000000000 Al
   0.5616360000000000    0.0516400000000000    0.2936040000000000 Al
   0.2303040000000000    0.2598490000000000    0.9624500000000000 Al
   0.8953470000000000    0.3646870000000000    0.6310440000000000 Al
   0.5599090000000000    0.8479960000000000    0.2931240000000000 Al
   0.8958040000000000    0.9489090000000000    0.6253690000000000 Al
   0.2248660000000000    0.5676960000000000    0.9632730000000000 Al
   0.5593250000000000    0.4675750000000000    0.2979270000000000 Al
   0.8902710000000000    0.6502329999999999    0.6298370000000000 Cl
   0.2264440000000000    0.7654220000000000    0.9594500000000000 Cl
EA254  12.320  2.456  2.455 119.57 90.00 89.97 Sym.group:  164
1.0
  12.3194569999999999    0.0695660000000000   -0.0268600000000000
  -0.0128420000000000    2.4557419999999999   -0.0292580000000000
   0.0113480000000000   -1.1860630000000001    2.1495419999999998
C S
8 2
direct
   0.1516060000000000    0.4225370000000000    0.3408460000000000 C
   0.0293830000000000    0.4227590000000000    0.3412600000000000 C
   0.3535980000000000    0.0891740000000000    0.6726560000000000 C
   0.4758140000000000    0.0889540000000000    0.6724240000000000 C
   0.9899100000000000    0.0890450000000000    0.6750090000000000 C
   0.5152840000000000    0.4226860000000000    0.3387140000000000 C
   0.3135050000000000    0.7555269999999999    0.0063890000000000 C
   0.1917010000000000    0.7561810000000000    0.0070930000000000 C
   0.8458490000000000    0.0892640000000000    0.6760890000000001 S
   0.6593380000000000    0.4229290000000000    0.3381620000000000 S
EA78    3.836  3.835  3.832 89.84 89.77 89.39 Sym.group:  221
1.0
   3.8355969999999999   -0.0107230000000000   -0.0183210000000000
   0.0512210000000000    3.8342470000000000   -0.0144550000000000
   0.0335100000000000    0.0248960000000000    3.8319700000000001
Na H
4 1
direct
   0.0017320000000000    0.4983190000000000    0.4981070000000000 Na
   0.4997510000000000    0.5006310000000000    0.9992010000000000 Na
   0.5008720000000000    0.9972220000000001    0.5001210000000000 Na
   0.9991430000000000    0.0008360000000000    0.9995900000000000 Na
   0.5023180000000000    0.4964970000000000    0.4997180000000000 H
EA17    2.893  2.903  4.986 90.79 73.20 61.80 Sym.group:  166
1.0
   2.8895200000000001    0.0891330000000000    0.1200950000000000
   1.2870809999999999    2.5978400000000001    0.1576260000000000
   1.2778430000000001   -0.9959280000000000    4.7154259999999999
Li O
4 1
direct
   0.2485380000000000    0.3710630000000000    0.1338820000000000 Li
   0.7624280000000000    0.6268350000000000    0.8718440000000000 Li
   0.2614430000000000    0.8862690000000000    0.6277230000000000 Li
   0.7491200000000000    0.1119680000000000    0.3776950000000000 Li
   0.0057370000000000    0.4988370000000000    0.5026570000000000 O
EA151   3.549  3.330  3.549 89.96 119.33 89.98 Sym.group:  191
1.0
   3.5484360000000001   -0.0223680000000000   -0.0645300000000000
   0.0217500000000000    3.3301150000000002   -0.0150320000000000
  -1.6813680000000000    0.0276820000000000    3.1249790000000002
O F
4 1
direct
   0.4877230000000000    0.5792530000000000    0.1350020000000000 O
   0.1517710000000000    0.5793030000000000    0.4706720000000000 O
   0.1519740000000000    0.2306180000000000    0.4710230000000000 O
   0.4879320000000000    0.2305810000000000    0.1353910000000000 O
   0.8192660000000000    0.9048620000000001    0.8028630000000000 F
EA280   3.696  4.125  3.700 64.55 60.05 63.83 Sym.group:  166
1.0
   2.0223640000000001    1.1047849999999999   -2.8898980000000001
   1.6554810000000000    3.7683689999999999    0.2725880000000000
   3.6894670000000001    0.1010250000000000    0.2583090000000000
Li Si
4 1
direct
   0.7935110000000000    0.2103610000000000    0.4002560000000000 Li
   0.4126120000000000    0.3524150000000000    0.0169440000000000 Li
   0.6025880000000000    0.7838740000000000    0.2017330000000000 Li
   0.9829310000000000    0.6421700000000000    0.5852140000000000 Li
   0.1980670000000000    0.9971250000000000    0.8008280000000000 Si
