NUMBER OF TEMPLATES 20
COMPOSITION A 4 B
pairs , SPACEGROUPS 
[Na H] , 221 
[C S] , 164 
[Li Si] , 166 
[Li P] , 166 
[Al H] , 221 
[Al Cl] , 156 
[Mg C] , 221 
[Be S] , 156 
[H C] , 160 
[Al N] , 164 
[Na S] , 194 
[C F] , 166 
[Li Si] , 1166 
[Be Li] , 166 
[Li O] , 166 
[Cl Si] , 215 
[H Al] , 143 
[P Na] , 166 
[Al F] , 160 
[O F] , 191 
RANKING VECTORS ENTHALPIES
0:[-993.23577135 -993.21777782 -993.18724577 -993.1289285  -993.12316444 -993.1218471  -993.10639352 -993.10296997 -993.07876329 -993.05346488 -993.04866972 -993.04850882 -992.97646828 -992.95595012 -992.95369995 -992.90255623 -992.89691832 -992.73001311 -992.60293448 -992.25459924] 
1:[-188.53632359 -188.53347532 -188.22093723 -188.16654411 -187.91212085 -187.8591247  -187.40967407 -187.37208799 -186.78608601 -186.58423856 -186.51033465 -186.47146501 -186.45810448 -186.25410281 -186.25074978 -186.08801254 -185.63692896 -185.08633899 -185.08384973 -184.98047967] 
2:[-176.71102541 -176.70770606 -176.70573694 -176.64796326 -176.64795877 -176.42765788 -176.37015228 -176.32217156 -176.24783857 -176.22410756 -176.22105076 -176.11810413 -175.99327636 -175.96651721 -175.95330724 -175.75596205 -175.54601348 -175.30162345 -175.30087694 -175.29477118] 
3:[-191.82282548 -191.82282103 -191.77986424 -191.776555   -191.77101706 -191.54075769 -191.49764177 -191.28427658 -191.20297718 -191.02207099 -190.99757992 -190.80502256 -190.75877984 -190.66868204 -190.61150892 -190.58744613 -190.55283033 -190.55196398 -190.54812463 -190.45996473] 
4:[-49.89429857 -49.89296318 -49.88698798 -49.88135099 -49.8774577 -49.85709029 -49.78560075 -49.70870455 -49.70732349 -49.67238127 -49.66471917 -49.6477532  -49.62745335 -49.49052364 -49.49039597 -49.41057441 -49.41056716 -49.33289155 -49.07689154 -48.32178871] 
5:[-135.33811561 -135.24321331 -135.2132943  -135.16407602 -135.01968453 -134.99607965 -134.99605257 -134.98527705 -134.97915508 -134.97358295 -134.93962804 -134.86570654 -134.81556549 -134.67853094 -134.65188626 -134.30659488 -134.12511212 -133.78131913 -133.78068845 -133.77778549] 
6:[-1320.59261414 -1320.46074021 -1320.45788457 -1320.45196845 -1320.44915443 -1320.43279262 -1320.40159387 -1320.38926809 -1320.38785415 -1320.37457718 -1320.32600291 -1320.31573624 -1320.22329458 -1320.22326305 -1320.16918257 -1319.89814241 -1319.89231698 -1319.72702594 -1319.56658874 -1319.26199493] 
7:[-360.99812396 -360.95772833 -360.82188998 -360.79933619 -360.7809153 -360.78003742 -360.71105309 -360.64189185 -360.6384979  -360.54640064 -360.53997187 -360.45214526 -360.44892516 -360.43265567 -360.42116725 -360.41160174 -359.97951576 -359.46979223 -359.46894252 -359.45635738] 
8:[-44.16973507 -44.04991567 -43.96414466 -43.88151464 -43.57454605 -43.37512635 -43.37079758 -43.35801314 -43.35005576 -43.3295703 -43.2756943  -43.18541228 -43.14899179 -43.14507312 -43.10391518 -42.8892307  -42.86355951 -42.86352366 -42.69204253 -42.64472392] 
9:[-103.58730491 -103.5237773  -103.41778983 -103.11163141 -103.11154312 -103.02558894 -103.0214264  -103.00574464 -102.93126193 -102.82745334 -102.82620079 -102.75725945 -102.73418989 -102.71403657 -102.63932203 -102.58795805 -102.50616013 -102.50615748 -102.3827044  -101.3038897 ] 
10:[-1050.09944838 -1050.09944287 -1050.07855282 -1050.07465736 -1050.04846365 -1050.03704097 -1050.01578917 -1049.88408228 -1049.87229241 -1049.75964571 -1049.70100232 -1049.65096767 -1049.50466845 -1049.35861876 -1049.21870208 -1049.08542995 -1048.98732384 -1048.985217   -1048.98495683 -1048.19526715] 
11:[-263.08181179 -263.05009172 -262.52064348 -262.50070857 -262.47081199 -262.42428928 -262.36509832 -262.34986286 -262.28446728 -261.69216374 -261.51014432 -261.18101745 -260.99901784 -260.37028735 -260.36969538 -259.35579965 -259.23122014 -257.51546645 -257.51166595 -257.50512565] 
12:[-176.71102541 -176.70770606 -176.70573694 -176.64796326 -176.64795877 -176.42765788 -176.37015228 -176.32217156 -176.24783857 -176.22410756 -176.22105076 -176.11810413 -175.99327636 -175.96651721 -175.95330724 -175.75596205 -175.54601348 -175.30162345 -175.30087694 -175.29477118] 
13:[-340.48712376 -340.48218719 -340.47674164 -340.4767162  -340.43028349 -340.41935654 -340.39148063 -340.38262782 -340.34625571 -340.07294058 -340.02110477 -340.00218932 -339.76584726 -339.70837655 -339.58385304 -339.27890837 -339.18853131 -338.99614625 -338.99430148 -338.99128626] 
14:[-244.59517643 -244.59092665 -244.5887072  -244.42363379 -244.42356417 -244.42115944 -244.40321619 -244.37009578 -244.3414941  -244.32685522 -244.32075496 -244.30212051 -244.15874665 -244.15500227 -244.14755907 -244.14672887 -244.07979426 -243.84458054 -243.70283664 -243.17831897] 
15:[-375.49951737 -375.13432668 -375.05338423 -375.01886792 -375.01600544 -374.93202908 -374.92532665 -374.90218773 -374.8339707  -374.70512707 -374.69718784 -374.67856138 -374.65800808 -374.65799975 -374.64175663 -374.52070943 -374.51096362 -374.45103516 -374.40576348 -373.77557402] 
16:[-23.45612149 -23.2877375  -23.28682219 -23.23279475 -23.22361764 -23.22307723 -23.22202687 -23.20367843 -23.13756089 -23.06476072 -23.0133138  -22.97670675 -22.97302201 -22.96257648 -22.86113602 -22.82635266 -22.80341915 -22.78443328 -22.64726403 -22.4855225 ] 
17:[-394.9866048  -394.98027512 -394.97904263 -394.93438528 -394.89559499 -394.85306597 -394.85296353 -394.8041639  -394.5882349  -394.57816399 -394.56221664 -394.54424115 -394.53144335 -394.50490135 -394.36867768 -394.2394705  -394.00450111 -392.46792015 -392.45833418 -392.45762621] 
18:[-180.91385825 -180.85261167 -180.73199321 -180.69007402 -180.52439125 -180.47143194 -180.47108555 -180.47065093 -180.46835623 -180.46605024 -180.46506762 -180.37138742 -180.3439266  -180.34392402 -180.26330757 -180.19484895 -180.0925926  -180.09170419 -180.01965067 -179.3263136 ] 
19:[-489.03220553 -488.87292056 -488.84273962 -488.53869189 -488.37165191 -488.19506691 -487.83284841 -487.79962255 -487.78303303 -487.7714472 -487.75128397 -487.7011129  -487.6735405  -487.63433469 -487.56792587 -487.42318297 -487.37401392 -486.45523391 -486.44761237 -486.40600818] 
RANKING VECTORS IDX
0:[ 5.  9. 17.  6.  4.  0. 13. 14.  2.  7. 10. 12.  1.  8. 11. 15.  3. 18. 19. 16.] 
1:[11.  1. 18. 17.  9.  7. 16.  5. 14. 19.  8. 12.  3. 13.  2. 10. 15.  6.  0.  4.] 
2:[ 2. 13. 14. 12.  3.  8. 16. 10. 17. 19.  9.  5. 18.  1. 11.  7. 15.  4.  0.  6.] 
3:[ 3. 12. 13.  2. 14.  8. 10. 19. 16.  9. 17. 11.  5. 18.  1.  7.  4.  0.  6. 15.] 
4:[ 5.  6.  4.  0.  9. 17. 15. 11. 18. 13.  2. 16. 10.  8.  7. 12.  3.  1. 14. 19.] 
5:[ 5.  9. 17. 18. 11. 12.  3.  2. 14.  1. 13.  7. 10.  8. 16. 15. 19.  6.  4.  0.] 
6:[ 5.  0.  4.  6.  1. 11. 10.  2. 14. 17.  9. 13. 12.  3.  8. 16. 15.  7. 18. 19.] 
7:[11.  7. 14.  2. 13. 17. 18.  3. 12.  5.  9. 16. 15.  1.  8. 10. 19.  0.  6.  4.] 
8:[ 8. 15. 11. 16.  5. 13. 18.  2. 17. 14.  1.  7.  6.  0.  4. 10.  3. 12. 19.  9.] 
9:[ 9. 17.  5.  6.  4.  0.  8. 16. 15. 14. 13.  1. 10.  2.  7. 18.  3. 12. 11. 19.] 
10:[ 3. 12. 14.  2. 13. 10.  7. 11. 19. 16. 17. 18.  9.  8.  5. 15.  4.  6.  0.  1.] 
11:[11.  1. 17.  5. 14. 18. 13.  9. 19.  7. 16.  3. 12.  8.  2. 10. 15.  4.  6.  0.] 
12:[ 2. 13. 14. 12.  3.  8. 16. 10. 17. 19.  9.  5. 18.  1. 11.  7. 15.  4.  0.  6.] 
13:[13. 14. 12.  3.  2.  9. 17.  5. 18. 11.  7. 10. 16.  1. 19. 15.  8.  0.  6.  4.] 
14:[14. 10. 17.  3. 12.  7. 11.  2.  5.  9. 13.  8. 16.  6.  4.  0. 19. 15.  1. 18.] 
15:[15. 16.  8. 14. 13.  4.  6.  2.  0. 18. 10.  9. 12.  3. 17. 11.  5.  1.  7. 19.] 
16:[16. 17. 13. 14.  8. 12.  2.  7. 19. 15. 11.  1.  3.  5. 10. 18.  9.  0.  4.  6.] 
17:[13.  2. 17. 14.  9. 12.  3. 19. 16. 11.  5. 18.  7. 10.  8.  1. 15.  4.  0.  6.] 
18:[ 5. 18. 17.  9. 11.  2. 13. 14. 10. 15.  8.  7. 12.  3. 16.  1.  0.  4.  6. 19.] 
19:[19.  2. 11.  1.  3. 16. 13.  8. 12.  5.  7. 17. 14.  9. 18. 15. 10.  0.  4.  6.] 
POSCARS
EA78    3.836  3.835  3.832 89.84 89.77 89.39 Sym.group:  221
1.0
   3.8355969999999999   -0.0107230000000000   -0.0183210000000000
   0.0512210000000000    3.8342470000000000   -0.0144550000000000
   0.0335100000000000    0.0248960000000000    3.8319700000000001
Na H
4 1
direct
   0.0017320000000000    0.4983190000000000    0.4981070000000000 Na
   0.4997510000000000    0.5006310000000000    0.9992010000000000 Na
   0.5008720000000000    0.9972220000000001    0.5001210000000000 Na
   0.9991430000000000    0.0008360000000000    0.9995900000000000 Na
   0.5023180000000000    0.4964970000000000    0.4997180000000000 H
EA254  12.320  2.456  2.455 119.57 90.00 89.97 Sym.group:  164
1.0
  12.3194569999999999    0.0695660000000000   -0.0268600000000000
  -0.0128420000000000    2.4557419999999999   -0.0292580000000000
   0.0113480000000000   -1.1860630000000001    2.1495419999999998
C S
8 2
direct
   0.1516060000000000    0.4225370000000000    0.3408460000000000 C
   0.0293830000000000    0.4227590000000000    0.3412600000000000 C
   0.3535980000000000    0.0891740000000000    0.6726560000000000 C
   0.4758140000000000    0.0889540000000000    0.6724240000000000 C
   0.9899100000000000    0.0890450000000000    0.6750090000000000 C
   0.5152840000000000    0.4226860000000000    0.3387140000000000 C
   0.3135050000000000    0.7555269999999999    0.0063890000000000 C
   0.1917010000000000    0.7561810000000000    0.0070930000000000 C
   0.8458490000000000    0.0892640000000000    0.6760890000000001 S
   0.6593380000000000    0.4229290000000000    0.3381620000000000 S
EA280   3.696  4.125  3.700 64.55 60.05 63.83 Sym.group:  166
1.0
   2.0223640000000001    1.1047849999999999   -2.8898980000000001
   1.6554810000000000    3.7683689999999999    0.2725880000000000
   3.6894670000000001    0.1010250000000000    0.2583090000000000
Li Si
4 1
direct
   0.7935110000000000    0.2103610000000000    0.4002560000000000 Li
   0.4126120000000000    0.3524150000000000    0.0169440000000000 Li
   0.6025880000000000    0.7838740000000000    0.2017330000000000 Li
   0.9829310000000000    0.6421700000000000    0.5852140000000000 Li
   0.1980670000000000    0.9971250000000000    0.8008280000000000 Si
EA167   7.698  3.569  3.569 60.04 76.69 90.15 Sym.group:  166
1.0
   6.8933340000000003   -1.7134700000000000    2.9682520000000001
  -0.8469590000000000    1.7844690000000001    2.9724499999999998
  -0.8100070000000000   -1.7864500000000001    2.9810819999999998
Li P
8 2
direct
   0.6318150000000000    0.1244380000000000    0.1214200000000000 Li
   0.3078160000000000    0.0179210000000000    0.3343850000000000 Li
   0.0349670000000000    0.9267720000000000    0.5165090000000000 Li
   0.4430200000000000    0.7289390000000000    0.9122740000000000 Li
   0.2541910000000000    0.3335170000000000    0.7030740000000000 Li
   0.5783990000000000    0.4400610000000000    0.4900330000000000 Li
   0.8511170000000000    0.5312270000000000    0.3078840000000000 Li
   0.9430750000000000    0.2289780000000000    0.9122010000000000 Li
   0.7400200000000000    0.8275060000000000    0.7157820000000000 P
   0.1460420000000000    0.6304760000000000    0.1086660000000000 P
EA77    3.679  3.679  7.367 90.00 89.98 90.00 Sym.group:  221
1.0
   3.6789369999999999    0.0003520000000000    0.0033030000000000
  -0.0001770000000000    3.6790550000000000    0.0004980000000000
  -0.0043850000000000   -0.0005400000000000    7.3671069999999999
Al H
8 2
direct
   0.4736710000000000    0.1754160000000000    0.7065080000000000 Al
   0.4730530000000000    0.1750570000000000    0.2065090000000000 Al
   0.9736930000000000    0.6753830000000000    0.7065100000000000 Al
   0.9725000000000000    0.6752080000000000    0.2065090000000000 Al
   0.4733400000000000    0.6752510000000000    0.4565000000000000 Al
   0.4733160000000000    0.6753160000000000    0.9564990000000000 Al
   0.9733130000000000    0.1752450000000000    0.4565130000000000 Al
   0.9732890000000000    0.1753080000000000    0.9565080000000000 Al
   0.4707640000000000    0.6746020000000000    0.2064670000000000 H
   0.4733880000000000    0.6754100000000000    0.7064890000000000 H
EA138   2.664 20.036  2.662 90.01 60.02 90.02 Sym.group:  156
1.0
   1.3344750000000001    0.0025090000000000    2.3050860000000002
   0.0042840000000000   20.0355479999999986   -0.0343500000000000
  -1.3294800000000000    0.0038120000000000    2.3067370000000000
Al Cl
8 2
direct
   0.8962320000000000    0.1556440000000000    0.6280780000000000 Al
   0.5616360000000000    0.0516400000000000    0.2936040000000000 Al
   0.2303040000000000    0.2598490000000000    0.9624500000000000 Al
   0.8953470000000000    0.3646870000000000    0.6310440000000000 Al
   0.5599090000000000    0.8479960000000000    0.2931240000000000 Al
   0.8958040000000000    0.9489090000000000    0.6253690000000000 Al
   0.2248660000000000    0.5676960000000000    0.9632730000000000 Al
   0.5593250000000000    0.4675750000000000    0.2979270000000000 Al
   0.8902710000000000    0.6502329999999999    0.6298370000000000 Cl
   0.2264440000000000    0.7654220000000000    0.9594500000000000 Cl
EA30    3.934  3.934  3.934 89.99 90.01 90.01 Sym.group:  221
1.0
   3.9339700000000000   -0.0063210000000000   -0.0018010000000000
   0.0054810000000000    3.9339759999999999    0.0031300000000000
   0.0014510000000000   -0.0027200000000000    3.9339469999999999
Mg C
4 1
direct
   0.9967490000000000    0.6998190000000000    0.1972420000000000 Mg
   0.9968350000000000    0.1999600000000000    0.6954129999999999 Mg
   0.4965360000000000    0.1999700000000000    0.1974380000000000 Mg
   0.4965660000000000    0.6999590000000000    0.6974230000000000 Mg
   0.9965400000000000    0.1997940000000000    0.1951160000000000 C
EA288   3.130  3.120  9.687 90.05 89.61 119.78 Sym.group:  156
1.0
   3.1290030000000000   -0.0853560000000000   -0.0406910000000000
  -1.4752639999999999    2.7486679999999999   -0.0061660000000000
   0.1946040000000000    0.1163590000000000    9.6841650000000001
Be S
8 2
direct
   0.2693460000000000    0.3289540000000000    0.3379200000000000 Be
   0.6023730000000000    0.9950700000000000    0.4142130000000000 Be
   0.9349950000000000    0.6611390000000000    0.4691700000000000 Be
   0.6018050000000000    0.9933670000000000    0.6087780000000000 Be
   0.9351790000000000    0.6596780000000000    0.6834530000000000 Be
   0.2676420000000000    0.3271000000000000    0.5427280000000000 Be
   0.5995090000000000    0.9921730000000000    0.8100579999999999 Be
   0.9372060000000000    0.6738570000000000    0.0881300000000000 Be
   0.2706660000000000    0.3400400000000000    0.1451440000000000 S
   0.9325990000000000    0.6582740000000000    0.8889540000000000 S
EA162   2.871  2.876  2.880 109.23 108.79 108.34 Sym.group:  160
1.0
   2.8706179999999999   -0.0100810000000000   -0.0175840000000000
  -0.8952510000000000    2.7325729999999999   -0.0235870000000000
  -0.9173890000000000   -1.2779280000000000    2.4119030000000001
H C
4 1
direct
   0.3332920000000000    0.1268310000000000    0.7667310000000001 H
   0.7320220000000000    0.5304720000000001    0.5420930000000000 H
   0.3375820000000000    0.7601710000000000    0.1398800000000000 H
   0.9683800000000000    0.1370190000000000    0.1448150000000000 H
   0.0939300000000000    0.8896490000000000    0.8993770000000000 C
EA101   8.381  4.656  2.635 90.01 89.98 89.52 Sym.group:  164
1.0
   8.3796529999999994    0.0423130000000000   -0.1146980000000000
   0.0154230000000000    4.6561349999999999   -0.0183730000000000
   0.0371330000000000    0.0096710000000000    2.6342770000000000
Al N
8 2
direct
   0.0269860000000000    0.4105420000000000    0.4526660000000000 Al
   0.7860600000000000    0.0795450000000000    0.4526520000000000 Al
   0.5120050000000000    0.4155050000000000    0.4536530000000000 Al
   0.7860390000000000    0.5795400000000001    0.9526400000000000 Al
   0.2710730000000000    0.0845140000000000    0.4536090000000000 Al
   0.0269820000000000    0.9105100000000000    0.9526230000000000 Al
   0.5120060000000000    0.9155170000000000    0.9536360000000000 Al
   0.2710850000000000    0.5845180000000000    0.9536600000000000 Al
   0.6490250000000000    0.7475309999999999    0.4531330000000000 N
   0.6490290000000000    0.2475250000000000    0.9531510000000000 N
EA71    3.970  3.971  9.561 90.00 90.00 119.96 Sym.group:  194
1.0
   1.9943759999999999   -3.4326690000000002   -0.0003750000000000
   1.9785960000000000    3.4425500000000002    0.0022820000000000
  -0.0051830000000000   -0.0038500000000000    9.5610130000000009
Na S
8 2
direct
   0.0020310000000000    0.5022260000000000    0.9518770000000000 Na
   0.6678990000000000    0.8346200000000000    0.0617330000000000 Na
   0.3345980000000000    0.1662890000000000    0.5616449999999999 Na
   0.0004970000000000    0.5000850000000000    0.4518880000000000 Na
   0.3340460000000000    0.1664980000000000    0.1987680000000000 Na
   0.6685960000000000    0.8335450000000000    0.7059730000000000 Na
   0.6670520000000000    0.8331250000000000    0.3423010000000000 Na
   0.3355870000000000    0.1676700000000000    0.8421310000000000 Na
   0.0006600000000000    0.5000660000000000    0.2023890000000000 S
   0.0020000000000000    0.5000640000000000    0.7012850000000000 S
EA289   2.440  2.440 11.021 83.86 96.17 119.90 Sym.group:  166
1.0
   2.4378970000000000   -0.0782720000000000   -0.0599920000000000
  -1.1468119999999999    2.1530640000000001    0.0534010000000000
  -0.8972070000000000    0.5868300000000000   10.9691930000000006
C F
8 2
direct
   0.4982820000000000    0.7396760000000000    0.1547390000000000 C
   0.8465480000000000    0.3916380000000000    0.1995140000000000 C
   0.2403610000000000    0.9990770000000000    0.3823490000000000 C
   0.8919250000000000    0.3472140000000000    0.3367700000000000 C
   0.6337170000000000    0.6070480000000000    0.5647980000000000 C
   0.2853090000000000    0.9551470000000000    0.5192160000000000 C
   0.6790410000000000    0.5627750000000000    0.7020510000000000 C
   0.0272390000000000    0.2148300000000000    0.7468330000000000 C
   0.4576300000000000    0.7802180000000000    0.0322550000000000 F
   0.0675780000000000    0.1748210000000000    0.8693120000000000 F
EA220   3.635  3.656  7.720 76.71 103.55 119.81 Sym.group:  166
1.0
   1.8299040000000000    3.1405430000000001    0.0193060000000000
  -3.6544279999999998    0.0268370000000000   -0.0914140000000000
  -1.9674620000000000   -0.9926750000000000    7.3989190000000002
Li Si
8 2
direct
   0.3816910000000000    0.1758520000000000    0.2838100000000000 Li
   0.6850760000000000    0.8754160000000000    0.1899930000000000 Li
   0.9886160000000001    0.5750900000000000    0.0961470000000000 Li
   0.1851070000000000    0.3755390000000000    0.6900170000000000 Li
   0.5833290000000000    0.9750960000000000    0.8845450000000000 Li
   0.4786300000000000    0.0828720000000000    0.5713780000000001 Li
   0.8916470000000000    0.6681220000000000    0.8085290000000001 Li
   0.7870770000000000    0.7757830000000000    0.4954130000000000 Li
   0.0864850000000000    0.4723220000000000    0.3972690000000000 Si
   0.2839350000000000    0.2785660000000000    0.9827300000000000 Si
EA73    3.266  3.283  3.839 65.50 114.02 118.88 Sym.group:  166
1.0
   3.2655820000000002    0.0040430000000000   -0.0077950000000000
  -1.5895319999999999    2.8725480000000001   -0.0271330000000000
  -1.5555619999999999    0.9906330000000000    3.3665010000000000
Be Li
4 1
direct
   0.5971370000000000    0.1978840000000000    0.4005350000000000 Be
   0.7906360000000000    0.0036600000000000    0.9823520000000000 Be
   0.3941470000000000    0.4010830000000000    0.7914500000000000 Be
   0.9936430000000001    0.8005540000000000    0.5913450000000000 Be
   0.1938470000000000    0.6007620000000000    0.1913810000000000 Li
EA17    2.893  2.903  4.986 90.79 73.20 61.80 Sym.group:  166
1.0
   2.8895200000000001    0.0891330000000000    0.1200950000000000
   1.2870809999999999    2.5978400000000001    0.1576260000000000
   1.2778430000000001   -0.9959280000000000    4.7154259999999999
Li O
4 1
direct
   0.2485380000000000    0.3710630000000000    0.1338820000000000 Li
   0.7624280000000000    0.6268350000000000    0.8718440000000000 Li
   0.2614430000000000    0.8862690000000000    0.6277230000000000 Li
   0.7491200000000000    0.1119680000000000    0.3776950000000000 Li
   0.0057370000000000    0.4988370000000000    0.5026570000000000 O
EA36    4.160  4.156  4.158 90.00 89.98 89.99 Sym.group:  215
1.0
   4.1597350000000004   -0.0031990000000000    0.0017860000000000
   0.0042630000000000    4.1564569999999996   -0.0004640000000000
  -0.0005550000000000    0.0002020000000000    4.1575920000000002
Cl Si
4 1
direct
   0.7635350000000000    0.7707190000000000    0.7675320000000000 Cl
   0.2269030000000000    0.2341380000000000    0.7669840000000000 Cl
   0.7640190000000000    0.2338390000000000    0.2308110000000000 Cl
   0.2273210000000000    0.7705600000000000    0.2300640000000000 Cl
   0.4954750000000000    0.5025300000000000    0.4988480000000000 Si
EA128   4.638  4.639  2.366 90.00 90.05 60.03 Sym.group:  143
1.0
   2.3207559999999998   -4.0161860000000003   -0.0046290000000000
   4.6385269999999998    0.0045200000000000   -0.0001410000000000
   0.0000320000000000   -0.0004700000000000    2.3662749999999999
H Al
8 2
direct
   0.3232340000000000    0.8454690000000000    0.6416240000000000 H
   0.7963479999999999    0.1922470000000000    0.6419370000000000 H
   0.7363520000000000    0.5574490000000000    0.1297760000000000 H
   0.4244400000000000    0.4682300000000000    0.0555470000000000 H
   0.4182880000000000    0.4709540000000000    0.3703690000000000 H
   0.5081880000000000    0.0676050000000000    0.1297470000000000 H
   0.0183810000000000    0.7855220000000001    0.1303220000000000 H
   0.1423150000000000    0.3738920000000000    0.6419620000000000 H
   0.0878090000000000    0.1370420000000000    0.1388300000000000 Al
   0.7539190000000000    0.8037850000000000    0.6303040000000000 Al
EA113   3.156  3.157  7.311 102.46 89.97 60.06 Sym.group:  166
1.0
   1.6377010000000001    2.6981780000000000   -0.0140840000000000
  -1.5213790000000000    2.7663259999999998   -0.0177360000000000
   1.5523190000000000   -0.9003750000000000    7.0871769999999996
P Na
4 1
direct
   0.5624160000000000    0.7021460000000000    0.4891300000000000 P
   0.2816390000000000    0.2627410000000000    0.3289050000000000 P
   0.8313460000000000    0.1645080000000000    0.6844970000000000 P
   0.1121990000000000    0.6036990000000000    0.8447230000000000 P
   0.6970810000000000    0.4327690000000000    0.0868090000000000 Na
EA185  10.066  2.539  2.539 60.02 82.79 89.93 Sym.group:  160
1.0
   9.7819699999999994   -1.0094700000000001    2.1490849999999999
   0.2775020000000000    2.5227640000000000   -0.0638550000000000
  -0.0095560000000000    1.3324530000000001    2.1612589999999998
Al F
4 1
direct
   0.6237220000000000    0.7491120000000000    0.6101750000000000 Al
   0.1949950000000000    0.6083420000000000    0.8950490000000000 Al
   0.4095080000000000    0.0123340000000000    0.0878830000000000 Al
   0.8400470000000000    0.4860150000000000    0.1349870000000000 Al
   0.0172060000000000    0.5494340000000000    0.0143740000000000 F
EA151   3.549  3.330  3.549 89.96 119.33 89.98 Sym.group:  191
1.0
   3.5484360000000001   -0.0223680000000000   -0.0645300000000000
   0.0217500000000000    3.3301150000000002   -0.0150320000000000
  -1.6813680000000000    0.0276820000000000    3.1249790000000002
O F
4 1
direct
   0.4877230000000000    0.5792530000000000    0.1350020000000000 O
   0.1517710000000000    0.5793030000000000    0.4706720000000000 O
   0.1519740000000000    0.2306180000000000    0.4710230000000000 O
   0.4879320000000000    0.2305810000000000    0.1353910000000000 O
   0.8192660000000000    0.9048620000000001    0.8028630000000000 F
