NUMBER OF TEMPLATES 37
COMPOSITION A 2 B
pairs , SPACEGROUPS 
[S Si] , 164 
[B O] , 189 
[Al B] , 164 
[P S] , 164 
[P C] , 166 
[Li H] , 164 
[Be Mg] , 227 
[Na Mg] , 191 
[Li Be] , 164 
[Be C] , 225 
[Li Al] , 191 
[Mg H] , 164 
[Mg Na] , 164 
[N O] , 160 
[Li B] , 164 
[Li C] , 166 
[C Na] , 191 
[N Mg] , 194 
[Mg Cl] , 164 
[C B] , 164 
[Li S] , 225 
[H Be] , 136 
[Be O] , 156 
[N B] , 160 
[Na P] , 191 
[Be Li] , 164 
[Be Si] , 216 
[Na B] , 191 
[C F] , 164 
[Si Li] , 191 
[Al Li] , 155 
[S P] , 166 
[Al O] , 166 
[Si Be] , 225 
[Na Al] , 191 
[Na C] , 191 
[Na Li] , 164 
RANKING VECTORS ENTHALPIES
0:[-234.54645555 -234.54434571 -234.54419974 -234.54382831 -234.54301078 -234.54253836 -234.54236366 -234.48626267 -234.18423099 -234.17805201 -233.9671501  -233.92660974 -233.90351757 -233.84546915 -233.80748117 -233.80734173 -233.80044616 -233.75835186 -233.71166946 -233.7105472 -233.70877187 -233.70162863 -233.67731248 -233.67080146 -233.6375811 -233.63609256 -233.46352754 -233.44299623 -233.44299428 -233.44291658 -233.42650355 -233.40084785 -233.38332605 -233.38040366 -233.18647232 -233.09897949 -233.02547765] 
1:[-201.35775697 -201.11286261 -201.04679481 -201.01253356 -201.0008878 -200.99410282 -200.98091473 -200.8076623  -200.54869635 -200.46641954 -200.1532593  -200.15112187 -200.14882414 -200.14769815 -200.1470259 -200.14549322 -200.14513904 -200.12974849 -200.08966422 -199.91732766 -199.8166503  -199.53631782 -199.45609605 -199.09998984 -199.08809919 -199.07612994 -199.07412256 -199.06928163 -199.03984851 -198.92181344 -198.89529635 -198.81559572 -198.69130855 -198.42094327 -197.77601539 -197.77598944 -197.74070792] 
2:[-65.24230339 -65.23985429 -65.04119582 -65.03759357 -65.0072325 -65.00694486 -64.99146317 -64.98897265 -64.89581135 -64.80129707 -64.79852152 -64.79229827 -64.79035825 -64.78926033 -64.78578916 -64.77369815 -64.76777637 -64.7616449  -64.75982137 -64.51565575 -64.48596264 -64.47540068 -64.33093052 -64.31562316 -64.31283163 -64.30737727 -63.92737221 -63.90567122 -63.90461033 -63.89787279 -63.89030675 -63.88786222 -63.88786153 -63.88188504 -63.87600385 -63.59817188 -63.48519925] 
3:[-221.35293642 -221.35208627 -221.35100313 -221.34887373 -221.34864736 -221.34750862 -221.33590349 -221.33447768 -221.17847984 -221.11067754 -221.05771734 -221.04244421 -221.04196451 -221.03598929 -221.03598917 -221.03077264 -221.03030666 -221.02909011 -221.02193866 -221.02183698 -221.00506766 -221.0026535  -220.99696819 -220.96710682 -220.92356812 -220.85224175 -220.83029284 -220.78806264 -220.74727124 -220.72298784 -220.70019286 -220.51090847 -220.18548798 -220.18344268 -220.18144969 -220.13863917 -220.08474056] 
4:[-176.53387528 -176.51968015 -176.49994885 -176.27417843 -176.21765736 -176.16696238 -176.1667847  -176.16361415 -176.15756866 -176.07920975 -176.07902354 -176.07852523 -176.07590697 -176.07579594 -176.07574333 -176.07562196 -175.99222156 -175.96317331 -175.87474984 -175.8522385 -175.77463922 -175.69917385 -175.55819958 -175.38421669 -175.21257813 -175.21004242 -175.21004034 -175.20383102 -175.2031947  -175.19495015 -175.19494653 -175.13803551 -175.06486928 -175.05883129 -175.05882391 -175.01588059 -174.39588906] 
5:[-133.77859762 -133.77780627 -133.77672508 -133.77484606 -133.77426244 -133.77387415 -133.7736875  -133.77365005 -133.76758933 -133.76016937 -133.75342989 -133.75012517 -133.75002079 -133.73786218 -133.73597082 -133.73198883 -133.70337903 -133.69166781 -133.68837983 -133.68833357 -133.64339364 -133.48721823 -133.47455573 -133.47013173 -133.36615944 -133.26554533 -133.14077851 -133.03047293 -132.96409083 -132.96407488 -132.96406012 -132.9640557  -132.96313661 -132.96100193 -132.96055603 -132.96054949 -132.33864197] 
6:[-788.41263853 -788.39243394 -788.02079191 -788.02057427 -788.02041507 -788.02031098 -788.01746008 -788.0172722  -788.01669549 -788.0151505 -787.98442436 -787.96709584 -787.96573214 -787.96488845 -787.95798573 -787.82367244 -787.77459347 -787.76111939 -787.75671733 -787.75555489 -787.75278408 -787.75224584 -787.75021962 -787.65032681 -787.58355504 -787.56818599 -787.55875764 -787.49995514 -787.42666747 -787.41210126 -787.38899242 -787.34334872 -786.86714244 -786.7231388  -786.70141237 -786.70128289 -786.28987422] 
7:[-1361.77233964 -1361.76483697 -1361.7611612  -1361.7564066 -1361.75631281 -1361.75480682 -1361.74479783 -1361.730999 -1361.73070032 -1361.73043651 -1361.72997358 -1361.72925074 -1361.72915336 -1361.72815762 -1361.72789404 -1361.72762173 -1361.72746038 -1361.71971381 -1361.71946208 -1361.713313 -1361.71040632 -1361.70419014 -1361.69947363 -1361.69468567 -1361.68903803 -1361.68460345 -1361.68249424 -1361.67498657 -1361.64261805 -1361.57960528 -1361.50680002 -1360.97376671 -1360.79616732 -1360.79038599 -1360.78994296 -1360.6380374 -1360.60267801] 
8:[-254.05819633 -254.05806664 -254.05791147 -254.05226414 -254.05178648 -254.05092021 -254.05083738 -254.04886448 -254.04745519 -254.04563936 -254.02813121 -254.02623356 -254.01228321 -254.01072682 -254.01002051 -254.00754367 -254.00349863 -253.99810623 -253.99766934 -253.99637773 -253.98152218 -253.97113641 -253.96776611 -253.96350206 -253.95000031 -253.90205486 -253.90185445 -253.8934554  -253.88774657 -253.84803821 -253.80892629 -253.31919435 -253.02133605 -253.00779602 -253.00760928 -253.00538633 -252.75852037] 
9:[-305.97977011 -305.97722228 -305.97721727 -305.97719513 -305.97550844 -305.51887666 -305.51144653 -305.46471321 -305.18758474 -305.18564396 -305.10685023 -304.97749085 -304.95928393 -304.91216784 -304.82851833 -304.786258   -304.70565554 -304.69593597 -304.69312213 -304.68956154 -304.66292882 -304.59052585 -304.54629201 -304.53843284 -304.4587679 -304.23953902 -304.08618144 -304.01229792 -303.97882084 -303.97345101 -303.95012827 -303.94997949 -303.93905762 -303.93903642 -303.93384206 -303.9338087  -303.91159064] 
10:[-148.20991157 -148.20912592 -148.20605697 -148.20555046 -148.20237491 -148.19980215 -148.19645994 -148.14417635 -148.14339111 -148.14202076 -148.14176593 -148.12050781 -148.05402198 -147.96311605 -147.94679503 -147.93344989 -147.93159659 -147.92571361 -147.9253198  -147.92435435 -147.92329145 -147.92282251 -147.92064794 -147.87635469 -147.85703024 -147.80531107 -147.7521892  -147.74315319 -147.72518759 -147.62871311 -147.61701603 -147.19359104 -146.9734601  -146.97330764 -146.96876477 -146.7852993  -146.6245009 ] 
11:[-1078.60540866 -1078.60399949 -1078.60069859 -1078.60056171 -1078.5987605  -1078.59830864 -1078.59451124 -1078.58206223 -1078.56963617 -1078.54383077 -1078.52958256 -1078.52224454 -1078.46379858 -1078.44978924 -1078.43690064 -1078.42637531 -1078.39729078 -1078.38813513 -1078.23328132 -1078.13657583 -1078.10529177 -1078.07765912 -1078.07421959 -1078.0740559 -1077.82172839 -1077.70197321 -1077.69924779 -1077.29415536 -1077.29146839 -1077.29014332 -1077.28596866 -1077.28339123 -1077.282292   -1077.27784114 -1077.26531904 -1076.95238813 -1076.69528541] 
12:[-1486.04435384 -1486.04084006 -1486.03761766 -1486.03238364 -1486.0323606  -1486.03026371 -1486.0285905  -1486.02680756 -1486.01995589 -1486.01897783 -1486.00622312 -1485.97342894 -1485.97237988 -1485.968878   -1485.89524663 -1485.8952049 -1485.88147056 -1485.88012277 -1485.88003449 -1485.87816423 -1485.87720534 -1485.87694477 -1485.87383107 -1485.8660601 -1485.86569542 -1485.74105147 -1485.7300773  -1485.70029787 -1485.65353189 -1485.07579767 -1485.07161965 -1485.07075201 -1485.04366965 -1484.99645207 -1484.89872759 -1484.77115876 -1484.6748537 ] 
13:[-334.22766496 -333.75921396 -333.73769773 -333.63835567 -333.19499758 -333.02197546 -332.96440412 -332.91313788 -332.89099339 -332.88433042 -332.82303837 -332.81598582 -332.76079667 -332.75884617 -332.75786621 -332.75723589 -332.7541271  -332.75263121 -332.72277398 -332.71507677 -332.57204716 -332.49494117 -332.31879913 -332.15595069 -331.85471008 -331.83600567 -331.79870268 -331.79518192 -331.78543354 -331.77833084 -331.77437583 -331.77286327 -331.63316458 -331.41889083 -331.07374217 -331.06812055 -331.06512378] 
14:[-154.76740491 -154.76675352 -154.76581277 -154.76464035 -154.76244849 -154.75371255 -154.72097474 -154.71985238 -154.71780928 -154.71364977 -154.71355182 -154.71082349 -154.71007334 -154.71005909 -154.70396592 -154.47290637 -154.46914559 -154.43195602 -154.28814628 -154.15950098 -154.10251936 -154.10100262 -154.10026774 -154.10001613 -154.09984093 -154.09897452 -154.09632497 -154.06026542 -153.95775424 -153.91764223 -153.89043963 -153.86448547 -153.46376046 -153.46373548 -153.44810212 -153.4165821  -153.34793228] 
15:[-182.80746488 -182.80447351 -182.49981227 -182.49950913 -182.49013824 -182.48957179 -182.4818688  -182.48141478 -182.47871223 -182.46266996 -182.42448455 -182.4227714  -182.4070205  -182.40564944 -182.38180737 -182.37619065 -182.10435456 -182.01822579 -182.01766511 -181.98484339 -181.84576417 -181.80768602 -181.80760657 -181.71259749 -181.71204409 -181.70216806 -181.68950226 -181.68812192 -181.6872484  -181.67583282 -181.6755299  -181.63578577 -181.5656608  -181.38078833 -181.33204612 -181.22311937 -180.97244072] 
16:[-520.77357443 -520.76746465 -520.76737791 -520.76611532 -520.76553316 -520.76516705 -520.76500315 -520.76311476 -520.54460522 -520.47536409 -520.46725834 -520.45043695 -520.44414817 -520.43263659 -520.37382953 -520.34886591 -520.3460424  -520.30750799 -520.3027821  -519.22858778 -518.91895775 -518.88615591 -518.84576119 -518.83664634 -518.82700408 -518.8267846  -518.82515114 -518.8250095  -518.8250044  -518.82071745 -518.82046212 -518.56157975 -518.47284838 -518.31147523 -517.08329999 -517.08191177 -517.08126603] 
17:[-724.00161597 -723.73807818 -723.59352988 -723.31869254 -723.25488374 -723.25218423 -723.25036861 -722.87637525 -722.86765636 -722.86725502 -722.86596638 -722.85482044 -722.84757388 -722.83555334 -722.8233949 -722.8146544  -722.81464281 -722.81461213 -722.81453475 -722.81292187 -722.80976547 -722.80903474 -722.7975312  -722.79425938 -722.77668795 -722.61880947 -722.59196334 -722.47737164 -722.46791014 -722.46662819 -722.4569324  -722.33706816 -722.22257085 -722.07890004 -721.94177727 -721.85876485 -721.85868956] 
18:[-1221.30451928 -1221.30074708 -1221.29797166 -1221.2968056 -1221.29657262 -1221.29080687 -1221.25796188 -1221.2494684 -1221.16369323 -1221.12183034 -1221.09178304 -1221.05935566 -1220.94555489 -1220.91637007 -1220.88081023 -1220.88040216 -1220.88022823 -1220.87996265 -1220.72546063 -1220.57168878 -1220.52122611 -1220.48930984 -1220.47999071 -1220.35177762 -1220.35174648 -1220.35113595 -1220.35082394 -1220.34952966 -1220.34477746 -1220.34442964 -1220.34432147 -1220.18743812 -1220.16709244 -1220.072892   -1220.07283189 -1220.0724872 -1219.73912856] 
19:[-133.77887292 -133.77816461 -133.71123825 -133.30623174 -133.20983699 -133.20802089 -132.82662267 -132.82300508 -132.79452818 -132.75015127 -132.72246271 -132.70849232 -132.68121737 -132.44046966 -132.43871151 -132.43854736 -132.43830673 -132.43780168 -132.43620167 -132.43204723 -132.20718621 -132.01327233 -131.8469789  -131.60886234 -131.57335653 -131.57334302 -131.56684126 -131.50693913 -131.50642787 -131.49734855 -131.49699437 -131.49556402 -131.26490815 -131.2616516  -131.26117742 -130.97819938 -130.24032825] 
20:[-228.48318    -228.45634003 -228.45529515 -228.45523202 -228.45522833 -228.42344206 -228.39802945 -228.38162995 -228.37231624 -228.31673518 -228.31635776 -228.31634524 -228.31618355 -228.30589318 -228.30151136 -228.28467608 -228.28128459 -228.27321383 -228.26854003 -228.2656012 -228.24313512 -228.24313147 -228.24287744 -228.24287106 -228.24285612 -228.24280322 -228.2427532  -228.24273498 -227.97552354 -227.75622395 -227.74312975 -227.42089073 -227.41242617 -227.36162574 -227.1733642 -227.07129616 -226.67984625] 
21:[-135.5871286  -135.58705438 -135.58695063 -135.58690083 -135.58643201 -135.58592348 -135.58548952 -135.58215088 -135.58062576 -135.5554856 -135.55048541 -135.55043252 -135.52239883 -135.33303297 -135.31999381 -135.31507341 -135.31395444 -135.30653516 -135.30368116 -135.28721026 -135.28249712 -135.20958923 -135.16629773 -135.16470727 -135.07448359 -135.06873152 -135.06827884 -135.06436405 -135.06130444 -135.05734273 -135.04157481 -135.02566333 -135.00622179 -135.00459491 -135.00452673 -134.93969895 -134.91385833] 
22:[-401.49782199 -401.40293137 -401.39884521 -401.39860497 -401.39839861 -401.39282127 -401.39212353 -401.39167394 -401.33455034 -401.32283345 -401.23094937 -401.18895582 -401.11609914 -400.99718228 -400.97525972 -400.91891194 -400.85715949 -400.85146081 -400.8294106  -400.79139866 -400.69696334 -400.66877319 -400.44283343 -399.8935409  -399.87907192 -399.87902034 -399.87526482 -399.56455809 -399.28388954 -398.91356704 -398.9132726  -398.91265148 -398.91063187 -398.91054401 -398.90830345 -398.90696084 -398.90374949] 
23:[-212.92133075 -212.66558713 -212.6413117  -212.59997199 -212.58267301 -212.5794464  -212.56628161 -211.86159407 -211.73394435 -211.63089771 -211.43459431 -211.42951175 -211.42641268 -211.42549155 -211.4244284 -211.42431991 -211.42162274 -211.40067896 -211.39193539 -211.35537228 -211.29909618 -210.86867199 -210.86740068 -210.74957902 -210.74947562 -210.723296   -210.69572425 -209.86237063 -209.86036129 -209.85768486 -209.85073721 -209.84906447 -209.8489294  -209.84811091 -209.5407598 -209.06379734 -208.74158168] 
24:[-887.48284137 -887.46412849 -887.46235638 -887.461413   -887.4587083 -887.45866857 -887.44181873 -887.43844474 -887.4383769  -887.43138875 -887.00517808 -886.99758843 -886.89518395 -886.84546526 -886.84331591 -886.78921816 -886.78742459 -886.75608218 -886.75603679 -886.7379059 -886.73777611 -886.73497686 -886.72488332 -886.72392631 -886.71496067 -886.53238759 -886.48377516 -886.44904251 -886.41351278 -886.26172252 -886.26166372 -886.25316639 -885.88821022 -885.85321862 -885.76588793 -885.53010315 -885.40330326] 
25:[-315.85650952 -315.85637836 -315.85611556 -315.8394794  -315.77056997 -315.74963964 -315.74758929 -315.74669428 -315.74177561 -315.74118806 -315.74057609 -315.737471   -315.73564676 -315.70369162 -315.70158029 -315.69887564 -315.67529501 -315.63164155 -315.63163813 -315.63057788 -315.62922859 -315.6284577  -315.6263193  -315.6220271  -315.62201759 -315.57009839 -315.53405929 -315.53381352 -315.49682707 -315.35738833 -315.26976749 -314.64326206 -314.56772581 -314.48431624 -314.46137336 -314.45639159 -314.21189536] 
26:[-288.40285951 -288.25141803 -288.23715661 -288.22641951 -288.22421256 -288.22043964 -288.21965649 -288.21857083 -288.21582859 -288.21556312 -288.21406391 -288.20976435 -288.20945635 -288.20931353 -288.20341435 -288.2017872  -288.20133271 -288.20123237 -288.19765171 -288.18431236 -288.17276116 -288.15762413 -288.15683466 -288.14950595 -288.07783412 -288.07473752 -288.03721522 -288.00546331 -288.00139616 -287.93316332 -287.92975524 -287.92973271 -287.92878179 -287.92452344 -287.92138812 -287.28428944 -287.15899228] 
27:[-851.05213129 -851.01521959 -851.01464646 -851.01162241 -851.01140825 -851.01136808 -851.00997865 -850.85163531 -850.81563052 -850.81533214 -850.78182526 -850.7811659  -850.78091686 -850.76779002 -850.76594838 -850.76300811 -850.76257652 -850.76144712 -850.71013676 -850.4783835 -850.23423341 -850.19542361 -850.19448658 -850.19398092 -850.18930364 -850.17377849 -850.10397654 -850.07525861 -850.03947253 -849.99656355 -849.85966949 -849.78441628 -849.75870118 -849.7477236  -849.74761826 -849.54434797 -849.53343182] 
28:[-330.45347396 -330.45276997 -330.11544364 -329.85956811 -329.68025012 -329.63511821 -329.63377669 -329.63339055 -329.63322684 -329.63293425 -329.63287965 -329.63208199 -329.63023709 -329.6301593  -329.62605573 -329.62490805 -329.62467162 -329.61635994 -329.61474496 -329.59034931 -329.53208011 -329.50163248 -329.50011844 -329.4396327  -328.17810355 -327.72429743 -327.59915517 -327.36644404 -327.18135597 -327.11692401 -327.0973301  -327.09677083 -327.02238686 -326.67773376 -325.40787854 -325.39469248 -325.39337713] 
29:[-138.38224892 -138.37464315 -138.3722155  -138.37079899 -138.37079828 -138.36873651 -138.36873623 -138.35481318 -138.35429729 -138.35413518 -138.35319244 -138.35243156 -138.32692457 -138.28560755 -138.28235201 -138.27969335 -138.27064974 -138.25911668 -138.25467779 -138.20552429 -138.19642362 -138.15797998 -138.14451704 -138.12532566 -138.09933584 -138.09491545 -138.08074828 -138.05766793 -138.0564251  -138.04571741 -138.0146726  -137.95973803 -137.87450717 -137.8279383  -137.61093437 -137.185035   -137.13876384] 
30:[-103.43576512 -103.40316945 -103.39928875 -103.39659862 -103.38063207 -103.38000171 -103.3798321  -103.37893097 -103.37808562 -103.35149089 -103.34522205 -103.34480482 -103.33798958 -103.28857162 -103.2491243 -103.22899901 -103.19144796 -103.18190201 -103.1504105  -103.14687148 -103.14687045 -103.14595297 -103.14534787 -103.14382354 -103.14298919 -103.14050979 -103.12801231 -103.07930028 -102.98345595 -102.93534205 -102.91937566 -102.91871902 -102.89403439 -102.87066907 -102.58000563 -102.57024454 -101.87093431] 
31:[-258.47692532 -258.47584462 -258.47575757 -258.47514787 -258.47496956 -258.47308713 -258.46604918 -258.45877028 -258.23865917 -258.23319858 -258.23019642 -258.06248393 -258.03944171 -258.03581757 -258.03387336 -258.02494859 -258.01826538 -258.01094579 -257.99460525 -257.94351366 -257.91128096 -257.8884531  -257.76785243 -257.76556949 -257.76552142 -257.76210649 -257.76210621 -257.74854494 -257.73259223 -257.71230947 -257.70873891 -257.70716834 -257.70535621 -257.52942242 -257.41894699 -257.32480944 -257.23275506] 
32:[-189.39345493 -189.08689501 -189.07667151 -189.06590505 -189.04802941 -189.04774809 -189.04536949 -189.04381814 -189.04267457 -189.04196676 -189.04095135 -189.03544788 -188.9503287  -188.90753223 -188.71257584 -188.49300993 -188.33070175 -188.21169005 -188.16772417 -188.0467042 -187.7359782  -187.73588784 -187.30191679 -187.30190758 -187.28907233 -187.22165125 -187.16853773 -186.92236841 -186.92236104 -186.92121366 -186.92009268 -186.91947037 -186.91944966 -186.91899211 -186.9182809 -186.62460577 -186.61548308] 
33:[-199.5136415  -199.50569786 -199.50564482 -199.50444513 -199.5018 -199.49328113 -199.46673898 -199.46069794 -199.45141139 -199.43057612 -199.4255246  -199.39558234 -199.38581301 -199.37846622 -199.36668282 -199.34020986 -199.31305857 -199.30007163 -199.2804351  -199.27334374 -199.26837059 -199.26797403 -199.2567877  -199.2567747  -199.24266392 -199.23773943 -199.23536873 -199.23378705 -199.23321198 -199.23321072 -199.1803714  -199.15940048 -198.89293022 -198.84815157 -198.78806907 -198.66177831 -198.52605327] 
34:[-844.67555369 -844.65158959 -844.65149463 -844.64768278 -844.6471129 -844.63989696 -844.63904914 -844.6369071  -844.63371181 -844.63030971 -844.62940761 -844.62916667 -844.6268907  -844.58253013 -844.55716824 -844.55313548 -844.55296531 -844.55265298 -844.54923382 -844.54827514 -844.5430752  -844.5215489  -844.51907628 -844.48229767 -844.45431639 -844.43697078 -844.4343731  -844.31864236 -844.17813749 -844.13163799 -843.59976285 -843.56500403 -843.35160568 -843.34750286 -843.32866496 -843.32845239 -843.16903956] 
35:[-879.14133637 -879.1399285  -879.13842636 -879.13697657 -879.02989414 -879.02594799 -878.70930982 -878.67589823 -878.67541199 -878.66228039 -878.6589977  -878.65589104 -878.65536356 -878.65532135 -878.65504096 -878.64785486 -878.61535618 -878.61479025 -878.61387172 -878.33828944 -878.30348887 -878.29985765 -878.28514317 -877.94540675 -877.88765618 -877.88453547 -877.88426554 -877.87304038 -877.87005856 -877.86701974 -877.8586096  -877.85315957 -877.7019146  -877.67923201 -877.60867746 -877.46460086 -877.16422015] 
36:[-889.10975216 -889.10397613 -889.09867496 -889.09761453 -889.09660063 -889.08891053 -889.08586797 -889.08468313 -889.07724632 -889.07228036 -889.07082144 -889.06725247 -889.06628008 -889.06501619 -889.05365025 -889.05227273 -889.05116366 -889.04829277 -889.04814971 -889.04727626 -889.04726426 -889.04694621 -889.04555077 -889.04190708 -889.04185308 -889.03900485 -889.03898237 -889.02967208 -889.01044981 -888.99893836 -888.90305761 -888.59500591 -888.58730112 -888.57044275 -888.57029848 -888.56493897 -888.47063294] 
RANKING VECTORS IDX
0:[18. 12. 36.  0.  5.  3. 11. 31. 21. 17. 13. 23. 15. 30.  2. 14.  8. 25. 32. 19. 22. 28.  4.  9. 33. 20. 29. 34. 24. 35. 27. 16.  7. 10.  1. 26.  6.] 
1:[ 1. 32.  8.  2. 14. 25.  4. 23. 22. 15.  5. 11.  3.  0. 18. 12. 36. 28. 19. 30. 31. 17. 13. 16. 10. 24. 29.  7. 35. 34. 27.  6. 26. 21. 33. 20.  9.] 
2:[14.  2. 33. 20.  9. 13. 28. 19. 21. 36.  5. 12. 11. 15.  0. 18.  4.  3. 31. 30. 17. 32. 23. 22. 25.  8. 26. 29.  7. 27. 35. 24. 34. 16. 10.  1.  6.] 
3:[18. 36.  3. 11.  5.  0. 14.  2. 15.  4. 31. 35. 27. 24. 34. 10. 29. 30. 16.  7.  8. 13. 25. 28. 23. 17. 22. 32.  6. 12. 19. 26. 33. 20.  9. 21.  1.] 
4:[ 4. 28. 19. 22. 23. 32. 14.  8.  2.  3. 11. 36. 18.  5. 12.  0. 31.  1. 13. 30. 17. 25. 15. 21.  7. 24. 34. 27. 29. 10. 35. 16. 26. 33. 20.  9.  6.] 
5:[18.  4.  3.  5. 36. 31. 11.  0. 19. 14. 17. 12. 15. 25.  8. 21. 13. 20.  9. 33. 23. 22.  2. 28. 32. 30.  1. 26.  7. 27. 24. 34. 29. 16. 10. 35.  6.] 
6:[30.  6.  3. 10. 29. 35. 24. 34.  7. 27. 16. 14.  8.  2. 25. 31.  4.  0. 36.  5. 18. 12. 11. 23. 22. 32. 13. 15. 28. 19. 26. 17.  1. 33. 20.  9. 21.] 
7:[23. 11. 18. 36. 12.  5.  3.  7. 10. 35. 29. 30. 31. 34. 24. 17. 27.  8. 14.  2. 25. 28. 22. 19.  4.  0. 32.  6. 16. 15. 13. 26.  9. 33. 20.  1. 21.] 
8:[24. 34.  7. 10. 27.  2. 35. 29. 14.  8. 30.  3. 11. 18. 31. 17. 36.  5. 12.  0. 25. 16. 23. 32. 19. 15. 22.  4. 28.  6. 13. 21. 26. 33. 20.  9.  1.] 
9:[13. 33. 31. 20.  9. 21. 15.  8.  0.  3. 26.  2. 17. 23. 19.  4.  5. 11. 18. 36. 12. 22. 32. 30. 25. 14.  6.  1.  7. 16. 10. 35. 29. 27. 24. 34. 28.] 
10:[24. 34. 10. 35. 29. 27.  7.  2. 14.  8. 25.  6. 30. 31. 13.  3.  0. 11. 12.  5. 23. 36. 18. 17. 15.  4. 22. 16. 32. 19. 28. 26. 33. 20.  9. 21.  1.] 
11:[18.  0. 11.  5. 36.  3. 21. 12. 31. 32.  2. 14. 28. 19. 23. 22. 17.  4. 13. 15.  1. 20.  9. 33. 30.  8. 25. 16. 29. 10. 24. 35. 34. 27.  7. 26.  6.] 
12:[ 3. 25.  0. 14. 36. 31.  8.  5. 12. 11.  2. 30. 18. 22. 19. 28.  7. 27. 34. 10. 24. 35. 29. 17. 16.  4. 15.  6. 13.  9. 33. 20. 32. 26. 23. 21.  1.] 
13:[13. 22. 25. 28. 17.  8. 31. 23. 32. 19. 15.  2.  3. 11.  0. 18.  5. 14. 12. 36.  4. 16. 30.  1. 10.  7. 27. 29. 35. 34. 24. 21. 26.  6.  9. 33. 20.] 
14:[19.  2. 14. 25.  8. 28.  3.  7. 27. 10. 35. 29. 34. 24. 16.  4. 15. 30. 23. 31.  0. 17. 36. 18.  5. 11. 12. 13. 21. 32. 22.  6. 33. 20.  9. 26.  1.] 
15:[15.  4. 24. 34. 10. 35. 29. 16. 27.  7.  3. 11. 28. 19.  2. 14. 30.  8. 25. 13. 23. 31. 21. 36.  5. 12. 18.  9. 17. 20. 33.  0. 26.  6. 22. 32.  1.] 
16:[ 3. 18. 12.  5. 36. 16.  0. 11. 31.  8.  2.  4. 22. 23. 15. 28. 19. 25. 14. 13.  6. 30. 17.  1.  7. 29. 10. 24. 34. 35. 27. 32. 21. 26. 20.  9. 33.] 
17:[17. 13. 21.  2. 14. 25.  8. 11. 36.  0.  3. 18.  5. 12. 23. 24.  7. 34. 27. 29. 16. 35.  4. 15. 10. 30. 31. 33.  9. 20. 32. 26.  6. 22.  1. 28. 19.] 
18:[ 3. 36.  5.  0. 11. 18. 12. 31. 30.  4. 32. 22. 17. 23.  2. 25. 14.  8. 15. 13. 19. 28.  6. 24. 34. 27.  7. 29. 16. 10. 35. 21.  1. 33. 20.  9. 26.] 
19:[28. 19. 25. 31. 15.  4.  2. 14. 23. 22. 17.  1. 32.  0. 36. 18. 11.  5. 12.  3. 16. 13.  8. 21. 33. 20.  9. 34. 24. 10. 35. 29. 30.  7. 27. 26.  6.] 
20:[23.  9. 33. 31. 20. 26. 13.  4. 15.  8.  2. 14. 19. 25. 28.  5.  3.  0. 11. 30. 10. 35. 27. 29. 24.  7. 16. 34. 21. 17.  6. 18. 36. 12. 32. 22.  1.] 
21:[12.  0.  5. 18. 31.  3. 36. 11. 15. 21.  2. 14. 17. 23. 22.  8. 28. 13. 33. 20.  9.  4. 30. 25. 24. 32. 19. 27.  7. 16. 34. 26. 29. 10. 35.  6.  1.] 
22:[22.  0. 12. 36.  5. 11. 18.  3. 31. 28. 14. 17. 23.  8.  4. 32. 21.  2. 30. 15.  1. 25. 13.  9. 33. 20.  6. 19. 26. 10. 24.  7. 34. 35. 16. 27. 29.] 
23:[23.  4. 15.  2. 25. 17. 14.  1. 22. 13. 18. 12.  0. 36.  3. 11.  5. 32.  8. 21. 31. 28. 19. 33. 20.  9. 30.  7. 34. 24. 27. 10. 35. 29. 26. 16.  6.] 
24:[ 0.  3.  7. 24. 34. 10. 27. 35. 29. 16.  4. 15. 30. 23. 13.  8. 14. 11. 18. 12. 36.  6. 17.  5.  2. 22. 31. 26. 32. 33. 20.  9. 19. 25. 21.  1. 28.] 
25:[25. 14.  8.  3. 32.  0. 36.  5. 31. 18. 12.  6. 11.  4.  2. 22. 30. 24. 34. 27. 16. 29.  7. 10. 35. 23. 19. 28. 17. 15. 13. 26.  1.  9. 33. 20. 21.] 
26:[ 6.  2. 30. 13.  7. 27. 29.  5. 24. 34.  0. 10. 36. 35.  3. 26. 18. 12. 11. 31. 16. 14. 25.  8. 22. 32. 15.  4. 23.  9. 28. 19. 20. 17. 33.  1. 21.] 
27:[ 2.  8. 14.  4. 15. 28. 25. 23.  3.  0. 10. 16. 35. 29. 27.  7. 34. 24. 19. 30. 13. 11. 18.  5. 36. 12.  6. 21. 22. 17. 31. 26.  9. 20. 33.  1. 32.] 
28:[19. 28. 15. 31. 22.  3.  0. 10. 16. 36. 11.  5.  7. 24. 34. 18. 27. 35. 29.  2.  8. 14.  4. 23. 32. 13.  1. 25. 30. 21. 17. 26.  6. 12. 33.  9. 20.] 
29:[ 3. 27.  7. 10. 35. 24. 34.  8. 14. 25. 16. 29. 30. 18. 11.  0. 12. 36.  5. 31. 17.  2. 19.  6. 15.  4. 32. 33. 20.  9. 22. 13. 26. 28. 23. 21.  1.] 
30:[31.  3. 30. 12.  5.  0. 36. 11. 18.  2. 14. 25.  8.  4. 15. 19. 22. 17. 27. 24. 34. 29.  7. 10. 16. 35. 23. 32. 28.  9. 33. 20. 13.  6. 26. 21.  1.] 
31:[ 0. 11. 36. 12.  5.  3. 18. 31.  8. 14.  2. 30. 19. 28. 21. 13. 32. 25. 15.  4. 23. 22. 27. 35. 29. 24. 34. 16. 10.  7. 33.  9. 20.  1. 17.  6. 26.] 
32:[32.  2. 14. 22. 18. 12. 36.  0.  4.  5. 11.  3. 23. 31. 17.  1. 21. 30. 13. 15. 25.  8. 20. 33.  9. 19. 28. 24. 34. 27. 29. 10. 35. 16.  7. 26.  6.] 
33:[ 0. 18. 12. 11. 36.  5. 17. 31. 30.  4. 15. 33. 13. 20.  9. 25. 32. 14.  2. 22.  8. 19. 10. 35.  7. 27. 16. 29. 24. 34.  3. 28. 26.  6. 21. 23.  1.] 
34:[ 3. 14.  8.  2. 25. 10. 35. 29. 16.  7. 24. 34. 27. 31. 36.  0. 11. 18. 30.  5. 12. 17.  4. 23. 22.  6. 32. 15. 13. 19. 28. 26. 21.  9. 33. 20.  1.] 
35:[15.  2. 14.  4. 19. 28. 18. 10. 35.  5. 29.  7. 34. 24. 27. 16.  3.  0. 11. 30.  8. 25. 13. 31. 20.  9. 33. 21. 36. 26.  6. 12. 17. 23. 22. 32.  1.] 
36:[ 2.  0. 36. 12. 31.  5. 11. 18. 30. 17.  3. 25. 14.  8. 23. 22. 29. 35. 10.  7. 24. 34. 27. 19.  4. 32. 28. 16. 15. 13.  6.  9. 21. 33. 20. 26.  1.] 
POSCARS
EA62    3.071  5.502  5.224 117.95 90.07 106.16 Sym.group:  164
1.0
   3.0697640000000002   -0.0415500000000000    0.0798120000000000
  -1.3766240000000001    2.8492459999999999   -4.5006760000000003
  -0.0920130000000000    2.4847510000000002    4.5941989999999997
S Si
4 2
direct
   0.7761710000000001    0.7213990000000000    0.7787650000000000 S
   0.5548800000000000    0.2777980000000000    0.2234310000000000 S
   0.2762200000000000    0.7214130000000000    0.2787590000000000 S
   0.0548400000000000    0.2777870000000000    0.7234350000000001 S
   0.9154320000000000    0.9996180000000000    0.2510020000000000 Si
   0.4153940000000000    0.9996000000000000    0.7509950000000000 Si
EA13    4.040  4.040  2.484 90.00 89.99 120.00 Sym.group:  189
1.0
   4.0395149999999997   -0.0006620000000000    0.0028050000000000
  -2.0191110000000001    3.4988310000000000   -0.0005280000000000
  -0.0013510000000000   -0.0004930000000000    2.4843660000000001
B O
4 2
direct
   0.9965260000000000    0.9947460000000000    0.9994350000000000 B
   0.9965070000000000    0.2791460000000000    0.4994770000000000 B
   0.2809440000000000    0.9947370000000000    0.4992420000000000 B
   0.7121300000000000    0.7103610000000000    0.4995940000000000 B
   0.3298670000000000    0.6614210000000000    0.4995670000000000 O
   0.6631990000000000    0.3280790000000000    0.4992720000000000 O
EA242   2.755  2.755  8.971 89.98 89.99 60.02 Sym.group:  164
1.0
   1.4186240000000001    2.3620070000000002   -0.0316800000000000
  -1.3366659999999999    2.4091079999999998    0.0218160000000000
   0.1726250000000000    0.0178490000000000    8.9695219999999996
Al B
4 2
direct
   0.3330460000000000    0.5067400000000000    0.6288260000000000 Al
   0.6676060000000000    0.8387410000000000    0.8486860000000001 Al
   0.0001670000000000    0.1727220000000000    0.0689140000000000 Al
   0.0004730000000000    0.1727420000000000    0.4085990000000000 Al
   0.3336100000000000    0.5060400000000000    0.2362990000000000 B
   0.6670280000000000    0.8394160000000001    0.2412150000000000 B
EA150   3.181  3.184  3.913 90.10 89.97 119.92 Sym.group:  164
1.0
   1.5973679999999999   -2.7509910000000000   -0.0103280000000000
   1.5889260000000001    2.7592639999999999    0.0233350000000000
  -0.0206560000000000   -0.0293840000000000    3.9130660000000002
P S
2 1
direct
   0.3370470000000000    0.6700770000000000    0.6456780000000000 P
   0.6701300000000000    0.3354650000000000    0.3519610000000000 P
   0.0035920000000000    0.0027740000000000    0.9988190000000000 S
EA153   7.562  2.949  2.949 60.00 101.10 101.10 Sym.group:  166
1.0
   7.5599660000000002   -0.1381710000000000   -0.0767490000000000
  -0.5143600000000000    2.9037899999999999    0.0420390000000000
  -0.5167220000000000    1.3689100000000001    2.5605889999999998
P C
4 2
direct
   0.0522110000000000    0.7552830000000000    0.9768540000000000 P
   0.4362060000000000    0.5499000000000001    0.7712340000000000 P
   0.2205550000000000    0.1436890000000000    0.3651540000000000 P
   0.8365570000000000    0.3490680000000000    0.5707700000000000 P
   0.5365930000000000    0.9161859999999999    0.1375190000000000 C
   0.7361700000000000    0.9827820000000000    0.2044840000000000 C
EA169   2.257  2.263  3.997 89.87 90.05 60.39 Sym.group:  164
1.0
   2.2572359999999998   -0.0215040000000000    0.0110190000000000
   1.1366350000000001    1.9566300000000001    0.0029910000000000
  -0.0226790000000000    0.0175530000000000    3.9967709999999999
Li H
2 1
direct
   0.3386260000000000    0.9968200000000000    0.5780540000000000 Li
   0.6717959999999999    0.3330950000000000    0.0749370000000000 Li
   0.0053550000000000    0.6648140000000000    0.8264540000000000 H
EA109   4.161  4.161  4.162 119.97 60.02 119.98 Sym.group:  227
1.0
   4.1605699999999999   -0.0061490000000000    0.0014390000000000
  -2.0737450000000002    3.6071830000000000   -0.0060590000000000
   2.0769039999999999   -1.1982470000000001    3.4015590000000002
Be Mg
4 2
direct
   0.9972940000000000    0.0048580000000000    0.0032270000000000 Be
   0.4973660000000000    0.5048420000000000    0.0030430000000000 Be
   0.9971680000000001    0.5047280000000000    0.0031750000000000 Be
   0.9974150000000001    0.5047920000000000    0.5030810000000000 Be
   0.3723680000000000    0.1298420000000000    0.3781330000000000 Mg
   0.6221960000000000    0.8796810000000000    0.6282489999999999 Mg
EA101   4.180  4.179  2.721 89.98 90.00 60.06 Sym.group:  191
1.0
   4.1797649999999997    0.0279380000000000    0.0059540000000000
   2.0619459999999998    3.6353819999999999    0.0041520000000000
  -0.0038960000000000   -0.0000370000000000    2.7208060000000001
Na Mg
2 1
direct
   0.7541830000000000    0.1782980000000000    0.7399900000000000 Na
   0.0875720000000000    0.5113799999999999    0.7390460000000000 Na
   0.4208390000000000    0.8448700000000000    0.2396090000000000 Mg
EA108   4.417  3.424  3.436 60.13 90.24 90.01 Sym.group:  164
1.0
   4.4142180000000000    0.0061850000000000    0.1652410000000000
  -0.0053740000000000    3.4236659999999999   -0.0005000000000000
  -0.1283580000000000    1.7117739999999999    2.9767969999999999
Li Be
4 2
direct
   0.5640970000000000    0.5892970000000000    0.4930420000000000 Li
   0.3918010000000000    0.9224880000000000    0.8266970000000000 Li
   0.9330820000000000    0.9232020000000000    0.8252840000000000 Li
   0.7607420000000000    0.2563880000000000    0.1589370000000000 Li
   0.2296500000000000    0.2560660000000000    0.1595500000000000 Be
   0.0951640000000000    0.5896230000000000    0.4924290000000000 Be
EA106   2.884  2.884  4.990 106.75 106.75 60.03 Sym.group:  225
1.0
   2.8833560000000000    0.0218490000000000   -0.0445210000000000
   1.4212780000000000    2.5088870000000001   -0.0440710000000000
  -1.3588800000000001   -0.7998189999999999    4.7339089999999997
Be C
4 2
direct
   0.3590910000000000    0.2910700000000000    0.0081400000000000 Be
   0.8595110000000000    0.7909480000000000    0.5081120000000000 Be
   0.1096250000000000    0.0410430000000000    0.2582580000000000 Be
   0.6092170000000000    0.5411460000000000    0.7582860000000000 Be
   0.4845840000000000    0.4160010000000000    0.3831870000000000 C
   0.9841310000000000    0.9161000000000000    0.8831840000000000 C
EA205   3.692  2.378  3.684 90.08 60.63 90.07 Sym.group:  191
1.0
   3.6722120000000000    0.1490450000000000    0.3531230000000000
  -0.1051370000000000    2.3744369999999999    0.0598420000000000
   1.4936080000000000   -0.0237550000000000    3.3678469999999998
Li Al
2 1
direct
   0.6533660000000000    0.8247890000000000    0.7165230000000000 Li
   0.3212570000000000    0.8248650000000000    0.3840470000000000 Li
   0.9873120000000000    0.3248080000000000    0.0502860000000000 Al
EA157   2.728  2.719  4.467 89.53 90.60 119.78 Sym.group:  164
1.0
   2.7274699999999998   -0.0184590000000000    0.0064640000000000
  -1.3344790000000000    2.3693059999999999   -0.0056770000000000
  -0.0573660000000000    0.0208810000000000    4.4667599999999998
Mg H
2 1
direct
   0.0559830000000000    0.0479370000000000    0.1694330000000000 Mg
   0.3925780000000000    0.7182539999999999    0.6941120000000000 Mg
   0.7268520000000001    0.3826200000000000    0.4296680000000000 H
EA45    2.654  2.653  6.757 90.06 89.82 119.94 Sym.group:  164
1.0
   2.6535030000000002   -0.0020020000000000   -0.0001750000000000
  -1.3221480000000001    2.2998230000000000   -0.0000800000000000
   0.0222630000000000    0.0043180000000000    6.7570769999999998
Mg Na
2 1
direct
   0.3478080000000000    0.3296290000000000    0.1550550000000000 Mg
   0.6755250000000000    0.9927930000000000    0.4791620000000000 Mg
   0.0057790000000000    0.6636500000000000    0.8170180000000000 Na
EA41    2.852  2.837  2.849 86.10 86.12 93.92 Sym.group:  160
1.0
   2.8520029999999998   -0.0015010000000000    0.0217260000000000
  -0.1924640000000000    2.8307199999999999   -0.0134330000000000
   0.1711230000000000    0.2194400000000000    2.8358140000000001
N O
2 1
direct
   0.1152700000000000    0.7649350000000000    0.0272890000000000 N
   0.8701680000000001    0.5211730000000000    0.2720110000000000 N
   0.6148169999999999    0.2663370000000000    0.5271880000000000 O
EA159   3.005  4.958  3.003 90.33 60.33 90.06 Sym.group:  164
1.0
   3.0038040000000001    0.0794550000000000    0.0041180000000000
  -0.1361460000000000    4.9538320000000002    0.1546900000000000
   1.4845910000000000   -0.0581280000000000    2.6093030000000002
Li B
4 2
direct
   0.6598800000000000    0.3844180000000000    0.7470540000000000 Li
   0.9964850000000000    0.7966030000000000    0.0789650000000000 Li
   0.3181630000000000    0.5457200000000000    0.4170910000000000 Li
   0.6547670000000000    0.9579090000000000    0.7490030000000000 Li
   0.9988750000000000    0.2021890000000000    0.0762570000000000 B
   0.3157730000000000    0.1401380000000000    0.4197990000000000 B
EA107   3.205  3.257  4.608 89.89 110.35 119.47 Sym.group:  166
1.0
   3.2049840000000001   -0.0005470000000000   -0.0017900000000000
  -1.6016349999999999    2.8354800000000000    0.0404360000000000
  -1.6001369999999999   -0.9534950000000000    4.2147930000000002
Li C
4 2
direct
   0.1024880000000000    0.9533090000000000    0.5706230000000000 Li
   0.7663770000000000    0.7883450000000000    0.0633690000000000 Li
   0.2408380000000000    0.5250580000000000    0.2755330000000000 Li
   0.9047050000000000    0.3600940000000000    0.7682610000000000 Li
   0.3992800000000000    0.1088070000000000    0.0087000000000000 C
   0.6079080000000000    0.2045960000000000    0.3301760000000000 C
EA7     2.514  2.514  3.827 90.00 90.00 60.00 Sym.group:  191
1.0
   1.2572360000000000    2.1772900000000002    0.0000260000000000
  -1.2570230000000000    2.1774719999999999    0.0026280000000000
   0.0041730000000000   -0.0024520000000000    3.8273950000000001
C Na
2 1
direct
   0.3382550000000000    0.3356890000000000    0.9009600000000000 C
   0.6716000000000000    0.6690010000000000    0.9011710000000001 C
   0.0031900000000000    0.0035400000000000    0.4010370000000000 Na
EA16    2.735  2.738  7.377 90.00 90.00 60.11 Sym.group:  194
1.0
   2.7346240000000002    0.0007270000000000   -0.0017130000000000
   1.3637280000000001    2.3742749999999999   -0.0006100000000000
   0.0047750000000000   -0.0007220000000000    7.3772510000000002
N Mg
4 2
direct
   0.6695160000000000    0.6618140000000000    0.1650350000000000 N
   0.6700930000000000    0.6617090000000000    0.3306820000000000 N
   0.3364490000000000    0.3308240000000000    0.6650470000000001 N
   0.3362880000000000    0.3310100000000000    0.8306730000000000 N
   0.0026770000000000    0.9965780000000000    0.9979130000000000 Mg
   0.0032910000000000    0.9963379999999999    0.4979130000000000 Mg
EA107   5.056  5.610  2.814 90.09 90.05 90.55 Sym.group:  164
1.0
   5.0562959999999997    0.0193400000000000    0.0021530000000000
  -0.0756690000000000    5.6096290000000000    0.0189790000000000
  -0.0038000000000000   -0.0140240000000000    2.8143959999999999
Mg Cl
4 2
direct
   0.3362100000000000    0.9064060000000000    0.0782240000000000 Mg
   0.6637330000000000    0.2647970000000000    0.0752090000000000 Mg
   0.1637530000000000    0.2647400000000000    0.5775960000000000 Mg
   0.8362400000000000    0.9063660000000000    0.5761120000000000 Mg
   0.5000500000000000    0.5856670000000000    0.5769420000000000 Cl
   0.0000530000000000    0.5854650000000000    0.0772980000000000 Cl
EA133   6.525  2.430  2.430 119.90 89.91 90.07 Sym.group:  164
1.0
   6.5212760000000003    0.1361610000000000   -0.1691890000000000
  -0.0555420000000000    2.4279700000000002   -0.0713110000000000
   0.0832380000000000   -1.1476599999999999    2.1406049999999999
C B
4 2
direct
   0.0575180000000000    0.1685500000000000    0.0687550000000000 C
   0.8270000000000000    0.1679550000000000    0.0699420000000000 C
   0.1337590000000000    0.8348010000000000    0.4027020000000000 C
   0.7507580000000000    0.5017210000000000    0.7360100000000001 C
   0.3680180000000000    0.8350780000000000    0.4025920000000000 B
   0.5165000000000000    0.5017130000000000    0.7364620000000000 B
EA11    3.427  3.431  3.430 90.36 60.24 60.28 Sym.group:  225
1.0
   3.4266120000000000   -0.0317030000000000   -0.0424470000000000
   1.7281290000000000    2.9634230000000001   -0.0160090000000000
   1.7277460000000000   -1.0175829999999999    2.7829730000000001
Li S
2 1
direct
   0.4931640000000000    0.2465900000000000    0.7460900000000000 Li
   0.4935140000000000    0.7451000000000000    0.2467130000000000 Li
   0.9934809999999999    0.9956820000000000    0.9965830000000000 S
EA191   3.350  2.127  3.353 89.89 89.76 89.90 Sym.group:  136
1.0
   3.3484340000000001   -0.0546290000000000   -0.0920510000000000
   0.0374730000000000    2.1261610000000002   -0.0304130000000000
   0.1070420000000000    0.0525330000000000    3.3505110000000000
H Be
4 2
direct
   0.4256740000000000    0.8862910000000001    0.0236870000000000 H
   0.9250500000000000    0.3861660000000000    0.9219150000000000 H
   0.0229610000000000    0.8861420000000000    0.4225470000000000 H
   0.5222570000000000    0.3876010000000000    0.5231280000000000 H
   0.7235940000000000    0.8872080000000000    0.7223250000000000 Be
   0.2236310000000000    0.3860260000000000    0.2224480000000000 Be
EA120   3.780  2.415  2.416 60.02 89.95 89.96 Sym.group:  156
1.0
   3.7801680000000002   -0.0048080000000000    0.0097010000000000
   0.0045870000000000    2.4149929999999999   -0.0060700000000000
  -0.0018750000000000    1.2122590000000000    2.0894080000000002
Be O
2 1
direct
   0.2547660000000000    0.0867840000000000    0.1593570000000000 Be
   0.6817360000000000    0.4191790000000000    0.4931180000000000 Be
   0.0896110000000000    0.4202190000000000    0.4931610000000000 O
EA194   2.461  2.462  7.863 81.08 90.00 119.98 Sym.group:  160
1.0
   2.4611459999999998   -0.0028400000000000    0.0104920000000000
  -1.2275290000000001    2.1338620000000001    0.0062310000000000
  -0.0308620000000000    1.3659170000000000    7.7438330000000004
N B
4 2
direct
   0.3174410000000000    0.9532720000000000    0.9239570000000000 N
   0.2690000000000000    0.8566940000000000    0.0655210000000000 N
   0.5117000000000000    0.3369480000000000    0.3420030000000000 N
   0.7433060000000000    0.7984770000000000    0.6487760000000000 N
   0.8433659999999999    0.0000180000000000    0.3472970000000000 B
   0.4071740000000000    0.1260470000000000    0.6574230000000000 B
EA169   4.059  4.711  4.751 116.81 64.72 115.32 Sym.group:  191
1.0
   4.0581360000000002   -0.0862700000000000   -0.0105380000000000
  -1.9235920000000000    4.2999340000000004    0.0208420000000000
   2.0081540000000002   -1.4684790000000001    4.0470899999999999
Na P
4 2
direct
   0.7507180000000000    0.4194010000000000    0.9151840000000000 Na
   0.7492290000000000    0.9190850000000000    0.4154590000000000 Na
   0.0837500000000000    0.2515290000000000    0.0818270000000000 Na
   0.0823180000000000    0.7512529999999999    0.5820200000000000 Na
   0.4168180000000000    0.8357750000000000    0.9991210000000000 P
   0.4160130000000000    0.3350330000000000    0.4985030000000000 P
EA116   3.311  3.311  4.153 89.98 90.01 119.99 Sym.group:  164
1.0
   1.6556280000000001   -2.8674320000000000    0.0019370000000000
   1.6559390000000000    2.8677340000000000   -0.0004970000000000
  -0.0009050000000000    0.0027590000000000    4.1529460000000000
Be Li
4 2
direct
   0.2006970000000000    0.9753990000000000    0.9569040000000000 Be
   0.5340740000000000    0.6420120000000000    0.7620270000000000 Be
   0.2004020000000000    0.9746960000000000    0.4906720000000000 Be
   0.8673450000000000    0.3085620000000000    0.6855280000000000 Be
   0.8671250000000000    0.3083780000000000    0.1787130000000000 Li
   0.5336120000000000    0.6411520000000001    0.2688450000000000 Li
EA87    3.259  3.262  4.800 90.00 90.00 90.02 Sym.group:  216
1.0
   3.2589910000000000    0.0060430000000000    0.0105240000000000
  -0.0072080000000000    3.2618909999999999   -0.0027240000000000
  -0.0153590000000000    0.0038780000000000    4.7995640000000002
Be Si
4 2
direct
   0.9953040000000000    0.5055120000000000    0.7497310000000000 Be
   0.4953100000000000    0.0055240000000000    0.2497090000000000 Be
   0.9953700000000000    0.0055030000000000    0.9996100000000000 Be
   0.4953940000000000    0.5054820000000000    0.4996110000000000 Be
   0.9954280000000000    0.5055390000000000    0.2494980000000000 Si
   0.4953990000000000    0.0055100000000000    0.7495370000000000 Si
EA11    3.954  3.949  2.137 90.00 90.00 119.91 Sym.group:  191
1.0
   3.9536419999999999   -0.0050200000000000    0.0025890000000000
  -1.9646290000000000    3.4252150000000001   -0.0010560000000000
  -0.0014310000000000   -0.0000350000000000    2.1366869999999998
Na B
2 1
direct
   0.3191000000000000    0.6585060000000000    0.8244250000000000 Na
   0.6521230000000000    0.3251110000000000    0.8271440000000000 Na
   0.9856290000000000    0.9918160000000000    0.3264240000000000 B
EA117   2.441  6.940  2.439 89.93 60.03 89.99 Sym.group:  164
1.0
   2.4405880000000000   -0.0032440000000000    0.0317050000000000
   0.0102660000000000    6.9404120000000002   -0.0051650000000000
   1.1909360000000000    0.0028260000000000    2.1287370000000001
C F
4 2
direct
   0.0209080000000000    0.8044960000000000    0.7718980000000000 C
   0.6883740000000000    0.0914460000000000    0.4366490000000000 C
   0.3551190000000000    0.1622560000000000    0.1031540000000000 C
   0.6877950000000000    0.8753150000000000    0.4382620000000000 C
   0.3542960000000000    0.3551080000000000    0.1038270000000000 F
   0.0194920000000000    0.6116549999999999    0.7733680000000001 F
EA7     3.894  3.896  2.329 89.97 90.05 118.78 Sym.group:  191
1.0
   3.8935160000000000   -0.0205890000000000    0.0069580000000000
  -1.8576230000000000    3.4246089999999998   -0.0052370000000000
  -0.0060730000000000    0.0017520000000000    2.3293290000000000
Si Li
2 1
direct
   0.1654020000000000    0.1718740000000000    0.1499120000000000 Si
   0.5005440000000000    0.8365110000000000    0.1510130000000000 Si
   0.8330040000000000    0.5043600000000000    0.6502830000000001 Li
EA150   4.299  4.300  4.777 63.32 63.31 60.05 Sym.group:  155
1.0
   4.2992970000000001    0.0083500000000000    0.0025360000000000
   2.1394660000000001    3.7301720000000000    0.0004900000000000
   2.1403390000000000    1.2443050000000000    4.0848040000000001
Al Li
4 2
direct
   0.0352760000000000    0.8617240000000000    0.2463610000000000 Al
   0.2049710000000000    0.3628750000000000    0.7476520000000000 Al
   0.5338050000000000    0.6920080000000000    0.7445090000000000 Al
   0.8613170000000000    0.0355760000000000    0.7463109999999999 Al
   0.7021670000000000    0.5312610000000000    0.2403010000000000 Li
   0.3658670000000000    0.1950160000000000    0.2514690000000000 Li
EA106   3.025  4.985  5.176 70.10 90.00 90.00 Sym.group:  166
1.0
   3.0245259999999998    0.0026800000000000   -0.0019100000000000
  -0.0042900000000000    4.9852800000000004    0.0147680000000000
   0.0014330000000000    1.7469749999999999    4.8721019999999999
S P
4 2
direct
   0.8783670000000000    0.9777670000000001    0.0756110000000000 S
   0.3784180000000000    0.4240790000000000    0.0891870000000000 S
   0.3783810000000000    0.9783530000000000    0.5745110000000000 S
   0.8784030000000000    0.4234920000000000    0.5902880000000000 S
   0.8783960000000000    0.7017000000000000    0.8321300000000000 P
   0.3783880000000000    0.7001470000000000    0.3326680000000000 P
EA401   2.618  2.618  9.952 82.49 89.99 119.99 Sym.group:  166
1.0
   1.3094520000000001   -2.2668180000000002   -0.0125980000000000
   1.3085249999999999    2.2669410000000001    0.0141830000000000
   1.2962110000000000    0.6923120000000000    9.8430269999999993
Al O
4 2
direct
   0.5997220000000000    0.8680920000000000    0.0466240000000000 Al
   0.8373969999999999    0.3370320000000000    0.3331320000000000 Al
   0.0729280000000000    0.8148460000000000    0.6196430000000001 Al
   0.3359670000000000    0.3430230000000000    0.8331340000000000 Al
   0.1372780000000000    0.9375300000000000    0.4331060000000000 O
   0.5374660000000000    0.7367540000000000    0.2331520000000000 O
EA44    3.469  3.470  3.470 119.99 60.00 120.00 Sym.group:  225
1.0
   3.4694870000000000   -0.0028780000000000    0.0012850000000000
  -1.7321599999999999    3.0064050000000000   -0.0070530000000000
   1.7327619999999999   -0.9967580000000000    2.8358989999999999
Si Be
2 1
direct
   0.7492160000000000    0.2591080000000000    0.7515090000000000 Si
   0.2492550000000000    0.7591900000000000    0.2514450000000000 Si
   0.4991990000000000    0.5091010000000000    0.5014100000000000 Be
EA23    4.826  4.970  4.322 64.34 89.83 118.91 Sym.group:  191
1.0
   4.8244080000000000   -0.0773670000000000   -0.0893280000000000
  -2.3326259999999999    4.3884449999999999    0.0144290000000000
   0.1167360000000000    2.1696149999999998    3.7363390000000001
Na Al
4 2
direct
   0.1682030000000000    0.6630300000000000    0.6722270000000000 Na
   0.0018910000000000    0.3306540000000000    0.3384650000000000 Na
   0.5019760000000000    0.3304970000000000    0.3391620000000000 Na
   0.6682770000000000    0.6628039999999999    0.6729940000000000 Na
   0.0856370000000000    0.9968100000000000    0.0059390000000000 Al
   0.5855080000000000    0.9964810000000000    0.0058500000000000 Al
EA112   3.754  3.768  2.211 90.08 89.85 119.84 Sym.group:  191
1.0
   1.8426240000000000    3.2602959999999999   -0.2620650000000000
  -3.7641760000000000   -0.0176650000000000    0.1705410000000000
   0.1024020000000000    0.1258160000000000    2.2046839999999999
Na C
2 1
direct
   0.3315370000000000    0.4990260000000000    0.1499130000000000 Na
   0.6651620000000000    0.1659850000000000    0.1493050000000000 Na
   0.9982230000000000    0.8324150000000000    0.6495960000000000 C
EA144   2.588  2.565  6.125 90.29 90.44 61.58 Sym.group:  164
1.0
   2.5874169999999999    0.0593180000000000   -0.0063500000000000
   1.1688030000000000    2.2837239999999999   -0.0101980000000000
  -0.0326880000000000    0.0094320000000000    6.1245110000000000
Na Li
2 1
direct
   0.3270970000000000    0.9863110000000000    0.8235930000000000 Na
   0.9786980000000000    0.6498610000000000    0.1951210000000000 Na
   0.6544540000000000    0.3195020000000000    0.5093760000000001 Li
