Gen   ID    Origin   Composition    Enthalpy   Volume  Density   Fitness   KPOINTS  SYMM  Q_entr A_order S_order
                                      (eV)     (A^3)  (g/cm^3)
  1    1   Random    [     4  2  ] -1847.138    33.885   2.944   -923.569  [ 4  3  4] 225  0.000  5.099  5.126
  1    2   Random    [     4  2  ] -1847.150    33.924   2.940   -923.575  [ 4  4  3] 225  0.000  5.125  5.152
  1    3   Random    [     4  2  ] -1842.317    34.917   2.857   -921.159  [ 4  4  4] 140  0.001  3.409  3.433
  1    4   Random    [     4  2  ] -1843.786    39.123   2.550   -921.893  [ 5  4  2]  12  0.122  2.713  2.395
  1    5   Random    [     4  2  ] -1847.151    33.928   2.940   -923.576  [ 4  3  4] 225  0.000  5.139  5.165
  1    6   Random    [     4  2  ] -1847.131    33.863   2.946   -923.565  [ 4  4  3] 225  0.000  5.082  5.108
  1    7   Random    [     4  2  ] -1847.101    33.777   2.953   -923.550  [ 3  4  4] 225  0.000  4.967  4.992
  1    8   Random    [     4  2  ] -1845.716    34.903   2.858   -922.858  [ 5  5  3] 186  0.110  3.660  3.335
  1    9   Random    [     4  2  ] -1843.255    36.748   2.714   -921.627  [ 4  4  3]   6  0.207  2.414  1.968
  1   10   RandTop   [     4  2  ] -1847.144    33.905   2.942   -923.572  [ 3  4  4] 225  0.000  5.104  5.130
  1   11   RandTop   [     4  2  ] -1847.121    33.834   2.948   -923.560  [ 4  4  3] 225  0.000  5.040  5.065
  1   12   RandTop   [     4  2  ] -1842.120    35.882   2.780   -921.060  [ 4  4  3] 123  0.000  3.976  3.998
  1   13   RandTop   [     4  2  ] -1843.090    34.116   2.924   -921.545  [ 3  4  5]  71  0.084  3.028  2.815
  1   14   RandTop   [     4  2  ] -1840.797    36.139   2.760   -920.399  [ 6  5  2]   2  0.068  2.458  2.345
  1   15   Random    [     2  1  ]  -923.590    16.963   2.940   -923.590  [ 5  5  5] 225  0.000  5.110  5.136
  1   16   Random    [     2  1  ]  -923.560    16.871   2.956   -923.560  [ 5  5  5] 225  0.000  4.956  4.980
  1   17   Random    [     2  1  ]  -923.459    16.690   2.988   -923.459  [ 4  4  5] 225  0.000  4.355  4.378
  1   18   Random    [     2  1  ]  -923.586    16.950   2.942   -923.586  [ 5  5  5] 225  0.000  5.126  5.153
  1   19   Random    [     2  1  ]  -923.569    16.898   2.952   -923.569  [ 5  5  5] 225  0.000  4.993  5.017
  1   20   Random    [     2  1  ]  -921.096    17.960   2.777   -921.096  [ 4  4  6]  38  0.104  3.325  3.160
  1   21   Random    [     2  1  ]  -923.580    16.931   2.946   -923.580  [ 5  5  5] 225  0.000  5.056  5.082
  1   22   Random    [     2  1  ]  -923.587    16.955   2.942   -923.587  [ 5  5  5] 225  0.000  5.070  5.095
  1   23   RandTop   [     2  1  ]  -920.195    17.908   2.785   -920.195  [ 5  6  3] 115  0.001  3.595  3.600
  1   24   RandTop   [     2  1  ]  -921.743    16.022   3.113   -921.743  [ 4  4  6]  71  0.009  2.699  2.704
  1   25   RandTop   [     2  1  ]  -920.151    17.796   2.802   -920.151  [ 6  6  3]  12  0.000  2.185  2.202
  1   26   RandTop   [     2  1  ]  -923.565    16.886   2.954   -923.565  [ 5  5  5] 225  0.000  4.973  4.997
  1   27   RandTop   [     2  1  ]  -920.194    17.906   2.785   -920.194  [ 5  6  3] 115  0.001  3.591  3.596
  1   28   RandTop   [     2  1  ]  -921.478    17.352   2.874   -921.478  [ 5  5  4] 187  0.148  4.017  3.649
  1   29   RandTop   [     2  1  ]  -920.243    18.203   2.740   -920.243  [ 6  6  3] 164  0.000  3.463  3.481
  1   30   RandTop   [     2  1  ]  -922.964    15.922   3.132   -922.964  [ 5  4  5] 166  0.000  2.893  2.915
  2   31  Heredity   [     4  2  ] -1842.787    34.693   2.875   -921.393  [ 5  5  3]   8  0.127  2.953  2.658
  2   32  Heredity   [     4  2  ] -1846.197    32.096   3.108   -923.099  [ 4  4  4]  12  0.000  3.200  3.226
  2   33  Heredity   [     4  2  ] -1842.158    33.857   2.946   -921.079  [ 5  5  3]   1  0.141  2.311  2.066
  2   34  Heredity   [     4  2  ] -1842.363    34.016   2.932   -921.182  [ 4  4  5]   2  0.085  2.083  1.964
  2   35  Heredity   [     4  2  ] -1843.255    34.815   2.865   -921.627  [ 5  5  3]   1  0.148  2.044  1.806
  2   36   Random    [     4  2  ] -1843.711    39.016   2.557   -921.856  [ 5  5  2]  12  0.125  2.548  2.235
  2   37   RandTop   [     4  2  ] -1842.117    35.873   2.781   -921.058  [ 4  4  3] 123  0.000  3.974  3.997
  2   38 Permutate   [     4  2  ] -1842.996    35.670   2.796   -921.498  [ 4  4  4]   8  0.219  2.402  1.900
  2   39 softmutate  [     4  2  ] -1842.521    35.257   2.829   -921.260  [ 4  4  4]   2  0.041  2.301  2.241
  2   40 softmutate  [     4  2  ] -1842.513    33.810   2.950   -921.257  [ 6  4  2]   5  0.155  2.775  2.426
  2   41 keptBest    [     4  2  ] -1845.716    34.903   2.858   -922.858  [ 5  5  3] 186  0.110  3.660  3.335
  2   42 keptBest    [     4  2  ] -1843.255    36.748   2.714   -921.627  [ 4  4  3]   6  0.207  2.414  1.968
  2   43  Heredity   [     2  1  ]  -923.589    16.960   2.941   -923.589  [ 5  5  5] 225  0.000  5.144  5.171
  2   44  Heredity   [     2  1  ]  -923.577    16.923   2.947   -923.577  [ 5  5  5] 225  0.000  5.075  5.101
  2   45  Heredity   [     2  1  ]  -923.584    16.945   2.943   -923.584  [ 5  5  5] 225  0.000  5.119  5.145
  2   46   Random    [     2  1  ]  -923.590    16.962   2.940   -923.590  [ 5  5  5] 225  0.000  5.070  5.096
  2   47   Random    [     2  1  ]  -923.574    16.915   2.949   -923.574  [ 5  5  5] 225  0.000  5.054  5.080
  2   48   RandTop   [     2  1  ]  -923.568    16.896   2.952   -923.568  [ 5  5  5] 225  0.000  5.030  5.055
  2   49   RandTop   [     2  1  ]  -921.050    18.011   2.769   -921.050  [ 4  4  5] 123  0.000  4.200  4.221
  2   50 Permutate   [     2  1  ]  -921.009    17.002   2.933   -921.009  [ 5  5  5] 216  0.159  4.868  4.401
  2   51 LatMutate   [     2  1  ]  -923.559    16.869   2.956   -923.559  [ 5  5  5] 225  0.000  4.890  4.914
  2   52 LatMutate   [     2  1  ]  -921.090    17.942   2.780   -921.090  [ 6  4  4]  38  0.103  3.246  3.086
  2   53 keptBest    [     2  1  ]  -923.590    16.963   2.940   -923.590  [ 5  5  5] 225  0.000  5.110  5.136
  3   54  Heredity   [     4  2  ] -1843.297    33.104   3.013   -921.649  [ 4  5  3]   2  0.058  2.254  2.164
  3   55  Heredity   [     4  2  ] -1844.452    34.439   2.896   -922.226  [ 5  5  3] 156  0.152  3.549  3.162
  3   56  Heredity   [     4  2  ] -1842.929    35.020   2.848   -921.464  [ 4  5  3]   2  0.089  2.264  2.117
  3   57  Heredity   [     4  2  ] -1845.449    34.124   2.923   -922.725  [ 5  5  3] 186  0.095  3.560  3.295
  3   58  Heredity   [     4  2  ] -1845.453    34.136   2.922   -922.727  [ 5  5  3] 186  0.092  3.412  3.175
  3   59  Heredity   [     4  2  ] -1842.830    33.498   2.978   -921.415  [ 4  5  4]  71  0.084  2.948  2.746
  3   60  Heredity   [     4  2  ] -1844.470    34.481   2.893   -922.235  [ 5  5  3] 156  0.156  3.680  3.263
  3   61  Heredity   [     4  2  ] -1845.146    33.736   2.957   -922.573  [ 5  5  3]   8  0.108  2.976  2.726
  3   62   Random    [     4  2  ] -1845.662    34.708   2.874   -922.831  [ 3  5  4] 186  0.106  3.640  3.335
  3   63   RandTop   [     4  2  ] -1847.141    33.897   2.943   -923.571  [ 4  4  3] 225  0.000  5.116  5.143
  3   64   RandTop   [     4  2  ] -1843.359    30.881   3.230   -921.679  [ 3  3  6]  71  0.012  2.857  2.851
  3   65 Permutate   [     4  2  ] -1842.875    35.329   2.823   -921.438  [ 3  4  4]   2  0.041  2.239  2.184
  3   66 Permutate   [     4  2  ] -1843.202    36.730   2.716   -921.601  [ 4  3  4]   1  0.176  2.236  1.912
  3   67 LatMutate   [     4  2  ] -1842.092    35.720   2.793   -921.046  [ 5  5  2]   1  0.147  2.356  2.064
  3   68 LatMutate   [     4  2  ] -1843.330    32.804   3.041   -921.665  [ 5  4  3]  12  0.117  2.870  2.544
  3   69 softmutate  [     4  2  ] -1841.759    32.742   3.046   -920.879  [ 6  4  3]   5  0.137  2.484  2.159
  3   70 softmutate  [     4  2  ] -1840.679    31.194   3.198   -920.339  [ 2  7  4]   2  0.053  2.072  2.001
  3   71 keptBest    [     4  2  ] -1845.716    34.903   2.858   -922.858  [ 5  5  3] 186  0.110  3.660  3.335
  3   72 keptBest    [     4  2  ] -1843.255    34.815   2.865   -921.627  [ 5  5  3]   1  0.148  2.044  1.806
  3   73   Random    [     2  1  ]  -921.003    16.985   2.936   -921.003  [ 5  5  5] 216  0.159  4.405  3.982
  3   74   Random    [     2  1  ]  -920.265    17.976   2.774   -920.265  [ 6  5  3]   2  0.000  2.149  2.167
  3   75 keptBest    [     2  1  ]  -923.590    16.963   2.940   -923.590  [ 5  5  5] 225  0.000  5.110  5.136
  4   76  Heredity   [     4  2  ] -1845.351    34.106   2.925   -922.675  [ 5  5  3] 186  0.096  3.585  3.315
  4   77  Heredity   [     4  2  ] -1843.529    33.609   2.968   -921.765  [ 4  5  3]   2  0.069  2.363  2.241
  4   78  Heredity   [     4  2  ] -1842.952    35.073   2.844   -921.476  [ 5  4  3]   2  0.089  2.273  2.127
  4   79  Heredity   [     4  2  ] -1845.432    34.072   2.928   -922.716  [ 5  5  3] 186  0.095  3.613  3.345
  4   80  Heredity   [     4  2  ] -1845.335    34.095   2.926   -922.668  [ 5  5  3] 186  0.095  3.593  3.327
  4   81  Heredity   [     4  2  ] -1842.800    33.441   2.983   -921.400  [ 4  5  4]  71  0.077  2.906  2.727
  4   82  Heredity   [     4  2  ] -1844.446    32.714   3.049   -922.223  [ 5  4  3] 129  0.106  3.227  2.922
  4   83  Heredity   [     4  2  ] -1843.315    32.959   3.026   -921.657  [ 5  5  3] 139  0.122  3.068  2.694
  4   84   Random    [     4  2  ] -1842.797    33.964   2.937   -921.398  [ 4  4  4]  87  0.001  3.065  3.077
  4   85 Permutate   [     4  2  ] -1842.974    34.647   2.879   -921.487  [ 4  4  3]   2  0.073  2.352  2.236
  4   86 Permutate   [     4  2  ] -1843.235    36.693   2.718   -921.618  [ 3  4  4]   6  0.199  2.361  1.947
  4   87 softmutate  [     4  2  ] -1841.333    31.963   3.121   -920.667  [ 3  7  3]   2  0.043  2.202  2.152
  4   88 softmutate  [     4  2  ] -1844.689    33.193   3.005   -922.345  [ 5  5  3]  12  0.081  3.182  3.029
  4   89 softmutate  [     4  2  ] -1843.716    32.239   3.094   -921.858  [ 4  3  4]   8  0.154  2.653  2.315
  4   90 keptBest    [     4  2  ] -1845.716    34.903   2.858   -922.858  [ 5  5  3] 186  0.110  3.660  3.335
  4   91 keptBest    [     4  2  ] -1843.297    33.104   3.013   -921.649  [ 4  5  3]   2  0.058  2.254  2.164
  4   92  Heredity   [     2  1  ]  -920.341    18.103   2.755   -920.341  [ 6  5  3]   2  0.000  2.478  2.498
  4   93   Random    [     2  1  ]  -921.475    17.358   2.873   -921.475  [ 4  5  4] 187  0.147  3.704  3.372
  4   94   Random    [     2  1  ]  -923.589    16.960   2.941   -923.589  [ 5  5  5] 225  0.000  5.060  5.087
  4   95   RandTop   [     2  1  ]  -921.050    18.010   2.769   -921.050  [ 4  4  5] 123  0.000  4.197  4.219
  4   96   RandTop   [     2  1  ]  -920.244    18.204   2.740   -920.244  [ 6  6  3] 164  0.000  3.385  3.402
  4   97 LatMutate   [     2  1  ]  -923.574    16.914   2.949   -923.574  [ 5  5  5] 225  0.000  4.971  4.996
  4   98 LatMutate   [     2  1  ]  -921.103    17.979   2.774   -921.103  [ 6  4  4]  38  0.103  3.318  3.156
  4   99 keptBest    [     2  1  ]  -923.590    16.963   2.940   -923.590  [ 5  5  5] 225  0.000  5.110  5.136
  5  100  Heredity   [     4  2  ] -1844.815    33.468   2.980   -922.408  [ 5  5  3] 166  0.097  3.582  3.361
  5  101  Heredity   [     4  2  ] -1843.796    35.298   2.826   -921.898  [ 5  4  3]  25  0.165  2.644  2.270
  5  102  Heredity   [     4  2  ] -1845.451    34.130   2.923   -922.725  [ 5  5  3] 186  0.095  3.600  3.333
  5  103  Heredity   [     4  2  ] -1844.435    34.395   2.900   -922.218  [ 5  5  3] 156  0.150  3.467  3.094
  5  104  Heredity   [     4  2  ] -1846.920    33.149   3.009   -923.460  [ 5  5  3] 225  0.000  4.531  4.555
  5  105   RandTop   [     4  2  ] -1842.130    36.108   2.763   -921.065  [ 2  4  5]  51  0.002  3.829  3.837
  5  106 Permutate   [     4  2  ] -1847.191    33.897   2.943   -923.596  [ 5  5  3] 225  0.000  5.122  5.149
  5  107 Permutate   [     4  2  ] -1842.000    36.482   2.734   -921.000  [ 4  4  2]   1  0.188  2.478  2.017
  5  108 LatMutate   [     4  2  ] -1846.477    32.952   3.027   -923.238  [ 4  4  3] 225  0.000  4.098  4.123
  5  109 softmutate  [     4  2  ] -1841.932    34.750   2.870   -920.966  [ 6  5  2]   2  0.085  2.160  2.003
  5  110 softmutate  [     4  2  ] -1843.494    33.531   2.975   -921.747  [ 5  4  3]   2  0.073  2.383  2.253
  5  111 softmutate  [     4  2  ] -1846.296    32.194   3.098   -923.148  [ 4  4  4]  12  0.000  3.313  3.338
  5  112 keptBest    [     4  2  ] -1845.716    34.903   2.858   -922.858  [ 5  5  3] 186  0.110  3.660  3.335
  5  113 keptBest    [     4  2  ] -1844.446    32.714   3.049   -922.223  [ 5  4  3] 129  0.106  3.227  2.922
  5  114  Heredity   [     2  1  ]  -920.464    18.627   2.677   -920.464  [ 5  5  3]   8  0.057  2.656  2.611
  5  115  Heredity   [     2  1  ]  -920.070    18.282   2.728   -920.070  [ 6  6  3] 160  0.036  3.073  3.034
  5  116   Random    [     2  1  ]  -921.066    18.057   2.762   -921.066  [ 5  4  4] 123  0.000  4.168  4.188
  5  117   Random    [     2  1  ]  -921.011    17.007   2.933   -921.011  [ 5  5  5] 216  0.160  4.822  4.355
  5  118   Random    [     2  1  ]  -920.247    18.216   2.738   -920.247  [ 6  6  3] 164  0.000  3.360  3.378
  5  119   RandTop   [     2  1  ]  -921.067    18.060   2.762   -921.067  [ 4  4  5] 123  0.000  4.167  4.188
  5  120 Permutate   [     2  1  ]  -921.010    17.006   2.933   -921.010  [ 5  5  5] 216  0.159  4.823  4.356
  5  121 LatMutate   [     2  1  ]  -923.376    16.536   3.016   -923.376  [ 4  4  5]  71  0.000  3.863  3.885
  5  122 keptBest    [     2  1  ]  -923.590    16.963   2.940   -923.590  [ 5  5  5] 225  0.000  5.110  5.136
