NUMBER OF TEMPLATES 42
COMPOSITION A 2 B
pairs , SPACEGROUPS 
[Be Mg] , 227 
[S Si] , 164 
[O P] , 121 
[Al N] , 164 
[Be C] , 225 
[N Li] , 194 
[Mg Li] , 139 
[N Cl] , 123 
[N Al] , 166 
[S Si] , 186 
[H Be] , 136 
[Al Si] , 139 
[H Mg] , 129 
[Be Al] , 227 
[B Si] , 166 
[P Al] , 119 
[Li Al] , 191 
[F Be] , 115 
[B Be] , 216 
[N Li] , 187 
[B Mg] , 191 
[F Na] , 139 
[O Si] , 136 
[Mg Be] , 140 
[Li Cl] , 166 
[N Mg] , 194 
[B Al] , 191 
[Al Si] , 164 
[Na O] , 139 
[Li P] , 139 
[Al Li] , 155 
[Si F] , 191 
[O C] , 136 
[Si Mg] , 191 
[N S] , 129 
[Na S] , 194 
[S H] , 129 
[C Na] , 191 
[Li F] , 164 
[Be H] , 166 
[P Na] , 139 
[Al C] , 164 
RANKING VECTORS ENTHALPIES
0:[-788.41263853 -788.40844581 -788.39243394 -788.14528108 -788.1402493 -788.13855301 -788.12794184 -788.12304253 -788.0425225  -788.02201679 -788.02057427 -788.01992469 -788.0193341  -788.01598871 -787.98442436 -787.88596603 -787.87745826 -787.85829878 -787.80349004 -787.78184692 -787.76111939 -787.75282407 -787.73267829 -787.72942759 -787.66817744 -787.66067934 -787.45584335 -787.39308311 -787.38283877 -787.37248119 -787.36535477 -787.35464302 -787.34646416 -787.34428668 -787.34334872 -787.33169187 -787.01999974 -787.01590386 -786.70128289 -786.29144949 -786.28987422 -786.28959922] 
1:[-234.54710373 -234.54382831 -234.54237802 -234.53543967 -234.50457835 -234.18523895 -234.18445084 -234.18444354 -234.18423099 -234.17819204 -234.17805201 -234.09220685 -234.08797037 -234.08622139 -234.03711651 -234.03678354 -234.0043151  -233.96799466 -233.93332369 -233.92991209 -233.92137177 -233.92047262 -233.91565727 -233.89262212 -233.88449269 -233.86116597 -233.84546915 -233.84248075 -233.7934082  -233.67080146 -233.66277673 -233.63845452 -233.57842623 -233.48106834 -233.41170227 -233.40324516 -233.40084785 -233.38479198 -233.38040366 -233.11612941 -233.02547765 -232.8472118 ] 
2:[-360.08126177 -359.49093133 -359.4891494  -359.4684853  -359.4422164 -359.22613107 -359.20020909 -359.19141063 -359.18946392 -359.18856355 -359.18762687 -359.14026084 -359.0647328  -358.98412308 -358.98381648 -358.97592344 -358.9553758  -358.95298073 -358.68184947 -358.52240236 -358.50877693 -358.47709831 -358.46295673 -358.37308834 -358.36471232 -358.34246203 -358.30410197 -358.25555591 -358.04166197 -357.98100507 -357.90373538 -357.79064522 -357.74869663 -357.58891954 -357.43593143 -357.43511764 -357.43490944 -357.42867451 -357.42766497 -357.39069796 -356.89722193 -356.896885  ] 
3:[-133.67040991 -133.66768769 -133.57012425 -133.56950193 -133.56514056 -133.55619689 -133.52137818 -133.42971469 -133.19120956 -133.14108883 -133.13612754 -133.1356894  -133.02239311 -133.02168163 -133.01414283 -132.99166804 -132.88702429 -132.86605819 -132.86604922 -132.86439709 -132.86436985 -132.86176308 -132.8456687  -132.84432005 -132.84315536 -132.72441456 -132.44660273 -132.41946788 -132.21429518 -132.1872801 -131.91223523 -131.79821068 -131.78132291 -131.55845852 -130.82928329 -130.82622036 -130.81577188 -130.81122196 -130.81119418 -130.80208269 -130.57431489 -130.5568561 ] 
4:[-305.9791532  -305.97550844 -305.96717194 -305.68742733 -305.62572159 -305.62457629 -305.5194362  -305.51887666 -305.51804852 -305.38918165 -305.22703007 -305.18758474 -305.17504577 -305.11757656 -305.10597334 -305.05524713 -305.03270766 -305.03091554 -304.95928393 -304.93848566 -304.91922243 -304.89733871 -304.75070536 -304.74830083 -304.69254248 -304.68022233 -304.59084928 -304.58873716 -304.53843284 -304.5362016 -304.53294504 -304.51578372 -304.34226262 -304.08942253 -304.08618144 -303.98142583 -303.97345101 -303.97302926 -303.96756236 -303.95012827 -303.8374783  -302.41573849] 
5:[-251.27292163 -251.27195007 -251.27075152 -251.23582906 -251.1352312 -251.09478942 -251.05200622 -251.04452496 -250.86613968 -250.86440609 -250.84655283 -250.5899253  -250.19159731 -250.11928378 -250.10581215 -250.10549108 -250.0764213  -250.07371249 -250.06027921 -250.05806805 -250.05800188 -250.05498112 -250.05364796 -250.05343045 -250.05294104 -250.0341804  -249.99171575 -249.92382408 -249.92381767 -249.92354244 -249.9222563  -249.91335076 -249.90112071 -249.89660147 -249.85550358 -249.51739984 -249.47175385 -249.47077634 -249.41734887 -249.40261427 -249.40100914 -248.9487955 ] 
6:[-1137.85653255 -1137.8491232  -1137.84848525 -1137.84571758 -1137.84093489 -1137.78920317 -1137.71397678 -1137.69973527 -1137.69685205 -1137.6905866  -1137.69037077 -1137.68919207 -1137.68421478 -1137.6840171  -1137.68389828 -1137.68162591 -1137.57857189 -1137.57856008 -1137.57850914 -1137.57369802 -1137.57309528 -1137.55926676 -1137.55578997 -1137.55189008 -1137.55120949 -1137.54874508 -1137.51569145 -1137.4448414 -1137.42206925 -1137.40572155 -1137.38611554 -1137.32006603 -1137.21858495 -1137.21802226 -1137.14781379 -1137.14778894 -1137.07649964 -1137.06035941 -1137.03750492 -1137.0361666 -1136.79781718 -1136.66462211] 
7:[-332.56699534 -332.49129778 -332.48121308 -332.48057942 -332.46071775 -332.39685589 -332.27774868 -332.11562209 -332.0927771  -332.08481523 -332.02526835 -332.01044929 -331.91920276 -331.8593914  -331.53274664 -331.51286335 -331.50477462 -331.48500071 -331.46090657 -331.39945204 -331.3983212  -331.39641066 -331.37567114 -331.31517707 -331.2975214 -331.05552657 -331.00465342 -330.99707324 -330.97970701 -330.91772959 -330.71825165 -330.71729949 -330.71433488 -330.68779837 -330.6446983 -330.59684295 -330.51352832 -330.41496705 -330.26235122 -330.26234513 -330.24349959 -330.13120838] 
8:[-206.99684253 -206.99304955 -206.99236913 -206.83417362 -206.78727054 -206.63143075 -206.32509062 -206.22860875 -206.22821914 -206.19657843 -206.15985673 -206.08889676 -206.06222603 -206.06159633 -206.06147385 -206.0471219  -206.02497743 -205.98268687 -205.98162653 -205.8910193 -205.84489385 -205.83230844 -205.8128512  -205.81267689 -205.81114001 -205.79257107 -205.70386481 -205.64899253 -205.6473605  -205.64386531 -205.57853469 -205.43946888 -205.43776579 -205.43720729 -204.98420575 -204.98230144 -204.97726293 -204.97722539 -204.9750214  -204.93278821 -204.21578588 -204.21576453] 
9:[-234.54710373 -234.54382831 -234.54237802 -234.53543967 -234.50457835 -234.18523895 -234.18445084 -234.18444354 -234.18423099 -234.17819204 -234.17805201 -234.09220685 -234.08797037 -234.08622139 -234.03711651 -234.03678354 -234.0043151  -233.96799466 -233.93332369 -233.92991209 -233.92137177 -233.92047262 -233.91565727 -233.89262212 -233.88449269 -233.86116597 -233.84546915 -233.84248075 -233.7934082  -233.67080146 -233.66277673 -233.63845452 -233.57842623 -233.48106834 -233.41170227 -233.40324516 -233.40084785 -233.38479198 -233.38040366 -233.11612941 -233.02547765 -232.8472118 ] 
10:[-135.58705438 -135.58456813 -135.58333458 -135.57886655 -135.5614858 -135.55699331 -135.55579482 -135.5554856  -135.52247648 -135.52239883 -135.52120868 -135.45082447 -135.45023764 -135.40247347 -135.40186236 -135.3030884  -135.30200728 -135.29574193 -135.29417177 -135.28249712 -135.25891727 -135.18504083 -135.17044666 -135.16629773 -135.16317476 -135.14120269 -135.1124124  -135.1121847  -135.0748387  -135.07266829 -135.07256735 -135.05734273 -135.0563348  -135.05627678 -135.05205779 -135.04740183 -135.01353679 -135.01145771 -135.00459491 -134.93969895 -134.92885665 -134.90376963] 
11:[-76.18045129 -76.17569591 -76.17502846 -76.16865859 -76.16602005 -76.1612266  -76.15993343 -76.14470374 -76.10762079 -76.08406754 -76.08372916 -76.07384345 -76.05364358 -75.98926472 -75.95469013 -75.9528172  -75.93125108 -75.91963134 -75.91463835 -75.88900309 -75.85476173 -75.84947111 -75.84880684 -75.84863329 -75.84335065 -75.76753748 -75.75690207 -75.72565925 -75.66745961 -75.66742154 -75.62044947 -75.57814822 -75.52625496 -75.50191207 -75.50075609 -75.49139883 -75.47814663 -75.40474759 -75.3372929  -74.71116003 -74.71079281 -74.71063159] 
12:[-547.0746184  -547.07402852 -547.04253621 -547.04202655 -547.04053979 -547.03967874 -546.97075669 -546.96762905 -546.96612768 -546.90910844 -546.86063305 -546.86029242 -546.86027887 -546.85129583 -546.85093014 -546.85092057 -546.79318868 -546.76407641 -546.76046054 -546.75419275 -546.75418712 -546.75054832 -546.75017761 -546.73489454 -546.72592011 -546.72540203 -546.7252973  -546.631269   -546.62727898 -546.62391416 -546.61820547 -546.6137418  -546.60028137 -546.59488095 -546.59217007 -546.53026392 -546.3538376  -546.30829262 -546.24482198 -546.225256 -545.86955645 -545.829842  ] 
13:[-271.19295255 -271.17584011 -271.16276167 -271.01831137 -270.99296531 -270.91984301 -270.91966509 -270.91750085 -270.9174546  -270.90341868 -270.86121688 -270.85429495 -270.85098806 -270.84820632 -270.84819568 -270.8329731  -270.74955175 -270.74640554 -270.73449333 -270.73318866 -270.71886789 -270.71716199 -270.68768108 -270.65620416 -270.60369465 -270.58087346 -270.53223849 -270.53149522 -270.49812126 -270.43825119 -270.31863457 -270.31788879 -270.31734023 -270.30081037 -270.30047326 -270.12424019 -270.02212715 -270.00799018 -269.884588   -269.30838061 -269.30795805 -269.17932699] 
14:[-88.85989472 -88.85649251 -88.83473351 -88.82416912 -88.80259053 -88.69434546 -88.68921885 -88.68731866 -88.68533382 -88.68481255 -88.6294108  -88.62425554 -88.59861515 -88.4957402  -88.45654898 -88.45621903 -88.45401208 -88.43986281 -88.4159385  -88.41380567 -88.27038534 -88.26268362 -88.25880046 -88.25879806 -88.17225797 -88.15461601 -88.14698569 -88.14698454 -88.1426606  -88.13567016 -88.13094437 -88.06877678 -88.067061   -88.02294028 -88.01968687 -87.9553332  -87.94772719 -87.7523131  -87.71591108 -87.67250888 -87.67235229 -87.67220114] 
15:[-142.48870036 -142.48817491 -142.48805329 -142.48574309 -142.47954539 -142.47948456 -142.42650319 -142.42589864 -142.42004028 -142.4160866 -142.4010757  -142.38963629 -142.37252034 -142.34599508 -142.33917534 -142.31868865 -142.31463869 -142.30923029 -142.30733012 -142.30326067 -142.28409528 -142.28335451 -142.28103591 -142.27632771 -142.27089072 -142.2706792  -142.2438778  -142.23789834 -142.17522314 -142.16698436 -142.09957514 -142.08760922 -142.08196127 -142.0059609  -141.98757464 -141.98563931 -141.98241509 -141.90885457 -141.86182614 -141.36962008 -141.36780397 -141.36733488] 
16:[-148.22871805 -148.22842958 -148.22323057 -148.21768426 -148.21317903 -148.20605697 -148.20523127 -148.20330225 -148.19791563 -148.12109362 -148.12050781 -148.07200377 -148.05402198 -148.00060563 -147.93159659 -147.93081    -147.93024283 -147.92670067 -147.92570388 -147.92038179 -147.91725301 -147.88898818 -147.88820952 -147.87905352 -147.87703491 -147.87635469 -147.85322476 -147.84728028 -147.83109014 -147.8252553 -147.81264026 -147.78507301 -147.74315319 -147.62090543 -147.61742051 -147.57242917 -147.21999151 -147.18449821 -146.96876477 -146.80138241 -146.79878549 -146.7852993 ] 
17:[-572.89272866 -572.89236716 -572.89236409 -572.79217594 -572.79143131 -572.76634483 -572.76615119 -572.76587409 -572.76533623 -572.75241091 -572.68956264 -572.68954769 -572.65218942 -572.65148993 -572.65144189 -572.35351721 -572.25807759 -572.21280767 -572.20629565 -572.14777667 -572.14496676 -572.13710555 -572.05226929 -572.05055631 -571.93622721 -571.93585655 -571.93456113 -571.93277414 -571.93182879 -571.78776296 -571.32524056 -571.18325983 -570.7151189  -570.58822229 -570.33625761 -570.33462008 -570.33450391 -570.334348   -570.3294476  -570.28843604 -569.31571757 -569.29858847] 
18:[-177.95721653 -177.74942457 -177.74826595 -177.74823905 -177.74597446 -177.74132606 -177.57651347 -177.52715155 -177.4535348  -177.43764225 -177.39815191 -177.33480717 -177.33478848 -177.32170862 -177.32166262 -177.32055326 -177.21126427 -177.19776949 -177.19298113 -177.18358137 -177.18276952 -177.17631185 -177.17549476 -177.1665453  -177.15450159 -177.15336826 -177.15295217 -177.12905453 -177.11750018 -177.10928866 -177.08312812 -177.07420417 -177.06741935 -177.05886508 -176.97145135 -176.83627103 -176.83063833 -176.76532933 -176.69592014 -176.30703272 -176.30624376 -176.3041941 ] 
19:[-251.27292163 -251.27195007 -251.27075152 -251.23582906 -251.1352312 -251.09478942 -251.05200622 -251.04452496 -250.86613968 -250.86440609 -250.84655283 -250.5899253  -250.19159731 -250.11928378 -250.10581215 -250.10549108 -250.0764213  -250.07371249 -250.06027921 -250.05806805 -250.05800188 -250.05498112 -250.05364796 -250.05343045 -250.05294104 -250.0341804  -249.99171575 -249.92382408 -249.92381767 -249.92354244 -249.9222563  -249.91335076 -249.90112071 -249.89660147 -249.85550358 -249.51739984 -249.47175385 -249.47077634 -249.41734887 -249.40261427 -249.40100914 -248.9487955 ] 
20:[-589.34520296 -589.34446561 -589.33890713 -589.33604684 -589.33581083 -589.33509276 -589.33307309 -589.31282423 -588.9574144  -588.94006143 -588.65133767 -588.62240642 -588.62176091 -588.61586402 -588.56956957 -588.48811796 -588.45527005 -588.45122602 -588.38673525 -588.22957139 -588.22182213 -588.21915432 -588.20863933 -588.13943454 -588.10326767 -588.10026706 -587.98322591 -587.94280436 -587.90427631 -587.85603392 -587.84208577 -587.72301213 -587.65401175 -587.63600708 -587.63015298 -587.61932961 -587.48308555 -586.97745285 -586.87952388 -586.87896794 -586.87810412 -586.85541996] 
21:[-858.76747636 -858.76686809 -858.75882061 -858.75763444 -858.74981857 -858.7497599  -858.71214076 -858.71118014 -858.7111141  -858.71027664 -858.70699571 -858.70683024 -858.70233927 -858.6709933  -858.63737247 -858.57728134 -858.57713157 -858.57712191 -858.57700669 -858.57658296 -858.5755052  -858.57069725 -858.55852602 -858.54660028 -858.53998679 -858.52369954 -858.518472   -858.4875115  -858.45252719 -858.45226853 -858.35310913 -858.28897013 -858.288833   -858.26126616 -858.24506535 -858.16934846 -858.16884581 -858.16861037 -858.16284196 -858.16211929 -858.16164759 -857.15209918] 
22:[-337.08088295 -337.08001761 -337.07945083 -336.72879552 -336.72827949 -336.7282489  -336.72820906 -336.7281297  -336.57084484 -336.57038346 -336.57037845 -336.48553762 -336.48552365 -336.09349266 -336.03446978 -336.01469546 -336.01467628 -335.77123441 -335.76111219 -335.39271915 -335.39257184 -335.38220402 -335.29347729 -335.25719076 -335.08850502 -335.08832938 -335.08510745 -335.07336388 -335.04585995 -334.85431956 -334.24337911 -334.19031199 -333.9296257  -333.56776309 -333.45963038 -333.45697804 -333.45693356 -333.45226488 -333.44553607 -333.40450179 -332.82428574 -332.82165089] 
23:[-1199.20139834 -1199.13607906 -1199.11812834 -1199.117144 -1199.10715736 -1199.09722654 -1199.0702154  -1198.94549138 -1198.92348155 -1198.9152831  -1198.90050968 -1198.89442595 -1198.88764939 -1198.88760556 -1198.883634   -1198.88212466 -1198.88190838 -1198.88151453 -1198.88088224 -1198.88086575 -1198.86303412 -1198.85892687 -1198.83576159 -1198.77993378 -1198.75271464 -1198.73917903 -1198.7110984  -1198.70131296 -1198.70069717 -1198.56224391 -1198.55561829 -1198.53629632 -1198.48241332 -1198.39038026 -1198.38731514 -1198.36734567 -1198.26162843 -1198.23057419 -1198.22992073 -1198.00829734 -1198.0041915  -1191.50701437] 
24:[-276.63392294 -276.57649663 -276.5748991  -276.51263513 -276.51104329 -276.49914532 -276.48211496 -276.42562596 -276.42459476 -276.39696309 -276.39229731 -276.39229721 -276.39150802 -276.39128733 -276.38469349 -276.33220619 -276.32826021 -276.31149859 -276.3112699  -276.3094018 -276.29558349 -276.2944567  -276.28199691 -276.25533899 -276.19987038 -276.19924278 -276.19881004 -276.18762434 -276.18240203 -276.09398286 -276.04887835 -276.04753554 -276.04680902 -275.99255248 -275.99186928 -275.91893292 -275.91822136 -275.91364376 -275.90970297 -275.90512207 -275.9049103  -275.41207241] 
25:[-724.07917562 -724.00587701 -724.00210613 -724.00161597 -723.97095222 -723.80165718 -723.66594378 -723.66584761 -723.66385271 -723.65801482 -723.61829418 -723.59467397 -723.59384735 -723.59352988 -723.51761506 -723.16030574 -723.08869079 -723.00273654 -722.98252362 -722.91181654 -722.91166629 -722.91039602 -722.90714122 -722.8957408  -722.87729246 -722.86725502 -722.86044587 -722.8550305  -722.82588892 -722.81279635 -722.80976547 -722.80961041 -722.80791746 -722.77668795 -722.6495172 -722.64239238 -722.62307988 -722.61880947 -722.46791014 -722.33701324 -722.22257085 -722.22244601] 
26:[-71.98133527 -71.9810081  -71.98081084 -71.98066519 -71.97764923 -71.97710517 -71.97590701 -71.97369095 -71.7513824  -71.61973029 -71.37140062 -71.35802727 -71.29539154 -71.28940646 -71.1363824 -71.13618029 -71.11440633 -71.10206087 -71.10154371 -71.08075941 -71.07686159 -71.0767219  -71.03817192 -71.02392171 -70.92305768 -70.92305268 -70.87392258 -70.85531209 -70.80925655 -70.71477481 -70.70041745 -70.69952369 -70.69003602 -70.68654069 -70.6630637 -70.55391724 -70.43902021 -70.33458328 -70.05518671 -70.0512923 -69.8884297  -69.23244611] 
27:[-76.18045129 -76.17569591 -76.17502846 -76.16865859 -76.16602005 -76.1612266  -76.15993343 -76.14470374 -76.10762079 -76.08406754 -76.08372916 -76.07384345 -76.05364358 -75.98926472 -75.95469013 -75.9528172  -75.93125108 -75.91963134 -75.91463835 -75.88900309 -75.85476173 -75.84947111 -75.84880684 -75.84863329 -75.84335065 -75.76753748 -75.75690207 -75.72565925 -75.66745961 -75.66742154 -75.62044947 -75.57814822 -75.52625496 -75.50191207 -75.50075609 -75.49139883 -75.47814663 -75.40474759 -75.3372929  -74.71116003 -74.71079281 -74.71063159] 
28:[-976.07435339 -976.07428689 -976.0741675  -976.07394852 -975.91348011 -975.91325955 -975.89795544 -975.89772287 -975.89741335 -975.8967571 -975.88610524 -975.88246984 -975.87004637 -975.86953401 -975.83720955 -975.81917629 -975.81830548 -975.80704009 -975.80669014 -975.80644554 -975.70447295 -975.70439215 -975.70436523 -975.7015708  -975.70110038 -975.68919019 -975.67615833 -975.63210996 -975.59918718 -975.59848975 -975.41985244 -975.41979894 -975.41444163 -975.4069752  -975.32230888 -975.26784199 -975.19369335 -975.16854455 -974.95120304 -974.71426349 -974.71354815 -973.67243664] 
29:[-190.77655775 -190.77112016 -190.75023517 -190.74906128 -190.74904594 -190.74828279 -190.63513104 -190.6209808  -190.61820186 -190.6182017 -190.61796511 -190.61551946 -190.61542068 -190.50282943 -190.48401184 -190.47792976 -190.42265951 -190.38889083 -190.24140843 -190.22002579 -190.2054364  -190.20396955 -190.17407361 -190.16709105 -190.16409568 -190.15864837 -190.14555249 -190.13907103 -190.13397142 -190.12939104 -190.12692254 -190.12071943 -190.09381741 -190.06331931 -190.05870945 -190.04707847 -190.02936943 -189.77298456 -189.74510961 -189.62257109 -189.57379489 -189.53384459] 
30:[-103.44566792 -103.44566789 -103.4379478  -103.43367099 -103.42727763 -103.42527178 -103.39928875 -103.39239917 -103.38000171 -103.37839815 -103.37242461 -103.37228794 -103.37204918 -103.37100207 -103.22846343 -103.19158642 -103.18190201 -103.18142958 -103.17888847 -103.17725799 -103.14938449 -103.14938326 -103.14657067 -103.14382354 -103.14298919 -103.1428069  -103.14215398 -103.13923765 -103.10803324 -102.97387296 -102.97164354 -102.93534205 -102.9302101  -102.92028705 -102.87189395 -102.87066907 -102.78084458 -102.76561307 -102.57667395 -102.57024454 -102.56555775 -102.35260597] 
31:[-296.79462269 -296.61538964 -296.38231677 -296.37657797 -296.37232897 -296.3718803  -296.3633372  -296.35371187 -296.35370831 -296.3306266 -296.32153564 -296.31453764 -296.29474948 -296.2383656  -296.19365992 -296.18446037 -296.18159021 -296.18035319 -296.17183557 -296.14979659 -296.10383921 -296.10374846 -296.102169   -296.09065568 -296.06042402 -296.05913262 -296.0586887  -296.05111926 -296.04971235 -296.02444544 -295.9372888  -295.85649956 -295.74482594 -295.67650051 -295.67443583 -295.59942142 -295.53202836 -295.46207184 -295.26763807 -295.22567129 -295.19105906 -295.12786064] 
32:[-351.58555958 -351.50708099 -351.47874945 -351.05937347 -350.62823358 -350.62818154 -350.62281123 -350.61748321 -350.60434681 -350.6041137 -350.60377725 -350.60361036 -350.60117195 -350.50595583 -350.50337943 -350.50324847 -349.66188473 -349.50367383 -349.44686289 -349.39958819 -349.36918482 -349.20418676 -348.93749066 -348.74212543 -348.74035452 -348.6392763  -348.58889028 -348.57641781 -348.45715942 -348.45575071 -348.45372989 -348.44969705 -348.37753026 -348.31936313 -348.06724097 -347.69955476 -347.69537128 -347.69375805 -347.66065628 -347.63677863 -347.26047359 -347.25485999] 
33:[-610.93286181 -610.9154259  -610.91021879 -610.91014966 -610.90399362 -610.90397941 -610.89797017 -610.81505062 -610.78214283 -610.75441264 -610.74393848 -610.74365817 -610.74270736 -610.71239807 -610.70809621 -610.7026051  -610.69730727 -610.6952323  -610.68720711 -610.68628675 -610.64850748 -610.64838623 -610.60153124 -610.55100577 -610.53537084 -610.52297915 -610.36688215 -610.36223429 -610.35037509 -610.31639791 -610.2761951  -610.2733831  -610.19738139 -610.13119393 -610.09189722 -610.05430245 -609.97112678 -609.94711654 -609.00805169 -609.00679562 -608.99432129 -607.86576612] 
34:[-284.35946922 -284.35878852 -284.35861153 -284.13300975 -284.11883739 -284.11876872 -284.11778865 -284.09766775 -284.07827574 -283.97901223 -283.97764035 -283.96536452 -283.84160781 -283.78974583 -283.76429518 -283.75210509 -283.63871179 -283.60128292 -283.56587282 -283.49998061 -283.38730129 -283.34223106 -283.31473633 -283.17830049 -283.17038212 -283.03961664 -282.99555128 -282.97523013 -282.9734031  -282.92237664 -282.89931101 -282.75773409 -282.61793557 -282.60965768 -282.60788961 -282.36672886 -282.35004275 -282.35001189 -282.3201991  -282.17568329 -282.06818023 -282.06817081] 
35:[-925.40451033 -925.40375188 -925.21518847 -925.21492978 -925.21484307 -925.21404468 -925.21377217 -925.21369128 -925.21368563 -925.21360578 -925.21257086 -925.20947506 -925.1866424  -925.18136628 -925.15104294 -925.1487695  -925.10961505 -924.96513354 -924.90830523 -924.88301263 -924.87348277 -924.8733677  -924.86831056 -924.85327471 -924.8314019 -924.6724879  -924.65840282 -924.65819816 -924.60769387 -924.60725264 -924.41913494 -924.358815   -924.35827329 -924.35655112 -924.29895866 -924.16400507 -924.14183069 -924.10829169 -924.05001759 -923.98376987 -923.65036711 -923.34328729] 
36:[-201.96796859 -201.75766909 -201.54611623 -201.53815555 -201.52113767 -201.49387653 -201.46636749 -201.46291821 -201.42610137 -201.42583823 -201.4205804  -201.39243901 -201.38991754 -201.38980251 -201.35705713 -201.35378642 -201.35371604 -201.35326098 -201.32650085 -201.31357976 -201.30885644 -201.29161811 -201.28671966 -201.28471474 -201.28142677 -201.27962473 -201.27660997 -201.2602565  -201.2527799  -201.19633035 -201.19448181 -201.186786   -201.16651088 -201.16431612 -200.9467383 -200.93733081 -200.92457178 -200.91898663 -200.9153098  -200.56332634 -200.53306077 -200.42004414] 
37:[-520.76592334 -520.76516705 -520.76500315 -520.76304651 -520.76270464 -520.7619776  -520.75376108 -520.64026274 -520.5502741  -520.47688849 -520.24154129 -519.54128681 -519.27846544 -519.25064936 -519.24764568 -519.24452024 -519.23357327 -519.23347019 -519.15789961 -519.03239882 -518.99503844 -518.96989297 -518.91895775 -518.91828673 -518.90503277 -518.88615591 -518.88007666 -518.84755912 -518.84696845 -518.84576119 -518.83428791 -518.82515114 -518.82508804 -518.63628681 -518.54236339 -518.47452293 -518.473675   -518.47284838 -518.34725371 -518.29802286 -517.81574986 -517.08191177] 
38:[-352.61898567 -352.61232384 -352.56137345 -352.55723063 -352.55707089 -352.55546771 -352.55462794 -352.55458983 -352.52551465 -352.52404448 -352.52168921 -352.50605861 -352.47305947 -352.47267047 -352.47238622 -352.4702318  -352.45879548 -352.42489675 -352.38477697 -352.34815057 -352.34565164 -352.34486598 -352.31837955 -352.31820545 -352.31387078 -352.2746553  -352.22144622 -352.18261174 -352.10398958 -352.08870162 -352.07035654 -351.89380454 -351.7960353  -351.62613529 -351.50084893 -351.45814833 -351.45698159 -351.45595757 -351.45480805 -351.42290493 -351.20687094 -351.20569877] 
39:[-256.21269388 -256.21252875 -256.20974202 -256.16809567 -256.16650914 -256.1431587  -256.13149461 -256.10968889 -256.08676213 -256.07013852 -256.05235878 -256.03674742 -256.00579494 -256.00201598 -256.00022861 -255.99836718 -255.98916177 -255.98619594 -255.98483906 -255.98460865 -255.98455269 -255.98341184 -255.97959595 -255.96913997 -255.95005769 -255.94181262 -255.87216459 -255.87036225 -255.81734925 -255.73245754 -255.688897   -255.50474912 -255.50185362 -255.49831925 -255.37087253 -255.36420098 -255.36105074 -255.3602586  -255.31980612 -255.24059011 -255.22772966 -254.78682702] 
40:[-535.74981175 -535.74941894 -535.74819227 -535.74734875 -535.74720102 -535.73379264 -535.73354035 -535.7304857  -535.72746492 -535.72218449 -535.71677268 -535.71112103 -535.71086573 -535.61180146 -535.59765476 -535.58151085 -535.53334987 -535.5213153  -535.52081093 -535.51968628 -535.51743363 -535.51279691 -535.48268884 -535.48156217 -535.46826401 -535.45530022 -535.43594456 -535.39790321 -535.34294005 -535.26611113 -535.24544288 -535.24513661 -535.23674733 -535.22565487 -535.1809989 -535.04050754 -534.74405522 -534.73868736 -534.69570427 -534.21728678 -534.21591328 -533.98195386] 
41:[-93.25897582 -93.2587754  -93.25835264 -93.17534192 -93.13823 -93.13231234 -93.12214106 -93.0684117  -93.04554612 -93.04536856 -92.98478641 -92.96414369 -92.96306299 -92.96290746 -92.88550856 -92.77784335 -92.76305026 -92.72076881 -92.70853541 -92.7007997 -92.68379863 -92.65118967 -92.64982075 -92.64961455 -92.64960843 -92.64957152 -92.5600878  -92.37555301 -92.37189086 -92.35882694 -92.26762106 -92.13132991 -92.08234654 -91.51642019 -91.24910464 -91.16380323 -91.1567709  -91.14744871 -91.14743965 -90.92777746 -90.83117039 -90.8311307 ] 
RANKING VECTORS IDX
0:[30. 13.  0. 40. 29. 11.  6. 28. 12. 20. 16. 41. 33. 26. 37. 36. 35. 39. 14.  9.  1. 27. 38.  3. 17.  2. 23. 18. 34. 19. 15. 24.  5.  8. 25.  7. 21. 31.  4. 22. 10. 32.] 
1:[27.  1. 41.  9. 14. 32.  8. 22. 10.  5. 25.  3. 38. 36.  2. 17. 12. 23. 28. 29.  6. 40. 11. 35. 24. 19. 30. 34. 31.  4. 15. 21. 39.  7. 33. 26. 37. 20. 16. 18.  0. 13.] 
2:[ 2. 10. 22. 32. 17. 12. 14. 41. 27.  1.  9. 36. 24.  5. 25.  8.  4. 21. 19. 23.  3. 30. 35.  6. 29. 28. 11. 31. 40. 15. 38. 39.  7. 34. 16. 26. 20. 18. 33. 37.  0. 13.] 
3:[ 3. 38.  1. 41. 27. 24.  9. 14.  8.  5. 36. 25. 17. 34. 19.  2. 39.  6. 40. 29. 28. 11. 22. 10. 32. 23. 12.  7. 15. 30. 35. 21.  4. 31. 18. 33. 16. 26. 20. 37. 13.  0.] 
4:[14.  4. 21.  9. 12. 36. 32. 10. 22. 35. 24.  1. 41. 18. 23. 17. 39.  8. 25. 29. 28.  2. 38.  3. 27. 34.  6. 11. 30.  7. 19.  5. 15. 13.  0. 33. 37. 26. 20. 16. 31. 40.] 
5:[ 5. 25.  8. 19.  7. 34.  2. 28. 10. 23. 22. 31. 30. 21. 12. 36. 17. 14. 27.  6. 40. 29.  9. 11.  1. 41. 15. 16. 26. 37. 20. 33.  3. 38. 24.  0. 13.  4. 35. 32. 18. 39.] 
6:[11. 29. 28.  6. 40. 35. 23. 27.  1.  3. 41.  9. 39. 30. 14. 38. 12. 26. 20. 33. 16. 36. 25.  5.  8. 19. 37. 24.  7. 15. 34. 31. 17.  2. 13.  0.  4. 21. 10. 22. 32. 18.] 
7:[ 7. 19. 25.  5.  8. 34. 23. 14.  9. 27. 41.  1. 39. 31. 33. 15. 37. 26. 20. 29. 28. 40.  6. 36. 11.  3. 38. 21. 24. 30. 12. 10. 22. 16.  2. 32. 17. 35. 13.  0.  4. 18.] 
8:[ 8. 25.  5. 19. 23.  7. 15. 38.  3. 24. 21. 12.  6. 29. 28. 40. 11. 17.  2. 34. 36. 30. 14.  4. 31. 39.  9. 41.  1. 27. 35. 32. 10. 22. 16. 37. 26. 20. 33. 18.  0. 13.] 
9:[27.  1. 41.  9. 14. 32.  8. 22. 10.  5. 25.  3. 38. 36.  2. 17. 12. 23. 28. 29.  6. 40. 11. 35. 24. 19. 30. 34. 31.  4. 15. 21. 39.  7. 33. 26. 37. 20. 16. 18.  0. 13.] 
10:[ 1.  9. 41. 14. 27. 32. 22. 10.  5. 25.  8. 17.  2. 12. 36. 24. 21. 39. 19.  4. 23. 35. 38. 30.  3. 31. 15. 34. 11.  6. 40. 37. 26. 20. 18. 33. 29. 28. 16.  0. 13.  7.] 
11:[11.  1.  6. 27.  9.  3. 38. 39. 30. 29. 28. 35. 40. 23. 12. 36. 25.  5.  8. 19. 37. 26. 20. 33. 16. 34.  7. 24. 13.  0. 31. 15. 14. 17.  2. 21.  4. 41. 18. 10. 32. 22.] 
12:[36. 12.  3. 38. 35.  9. 14. 21.  4. 39. 27.  1. 41. 32. 10. 22. 30. 23. 34. 40.  6. 11. 29. 28. 18. 17.  2. 20. 33. 26. 24. 16.  8. 25.  5. 15.  7. 19.  0. 13. 37. 31.] 
13:[ 0. 30. 13. 12. 34. 33. 16. 26. 20. 37. 41. 29. 28.  6. 40. 11. 14.  9.  1. 27.  3. 38. 36. 35. 18. 24. 23. 17. 39.  2. 25.  5.  8. 19.  7. 15.  4. 21. 31. 22. 32. 10.] 
14:[14.  9. 41. 27.  1. 33. 20. 16. 37. 26. 38.  3. 24. 30. 21. 17. 23.  2. 12. 36. 39. 34. 29. 28.  7. 15. 13.  0.  5. 25.  8. 40. 18.  6. 11.  4. 19. 31. 35. 32. 22. 10.] 
15:[ 3. 38. 11. 15.  6. 40. 28. 29. 34. 23. 24. 36. 12. 41.  1. 30.  9. 16. 33. 35. 26. 20. 37. 14. 13.  0. 19. 27. 31.  7. 17.  2. 39. 21. 25.  5.  8. 18.  4. 32. 22. 10.] 
16:[ 6. 40. 29. 11. 28. 16. 26. 20. 33. 13.  0. 35. 30. 34.  1.  9. 14. 27. 41. 38.  3. 19.  8. 36.  5. 25. 12. 24.  7. 15. 23. 39. 37.  2. 17. 31. 18. 21.  4. 32. 22. 10.] 
17:[32. 22. 10. 17.  2.  1. 41.  9. 14. 27. 36. 12.  8.  5. 25. 24. 19.  4. 21. 38.  3. 35. 30. 23. 29.  6. 11. 28. 40.  7. 15. 31. 18. 39. 16. 26. 37. 33. 20. 34.  0. 13.] 
18:[18. 37. 26. 20. 33. 16. 12.  8. 14. 34.  7. 13.  0. 29. 28. 40. 17. 21.  1.  3. 38.  4. 41. 27. 39.  6. 11. 24.  9. 30.  2. 25.  5. 19. 36. 23. 35. 15. 31. 10. 32. 22.] 
19:[ 5. 25.  8. 19.  7. 34.  2. 28. 10. 23. 22. 31. 30. 21. 12. 36. 17. 14. 27.  6. 40. 29.  9. 11.  1. 41. 15. 16. 26. 37. 20. 33.  3. 38. 24.  0. 13.  4. 35. 32. 18. 39.] 
20:[ 1. 27. 33. 37. 26. 20. 41. 16. 12.  9. 18.  0. 13. 30. 14. 21. 38.  3. 24.  6. 11. 40. 29. 36. 17.  2. 34.  7. 39. 15. 28. 35.  5. 25.  8. 19. 23.  4. 32. 22. 10. 31.] 
21:[35.  9.  3. 38. 12. 36. 34.  6. 29. 40. 28. 11. 21. 23.  7. 26. 16. 33. 37. 20.  1. 30. 15. 27. 41. 17.  2. 39. 14.  4. 24.  0. 13. 19. 18. 32. 10. 22.  8.  5. 25. 31.] 
22:[32. 22. 10.  9. 41. 27.  1. 14.  8. 25.  5.  2. 17. 12. 36.  4. 21. 19. 24.  3. 38. 30. 35. 23. 40.  6. 11. 29. 28.  7. 15. 39. 18. 31. 33. 26. 20. 16. 37. 34.  0. 13.] 
23:[23.  6. 11. 28. 40. 29. 35. 30.  9. 34. 24.  1. 41. 27. 38. 20. 26. 16. 33.  3. 12. 36.  7.  8. 19.  5. 17.  2. 25. 14.  4. 21. 15. 22. 10. 32. 31. 13.  0. 39. 18. 37.] 
24:[24. 36. 12.  3. 38. 34. 23. 17.  2. 11. 40.  6. 28. 29. 14.  9. 39. 41. 27.  1. 21. 35.  4. 15.  5.  8. 25. 30. 19.  7. 22. 10. 32. 13.  0. 18. 33. 16. 20. 37. 26. 31.] 
25:[ 7.  8.  5. 25. 19. 34. 11.  6. 29. 28. 23. 32. 22. 10.  2. 39. 21. 17. 31. 36. 24. 38. 12.  3. 41.  1. 15. 27.  9. 33. 37. 26. 20. 16. 40. 35. 14. 30.  4. 18.  0. 13.] 
26:[37. 16. 27.  1. 33. 26. 41. 20.  9. 14. 24. 12. 38.  3. 21. 13. 39. 30.  0.  2. 23. 17. 36. 18. 29. 28. 34.  7. 40. 15.  6. 11.  5. 25.  8. 19. 35.  4. 32. 22. 31. 10.] 
27:[11.  1.  6. 27.  9.  3. 38. 39. 30. 29. 28. 35. 40. 23. 12. 36. 25.  5.  8. 19. 37. 26. 20. 33. 16. 34.  7. 24. 13.  0. 31. 15. 14. 17.  2. 21.  4. 41. 18. 10. 32. 22.] 
28:[38.  3.  9. 35. 36. 12. 34. 29. 11. 28. 40.  6. 14.  4.  8. 39. 21. 41.  1. 27. 37. 26. 33. 16. 20. 18. 23. 30. 17.  2. 32. 22. 10. 24. 15.  7. 25.  5. 19. 13.  0. 31.] 
29:[41. 16. 33. 26. 20. 37. 35. 34.  6. 40. 29. 28. 11. 12. 36. 24. 30. 23.  0.  9.  7. 13. 18. 27.  3. 38. 14.  2.  1. 19. 25.  5.  8. 15. 21.  4. 17. 22. 10. 32. 31. 39.] 
30:[28. 29. 11. 40.  6. 35. 30. 27.  1. 41.  9.  3. 38. 23. 24. 19. 25.  5.  8. 12. 33. 36.  7. 16. 37. 39. 26. 20. 34.  2. 17.  4. 21. 14. 13.  0. 31. 15. 18. 10. 22. 32.] 
31:[31. 39.  5. 19.  3. 38. 25.  8.  9. 27. 14. 41.  1. 17. 37. 16. 26. 20. 33. 12. 29. 28. 34. 40. 30. 11.  6. 15. 24.  7. 35. 23. 36. 13.  0. 18. 22. 10.  2. 32. 21.  4.] 
32:[17.  2. 32. 31. 22. 10. 36. 12.  9.  1. 27. 41. 14.  8.  5. 25. 19. 34. 38. 24.  3. 30. 39. 15.  7. 23.  4. 21. 28. 11.  6. 40. 29. 35. 16. 26. 33. 20. 37. 18. 13.  0.] 
33:[16. 33. 26. 20. 13.  0. 39. 11. 30. 27. 29. 28. 40.  8. 34.  1. 25.  7.  5.  9. 19. 12.  6. 35. 38.  3. 41. 14. 17. 24. 36. 15. 31. 18.  2. 23. 21.  4. 22. 32. 10. 37.] 
34:[32. 22. 10.  9. 27.  1. 41. 17. 34. 25.  5.  7. 19. 23. 31.  8. 36.  2. 12. 14. 39. 30. 40.  3. 38. 15. 21.  4. 24. 37. 28. 35. 29.  6. 11. 33. 26. 20. 16. 18. 13.  0.] 
35:[ 9. 35. 28. 29.  6. 11. 16. 26. 33. 20. 41.  1. 40. 37. 36. 12.  8. 18. 34. 30.  4. 14. 21. 23.  3. 15.  2. 17.  0. 13. 24. 32. 22. 10.  7. 27.  5. 38. 19. 25. 31. 39.] 
36:[39. 36. 28. 40. 14. 24.  3. 38.  9. 35. 34. 17.  2. 31. 41.  1. 15. 27. 12.  7. 32.  8. 25. 30.  5. 23. 29.  6. 11. 21.  4. 19. 22. 10. 37. 16. 20. 33. 26. 18.  0. 13.] 
37:[27. 37.  1. 41. 26. 20. 33.  9. 14. 39. 21. 12. 17. 11. 29. 36.  6. 40.  7. 34. 23. 15.  0. 13. 28. 30.  2.  5.  8. 25. 19. 16.  3. 24. 38. 32. 22. 10. 31. 18. 35.  4.] 
38:[ 3. 38. 14.  9. 24. 27. 41.  1.  8.  5. 25. 19. 29. 11. 28.  6. 40.  7. 36. 23. 17.  2. 10. 22. 32. 34. 39. 15.  4. 12. 21. 30. 35. 31. 18. 33. 16. 37. 26. 20. 13.  0.] 
39:[ 3. 39. 38.  2. 23. 27. 14. 41.  1. 17.  9. 32. 22. 11. 10. 24. 34. 29.  5.  6. 40. 25.  8. 30. 28. 19. 36. 12. 35. 31. 15.  7. 21.  4. 20. 26. 16. 33. 37. 13.  0. 18.] 
40:[29. 28. 11.  6. 40. 26. 37. 16. 33. 20.  7.  0. 13. 39. 12. 36. 30.  8.  5. 25. 19. 14. 34.  9. 27.  1.  3. 17. 41. 38. 35. 15. 23. 24. 31.  2. 18. 21.  4. 22. 10. 32.] 
41:[ 1. 27. 41.  9. 38.  3. 14. 24.  5. 25.  8. 22. 10. 32. 23. 17. 19. 39.  2. 12. 36. 11.  6. 29. 28. 40. 34.  4.  7. 21. 35. 30. 15. 31. 18. 16. 37. 26. 20. 33. 13.  0.] 
POSCARS
EA109   4.161  4.161  4.162 119.97 60.02 119.98 Sym.group:  227
1.0
   4.1605699999999999   -0.0061490000000000    0.0014390000000000
  -2.0737450000000002    3.6071830000000000   -0.0060590000000000
   2.0769039999999999   -1.1982470000000001    3.4015590000000002
Be Mg
4 2
direct
   0.9972940000000000    0.0048580000000000    0.0032270000000000 Be
   0.4973660000000000    0.5048420000000000    0.0030430000000000 Be
   0.9971680000000001    0.5047280000000000    0.0031750000000000 Be
   0.9974150000000001    0.5047920000000000    0.5030810000000000 Be
   0.3723680000000000    0.1298420000000000    0.3781330000000000 Mg
   0.6221960000000000    0.8796810000000000    0.6282489999999999 Mg
EA62    3.071  5.502  5.224 117.95 90.07 106.16 Sym.group:  164
1.0
   3.0697640000000002   -0.0415500000000000    0.0798120000000000
  -1.3766240000000001    2.8492459999999999   -4.5006760000000003
  -0.0920130000000000    2.4847510000000002    4.5941989999999997
S Si
4 2
direct
   0.7761710000000001    0.7213990000000000    0.7787650000000000 S
   0.5548800000000000    0.2777980000000000    0.2234310000000000 S
   0.2762200000000000    0.7214130000000000    0.2787590000000000 S
   0.0548400000000000    0.2777870000000000    0.7234350000000001 S
   0.9154320000000000    0.9996180000000000    0.2510020000000000 Si
   0.4153940000000000    0.9996000000000000    0.7509950000000000 Si
EA161   4.029  4.029  4.029 60.88 119.02 88.39 Sym.group:  121
1.0
   4.0285810000000000    0.0067750000000000   -0.0058240000000000
   0.1143420000000000    2.3087240000000002    3.2996979999999998
  -1.9477560000000000   -1.2144910000000000    3.3107470000000001
O P
4 2
direct
   0.4506330000000000    0.4879370000000000    0.8286440000000000 O
   0.7182460000000001    0.7898500000000001    0.3980780000000000 O
   0.1487870000000000    0.3565600000000000    0.2618520000000000 O
   0.0199300000000000    0.0547530000000000    0.8313720000000000 O
   0.3979100000000000    0.1087430000000000    0.8299640000000000 P
   0.7708280000000000    0.7357840000000000    0.8300070000000001 P
EA106   2.721  8.415  2.722 90.00 60.00 90.00 Sym.group:  164
1.0
   2.7214619999999998   -0.0008370000000000    0.0005190000000000
   0.0026800000000000    8.4150690000000008   -0.0454450000000000
   1.3602520000000000    0.0124400000000000    2.3574600000000001
Al N
4 2
direct
   0.2385610000000000    0.0728040000000000    0.8357420000000000 Al
   0.2384240000000000    0.5728070000000000    0.8359070000000000 Al
   0.9051470000000000    0.8399500000000000    0.5026250000000000 Al
   0.5719030000000001    0.3056610000000000    0.1691090000000000 Al
   0.9051620000000000    0.4402660000000000    0.5024880000000000 N
   0.5717560000000000    0.7053490000000000    0.1693020000000000 N
EA106   2.884  2.884  4.990 106.75 106.75 60.03 Sym.group:  225
1.0
   2.8833560000000000    0.0218490000000000   -0.0445210000000000
   1.4212780000000000    2.5088870000000001   -0.0440710000000000
  -1.3588800000000001   -0.7998189999999999    4.7339089999999997
Be C
4 2
direct
   0.3590910000000000    0.2910700000000000    0.0081400000000000 Be
   0.8595110000000000    0.7909480000000000    0.5081120000000000 Be
   0.1096250000000000    0.0410430000000000    0.2582580000000000 Be
   0.6092170000000000    0.5411460000000000    0.7582860000000000 Be
   0.4845840000000000    0.4160010000000000    0.3831870000000000 C
   0.9841310000000000    0.9161000000000000    0.8831840000000000 C
EA198   2.464  2.463  7.405 90.03 90.02 60.03 Sym.group:  194
1.0
   2.4637349999999998   -0.0001120000000000   -0.0000020000000000
   1.2306930000000000    2.1339649999999999    0.0001630000000000
  -0.0026470000000000   -0.0035630000000000    7.4054580000000003
N Li
4 2
direct
   0.6633250000000001    0.6742060000000000    0.1689210000000000 N
   0.6628590000000000    0.6748130000000000    0.3239060000000000 N
   0.3305730000000000    0.3415670000000000    0.6689270000000000 N
   0.3312350000000000    0.3417330000000000    0.8238990000000000 N
   0.9982940000000000    0.0075700000000000    0.9964130000000000 Li
   0.9957260000000000    0.0086390000000000    0.4964130000000000 Li
EA99    5.066  2.729  2.728 89.58 75.33 104.66 Sym.group:  139
1.0
   5.0656239999999997    0.0014550000000000   -0.0099780000000000
  -0.6911540000000000    2.6397080000000002   -0.0065350000000000
   0.6960440000000000    0.2093970000000000    2.6297839999999999
Mg Li
2 1
direct
   0.1131380000000000    0.3605820000000000    0.7312120000000000 Mg
   0.5053480000000000    0.0535230000000000    0.0378040000000000 Mg
   0.8091580000000000    0.7068170000000000    0.3844880000000000 Li
EA50    2.405  2.405  5.130 90.22 89.76 89.92 Sym.group:  123
1.0
   2.4004249999999998   -0.1378860000000000   -0.0549340000000000
   0.1431240000000000    2.3994140000000002    0.0809830000000000
   0.1272830000000000   -0.2003350000000000    5.1243650000000001
N Cl
2 1
direct
   0.2564120000000000    0.8193400000000000    0.6487060000000000 N
   0.2596820000000000    0.8161380000000000    0.8615200000000000 N
   0.7586840000000000    0.3184270000000000    0.2550830000000000 Cl
EA106   4.663  3.763  2.732 89.99 89.90 112.24 Sym.group:  166
1.0
   4.6628059999999998   -0.0151620000000000   -0.0081960000000000
  -1.4129769999999999    3.4880059999999999    0.0017240000000000
   0.0096680000000000    0.0031580000000000    2.7321949999999999
N Al
4 2
direct
   0.3976640000000000    0.0397100000000000    0.2545230000000000 N
   0.8976790000000000    0.5396620000000000    0.7542400000000000 N
   0.2721460000000000    0.2984130000000000    0.2554230000000000 N
   0.7721260000000000    0.7984450000000000    0.7551320000000000 N
   0.8349040000000000    0.1690540000000000    0.2546890000000000 Al
   0.3349030000000000    0.6690630000000000    0.7549700000000000 Al
EA131   9.170  3.059  3.056 119.77 89.99 90.00 Sym.group:  186
1.0
   9.1703039999999998    0.0003440000000000    0.0063100000000000
  -0.0000430000000000    3.0585749999999998   -0.0006090000000000
  -0.0014100000000000   -1.5169509999999999    2.6528999999999998
S Si
4 2
direct
   0.5482520000000000    0.3456590000000000    0.5193230000000000 S
   0.2718430000000000    0.6765920000000000    0.1875410000000000 S
   0.0481960000000000    0.0138150000000000    0.8515779999999999 S
   0.7717830000000000    0.6834740000000000    0.1843520000000000 S
   0.4115170000000000    0.0110260000000000    0.8534160000000000 Si
   0.9114220000000000    0.3486560000000000    0.5178510000000000 Si
EA191   3.350  2.127  3.353 89.89 89.76 89.90 Sym.group:  136
1.0
   3.3484340000000001   -0.0546290000000000   -0.0920510000000000
   0.0374730000000000    2.1261610000000002   -0.0304130000000000
   0.1070420000000000    0.0525330000000000    3.3505110000000000
H Be
4 2
direct
   0.4256740000000000    0.8862910000000001    0.0236870000000000 H
   0.9250500000000000    0.3861660000000000    0.9219150000000000 H
   0.0229610000000000    0.8861420000000000    0.4225470000000000 H
   0.5222570000000000    0.3876010000000000    0.5231280000000000 H
   0.7235940000000000    0.8872080000000000    0.7223250000000000 Be
   0.2236310000000000    0.3860260000000000    0.2224480000000000 Be
EA103   2.623  2.623 10.030 90.00 90.00 90.01 Sym.group:  139
1.0
   2.6226810000000000   -0.0123410000000000    0.0039610000000000
   0.0116880000000000    2.6226840000000000    0.0031740000000000
  -0.0154440000000000   -0.0124360000000000   10.0301629999999999
Al Si
4 2
direct
   0.4984270000000000    0.5040810000000000    0.1663390000000000 Al
   0.9988180000000000    0.0046750000000000    0.3399370000000000 Al
   0.9994410000000000    0.0051750000000000    0.6663760000000000 Al
   0.4993210000000000    0.5052850000000000    0.8399920000000000 Al
   0.9987650000000000    0.0042970000000000    0.0031670000000000 Si
   0.4995010000000000    0.5048890000000000    0.5031540000000000 Si
EA43    2.781  2.781  4.412 90.00 89.99 89.98 Sym.group:  129
1.0
   2.7809270000000001   -0.0027270000000000   -0.0068720000000000
   0.0035170000000000    2.7805580000000001   -0.0088120000000000
   0.0114490000000000    0.0141780000000000    4.4116220000000004
H Mg
4 2
direct
   0.8323930000000000    0.0072610000000000    0.8337450000000000 H
   0.8322170000000000    0.5074760000000000    0.1878110000000000 H
   0.3327400000000000    0.5068160000000000    0.8339890000000000 H
   0.3329160000000000    0.0082780000000000    0.4799040000000000 H
   0.8327890000000000    0.5069570000000000    0.5897900000000000 Mg
   0.3324690000000000    0.0066890000000000    0.0779600000000000 Mg
EA306   4.039  4.046  4.046 60.87 118.92 118.92 Sym.group:  227
1.0
   4.0386030000000002    0.0495900000000000    0.0339720000000000
  -1.9998830000000001    3.5173980000000000   -0.0254670000000000
  -1.9990310000000000    1.1536679999999999    3.3234450000000000
Be Al
4 2
direct
   0.8681640000000000    0.6190000000000000    0.1254580000000000 Be
   0.8676220000000000    0.1187650000000000    0.1254190000000000 Be
   0.8680710000000000    0.1190220000000000    0.6255110000000000 Be
   0.3679430000000000    0.1192270000000000    0.1256190000000000 Be
   0.2434810000000000    0.7448620000000000    0.7513580000000000 Al
   0.4924800000000000    0.4931520000000000    0.4996470000000000 Al
EA356   3.610  2.759  2.770 119.43 111.61 67.59 Sym.group:  166
1.0
   3.5596440000000000    0.5586900000000000    0.2167380000000000
   0.6879000000000000    1.5748169999999999    2.1588310000000002
  -0.6409720000000000   -2.6635650000000002    0.4076150000000000
B Si
2 1
direct
   0.5939310000000000    0.9777500000000000    0.8591340000000000 B
   0.4106600000000000    0.3733300000000000    0.4616530000000000 B
   0.0022230000000000    0.1758300000000000    0.6604170000000000 Si
EA108   4.370  4.368  4.777 116.47 116.31 89.90 Sym.group:  119
1.0
   4.3656459999999999   -0.1111660000000000   -0.1632580000000000
   0.1116160000000000    4.3628499999999999   -0.1918640000000000
  -2.0231180000000002   -1.9095640000000000    3.8830570000000000
P Al
4 2
direct
   0.4720830000000000    0.1336410000000000    0.5780630000000000 P
   0.0340730000000000    0.1856500000000000    0.6961150000000000 P
   0.7261060000000000    0.8804810000000000    0.0775890000000000 P
   0.4203440000000000    0.5712270000000000    0.4589760000000000 P
   0.1554340000000000    0.8012910000000000    0.9330580000000001 Al
   0.8058620000000000    0.4520470000000000    0.2231030000000000 Al
EA205   3.692  2.378  3.684 90.08 60.63 90.07 Sym.group:  191
1.0
   3.6722120000000000    0.1490450000000000    0.3531230000000000
  -0.1051370000000000    2.3744369999999999    0.0598420000000000
   1.4936080000000000   -0.0237550000000000    3.3678469999999998
Li Al
2 1
direct
   0.6533660000000000    0.8247890000000000    0.7165230000000000 Li
   0.3212570000000000    0.8248650000000000    0.3840470000000000 Li
   0.9873120000000000    0.3248080000000000    0.0502860000000000 Al
EA22    3.623  3.622  3.035 90.00 89.99 89.99 Sym.group:  115
1.0
   3.6225470000000000   -0.0005760000000000   -0.0004290000000000
   0.0015030000000000    3.6220400000000001    0.0000630000000000
   0.0010300000000000    0.0001050000000000    3.0352579999999998
F Be
4 2
direct
   0.0767780000000000    0.2523450000000000    0.4226600000000000 F
   0.5751120000000000    0.7529140000000000    0.4228110000000000 F
   0.5766380000000000    0.2527770000000000    0.9105930000000000 F
   0.0749250000000000    0.7521630000000000    0.9106700000000000 F
   0.8259540000000000    0.0027230000000000    0.1676410000000000 Be
   0.3260260000000000    0.5027480000000000    0.1659550000000000 Be
EA101   4.973  2.881  2.881 60.02 106.83 90.00 Sym.group:  216
1.0
   4.9729789999999996   -0.0128860000000000    0.0208210000000000
   0.0075870000000000    2.8809380000000000    0.0193110000000000
  -0.8402300000000000    1.4257979999999999    2.3580739999999998
B Be
4 2
direct
   0.1339030000000000    0.0910250000000000    0.3194680000000000 B
   0.0083030000000000    0.4663170000000000    0.5689680000000000 B
   0.6339060000000000    0.5917030000000000    0.3190760000000000 B
   0.5083040000000000    0.9668330000000001    0.5686690000000000 B
   0.2576600000000000    0.7162290000000000    0.0688290000000000 Be
   0.7576600000000000    0.2170040000000000    0.0683800000000000 Be
EA58    4.238  3.748  2.491 90.00 90.02 90.00 Sym.group:  187
1.0
   4.2377710000000004   -0.0069410000000000    0.0034870000000000
   0.0059120000000000    3.7480680000000000   -0.0008110000000000
  -0.0030090000000000    0.0007370000000000    2.4910839999999999
N Li
4 2
direct
   0.3040340000000000    0.3496850000000000    0.4205170000000000 N
   0.3041110000000000    0.6552950000000000    0.4205120000000000 N
   0.8040450000000000    0.3496850000000000    0.9204670000000000 N
   0.8041050000000000    0.6552980000000000    0.9204680000000000 N
   0.6417610000000000    0.0024770000000000    0.4201170000000000 Li
   0.1417760000000000    0.0024700000000000    0.9202040000000000 Li
EA7     5.013  3.167  2.884 90.00 90.00 90.00 Sym.group:  191
1.0
   5.0131519999999998   -0.0001810000000000    0.0010080000000000
   0.0000960000000000    3.1674790000000002   -0.0005340000000000
  -0.0005880000000000    0.0004740000000000    2.8835350000000002
B Mg
4 2
direct
   0.3356250000000000    0.4931760000000000    0.1626370000000000 B
   0.6646170000000000    0.4933880000000000    0.1626530000000000 B
   0.1646110000000000    0.4931830000000000    0.6626310000000000 B
   0.8356220000000000    0.4933740000000000    0.6626410000000000 B
   0.0001330000000000    0.9934110000000000    0.1623980000000000 Mg
   0.5000970000000000    0.9934100000000000    0.6624470000000000 Mg
EA232   3.199  3.204  3.187 110.19 110.09 107.55 Sym.group:  139
1.0
   3.1991489999999998    0.0036560000000000    0.0126260000000000
  -0.9698230000000000    3.0540490000000000   -0.0125440000000000
  -1.1030340000000001   -1.4934120000000000    2.5898780000000001
F Na
2 1
direct
   0.8768170000000000    0.0427790000000000    0.1702140000000000 F
   0.3736020000000000    0.5464970000000000    0.1711170000000000 F
   0.6251940000000000    0.2946110000000000    0.6706640000000000 Na
EA47    4.012  4.013  2.607 90.00 90.01 89.99 Sym.group:  136
1.0
   4.0117039999999999    0.0020750000000000    0.0021240000000000
  -0.0013130000000000    4.0129450000000002   -0.0000360000000000
  -0.0019040000000000   -0.0000240000000000    2.6073729999999999
O Si
4 2
direct
   0.3014490000000000    0.3055430000000000    0.0026490000000000 O
   0.6964900000000001    0.7000680000000000    0.0031420000000000 O
   0.8014190000000000    0.2000310000000000    0.5021610000000000 O
   0.1965120000000000    0.8054870000000000    0.5026230000000000 O
   0.9989990000000000    0.0027850000000000    0.0022330000000000 Si
   0.4989980000000000    0.5027890000000000    0.5030670000000000 Si
EA7     4.511  4.323  4.485 118.80 76.85 118.62 Sym.group:  140
1.0
   4.5102669999999998   -0.0275780000000000    0.0727250000000000
  -2.1139480000000002    1.7781180000000001    3.3253260000000000
   0.9910580000000000   -4.3715780000000004    0.1588280000000000
Mg Be
4 2
direct
   0.0020600000000000    0.8389430000000000    0.1860930000000000 Mg
   0.3221700000000000    0.6601230000000000    0.5080380000000000 Mg
   0.0009360000000000    0.1605990000000000    0.8299500000000000 Mg
   0.6808280000000000    0.3391210000000000    0.5075140000000000 Mg
   0.5015790000000000    0.7491630000000000    0.0077720000000000 Be
   0.5014800000000000    0.2501970000000000    0.0077900000000000 Be
EA336   3.045  7.279  3.026 101.88 119.23 78.02 Sym.group:  166
1.0
   3.0249340000000000    0.0433080000000000   -0.3473540000000000
   1.3960330000000001    7.1409180000000001   -0.1976450000000000
  -1.1645770000000000   -0.3305440000000000    2.7735150000000002
Li Cl
4 2
direct
   0.1821380000000000    0.2939250000000000    0.8247260000000000 Li
   0.7586370000000000    0.6209560000000000    0.2687180000000000 Li
   0.4704010000000000    0.4574310000000000    0.5465390000000000 Li
   0.9703900000000000    0.9574420000000000    0.0469170000000000 Li
   0.5740310000000000    0.1352850000000000    0.4385020000000000 Cl
   0.3667520000000000    0.7795930000000000    0.6550990000000000 Cl
EA16    2.735  2.738  7.377 90.00 90.00 60.11 Sym.group:  194
1.0
   2.7346240000000002    0.0007270000000000   -0.0017130000000000
   1.3637280000000001    2.3742749999999999   -0.0006100000000000
   0.0047750000000000   -0.0007220000000000    7.3772510000000002
N Mg
4 2
direct
   0.6695160000000000    0.6618140000000000    0.1650350000000000 N
   0.6700930000000000    0.6617090000000000    0.3306820000000000 N
   0.3364490000000000    0.3308240000000000    0.6650470000000001 N
   0.3362880000000000    0.3310100000000000    0.8306730000000000 N
   0.0026770000000000    0.9965780000000000    0.9979130000000000 Mg
   0.0032910000000000    0.9963379999999999    0.4979130000000000 Mg
EA171   3.022  2.844  2.844 60.17 90.06 89.65 Sym.group:  191
1.0
   2.2411759999999998   -0.8250630000000000    1.8512329999999999
   0.9712010000000000    2.6730489999999998    0.0442100000000000
  -0.9564870000000000    1.8202890000000000    1.9642290000000000
B Al
2 1
direct
   0.8287380000000000    0.3307850000000000    0.7243410000000000 B
   0.8287300000000000    0.6647180000000000    0.0583240000000000 B
   0.3287310000000000    0.9976900000000000    0.3914120000000000 Al
EA137   5.855  4.445  2.659 90.00 90.01 89.87 Sym.group:  164
1.0
   5.8546279999999999   -0.0035110000000000   -0.0078290000000000
   0.0128370000000000    4.4449519999999998   -0.0020550000000000
   0.0032690000000000    0.0011070000000000    2.6591570000000000
Al Si
4 2
direct
   0.7553190000000000    0.7851990000000000    0.8993650000000000 Al
   0.7553190000000000    0.2851970000000000    0.3993060000000000 Al
   0.4081560000000000    0.4492510000000000    0.8988180000000000 Al
   0.4081560000000000    0.9492500000000000    0.3987580000000000 Al
   0.0817350000000000    0.6171020000000000    0.3981780000000000 Si
   0.0817360000000000    0.1171010000000000    0.8980320000000001 Si
EA102   2.890  3.713  2.824 112.01 90.00 67.15 Sym.group:  139
1.0
   2.8898480000000002    0.0176440000000000    0.0036530000000000
   1.4211090000000000    3.4304070000000002   -0.0369890000000000
   0.0037030000000000   -1.1194560000000000    2.5931730000000002
Na O
2 1
direct
   0.2110190000000000    0.2481750000000000    0.7167980000000000 Na
   0.8983340000000000    0.8726470000000000    0.0298370000000000 Na
   0.5542540000000000    0.5603790000000000    0.3732810000000000 O
EA237   3.887  5.570  2.813 104.61 68.81 109.67 Sym.group:  139
1.0
   3.8763290000000001    0.2824430000000000    0.0174490000000000
  -2.2491409999999998    5.0888859999999996   -0.2544160000000000
   1.0216860000000001   -0.1942060000000000    2.6135809999999999
Li P
4 2
direct
   0.6371390000000000    0.1663920000000000    0.1451050000000000 Li
   0.6392030000000000    0.8320370000000000    0.4766910000000000 Li
   0.1392200000000000    0.3320580000000000    0.4766930000000000 Li
   0.1371560000000000    0.6664120000000000    0.1451070000000000 Li
   0.1381750000000000    0.9992300000000000    0.8109060000000000 P
   0.6381840000000000    0.4992190000000000    0.8108919999999999 P
EA150   4.299  4.300  4.777 63.32 63.31 60.05 Sym.group:  155
1.0
   4.2992970000000001    0.0083500000000000    0.0025360000000000
   2.1394660000000001    3.7301720000000000    0.0004900000000000
   2.1403390000000000    1.2443050000000000    4.0848040000000001
Al Li
4 2
direct
   0.0352760000000000    0.8617240000000000    0.2463610000000000 Al
   0.2049710000000000    0.3628750000000000    0.7476520000000000 Al
   0.5338050000000000    0.6920080000000000    0.7445090000000000 Al
   0.8613170000000000    0.0355760000000000    0.7463109999999999 Al
   0.7021670000000000    0.5312610000000000    0.2403010000000000 Li
   0.3658670000000000    0.1950160000000000    0.2514690000000000 Li
EA54    2.353  2.391  5.936 89.84 89.61 119.02 Sym.group:  191
1.0
   2.3514100000000000    0.0899650000000000   -0.0270880000000000
  -1.2391859999999999    2.0449430000000000    0.0079000000000000
   0.1067810000000000    0.0607580000000000    5.9345280000000002
Si F
2 1
direct
   0.4690650000000000    0.4215720000000000    0.8999740000000001 Si
   0.4832110000000000    0.4325940000000000    0.2936560000000000 Si
   0.4756970000000000    0.4258910000000000    0.5968270000000000 F
EA99    3.368  3.843  3.426 89.99 89.99 90.00 Sym.group:  136
1.0
   3.3675639999999998   -0.0002350000000000    0.0011500000000000
   0.0002140000000000    3.8429650000000000    0.0034150000000000
  -0.0007610000000000   -0.0024030000000000    3.4259650000000001
O C
4 2
direct
   0.7609350000000000    0.0002610000000000    0.7413230000000000 O
   0.2380320000000000    0.0002750000000000    0.2601110000000000 O
   0.7380230000000000    0.5002590000000000    0.2413470000000000 O
   0.2609680000000000    0.5002750000000000    0.7601480000000000 O
   0.4994710000000000    0.5002740000000000    0.0007650000000000 C
   0.9994880000000000    0.0002740000000000    0.5006590000000000 C
EA205   2.682  3.909  3.909 60.02 90.07 90.05 Sym.group:  191
1.0
   2.6823530000000000    0.0060960000000000    0.0223840000000000
  -0.0363820000000000    1.9575940000000001    3.3836800000000000
  -0.0288420000000000   -1.9525150000000000    3.3858180000000000
Si Mg
2 1
direct
   0.1179590000000000    0.0779170000000000    0.3554900000000000 Si
   0.1191710000000000    0.7444710000000000    0.0221410000000000 Si
   0.6182170000000000    0.4114790000000000    0.6885180000000000 Mg
EA120   2.777  2.779  7.553 90.00 90.03 90.00 Sym.group:  129
1.0
   2.7774310000000000    0.0004750000000000    0.0052100000000000
  -0.0006890000000000    2.7785820000000001    0.0010650000000000
  -0.0177050000000000   -0.0033940000000000    7.5533999999999999
N S
4 2
direct
   0.9973340000000001    0.4973700000000000    0.2866310000000000 N
   0.4967430000000000    0.9973280000000000    0.7133250000000000 N
   0.9976180000000000    0.4955750000000000    0.4327480000000000 N
   0.4974360000000000    0.9955030000000000    0.5672110000000000 N
   0.9967770000000000    0.4980550000000000    0.9368010000000000 S
   0.4969250000000000    0.9980770000000000    0.0631590000000000 S
EA20    5.012  4.055  4.063 60.49 89.93 89.92 Sym.group:  194
1.0
   5.0123040000000003   -0.0093770000000000   -0.0066060000000000
   0.0130900000000000    4.0520849999999999    0.1460780000000000
   0.0131050000000000    1.8731380000000000    3.6059800000000002
Na S
4 2
direct
   0.8387450000000000    0.7536230000000000    0.8780810000000000 Na
   0.0890720000000000    0.0868620000000000    0.2101650000000000 Na
   0.3387800000000000    0.7537020000000000    0.8780900000000000 Na
   0.5888230000000000    0.4204910000000000    0.5459800000000000 Na
   0.0888340000000000    0.4208440000000000    0.5452210000000000 S
   0.5889980000000000    0.0864750000000000    0.2109880000000000 S
EA111   3.236  3.237  5.251 90.00 89.97 90.07 Sym.group:  129
1.0
   3.2318790000000002    0.1610350000000000   -0.0001510000000000
  -0.1651230000000000    3.2331690000000002   -0.0001870000000000
   0.0031780000000000    0.0001310000000000    5.2509680000000003
S H
4 2
direct
   0.2506650000000000    0.4236970000000000    0.9715620000000000 S
   0.7505370000000000    0.9237060000000000    0.0266950000000000 S
   0.7514900000000000    0.4243500000000000    0.4989990000000000 S
   0.2516750000000000    0.9243630000000000    0.4992380000000000 S
   0.2474780000000000    0.4244220000000000    0.2265860000000000 H
   0.7491930000000000    0.9242580000000000    0.7716690000000000 H
EA7     2.514  2.514  3.827 90.00 90.00 60.00 Sym.group:  191
1.0
   1.2572360000000000    2.1772900000000002    0.0000260000000000
  -1.2570230000000000    2.1774719999999999    0.0026280000000000
   0.0041730000000000   -0.0024520000000000    3.8273950000000001
C Na
2 1
direct
   0.3382550000000000    0.3356890000000000    0.9009600000000000 C
   0.6716000000000000    0.6690010000000000    0.9011710000000001 C
   0.0031900000000000    0.0035400000000000    0.4010370000000000 Na
EA119   2.428  2.430  8.228 90.66 89.69 119.95 Sym.group:  164
1.0
   2.4275869999999999    0.0083930000000000    0.0036710000000000
  -1.2204649999999999    2.1016170000000001   -0.0004920000000000
   0.0318000000000000   -0.0888400000000000    8.2274510000000003
Li F
4 2
direct
   0.3402420000000000    0.6727370000000000    0.5363160000000000 Li
   0.6687000000000000    0.3199710000000000    0.7728030000000000 Li
   0.0023600000000000    0.0061590000000000    0.2998380000000000 Li
   0.3353360000000000    0.6627130000000000    0.0363190000000000 Li
   0.0020130000000000    0.9908480000000000    0.9037940000000000 F
   0.6687920000000001    0.3346540000000000    0.1688510000000000 F
EA333   8.079  2.072  2.054 119.70 89.64 97.35 Sym.group:  166
1.0
   7.8278400000000001   -1.0398710000000000   -1.7085140000000001
   0.0032390000000000    2.0724040000000001    0.0077980000000000
   0.2616510000000000   -1.0247809999999999    1.7609720000000000
Be H
4 2
direct
   0.0186730000000000    0.4754430000000000    0.6049830000000000 Be
   0.6031260000000001    0.2078130000000000    0.4719820000000000 Be
   0.2293400000000000    0.2696450000000000    0.0026470000000000 Be
   0.8137900000000000    0.0000040000000000    0.8692130000000000 Be
   0.4882500000000000    0.4577290000000000    0.0988800000000000 H
   0.3442040000000000    0.0216170000000000    0.3763610000000000 H
EA253   4.107  4.729  4.097 90.06 90.01 65.21 Sym.group:  139
1.0
   4.0958810000000003    0.3029240000000000    0.0076360000000000
   1.6611440000000000    4.4278639999999996    0.0159780000000000
  -0.0068030000000000   -0.0169200000000000    4.0974050000000002
P Na
4 2
direct
   0.3779100000000000    0.4081630000000000    0.7540140000000000 P
   0.8778540000000000    0.4081460000000000    0.2540860000000000 P
   0.2863680000000000    0.5955840000000000    0.2542570000000000 P
   0.7864280000000000    0.5955950000000000    0.7541920000000000 P
   0.5820000000000000    0.0018540000000000    0.2530240000000000 Na
   0.0825030000000000    0.0018310000000000    0.7537060000000000 Na
EA63    2.890  8.046  2.878 89.87 119.39 89.78 Sym.group:  164
1.0
   1.6152820000000001    0.0472630000000000   -2.3957549999999999
  -0.1869380000000000    8.0441629999999993   -0.0040360000000000
   1.2884519999999999    0.0376980000000000    2.5729370000000000
Al C
4 2
direct
   0.5882390000000000    0.5494940000000000    0.3318760000000000 Al
   0.2607960000000000    0.3026170000000000    0.6667790000000000 Al
   0.5862790000000000    0.0494870000000000    0.3307470000000000 Al
   0.2588350000000000    0.8026090000000000    0.6656500000000000 Al
   0.9245510000000000    0.4260660000000000    0.9993480000000000 C
   0.9225240000000000    0.9260380000000000    0.9981780000000000 C
