NUMBER OF TEMPLATES 45
COMPOSITION A 1 B
pairs , SPACEGROUPS 
[Al B] , 166 
[C Cl] , 166 
[Cl Mg] , 164 
[Al P] , 194 
[Al B] , 156 
[F Na] , 225 
[Al O] , 166 
[B Li] , 166 
[Li Na] , 187 
[Na S] , 123 
[F Mg] , 164 
[Cl O] , 139 
[Mg S] , 225 
[Be O] , 186 
[B C] , 139 
[Al S] , 139 
[C Li] , 160 
[Li N] , 139 
[C H] , 164 
[Li Si] , 123 
[F Si] , 191 
[N Si] , 156 
[F P] , 129 
[Be S] , 119 
[C F] , 164 
[B N] , 216 
[Al Na] , 141 
[Mg N] , 187 
[H Na] , 225 
[Li O] , 187 
[C Si] , 216 
[Al Mg] , 123 
[Al N] , 186 
[Al F] , 191 
[H Si] , 191 
[C P] , 164 
[B P] , 216 
[H P] , 129 
[Cl Na] , 225 
[Be Cl] , 166 
[Mg O] , 225 
[Mg Na] , 123 
[Li Mg] , 123 
[B S] , 166 
[Al Li] , 227 
RANKING VECTORS ENTHALPIES
0:[-68.5776475  -68.56072536 -68.48687261 -68.40540323 -68.37843763 -68.26869505 -68.26310036 -68.24949968 -68.2420162  -68.24065064 -68.2398192  -68.15749834 -68.15449543 -68.07554463 -67.98620959 -67.86089081 -67.85842554 -67.8581799  -67.85276776 -67.8506298 -67.84887689 -67.84661697 -67.82940296 -67.79948273 -67.7620973 -67.72343961 -67.71760399 -67.68689514 -67.68675769 -67.68493807 -67.66313075 -67.46345113 -67.45082891 -67.4058535  -67.38493824 -67.21147387 -67.20347084 -67.10756289 -67.07716704 -66.62146422 -66.62129238 -66.60899552 -66.52469629 -66.52062856 -66.5206249 ] 
1:[-301.09194934 -301.01048401 -300.95505899 -300.89525044 -300.87918812 -300.87913862 -300.87834739 -300.87799018 -300.8719584  -300.76907298 -300.18817286 -300.07147438 -300.06569125 -299.90866134 -299.62148932 -299.61962172 -299.24978961 -298.90455875 -298.90454422 -298.90433887 -298.88756204 -298.87096138 -298.87071941 -298.68015152 -298.67443601 -298.66789471 -298.66589092 -298.65654231 -298.62844305 -298.61728611 -298.61505876 -298.58333953 -298.57306794 -298.43945129 -298.43642786 -298.43569097 -298.43412737 -298.43178564 -298.4104085  -298.40602255 -298.14351655 -298.10506134 -297.69420137 -297.64020078 -297.64020077] 
2:[-1026.85454699 -1026.84991217 -1026.78714109 -1026.7844991 -1026.78209065 -1026.78153913 -1026.77799209 -1026.77239057 -1026.743345   -1026.69837038 -1026.68813711 -1026.68687254 -1026.68656335 -1026.68431719 -1026.68197528 -1026.67515366 -1026.64104066 -1026.63201146 -1026.62946511 -1026.60240044 -1026.5918916  -1026.58203551 -1026.30821077 -1026.30778578 -1026.22636523 -1026.22513855 -1026.19199196 -1026.19174982 -1026.19148768 -1026.1445542  -1026.07555732 -1026.07535601 -1026.04311032 -1025.88195229 -1025.88014191 -1025.76319489 -1025.76310369 -1025.7621025  -1025.75001984 -1025.74611604 -1025.50371683 -1025.50206188 -1025.4887595  -1025.48869936 -1025.03222879] 
3:[-121.74998379 -121.70440136 -121.70310834 -121.6750488  -121.67502562 -121.6749365  -121.64190352 -121.64174465 -121.61730484 -121.60698165 -121.59949221 -121.59684276 -121.59333129 -121.51669463 -121.47499483 -121.47171191 -121.42010512 -121.4065187  -121.40137318 -121.39356258 -121.37653614 -121.35985337 -121.35909983 -121.33764011 -121.33723242 -121.32714872 -121.32340031 -121.3185575  -121.31835644 -121.31311912 -121.31209392 -121.30729314 -121.30056951 -121.16701162 -121.16683186 -121.16189075 -121.07307879 -120.91304946 -120.91264542 -120.91217778 -120.91088807 -120.89978276 -120.89977654 -120.79352039 -120.46298415] 
4:[-68.5776475  -68.56072536 -68.48687261 -68.40540323 -68.37843763 -68.26869505 -68.26310036 -68.24949968 -68.2420162  -68.24065064 -68.2398192  -68.15749834 -68.15449543 -68.07554463 -67.98620959 -67.86089081 -67.85842554 -67.8581799  -67.85276776 -67.8506298 -67.84887689 -67.84661697 -67.82940296 -67.79948273 -67.7620973 -67.72343961 -67.71760399 -67.68689514 -67.68675769 -67.68493807 -67.66313075 -67.46345113 -67.45082891 -67.4058535  -67.38493824 -67.21147387 -67.20347084 -67.10756289 -67.07716704 -66.62146422 -66.62129238 -66.60899552 -66.52469629 -66.52062856 -66.5206249 ] 
5:[-955.56029628 -955.55901182 -955.55716565 -955.55681194 -955.55605256 -955.45402021 -955.45398544 -955.45393931 -955.45340743 -955.45313379 -955.45312158 -955.45221428 -955.44504777 -955.40558909 -955.40102894 -955.38417417 -955.35885908 -955.19993619 -955.16251999 -955.16238163 -955.16122218 -955.15110122 -954.9615403  -954.94587239 -954.90497733 -954.90496005 -954.90470397 -954.90401231 -954.90386509 -954.901292 -954.85422275 -954.85147235 -954.85049077 -954.85005198 -954.85001369 -954.8484334  -954.81095195 -954.6486843  -954.59191618 -954.59189224 -954.59186641 -954.55595314 -953.78938722 -953.78915519 -953.78910169] 
6:[-254.87313889 -254.63633892 -254.62626843 -254.38927973 -254.37552409 -254.37412279 -254.37335262 -254.37136384 -254.36794425 -254.3107239 -254.30358063 -254.30300746 -254.28389728 -254.27990493 -254.23488596 -254.17844264 -254.17438311 -253.9955831  -253.99411743 -253.9286016 -253.92652194 -253.88760722 -253.8875681  -253.88478302 -253.87489188 -253.84392321 -253.78400608 -253.6651164  -253.46222984 -253.46218989 -253.4617     -253.46116896 -253.45993946 -253.11211232 -253.10547149 -253.09992375 -253.09790848 -253.09749419 -252.9170023  -252.91576483 -252.9152524  -252.91048952 -251.87131601 -251.66854346 -251.66605852] 
7:[-135.91859688 -135.90444801 -135.8643729  -135.86147907 -135.85982877 -135.85970841 -135.49640752 -135.48720687 -135.43343764 -135.32324968 -135.31336661 -135.31181832 -135.31093895 -135.31063835 -135.30898129 -135.22825634 -135.21408368 -135.20570299 -135.17110662 -135.13478941 -135.09881231 -135.08216076 -135.03529021 -134.93986762 -134.92587482 -134.92328817 -134.91987316 -134.86158986 -134.81722197 -134.77905893 -134.6282714  -134.50241079 -134.50067416 -134.48794426 -133.94134114 -133.92906949 -133.9290007  -133.87596793 -133.8759611  -133.87592128 -133.37501602 -133.37284185 -132.64263239 -132.60620206 -132.60620093] 
8:[-714.89563825 -714.89537394 -714.89471654 -714.89104481 -714.88975234 -714.8870512  -714.87779571 -714.87743676 -714.8754269  -714.87405071 -714.87402147 -714.87385614 -714.87365671 -714.87321123 -714.87287087 -714.87172554 -714.86780087 -714.86510441 -714.86019018 -714.85962339 -714.84262143 -714.83496935 -714.82454406 -714.82273264 -714.82158553 -714.81996624 -714.81649886 -714.81622664 -714.7918539  -714.78968875 -714.78577186 -714.77449631 -714.77169443 -714.75114669 -714.7511232 -714.73970108 -714.73969709 -714.73962391 -714.72836257 -714.72607114 -714.68519317 -714.51517341 -714.27392308 -714.27326381 -714.27325177] 
9:[-767.90367092 -767.90345114 -767.90341669 -767.90285367 -767.90269336 -767.75486274 -767.70584473 -767.60209356 -767.564309   -767.55900083 -767.55152882 -767.54982464 -767.54928639 -767.46614097 -767.45436825 -767.43261754 -767.42129682 -767.38879008 -767.37745011 -767.30822553 -767.30664577 -767.23717575 -767.22467631 -767.09375954 -767.06640026 -767.06574586 -767.04126779 -767.04116226 -767.04115821 -766.92712717 -766.71880232 -766.71665872 -766.69624676 -766.69351442 -766.69252472 -766.64768226 -766.62608779 -766.62537151 -766.62157917 -766.44672399 -766.19559813 -766.19436259 -765.56191832 -765.56185288 -765.5583053 ] 
10:[-1140.88295972 -1140.88078794 -1140.74799411 -1140.74134008 -1140.72714384 -1140.7222383  -1140.72133631 -1140.72065378 -1140.71272507 -1140.70796282 -1140.70464306 -1140.6761157 -1140.58013092 -1140.55664107 -1140.54330587 -1140.25575203 -1140.23974822 -1140.20674065 -1140.18215969 -1140.16362641 -1140.15814528 -1140.13226976 -1140.12290083 -1140.12196492 -1140.10976871 -1140.10128343 -1140.1003466  -1140.07957727 -1140.07001478 -1140.05786373 -1140.05785609 -1140.02842914 -1139.83289786 -1139.83280349 -1139.83261514 -1139.83203267 -1139.83172756 -1139.83165763 -1139.82340971 -1139.8232711 -1139.72689476 -1139.48763103 -1139.27519401 -1138.97141415 -1138.96756484] 
11:[-442.67262777 -442.64552846 -442.55560891 -442.55377575 -442.52879628 -442.50129697 -442.46634581 -442.42402064 -442.42397914 -442.38681191 -442.38669334 -442.37224154 -442.28153524 -442.01495901 -442.00674641 -442.00145809 -441.99603318 -441.97019636 -441.9698849  -441.96833847 -441.96802136 -441.96741712 -441.92991288 -441.91632185 -441.9160645 -441.91539653 -441.89338811 -441.8550381  -441.84066457 -441.82311561 -441.80657599 -441.76277272 -441.76080441 -441.76024897 -441.76000078 -441.75974811 -441.75883029 -441.75804551 -441.75622746 -441.71021287 -441.70869734 -441.69542957 -440.91209907 -440.90660422 -440.90652749] 
12:[-954.74651717 -954.74457196 -954.74337734 -954.74323989 -954.74282932 -954.73969029 -954.73473844 -954.73399961 -954.70013071 -954.36688826 -954.36027827 -954.35587936 -954.25015495 -954.24744465 -954.24743356 -954.2444438  -954.24155464 -954.16805306 -954.12867835 -954.12502977 -954.11089307 -953.95650729 -953.95649958 -953.95552219 -953.95299992 -953.91612008 -953.83519036 -953.69967401 -953.69499511 -953.63408109 -953.63357948 -953.63352304 -953.51833992 -953.48408783 -953.46944088 -953.46748682 -953.45672237 -953.31708918 -953.16149827 -953.1292597 -952.92451499 -952.69444405 -952.69433722 -952.6909609  -952.66994142] 
13:[-414.37249339 -414.37190198 -414.36984658 -414.36964902 -414.36951236 -414.36835721 -414.36681629 -414.18967479 -414.18438958 -414.18207648 -414.17461939 -414.14835191 -414.14823056 -414.14521096 -414.14502373 -414.14317887 -414.14180929 -414.139643   -414.11774559 -414.08076076 -414.04021279 -414.03802741 -413.95077033 -413.76632896 -413.76489485 -413.76139091 -413.75419511 -413.75135973 -413.6939492  -413.61424446 -413.61011704 -413.58734613 -413.4487874  -413.37779012 -412.81973128 -412.77946012 -412.77945394 -412.77945335 -412.77943144 -412.77941737 -412.39198616 -412.38958706 -412.3885482  -411.0458985  -410.9227007 ] 
14:[-119.79770711 -119.74656643 -119.65993783 -119.65513992 -119.63003505 -119.47881638 -119.47870682 -119.47867246 -119.46950854 -119.46915752 -119.46474246 -119.43508445 -119.38296134 -119.37994926 -119.36768936 -119.33492911 -119.11429528 -118.92925082 -118.88810683 -118.88069027 -118.86908312 -118.84165496 -118.84165106 -118.84156023 -118.80093189 -118.80074563 -118.65356001 -118.63170018 -118.62114238 -118.57835228 -118.35111581 -118.33933762 -118.33722869 -118.3286469  -118.14026141 -118.02767834 -118.02753189 -117.88805208 -117.87091595 -117.25123162 -117.25064406 -117.24832967 -117.24530152 -117.23945935 -116.89610882] 
15:[-177.85155482 -177.84594982 -177.84047062 -177.79125015 -177.78357692 -177.78299901 -177.78298735 -177.77796655 -177.77765666 -177.77599104 -177.7582275  -177.72602488 -177.72581892 -177.69391855 -177.69388981 -177.69376726 -177.51148756 -177.50950929 -177.50192582 -177.44248226 -177.42271411 -177.42200132 -177.41649077 -177.37460806 -177.36917177 -177.35760799 -177.30367469 -177.18859276 -177.17812913 -177.15309655 -177.15294321 -177.15010242 -177.14880818 -177.14853331 -177.02228872 -177.02004654 -176.97431709 -176.97044366 -176.90604598 -176.83984411 -176.83470784 -176.72144267 -176.71039838 -176.71039455 -176.38017579] 
16:[-177.51264274 -177.51253118 -177.51200291 -177.51102258 -177.50990961 -177.49934382 -177.46273834 -177.45446883 -177.45264418 -177.41827319 -177.36661794 -177.19141016 -177.1399891  -177.04669819 -176.82071058 -176.82030896 -176.81979285 -176.81633159 -176.81520264 -176.77302072 -176.5975921  -176.59724023 -176.45322786 -176.43676932 -176.41554996 -176.28672826 -176.22362643 -176.13487151 -175.99700189 -175.60097699 -175.50466881 -175.504662   -175.50442098 -175.50249258 -175.49963529 -175.46973215 -175.46772344 -175.4058909  -175.40309977 -175.40309379 -175.09265495 -175.09183236 -174.37375806 -174.37375683 -174.34214144] 
17:[-237.17184506 -237.16858212 -237.15999754 -237.00136182 -237.00077914 -236.77681677 -236.66811787 -236.6394628  -236.62284915 -236.45560377 -236.45558449 -236.45557977 -236.45471104 -236.45350946 -236.20627926 -236.16151049 -236.15367043 -236.11452232 -236.11070559 -236.0997106 -235.93364298 -235.91595197 -235.91483565 -235.80075873 -235.78166607 -235.7375521  -235.73456815 -235.72951147 -235.68845081 -235.68843551 -235.68836314 -235.66698317 -235.66539535 -235.62035792 -235.57581643 -235.54608046 -235.5038941  -235.38477104 -235.3800719  -235.27645731 -235.27048599 -235.27041153 -234.7624073  -234.7476656  -234.74766486] 
18:[-88.37504288 -88.37498626 -88.37308147 -88.3605551  -88.35997309 -88.35482105 -88.2851077  -87.95717818 -87.67129334 -87.64504377 -87.62792356 -87.48268848 -87.48257523 -86.98828392 -86.88421409 -86.72998022 -86.67914426 -86.66856525 -86.63578713 -86.63551958 -86.63521654 -86.63371122 -86.59108109 -86.58301606 -86.46249673 -86.42280705 -86.3166952  -86.21223557 -86.20728417 -86.2029635 -86.19247183 -86.16203644 -85.88137277 -85.8673706  -85.83177494 -85.81342776 -85.78716924 -85.71809612 -85.71809611 -85.69717286 -85.67774118 -85.6760759  -85.67576637 -85.66500538 -85.66179662] 
19:[-152.25879708 -152.25554842 -152.25551935 -152.25348919 -152.24322418 -152.1899721  -152.07608997 -152.01979673 -152.01883332 -152.00351544 -152.00318739 -151.99793721 -151.9970547  -151.98085127 -151.98055965 -151.93997471 -151.83344428 -151.80863626 -151.7754416  -151.68176826 -151.65991133 -151.65775121 -151.64892349 -151.53795752 -151.50963107 -151.44615478 -151.43104426 -151.4262201  -151.40983454 -151.40066322 -151.39443197 -151.39403853 -151.37933004 -151.29162635 -151.28249017 -151.15989589 -151.15989342 -151.15986495 -151.10065976 -151.10058372 -150.59913884 -150.59425134 -149.70147916 -149.70147762 -149.66735072] 
20:[-389.87894334 -389.87885476 -389.8781304  -389.70987232 -389.68329541 -389.67950546 -389.65998013 -389.65997448 -389.64959387 -389.60542253 -389.60509392 -389.51092824 -389.50495608 -389.50235374 -389.47570861 -389.44648795 -389.43425696 -389.43281752 -389.42216925 -389.3618475 -389.35849821 -389.29774687 -389.28610244 -389.13057371 -389.02049408 -389.01856237 -389.01849304 -389.01842485 -389.01841396 -388.99969259 -388.99614382 -388.95158056 -388.65046586 -388.40875771 -388.36043029 -388.08630299 -388.08456716 -387.90578796 -387.90522225 -387.90505896 -387.90448523 -387.90447476 -387.41782844 -387.41776246 -387.41009686] 
21:[-196.4310444  -196.42899977 -196.42875569 -196.19346551 -196.09648348 -196.02268329 -195.99243296 -195.98688612 -195.97997259 -195.95636933 -195.90015679 -195.89793851 -195.87569539 -195.77567899 -195.75746735 -195.74436126 -195.74433379 -195.73108835 -195.72838296 -195.7268481 -195.69699015 -195.67549874 -195.47134496 -195.47088902 -195.45950778 -195.41189504 -195.41188421 -195.41176798 -195.39480035 -195.39426399 -194.93123351 -194.92652791 -194.92533951 -194.92483584 -194.92053614 -194.91896678 -194.74301736 -194.74276233 -194.74267172 -194.51643358 -194.47263862 -194.32392753 -194.31964613 -194.31558536 -193.68234239] 
22:[-426.17624575 -426.17365683 -426.17108159 -426.16694224 -426.16603983 -426.06618491 -426.06556743 -426.05408835 -425.85877419 -425.8412401 -425.74881625 -425.74840254 -425.74206943 -425.63557969 -425.62979369 -425.62360854 -425.49084414 -425.4672102  -425.4654731  -425.45400839 -425.44972994 -425.44955625 -425.44955238 -425.44954984 -425.44937057 -425.43427816 -425.38615031 -425.35376088 -425.34881452 -425.3295501 -425.32798013 -424.84484463 -424.79894298 -424.44885996 -424.44856765 -424.39546909 -424.38988639 -423.97931778 -423.97931268 -423.97603983 -423.97603698 -423.97538422 -423.43101414 -423.43077885 -423.43026926] 
23:[-337.14753937 -337.14667518 -337.14530887 -337.14530342 -337.13729757 -337.13669346 -337.12970586 -337.0828677  -337.06396473 -337.06339698 -337.04393497 -337.04239465 -337.03864745 -337.02653756 -337.02482945 -337.02351594 -336.90174842 -336.89489063 -336.8660546  -336.66981769 -336.6678231  -336.5996438  -336.57523189 -336.57174624 -336.56965965 -336.53763136 -336.48490473 -336.42000011 -336.25671849 -336.22647834 -336.22370177 -336.2048109  -336.2003373  -336.1975026  -336.0910905 -336.08562305 -336.06018433 -335.91715491 -335.86401352 -335.84089542 -335.83923593 -335.83906444 -335.83405085 -335.81280788 -335.74258182] 
24:[-414.63788139 -414.63776585 -414.63689335 -414.63687678 -414.63223226 -414.03295989 -414.0325626  -413.73752945 -413.73603404 -413.6098896 -413.5360151  -413.53262398 -413.44504688 -413.04455582 -413.00238142 -412.98631974 -412.68271915 -412.68224282 -412.44398118 -412.11494111 -412.07720475 -412.07403349 -412.0733707  -411.89939196 -411.87125345 -411.70313172 -411.68287878 -411.67172404 -411.66768068 -411.66722141 -411.66226105 -411.49000792 -411.48894935 -411.47774298 -411.43481517 -411.43184028 -411.42763968 -410.8304831  -410.83047597 -410.82612547 -410.82612506 -410.82612211 -410.15539372 -410.15539351 -410.1546732 ] 
25:[-180.52731906 -180.52723124 -180.52552052 -180.52546917 -180.52289577 -180.50579788 -180.50572557 -180.09384769 -180.09360002 -180.08440598 -180.05867815 -180.03708662 -180.00169864 -180.00165727 -179.99776052 -179.75454064 -179.33535871 -178.92488791 -178.92487217 -178.92472705 -178.9029461  -178.9029216  -178.90279682 -178.8766196  -178.83417799 -178.72382083 -178.59336397 -178.57927287 -178.5750976  -178.49008627 -178.39365474 -178.05780803 -178.05633114 -178.02781565 -177.79686526 -177.79430882 -177.79386708 -177.57646574 -177.57604486 -176.75553564 -176.74972407 -176.74583096 -176.73955133 -176.15412087 -176.10432759] 
26:[-648.25883285 -648.25142361 -648.24614845 -648.24593125 -648.21872607 -648.10697655 -648.10531982 -648.09681295 -648.07941453 -648.078219 -648.06633418 -648.06085644 -648.05493474 -648.05357807 -648.04728747 -648.0189025  -648.01826235 -648.01816979 -648.01706364 -647.99986434 -647.99632087 -647.95637308 -647.94555824 -647.9230797  -647.86487753 -647.81508725 -647.81501371 -647.81112938 -647.49194248 -647.17422212 -647.17397665 -647.16369245 -647.05235333 -647.04518242 -646.91566099 -646.91549564 -646.86413707 -646.86405858 -646.86392519 -646.77488222 -645.85193336 -645.84718121 -645.35096235 -645.31613962 -645.31609007] 
27:[-946.25378227 -946.23359922 -946.0586664  -946.02822513 -946.02732193 -946.00282769 -946.00247193 -946.00224191 -946.00219454 -946.00183931 -945.99412122 -945.99253406 -945.9629758  -945.91236529 -945.91171147 -945.91079211 -945.90586414 -945.90316807 -945.88835806 -945.85908601 -945.73385722 -945.65090386 -945.57720918 -945.52620858 -945.48203848 -945.48195038 -945.4809695  -945.48095567 -945.30186277 -945.09712753 -944.98415332 -944.98414465 -944.97975801 -944.86976907 -944.859071 -944.55521549 -944.54488804 -944.4718997  -944.4223248  -944.36315712 -944.05114337 -944.04793492 -943.60494506 -943.60482652 -943.60248469] 
28:[-626.95895239 -626.95894155 -626.9579108  -626.95067465 -626.94932014 -626.90049097 -626.89968904 -626.89939226 -626.89926597 -626.89847944 -626.89801683 -626.897459   -626.89598973 -626.85016143 -626.84214916 -626.83923535 -626.81595474 -626.73375392 -626.68523511 -626.66427498 -626.66410168 -626.66219533 -626.6087101  -626.49986688 -626.4993921 -626.4992757  -626.49905519 -626.49870588 -626.49299443 -626.47846771 -626.43143474 -626.4313691  -626.43080986 -626.42896317 -626.42624496 -626.42352596 -626.41907418 -626.3322854  -626.33228198 -626.33224241 -626.28823594 -626.23165691 -625.65846208 -625.65837619 -625.65772544] 
29:[-321.00449173 -321.00429075 -320.91786662 -320.91599923 -320.90792757 -320.79258862 -320.79049859 -320.7903342  -320.7897556  -320.78920993 -320.78639774 -320.76297936 -320.73655012 -320.71675602 -320.69429345 -320.68570763 -320.66858968 -320.60943827 -320.60501066 -320.60448594 -320.59418468 -320.57783857 -320.57559531 -320.57558816 -320.57519664 -320.57374444 -320.33800401 -320.27540085 -320.27378945 -320.27340006 -320.27336064 -320.27315641 -320.2726839  -320.21973682 -320.1952179 -320.18039055 -320.14485277 -320.14240124 -319.96957863 -319.89202835 -319.88884823 -319.88884686 -319.56015171 -319.56012283 -319.55411889] 
30:[-136.68517466 -136.68220471 -136.68092235 -136.68022208 -136.6800797 -136.68002434 -136.67717113 -136.53312758 -136.5136196  -136.51361959 -136.51357499 -136.48001143 -136.47994386 -136.44886757 -136.44798338 -136.42137477 -136.38295597 -136.33530591 -136.33388179 -136.20272975 -136.20265074 -136.0065814  -135.97891342 -135.93859323 -135.93795667 -135.88949666 -135.84058938 -135.82276045 -135.78941344 -135.63722325 -135.22115035 -135.03811027 -135.03494267 -135.03347089 -135.03299031 -135.01868216 -135.01423628 -135.00759032 -135.0007175  -134.90076331 -134.87967761 -134.87945094 -134.87767599 -134.63074505 -134.19113666] 
31:[-834.59946203 -834.57054116 -834.56678417 -834.56563543 -834.56429887 -834.56259031 -834.52753452 -834.52291866 -834.51902563 -834.51795954 -834.51594779 -834.51158188 -834.50859739 -834.50432757 -834.50301535 -834.50113351 -834.4742029  -834.46377415 -834.44442064 -834.40332921 -834.31602413 -834.24648601 -834.20049257 -834.20035231 -834.15125546 -834.11093051 -833.91297246 -833.90019974 -833.90000103 -833.84375057 -833.66625886 -833.64254734 -833.48900552 -833.48804735 -833.48799603 -833.4874847  -833.4631002  -833.46222534 -833.12525381 -832.97889767 -832.4345404  -832.43009693 -831.65479887 -831.65479775 -831.63309051] 
32:[-171.4231052  -171.42146896 -171.41899083 -171.41898076 -171.41894892 -171.41686136 -171.41165553 -171.41156543 -171.21239484 -171.07509777 -171.07486113 -171.00368641 -171.00363316 -170.97395664 -170.9733948 -170.97322321 -170.97321585 -170.97012346 -170.74743274 -170.74547251 -170.74504782 -170.62438508 -170.62199691 -170.6218471  -170.61288326 -170.48361754 -170.38172131 -169.93012292 -169.8817596  -169.84183206 -169.84150177 -169.83298724 -169.79984101 -169.76816183 -169.76733427 -169.76556412 -169.76359334 -169.76176685 -169.14849613 -168.31077543 -168.31054515 -168.02215968 -168.02186496 -168.0195131  -167.87872935] 
33:[-364.23876135 -364.23843142 -364.23802846 -364.17279885 -364.16890427 -364.16027445 -364.13537568 -364.10967822 -364.07600408 -364.06796505 -364.05958141 -364.05255801 -364.04506249 -364.04162296 -364.02355082 -364.0158293  -363.94196606 -363.87154709 -363.80252728 -363.80240616 -363.60987079 -363.60089752 -363.59484559 -363.59423454 -363.19475506 -363.17407963 -363.17384684 -363.17353178 -363.17311791 -363.17284883 -363.11826019 -362.89163189 -362.85573918 -362.85189268 -362.80480181 -362.80478903 -362.80199396 -362.79816074 -362.72528073 -362.65010517 -362.64266407 -362.64261487 -362.61990009 -362.60386893 -362.16838497] 
34:[-62.62287527 -62.48247069 -62.47578354 -62.47427056 -62.46681771 -62.46457179 -62.4589842  -62.43107021 -62.43035103 -62.42732457 -62.42702457 -62.42504293 -62.41721762 -62.41439122 -62.39514944 -62.39514944 -62.39428638 -62.38503522 -62.37740209 -62.37580848 -62.37089062 -62.36979742 -62.3541385  -62.35372526 -62.35306033 -62.34790136 -62.34353053 -62.33609344 -62.33378951 -62.33064047 -62.32081153 -62.29963562 -62.29962313 -62.2949554  -62.29454634 -62.28561719 -62.26411634 -62.25825311 -62.25329966 -62.24674419 -62.22233827 -62.13917078 -62.13897042 -62.08907854 -61.9942887 ] 
35:[-172.81744624 -172.81377203 -172.75086647 -172.6253521  -172.52733992 -172.49669306 -172.41373787 -172.41206744 -172.39125899 -172.38986813 -172.36247401 -172.35433212 -172.35015304 -172.33467788 -172.33451609 -172.31737267 -172.31736452 -172.31731302 -172.31729582 -172.30518643 -172.305065   -172.28742973 -172.28481529 -172.23523076 -172.19579688 -172.19469975 -172.15315111 -172.06062284 -172.01788503 -171.98377444 -171.97558641 -171.97171284 -171.55561847 -171.54127246 -171.54090371 -171.53499691 -171.43976484 -171.41509543 -171.18256856 -171.18030443 -171.17985304 -171.1769827  -171.17231722 -170.88535587 -170.80950224] 
36:[-131.32871241 -131.32148721 -131.32001472 -131.31879505 -131.31783314 -131.31255775 -130.74634655 -130.73576221 -130.73328799 -130.72219578 -130.70818451 -130.70578992 -130.70568253 -130.7022033  -130.70146907 -130.68222344 -130.67705375 -130.67695926 -130.67586767 -130.64611367 -130.64535314 -130.64078383 -130.63002968 -130.58353175 -130.58140219 -130.5698798  -130.54258916 -130.44563142 -130.44552954 -130.42192595 -130.2559555  -130.25317377 -130.24235816 -130.21470007 -130.14954169 -130.14057012 -130.03550208 -130.02065135 -130.01971795 -130.01711418 -130.01646249 -129.95021908 -129.86082404 -129.85402029 -129.82760012] 
37:[-99.34360644 -99.19851986 -99.19272625 -99.1824063  -99.17630417 -99.11945507 -99.08446058 -99.06964985 -99.04242863 -99.03951299 -99.03623934 -99.01565325 -98.99903983 -98.996863   -98.98228171 -98.97980567 -98.97979613 -98.97978863 -98.97913579 -98.97643219 -98.95137087 -98.9418078  -98.93778684 -98.91987561 -98.9134748 -98.88666847 -98.88606809 -98.88578807 -98.88475757 -98.8737693 -98.85719552 -98.84676805 -98.8147509  -98.80987918 -98.78718164 -98.78529316 -98.77857855 -98.71598762 -98.71598762 -98.71598426 -98.70939387 -98.70939107 -98.55664474 -98.53778524 -98.53759161] 
38:[-841.65251376 -841.65171251 -841.65158282 -841.65130878 -841.65073401 -841.64440027 -841.54574237 -841.54566506 -841.54566185 -841.54509024 -841.54460164 -841.54454604 -841.54347414 -841.54236064 -841.51058811 -841.50988939 -841.43722164 -841.42277007 -841.23670374 -841.21836221 -841.21794581 -841.21490111 -841.17554369 -841.01269534 -840.92846701 -840.92513485 -840.92449802 -840.91862998 -840.8933381  -840.8930908 -840.8121037  -840.75144224 -840.73376331 -840.73298311 -840.73278876 -840.72802565 -840.72696857 -840.72685849 -840.31436448 -840.3143224 -840.31424627 -840.25540065 -839.79485107 -839.79478934 -839.79444487] 
39:[-409.43437692 -409.41838657 -409.31403131 -409.31050364 -409.30067078 -409.28635918 -409.25933319 -409.25746111 -409.22723226 -409.13307916 -409.12624303 -409.06871411 -409.02891112 -409.02352885 -408.94877887 -408.94556073 -408.87780539 -408.86025657 -408.84901333 -408.83197392 -408.82921436 -408.82587241 -408.82413798 -408.82088232 -408.82074908 -408.81933261 -408.80491485 -408.77254068 -408.77021184 -408.74051385 -408.74043337 -408.73955369 -408.6574152  -408.53162174 -408.44068439 -408.44068028 -408.43435941 -408.36453696 -408.36445426 -408.35766594 -408.29201159 -408.2859034  -408.10315122 -407.98263574 -407.84731113] 
40:[-1031.63857323 -1031.63822166 -1031.63721418 -1031.63669936 -1031.63629825 -1031.63514272 -1031.63377781 -1031.63340404 -1031.45571022 -1031.3263837  -1031.32042131 -1031.21507347 -1031.1731171  -1031.17304911 -1031.1717761  -1031.17174856 -1031.17168708 -1031.17037286 -1031.11829188 -1031.11715609 -1030.99699173 -1030.99544248 -1030.98850275 -1030.96549213 -1030.96548664 -1030.96379247 -1030.9637858  -1030.9637734 -1030.89396179 -1030.89388816 -1030.89388431 -1030.69668811 -1030.65800403 -1030.60193982 -1030.40951109 -1030.15701297 -1030.15570297 -1030.07780603 -1029.80216049 -1028.99197468 -1028.56023986 -1028.54068095 -1028.43111404 -1028.43101719 -1028.43087432] 
41:[-1423.92502982 -1423.89980148 -1423.89900069 -1423.89229157 -1423.89092896 -1423.8843263  -1423.87791003 -1423.87493324 -1423.87079228 -1423.86747849 -1423.86409263 -1423.84550272 -1423.83938476 -1423.83934916 -1423.83477672 -1423.83211593 -1423.82009988 -1423.81338026 -1423.81119999 -1423.79214631 -1423.78682871 -1423.78510082 -1423.78508041 -1423.78462658 -1423.78333203 -1423.7818216  -1423.78108987 -1423.72768126 -1423.72764096 -1423.72336316 -1423.55776562 -1423.40987571 -1423.40528835 -1423.2631707  -1423.26314744 -1423.26283972 -1423.23196077 -1423.23160866 -1423.09045452 -1423.06271262 -1422.63111783 -1422.27280962 -1422.003897   -1421.98873626 -1421.98864905] 
42:[-901.54827982 -901.54233213 -901.54131758 -901.52883233 -901.52245032 -901.4715911  -901.4679044  -901.38835728 -901.38825399 -901.38343007 -901.38339087 -901.38312056 -901.35706695 -901.35604312 -901.32891009 -901.32646587 -901.32031174 -901.31923446 -901.31455239 -901.30714057 -901.30151245 -901.29582462 -901.27126506 -901.23553903 -901.21238503 -901.2114962  -901.1969086  -901.18586097 -901.18276082 -901.17009443 -901.15984651 -901.1598401  -901.15972092 -901.15900808 -901.15884404 -901.13163625 -901.13033788 -901.07393943 -901.06899326 -901.06892919 -900.84910163 -900.18099361 -899.86145296 -899.86143847 -899.86017159] 
43:[-186.94242881 -186.58542887 -186.5756847  -186.52295534 -186.51365259 -186.40838178 -186.39893709 -186.39510584 -186.39436866 -186.38757956 -186.38215468 -186.37813809 -186.37500036 -186.36965879 -186.36790092 -186.36164171 -186.36092224 -186.35643112 -186.31338665 -186.3133838 -186.26900166 -186.22135242 -186.21865992 -186.19568364 -186.18619913 -186.18316511 -186.15068683 -186.09963543 -186.06596202 -186.01326076 -185.939378   -185.78386431 -185.77683893 -185.77673815 -185.72860756 -185.65038498 -185.63022936 -185.61393543 -185.46596612 -185.46595594 -185.4608447  -185.4542853  -185.44808803 -185.26978501 -185.06530035] 
44:[-125.95137581 -125.94413702 -125.94373683 -125.94218317 -125.93425911 -125.8724465  -125.86594488 -125.8439578  -125.83665695 -125.83212234 -125.77927415 -125.77289761 -125.77287129 -125.75012082 -125.68996082 -125.68263156 -125.67959496 -125.65715393 -125.65480624 -125.64806032 -125.6463496  -125.56979083 -125.5480683  -125.50994245 -125.50940966 -125.50731015 -125.48043663 -125.45673521 -125.32528498 -125.31437847 -125.24744067 -125.24533868 -125.22379742 -125.04592183 -125.0458104 -125.02605891 -125.02603916 -125.02596236 -125.00943655 -124.2739807 -124.27196996 -124.12411615 -123.56731656 -123.54598347 -123.54598005] 
RANKING VECTORS IDX
0:[ 7.  0. 39.  4. 16. 27. 29. 18. 24. 10.  2. 15. 17. 43.  3. 42.  9. 41. 31. 22. 37. 19. 21. 35. 11. 12. 38. 28. 40.  5.  8.  1. 14. 23. 26. 32. 13.  6. 44. 20. 33. 34. 25. 30. 36.] 
1:[39.  0. 16.  4. 18. 24. 10.  2. 35.  1. 21. 22. 37. 11. 17. 15. 43. 28. 40.  5. 14. 12. 38. 29. 27. 20. 33. 34.  3.  7.  6. 23.  8. 42. 31. 41.  9. 19. 13. 32. 44. 26. 25. 30. 36.] 
2:[37. 22.  0.  7. 10. 39.  2.  4. 16.  8. 41.  9. 31. 42.  3. 19. 11. 15. 17. 21. 43. 35. 13. 32. 12. 38. 28. 40.  5.  6. 27. 29. 26.  1. 44. 20. 33. 34. 24. 18. 23. 25. 30. 36. 14.] 
3:[ 3. 37. 22. 28. 40.  5. 12. 38. 41.  9. 42. 31. 19.  6. 29. 27.  8. 15. 17. 26. 35. 39. 10.  0. 44.  2. 16. 20. 33. 34. 11. 43.  7. 24. 18.  1.  4. 23. 13. 32. 25. 30. 36. 21. 14.] 
4:[ 7.  0. 39.  4. 16. 27. 29. 18. 24. 10.  2. 15. 17. 43.  3. 42.  9. 41. 31. 22. 37. 19. 21. 35. 11. 12. 38. 28. 40.  5.  8.  1. 14. 23. 26. 32. 13.  6. 44. 20. 33. 34. 25. 30. 36.] 
5:[41. 42.  9. 31. 19. 28. 40. 12.  5. 22. 38. 16. 37. 27. 29.  3.  8. 23. 11. 15. 17. 21.  4. 26. 32. 13. 18. 10. 24.  2. 14.  1.  7. 44. 39.  0. 43. 35. 30. 25. 36.  6. 34. 20. 33.] 
6:[ 6. 21. 15. 39.  0. 37. 22.  7.  1. 16.  4. 43. 10.  2. 35. 29. 27. 17. 11. 32. 13. 30. 36. 25. 23.  8. 14.  3. 28. 40.  5. 12. 38. 41. 31. 42.  9. 19. 34. 20. 33. 26. 44. 18. 24.] 
7:[ 0. 39.  7.  1. 44. 26.  3. 35. 16. 19. 31.  9. 41. 42.  4. 37. 11. 17. 22. 15. 27.  8. 23.  2. 24. 18. 10. 21. 43.  6. 14. 20. 33. 34. 29. 12. 38. 28. 40.  5. 13. 32. 25. 30. 36.] 
8:[ 4. 16. 10. 37.  2. 18. 39. 22. 35. 31.  3.  9. 41. 42. 19.  8. 21. 11. 29. 27. 24. 43. 26.  7. 13. 32.  0. 44. 33. 20. 34. 23.  6. 12. 38. 28. 40.  5. 17. 15.  1. 14. 25. 30. 36.] 
9:[42.  9. 31. 19. 41. 23. 16.  3.  8. 27. 29. 15. 17.  0.  7. 39.  1. 44. 26. 22. 37. 35.  6. 21. 12. 38. 28.  5. 40. 11. 43.  4. 20. 34. 33.  2. 10. 18. 24. 14. 32. 13. 36. 30. 25.] 
10:[22. 37. 10.  2. 15. 17. 11.  4. 16.  1. 39.  0. 35. 43. 21. 14.  3. 13.  8. 27. 29. 12. 38.  5. 32. 28. 40. 25. 23. 30. 36.  6.  9. 19. 42. 34. 31. 41. 20. 33. 26.  7. 44. 18. 24.] 
11:[13. 11. 22. 37. 35.  1. 17. 24. 18. 20. 33. 34.  6. 15.  7. 12. 38. 28. 40. 27. 29.  5.  0.  8. 21. 39.  3. 23. 16.  4. 32. 43. 41.  9. 19. 31. 42. 10.  2. 44. 26. 14. 25. 30. 36.] 
12:[37. 22. 28. 40.  5. 16. 12. 38.  3. 27. 29.  8. 41. 42. 19. 31.  9. 23. 11. 15.  4. 32. 13. 10. 18. 17. 43. 26. 21. 25. 36. 30.  1. 39.  0.  7. 44.  6.  2. 35. 14. 20. 33. 34. 24.] 
13:[13. 32. 25. 30. 36. 16. 23.  4. 24. 10.  2. 37. 22. 28. 40.  5. 12. 38. 21.  3. 43.  7.  1. 17. 15. 11. 39.  0. 35. 29. 27.  8. 14.  6. 26. 42.  9. 19. 31. 41. 34. 33. 20. 44. 18.] 
14:[14.  1. 24. 18. 21. 30. 36. 23. 13. 32. 25. 39.  2. 10. 35. 43.  4. 16. 15. 17. 22. 28. 40.  5. 12. 38.  3.  0.  7.  6.  8. 29. 27. 37. 20. 33. 34. 26. 11. 31. 41. 19. 42.  9. 44.] 
15:[ 8. 27. 29.  9. 42. 31. 19. 15. 17. 41.  3. 12. 38. 28. 40.  5. 23. 21.  7. 39.  4.  6. 16. 10.  2. 11. 35. 43. 13. 20. 33. 34.  0. 26. 18. 32.  1. 24. 44. 22. 37. 25. 30. 36. 14.] 
16:[10. 24. 18.  2.  4. 16. 39.  0.  7. 35.  1.  3. 15. 43. 19. 31. 41. 42.  9. 21. 22. 37. 23. 14. 17. 26.  8. 44. 11.  6. 28. 40.  5. 29. 27. 12. 38. 34. 20. 33. 32. 13. 30. 36. 25.] 
17:[17. 15. 11. 27. 29.  1. 35. 21. 14. 41. 19. 31. 42.  9.  3.  8. 23.  0.  7. 39. 26. 22. 37. 44.  4.  2. 10. 24. 28. 40.  5. 12. 38. 16. 43.  6. 18. 32. 13. 34. 20. 33. 25. 30. 36.] 
18:[18. 24. 10.  2. 39.  0.  1. 35. 21.  4. 16. 37. 22.  7. 15.  3. 17. 11. 20. 33. 34. 43. 14. 13. 26. 44. 19. 31.  9. 41. 42.  6. 29. 27. 23. 32.  8. 36. 30. 25.  5. 28. 40. 38. 12.] 
19:[ 9. 31. 41. 42. 19. 16.  8. 22. 37. 44.  0.  1. 26. 17. 11.  7. 39. 35.  2. 43. 10. 18.  4. 15. 23.  6. 24. 14. 20. 34. 29. 33. 27. 21.  3. 28. 40.  5. 12. 38. 13. 32. 30. 36. 25.] 
20:[20. 33. 34. 24. 32. 13. 37. 22.  1.  0.  7.  2.  6. 10. 21. 16.  4. 43. 39. 35. 18.  3.  8. 26. 19.  9. 42. 31. 41. 11. 17. 44. 23. 15. 14. 27. 29. 38. 12.  5. 28. 40. 30. 36. 25.] 
21:[11. 15. 17. 21. 35.  7.  4. 14.  0. 39. 32. 13. 16. 23. 25. 30. 36.  3. 10.  2.  8. 43. 29. 27. 22. 28. 40.  5. 12. 38.  9. 31. 41.  6. 42. 19. 34. 20. 33. 26. 37. 24. 18.  1. 44.] 
22:[26.  1.  7.  0. 44. 37. 22. 24. 13. 32. 20. 33. 34.  6.  4. 21. 35. 10.  2. 19.  9. 31. 39. 41. 42.  8. 18. 43. 16. 17. 11. 23. 15. 29. 27. 14.  3. 12. 38. 40.  5. 28. 30. 36. 25.] 
23:[25. 23. 30. 36. 13. 32.  3. 40. 28.  5. 12. 38. 43. 24. 10.  2. 21.  4. 16. 17. 15.  8. 27. 29. 39. 14. 35.  0.  6.  9. 31. 41. 42. 19. 18.  1. 26. 11. 34. 22. 20. 33. 37.  7. 44.] 
24:[10.  2. 24. 18.  7.  4. 16. 22. 37. 17. 39.  1. 35.  0. 21.  3. 32. 13. 14.  6. 20. 33. 34. 15. 43. 11. 19. 41. 31. 42.  9. 29.  8. 27. 26. 23. 44. 12. 38. 28. 40.  5. 30. 36. 25.] 
25:[23. 25. 30. 36. 16. 13. 32. 10.  2.  4. 43. 21. 39.  0.  7.  1. 35. 28. 40.  5. 12. 38.  3. 14.  6. 37. 11. 15. 17. 26. 34. 29. 27.  8. 22. 24. 18. 20. 33. 19.  9. 42. 41. 44. 31.] 
26:[ 7. 26. 44.  0.  1. 16. 10.  4.  2. 35.  3. 22. 37.  8. 11.  9. 42. 31. 41. 19. 39. 18. 24. 43.  6. 20. 33. 34. 23. 17. 15. 21. 27. 29. 12. 38. 40. 28.  5. 14. 32. 13. 25. 30. 36.] 
27:[27. 29. 21. 12. 38. 28. 22. 40.  5. 37. 15. 17.  3. 42. 41. 19. 31.  9.  8.  1. 23. 11. 35. 14. 13. 32.  2. 10. 39. 43. 30. 36. 25.  6. 26.  7.  0.  4. 16. 44. 18. 24. 20. 33. 34.] 
28:[42. 41. 19.  9. 31. 22. 28.  5. 40. 12. 38. 37. 16. 27. 29.  3.  8. 23. 21. 11. 15. 17.  4. 32. 18. 10. 24. 13.  2. 26.  1.  0.  7. 44. 14. 43. 39. 30. 36. 25. 35.  6. 20. 33. 34.] 
29:[27. 29. 15. 17. 11. 19. 31.  9. 42. 41.  1. 21. 23. 16. 35.  3. 39.  8. 12. 38. 14. 22. 28. 40.  5. 37.  4.  2. 32. 10. 18. 24. 13.  6. 26. 43.  7.  0. 44. 25. 30. 36. 20. 33. 34.] 
30:[25. 32. 23. 13. 30. 36. 16. 22. 28. 40.  5. 12. 38. 29. 27. 21.  4.  2. 10. 24. 18. 43. 11. 15. 17. 39.  1.  3.  8. 35.  6.  0.  7. 31. 41. 42.  9. 19. 14. 26. 20. 33. 34. 37. 44.] 
31:[ 1. 19.  9. 31. 42. 41.  8. 44. 29. 26. 27.  2. 16.  0. 10.  7. 37. 22. 39. 35. 11. 43. 18. 24. 17.  6. 34. 20. 33. 23.  3.  4. 15. 28. 40.  5. 12. 38. 21. 14. 13. 32. 36. 30. 25.] 
32:[22. 37. 28. 40.  5. 16. 12. 38.  3. 10.  2. 13. 32. 25. 23. 30. 36.  4. 21. 27. 29. 11. 15. 17.  8. 43.  1. 35. 14.  0. 39.  7.  6. 31. 41. 19. 42.  9. 26. 24. 18. 20. 33. 34. 44.] 
33:[34. 20. 33. 39.  0.  7.  4. 16. 21. 35.  1. 13. 32. 10.  2.  6. 43.  8. 37. 22. 17. 11. 24. 18. 26. 42. 41.  9. 31. 19. 15. 44. 29. 27. 30. 36. 23. 25.  3. 12. 40.  5. 28. 38. 14.] 
34:[ 1. 39. 20. 33. 34. 17. 15. 18.  2.  8. 10. 24.  7.  0. 28. 40.  5. 26. 29. 43. 14. 27. 13. 38. 32.  3.  4. 16. 21. 11. 23. 41. 31. 12. 19.  9. 37. 35. 22.  6. 42. 30. 36. 25. 44.] 
35:[18. 24.  1. 43.  4. 21. 17. 15. 35.  0. 16. 32. 13. 12. 38. 28. 40. 23.  5. 30. 36. 25.  7. 39. 29. 27. 11.  3. 14.  8.  2. 10. 37. 20. 33. 34. 22.  6. 42. 31. 41. 19.  9. 26. 44.] 
36:[23. 25. 30. 13. 32. 36. 35.  2. 10.  4. 15. 17.  5. 28. 40. 21. 29. 27.  1. 38. 39. 12. 43. 24. 18. 16.  3. 20. 33. 34. 22. 37.  6. 11.  7.  0. 26. 19. 42. 31.  9. 14.  8. 44. 41.] 
37:[11.  0.  7. 37. 22. 24. 32. 13. 34. 20. 33.  6. 19.  9. 17. 41.  4. 31. 14. 15. 43. 39. 26. 44. 16. 10. 18. 21.  2.  8.  1. 42. 23. 35. 29. 27.  3. 28. 40.  5. 12. 38. 25. 30. 36.] 
38:[ 6.  9. 19. 31. 42. 41. 40. 28.  5. 12. 38. 22. 16. 37. 27. 29.  3.  8. 23. 17. 15. 11. 21. 26.  4. 39. 44.  1.  0.  7. 35. 14. 10. 18.  2. 32. 13. 24. 25. 30. 36. 43. 20. 33. 34.] 
39:[ 1. 39.  4. 16. 21. 35. 10.  2. 43. 15. 17.  6. 27. 29. 23.  8. 22. 18. 24. 41. 42. 31. 32. 13.  9. 19.  3. 12. 38. 28. 40.  5. 11. 14. 30. 36. 25. 20. 33. 34.  7.  0. 26. 37. 44.] 
40:[22. 37. 28. 40.  5. 12. 38. 16.  3. 27. 29.  8. 32. 13.  2. 10. 18. 24.  4. 23. 15. 11. 17. 42. 41.  9. 19. 31. 25. 30. 36. 21. 43.  1. 14. 39.  6. 35. 26. 44.  0.  7. 34. 20. 33.] 
41:[39. 16.  2.  4. 10. 35.  3. 22.  8. 37. 21.  1. 44.  0. 26.  7.  6. 24. 18. 11. 13. 19.  9. 43. 31. 42. 41. 20. 33. 34. 23. 17. 15. 28. 40.  5. 12. 38. 29. 27. 14. 32. 25. 30. 36.] 
42:[ 9. 19. 42. 31. 41. 37. 22. 44.  0.  7. 26. 39. 27. 29.  3.  8. 16.  4. 10.  2. 43. 23. 21.  1. 35.  6. 13. 17. 15. 11. 40. 28.  5. 12. 38. 24. 18. 34. 20. 33. 14. 32. 30. 36. 25.] 
43:[43. 21.  7. 23. 39. 24.  5. 28. 40. 38. 12. 35. 32. 13.  4. 17. 15. 16. 30. 36. 25. 29. 27.  3.  2. 10. 14. 18.  8.  1.  6. 34. 20. 33. 37.  0. 22. 11. 31. 41. 42. 19.  9. 26. 44.] 
44:[19. 41. 31.  9. 42. 22. 37.  7. 26. 44. 27. 29.  8.  3. 16.  0.  1. 10. 24.  2.  4. 35. 39. 15. 17. 11.  6. 43. 23. 18. 20. 33. 34. 12. 38. 28. 40.  5. 21. 32. 13. 14. 25. 30. 36.] 
POSCARS
EA73    2.789  5.243  2.809 91.06 60.23 105.42 Sym.group:  166
1.0
   1.3985540000000001   -0.3513360000000000    2.3871799999999999
  -1.4309570000000000    5.0436110000000003   -0.0478810000000000
  -1.4091160000000000   -0.4309690000000000    2.3911660000000001
Al B
2 2
direct
   0.8150870000000000    0.2544920000000000    0.2685300000000000 Al
   0.4180680000000000    0.6509380000000000    0.4598690000000000 Al
   0.2867430000000000    0.9585540000000000    0.0297150000000000 B
   0.9464220000000000    0.9468760000000001    0.6986730000000000 B
EA104   2.393  7.779  2.394 90.76 62.10 81.30 Sym.group:  166
1.0
   2.3920650000000001    0.0650340000000000    0.0412650000000000
   0.9647100000000000    7.7172099999999997    0.1542300000000000
   1.0897640000000000   -0.2104310000000000    2.1206930000000002
C Cl
2 2
direct
   0.9111640000000000    0.3648850000000000    0.1786930000000000 C
   0.5753700000000000    0.3649480000000000    0.8429700000000000 C
   0.0196780000000000    0.6956360000000000    0.6201170000000000 Cl
   0.4567960000000000    0.0341320000000000    0.3925650000000000 Cl
EA88    2.997  2.995  6.979 90.01 90.09 119.93 Sym.group:  164
1.0
   2.9968309999999998   -0.0235090000000000    0.0037260000000000
  -1.4738770000000001    2.6074269999999999    0.0030110000000000
  -0.0203500000000000   -0.0214480000000000    6.9790400000000004
Cl Mg
2 2
direct
   0.0072470000000000    0.9945030000000000    0.0901720000000000 Cl
   0.3412810000000000    0.6617450000000000    0.7858309999999999 Cl
   0.3416280000000000    0.6614900000000000    0.2944480000000000 Mg
   0.0067290000000000    0.9948920000000000    0.5815460000000000 Mg
EA40    3.302  3.304  5.255 90.00 90.00 119.97 Sym.group:  194
1.0
   3.3019690000000002    0.0002330000000000   -0.0010690000000000
  -1.6505240000000001    2.8620000000000001   -0.0003000000000000
   0.0014970000000000    0.0013480000000000    5.2548159999999999
Al P
2 2
direct
   0.9987549999999999    0.0054590000000000    0.9985550000000000 Al
   0.9988020000000000    0.0054790000000000    0.4985540000000000 Al
   0.6655219999999999    0.3390830000000000    0.7485600000000000 P
   0.3320310000000000    0.6718530000000000    0.2485520000000000 P
EA162   2.786  5.246  2.786 89.97 60.01 89.97 Sym.group:  156
1.0
   2.7858489999999998    0.0005360000000000    0.0050360000000000
   0.0016580000000000    5.2455730000000003    0.0213140000000000
   1.3884850000000000   -0.0086630000000000    2.4157860000000002
Al B
2 2
direct
   0.6532000000000000    0.0453550000000000    0.6908510000000000 Al
   0.9858230000000000    0.4236990000000000    0.0255270000000000 Al
   0.9867130000000000    0.7988150000000001    0.0247820000000000 B
   0.3200040000000000    0.7423149999999999    0.3582820000000000 B
EA1     2.891  2.880  4.081 89.57 90.09 90.00 Sym.group:  225
1.0
   2.8911319999999998   -0.0003270000000000    0.0019110000000000
   0.0002030000000000    2.8802469999999998   -0.0082450000000000
  -0.0088840000000000    0.0424570000000000    4.0804640000000001
F Na
2 2
direct
   0.3711040000000000    0.8696680000000000    0.9639440000000000 F
   0.8750260000000000    0.3707220000000000    0.4635940000000000 F
   0.8712290000000000    0.3703310000000000    0.9633980000000000 Na
   0.3753950000000000    0.8713330000000000    0.4642500000000000 Na
EA16    2.634  2.632  5.796 77.11 89.87 119.64 Sym.group:  166
1.0
   2.5643349999999998   -0.5950740000000000    0.0862310000000000
  -0.7559740000000000    2.5187360000000001    0.1038400000000000
   0.0878040000000000    1.1436679999999999    5.6817510000000002
Al O
2 2
direct
   0.8713770000000000    0.2547800000000000    0.2520090000000000 Al
   0.3712730000000000    0.2545730000000000    0.7520200000000000 Al
   0.9803200000000000    0.4741660000000000    0.9259300000000000 O
   0.7625100000000000    0.0352760000000000    0.5780880000000000 O
EA7     2.948  2.944  3.616 89.99 66.16 60.06 Sym.group:  166
1.0
   1.4841850000000001    2.5475240000000001    0.0100190000000000
  -1.4640850000000001    2.5535790000000000   -0.0250440000000000
   1.4244509999999999    0.8490500000000000    3.2129509999999999
B Li
2 2
direct
   0.8114250000000000    0.0247860000000000    0.4788280000000000 B
   0.4544910000000000    0.7026990000000000    0.5085790000000000 B
   0.3658470000000000    0.2473590000000000    0.1431600000000000 Li
   0.9000990000000000    0.4801040000000000    0.8442120000000000 Li
EA123   2.535  2.527  3.977 89.99 90.07 119.86 Sym.group:  187
1.0
   2.5352350000000001   -0.0039460000000000    0.0074930000000000
  -1.2548630000000001    2.1937220000000002   -0.0008400000000000
  -0.0165430000000000   -0.0073010000000000    3.9769760000000001
Na Li
1 1
direct
   0.6553780000000000    0.8328730000000000    0.9985810000000001 Na
   0.3173680000000000    0.1660210000000000    0.4986180000000000 Li
EA120   2.598  2.598  7.015 89.99 90.00 90.12 Sym.group:  123
1.0
   2.5977730000000001    0.0045990000000000    0.0007530000000000
  -0.0099900000000000    2.5976319999999999   -0.0048070000000000
  -0.0022590000000000    0.0136650000000000    7.0149210000000002
Na S
2 2
direct
   0.2562920000000000    0.7504700000000000    0.2723070000000000 Na
   0.2587670000000000    0.7522600000000000    0.7722890000000000 Na
   0.7580800000000000    0.2533620000000000    0.0222570000000000 S
   0.7573110000000000    0.2499810000000000    0.5222440000000000 S
EA272   2.821  2.821  5.546 89.92 90.16 119.84 Sym.group:  164
1.0
   2.8214020000000000    0.0030940000000000    0.0052530000000000
  -1.4062340000000000    2.4455480000000001    0.0005210000000000
  -0.0261630000000000   -0.0068980000000000    5.5460919999999998
F Mg
2 2
direct
   0.3251680000000000    0.6632720000000000    0.6423250000000000 F
   0.6577290000000000    0.3290550000000000    0.3590160000000000 F
   0.3229400000000000    0.6630130000000000    0.1933900000000000 Mg
   0.6598600000000000    0.3292440000000000    0.8079980000000000 Mg
EA205   2.306  7.972  2.308 81.82 89.62 98.27 Sym.group:  139
1.0
   2.3061609999999999   -0.0346520000000000   -0.0060650000000000
  -1.0270500000000000    7.5629739999999996    2.3034640000000000
   0.0161510000000000   -0.3465170000000000    2.2814480000000001
Cl O
2 2
direct
   0.5634230000000000    0.1035520000000000    0.6642510000000000 Cl
   0.9118120000000000    0.7966740000000000    0.3194190000000000 Cl
   0.1997520000000000    0.3735880000000000    0.0297060000000000 O
   0.2769270000000000    0.5266230000000000    0.9541190000000001 O
EA161   4.663  3.307  3.307 90.00 90.00 90.00 Sym.group:  225
1.0
   4.6632980000000002   -0.0034580000000000    0.0014890000000000
   0.0022380000000000    3.3066650000000002   -0.0021100000000000
  -0.0009630000000000    0.0023220000000000    3.3070949999999999
Mg S
2 2
direct
   0.1267730000000000    0.7812550000000000    0.7745649999999999 Mg
   0.6280880000000000    0.2806070000000000    0.2750160000000000 Mg
   0.1280070000000000    0.2813220000000000    0.2745110000000000 S
   0.6270160000000000    0.7806980000000000    0.7749300000000000 S
EA9     2.558  2.558  4.154 90.00 90.00 120.00 Sym.group:  186
1.0
   1.2797879999999999   -2.2145630000000001    0.0001290000000000
   1.2780560000000001    2.2155209999999999   -0.0019060000000000
   0.0026940000000000    0.0021730000000000    4.1543720000000004
O Be
2 2
direct
   0.3187550000000000    0.6586500000000000    0.1303500000000000 O
   0.6521370000000000    0.3252110000000000    0.6303460000000000 O
   0.6520600000000000    0.3252690000000000    0.0078250000000000 Be
   0.3187180000000000    0.6585320000000000    0.5077120000000001 Be
EA1     3.706  2.687  2.687 89.98 68.77 111.23 Sym.group:  139
1.0
   3.7063630000000001   -0.0127100000000000    0.0119180000000000
  -0.9640260000000000    2.5075820000000002   -0.0154630000000000
   0.9661270000000000    0.3877260000000000    2.4767039999999998
C B
2 2
direct
   0.2250170000000000    0.1202560000000000    0.8870150000000000 C
   0.7720690000000000    0.8942380000000000    0.1136900000000000 C
   0.4985170000000000    0.2574860000000000    0.2503560000000000 B
   0.4985700000000000    0.7570080000000000    0.7503500000000000 B
EA273   3.267  5.262  3.275 72.09 89.92 72.14 Sym.group:  139
1.0
   3.2572770000000002   -0.2366790000000000   -0.0918090000000000
   1.9823670000000000    3.8341449999999999    3.0104280000000001
   0.0149660000000000   -1.0586789999999999    3.0996350000000001
Al S
2 2
direct
   0.8955780000000000    0.9574260000000000    0.0383110000000000 Al
   0.6404490000000000    0.4558070000000000    0.7833750000000000 Al
   0.1248000000000000    0.4889460000000000    0.2676990000000000 S
   0.4112270000000000    0.9242870000000000    0.5539870000000000 S
EA114   2.436  2.439  5.169 77.55 76.80 60.13 Sym.group:  160
1.0
   2.4355069999999999    0.0326110000000000    0.0116820000000000
   1.1858379999999999    2.1292949999999999    0.0868090000000000
   1.1506099999999999    0.4304810000000000    5.0213619999999999
C Li
2 2
direct
   0.5081329999999999    0.2797530000000000    0.7069520000000000 C
   0.1531480000000000    0.9274030000000000    0.7711570000000000 C
   0.3870170000000000    0.1686560000000000    0.0696140000000000 Li
   0.9309630000000000    0.7045960000000000    0.4353600000000000 Li
EA114   2.546  2.586  4.018 108.38 72.25 89.09 Sym.group:  139
1.0
   2.5375939999999999   -0.1679290000000000    0.1117830000000000
   0.2128880000000000    2.5775969999999999   -0.0226080000000000
   0.9802280000000000   -1.3202320000000001    3.6662240000000001
N Li
2 2
direct
   0.1015080000000000    0.9211620000000000    0.8257960000000000 N
   0.9305960000000000    0.0943010000000000    0.1707700000000000 N
   0.6756560000000000    0.3464750000000000    0.6766320000000000 Li
   0.3564550000000000    0.6689889999999999    0.3199300000000000 Li
EA54    2.431  2.432  3.419 89.93 89.92 60.01 Sym.group:  164
1.0
   2.4311050000000001   -0.0018390000000000   -0.0004700000000000
   1.2170589999999999    2.1050010000000001   -0.0004580000000000
   0.0054850000000000    0.0025470000000000    3.4190719999999999
C H
2 2
direct
   0.3421560000000000    0.8341480000000000    0.8283880000000000 C
   0.6756470000000000    0.1676600000000000    0.6961030000000000 C
   0.6762980000000000    0.1681510000000000    0.3806000000000000 H
   0.3415220000000000    0.8336330000000000    0.1438910000000000 H
EA33    4.692  2.282  3.531 90.01 90.04 90.00 Sym.group:  123
1.0
   4.6914879999999997    0.0012920000000000   -0.0139000000000000
  -0.0006550000000000    2.2824710000000001   -0.0032430000000000
   0.0082610000000000    0.0045600000000000    3.5308790000000001
Li Si
2 2
direct
   0.2887400000000000    0.7046690000000000    0.8414420000000000 Li
   0.7887400000000000    0.7044020000000000    0.8414890000000000 Li
   0.5387830000000000    0.2046500000000000    0.3414680000000000 Si
   0.0387830000000000    0.2044340000000000    0.3414640000000000 Si
EA121   2.396  2.396  7.158 90.00 89.95 120.00 Sym.group:  191
1.0
   2.3963960000000002   -0.0031500000000000    0.0044340000000000
  -1.1953890000000000    2.0769579999999999    0.0003370000000000
  -0.0075610000000000   -0.0050310000000000    7.1579179999999996
F Si
2 2
direct
   0.2383830000000000    0.2455900000000000    0.2484410000000000 F
   0.2359420000000000    0.2482310000000000    0.7484380000000000 F
   0.2369940000000000    0.2440530000000000    0.9984350000000000 Si
   0.2372740000000000    0.2445330000000000    0.4984360000000000 Si
EA255   2.808  7.269  2.809 89.99 119.98 90.01 Sym.group:  156
1.0
   1.4083650000000001   -0.0007640000000000    2.4297300000000002
   0.0079270000000000    7.2686140000000004   -0.0038130000000000
  -2.8088030000000002    0.0037370000000000    0.0056440000000000
N Si
3 3
direct
   0.5507530000000000    0.1724370000000000    0.9972450000000000 N
   0.8840190000000000    0.9074050000000000    0.6634409999999999 N
   0.8834540000000000    0.4380670000000000    0.6644550000000000 N
   0.8841000000000000    0.1756560000000000    0.6637750000000000 Si
   0.2167830000000000    0.5436650000000000    0.3309670000000000 Si
   0.5505630000000000    0.8060200000000000    0.9970550000000000 Si
EA351   3.101  4.005  3.168 89.75 90.00 89.84 Sym.group:  129
1.0
   3.1013400000000000   -0.0014890000000000    0.0003730000000000
   0.0128550000000000    4.0047420000000002   -0.0016520000000000
  -0.0004820000000000    0.0152050000000000    3.1680720000000000
F P
2 2
direct
   0.7378749999999999    0.9171750000000000    0.2530480000000000 F
   0.2378290000000000    0.0927400000000000    0.7519990000000000 F
   0.7508330000000000    0.5162980000000000    0.2485800000000000 P
   0.2511700000000000    0.4936080000000000    0.7513919999999999 P
EA231   4.336  3.143  3.143 90.00 89.99 90.00 Sym.group:  119
1.0
   4.3364339999999997    0.0001780000000000   -0.0005190000000000
  -0.0000800000000000    3.1427200000000002    0.0032470000000000
   0.0009940000000000   -0.0031540000000000    3.1431719999999999
Be S
2 2
direct
   0.1191090000000000    0.0092710000000000    0.2522740000000000 Be
   0.6191480000000000    0.5094050000000000    0.7523470000000000 Be
   0.3691760000000000    0.5092680000000001    0.2524190000000000 S
   0.8691770000000000    0.0093890000000000    0.7523570000000001 S
EA12    2.446  2.445  4.951 90.04 90.14 60.01 Sym.group:  164
1.0
   1.2238709999999999    2.1174430000000002    0.0050860000000000
  -1.2220370000000000    2.1179109999999999    0.0011470000000000
  -0.0159580000000000   -0.0163780000000000    4.9512000000000000
C F
2 2
direct
   0.5732030000000000    0.5824680000000000    0.4103930000000000 C
   0.2392400000000000    0.2492650000000000    0.3130770000000000 C
   0.5750720000000000    0.5818719999999999    0.6815540000000000 F
   0.2371290000000000    0.2495140000000000    0.0419140000000000 F
EA97    4.276  2.469  2.469 119.97 73.24 106.76 Sym.group:  216
1.0
   4.2761579999999997    0.0215250000000000    0.0394400000000000
  -0.7002260000000000    1.2684359999999999   -1.9996860000000001
   0.6871410000000000    1.2016739999999999    2.0448279999999999
N B
2 2
direct
   0.6083840000000000    0.6889510000000000    0.8151490000000000 N
   0.1083840000000000    0.1885460000000000    0.3157960000000000 N
   0.9834430000000000    0.8135540000000000    0.6908970000000000 B
   0.4834420000000000    0.3139750000000000    0.1902190000000000 B
EA114   4.141  4.141  4.162 60.89 119.12 88.62 Sym.group:  141
1.0
   2.0541250000000000    3.5947680000000002    0.0624260000000000
  -2.0546489999999999    1.2305200000000001    3.3777879999999998
   0.0434070000000000   -2.4165770000000002    3.3888379999999998
Al Na
2 2
direct
   0.6281440000000000    0.2378450000000000    0.7580070000000000 Al
   0.3775850000000000    0.9872760000000000    0.2580290000000000 Al
   0.1281480000000000    0.7376060000000000    0.7579740000000000 Na
   0.8776800000000000    0.4874720000000000    0.2579760000000000 Na
EA111   3.064  3.065  4.052 89.99 90.03 60.00 Sym.group:  187
1.0
   3.0644469999999999    0.0054710000000000    0.0071540000000000
   1.5274850000000000    2.6566920000000001   -0.0020150000000000
  -0.0114100000000000    0.0102490000000000    4.0519959999999999
N Mg
2 2
direct
   0.9948500000000000    0.0043460000000000    0.8350550000000000 N
   0.9939829999999999    0.0049470000000000    0.3959230000000000 N
   0.3279030000000000    0.3378790000000000    0.1154070000000000 Mg
   0.6611650000000000    0.6712720000000000    0.6155530000000000 Mg
EA9     2.754  2.763  3.898 89.91 90.24 90.00 Sym.group:  225
1.0
   2.7536130000000001    0.0003320000000000    0.0059160000000000
  -0.0002510000000000    2.7629459999999999   -0.0025380000000000
  -0.0248570000000000    0.0096260000000000    3.8976380000000002
H Na
2 2
direct
   0.3749810000000000    0.3733480000000000    0.1248950000000000 H
   0.8862890000000000    0.8732330000000000    0.6259860000000000 H
   0.8751960000000000    0.8737360000000000    0.1259200000000000 Na
   0.3859780000000000    0.3737420000000000    0.6251810000000000 Na
EA5     2.791  2.792  3.569 89.82 89.86 60.04 Sym.group:  187
1.0
   1.4297830000000000    2.3968550000000000   -0.0448400000000000
  -1.3630290000000000    2.4357240000000000   -0.0493280000000000
  -0.0070970000000000    0.0812810000000000    3.5685330000000000
O Li
2 2
direct
   0.3330630000000000    0.0810250000000000    0.5309900000000000 O
   0.3322780000000000    0.0798410000000000    0.9545490000000000 O
   0.9994960000000001    0.7465440000000000    0.7427790000000000 Li
   0.6655300000000000    0.4143290000000000    0.2427620000000000 Li
EA157   2.927  2.927  5.064 106.78 73.22 119.98 Sym.group:  216
1.0
   2.9268130000000001   -0.0061000000000000    0.0118420000000000
  -1.4573590000000001    2.5381730000000000   -0.0117750000000000
   1.4405770000000000   -0.8361280000000000    4.7824660000000003
C Si
2 2
direct
   0.1811680000000000    0.8183610000000000    0.1865780000000000 C
   0.6810480000000000    0.3187240000000000    0.6865980000000000 C
   0.8062030000000000    0.1933240000000000    0.3113380000000000 Si
   0.3060940000000000    0.6936730000000000    0.8113290000000000 Si
EA56    2.543  4.045  2.494 90.00 89.96 90.00 Sym.group:  123
1.0
   2.5430709999999999    0.0003640000000000   -0.0105260000000000
  -0.0005950000000000    4.0454439999999998   -0.0003850000000000
   0.0122430000000000    0.0002370000000000    2.4935969999999998
Al Mg
1 1
direct
   0.0410140000000000    0.6772810000000000    0.1313260000000000 Al
   0.5412470000000000    0.1772920000000000    0.6312200000000000 Mg
EA307   2.968  2.968  4.637 90.00 90.00 60.00 Sym.group:  186
1.0
   2.9680460000000002    0.0000440000000000    0.0000690000000000
   1.4838750000000001    2.5703659999999999   -0.0000850000000000
  -0.0001050000000000    0.0002080000000000    4.6365189999999998
Al N
2 2
direct
   0.3404440000000000    0.3333520000000000    0.1944030000000000 Al
   0.6736060000000000    0.6667860000000000    0.6944030000000000 Al
   0.6737930000000000    0.6666800000000001    0.3048440000000000 N
   0.3402560000000000    0.3334590000000000    0.8048440000000000 N
EA38    2.493  4.344  3.535 90.06 90.01 89.98 Sym.group:  191
1.0
   2.4929779999999999    0.0120400000000000    0.0011120000000000
  -0.0193490000000000    4.3433999999999999    0.0228970000000000
  -0.0021150000000000   -0.0226460000000000    3.5351050000000002
Al F
2 2
direct
   0.1352800000000000    0.3769140000000000    0.3730740000000000 Al
   0.6352830000000000    0.8769150000000000    0.3735150000000000 Al
   0.6350260000000000    0.8773110000000000    0.8734630000000000 F
   0.1346930000000000    0.3773080000000000    0.8731260000000000 F
EA52    3.213  2.318  2.318 120.00 89.99 90.01 Sym.group:  191
1.0
   3.2133159999999998    0.0024550000000000   -0.0044090000000000
  -0.0041960000000000    1.1843830000000000   -1.9923780000000000
   0.0022070000000000    1.1333370000000000    2.0218630000000002
H Si
1 1
direct
   0.3412390000000000    0.2445300000000000    0.9988190000000000 H
   0.8412180000000000    0.2504320000000000    0.0009270000000000 Si
EA18    2.822  2.833  4.690 90.32 90.23 60.73 Sym.group:  164
1.0
   1.4439240000000000   -2.4244420000000000    0.0032630000000000
   2.8324150000000001    0.0742730000000000   -0.0098110000000000
  -0.0105710000000000    0.0217840000000000    4.6904250000000003
C P
2 2
direct
   0.9990000000000000    0.9942210000000000    0.3454370000000000 C
   0.9988210000000000    0.9991910000000001    0.6608760000000000 C
   0.3326470000000000    0.3291990000000000    0.1795880000000000 P
   0.6651750000000000    0.6642130000000001    0.8267250000000000 P
EA147   2.996  2.999  5.178 73.37 73.35 60.38 Sym.group:  216
1.0
   1.4932460000000001   -2.5971039999999999    0.0180820000000000
   2.9985070000000000    0.0145310000000000    0.0061030000000000
   1.4761340000000001   -0.8287470000000000    4.8930449999999999
B P
2 2
direct
   0.9908850000000000    0.6463530000000000    0.3190910000000000 B
   0.4906340000000000    0.1463590000000000    0.8190930000000000 B
   0.3659650000000000    0.0219840000000000    0.1948480000000000 P
   0.8657210000000000    0.5219900000000000    0.6948470000000000 P
EA125   3.047  3.111  3.202 89.76 90.52 90.00 Sym.group:  129
1.0
   3.0467860000000000   -0.0000550000000000    0.0033390000000000
  -0.0000940000000000    3.1108709999999999   -0.0101860000000000
  -0.0328360000000000    0.0237280000000000    3.2015600000000002
H P
2 2
direct
   0.2426430000000000    0.7489150000000000    0.5106240000000000 H
   0.7460620000000000    0.2478020000000000    0.4908810000000000 H
   0.2442380000000000    0.7486159999999999    0.9688870000000001 P
   0.7444740000000000    0.2483850000000000    0.0326210000000000 P
EA11    3.320  3.330  3.323 60.43 119.70 119.61 Sym.group:  225
1.0
   3.3203900000000002    0.0230500000000000   -0.0013930000000000
  -1.6563500000000000    1.6711760000000000    2.3568050000000000
  -1.6336679999999999   -1.6770050000000001    2.3577640000000000
Cl Na
1 1
direct
   0.4963550000000000    0.5034310000000000    0.4894050000000000 Cl
   0.9965030000000000    0.0034120000000000    0.9897200000000000 Na
EA275   2.813  2.813  6.299 89.87 102.79 60.12 Sym.group:  166
1.0
   1.4122960000000000    2.4327350000000001    0.0061990000000000
  -1.4056450000000000    2.4363750000000000    0.0073130000000000
  -1.4058700000000000   -0.8123250000000000    6.0864279999999997
Be Cl
2 2
direct
   0.0196630000000000    0.5948790000000000    0.4055390000000000 Be
   0.5253679999999999    0.8440730000000000    0.6624949999999999 Be
   0.9806180000000000    0.1164900000000000    0.8455670000000000 Cl
   0.5644380000000000    0.3224570000000000    0.2224670000000000 Cl
EA23    2.797  2.797  2.797 60.00 120.00 90.00 Sym.group:  225
1.0
   2.7970839999999999   -0.0019080000000000   -0.0005040000000000
   0.0019740000000000    2.7972070000000002    0.0004340000000000
  -1.3971169999999999    1.3991499999999999    1.9785990000000000
O Mg
1 1
direct
   0.6095090000000000    0.4019480000000000    0.1968680000000000 O
   0.1094800000000000    0.9018730000000000    0.1968580000000000 Mg
EA116   3.716  3.714  4.013 89.99 89.98 90.02 Sym.group:  123
1.0
   3.7163780000000002   -0.0053910000000000    0.0154880000000000
   0.0039180000000000    3.7143590000000000    0.0157850000000000
  -0.0152380000000000   -0.0163190000000000    4.0129180000000000
Na Mg
2 2
direct
   0.3733960000000000    0.8768629999999999    0.9967110000000000 Na
   0.8733960000000000    0.3768490000000000    0.9966699999999999 Na
   0.3732840000000000    0.3770070000000000    0.4963710000000000 Mg
   0.8732600000000000    0.8769950000000000    0.4963460000000000 Mg
EA7     3.625  3.625  3.332 90.00 90.00 90.00 Sym.group:  123
1.0
   3.6252330000000001   -0.0011210000000000    0.0003220000000000
   0.0011950000000000    3.6252190000000000    0.0016460000000000
  -0.0002880000000000   -0.0015150000000000    3.3316040000000000
Mg Li
2 2
direct
   0.6201150000000000    0.6232880000000000    0.6368300000000000 Mg
   0.1202830000000000    0.1232430000000000    0.6365030000000000 Mg
   0.1199110000000000    0.6231380000000000    0.1366970000000000 Li
   0.6202810000000000    0.1232470000000000    0.1366900000000000 Li
EA197   2.847  2.845  5.780 75.79 75.77 60.12 Sym.group:  166
1.0
   2.8470230000000001    0.0280920000000000    0.0087170000000000
   1.3929590000000001    2.4807440000000001    0.0406380000000000
   1.3965620000000001    0.7523430000000000    5.5580829999999999
B S
2 2
direct
   0.9827570000000000    0.6458840000000000    0.2853540000000000 B
   0.0785050000000000    0.7424670000000000    0.9946940000000000 B
   0.7925930000000000    0.4566900000000000    0.8509330000000001 S
   0.2686690000000000    0.9316610000000000    0.4291140000000000 S
EA115   3.872  3.872  3.872 90.03 119.99 119.98 Sym.group:  227
1.0
   0.0885970000000000   -2.2011989999999999   -3.1837399999999998
   1.8915800000000000    3.3775230000000001    0.0702230000000000
   1.8911380000000000   -1.1273070000000001    3.1854429999999998
Al Li
2 2
direct
   0.6172470000000000    0.8650330000000001    0.1149040000000000 Al
   0.1173490000000000    0.6150020000000000    0.3650230000000000 Al
   0.6173140000000000    0.3650650000000000    0.6149790000000001 Li
   0.1173030000000000    0.1150330000000000    0.8650220000000000 Li
