NUMBER OF TEMPLATES 31
COMPOSITION A 1 B
pairs , SPACEGROUPS 
[Al N] , 186 
[C Li] , 164 
[Al N] , 216 
[F Na] , 225 
[Al O] , 166 
[Li Mg] , 123 
[F Mg] , 164 
[Na Si] , 123 
[H P] , 129 
[F Si] , 191 
[N Si] , 156 
[Na S] , 123 
[Mg Na] , 123 
[Al F] , 191 
[N O] , 160 
[Mg S] , 225 
[Al Mg] , 123 
[Be O] , 186 
[B F] , 164 
[B Li] , 166 
[F Si] , 166 
[F Li] , 194 
[Al S] , 139 
[Cl Na] , 225 
[Al Si] , 141 
[Al Na] , 141 
[Li O] , 187 
[Be F] , 119 
[N P] , 131 
[B C] , 139 
[N P] , 160 
RANKING VECTORS ENTHALPIES
0:[-171.42146896 -171.41894892 -171.41165553 -171.41156543 -171.21263609 -171.07509777 -171.07471245 -171.00368641 -171.00363316 -170.97475691 -170.9729275  -170.81782489 -170.74743274 -170.74504782 -170.62199691 -170.30170477 -169.96020261 -169.8817596  -169.83298724 -169.80065207 -169.79984101 -169.76910382 -169.76816183 -169.76733427 -169.76359334 -169.76176685 -169.14849613 -169.13186684 -168.31039964 -168.02215968 -168.02186496] 
1:[-177.51264274 -177.51244205 -177.51233591 -177.45844989 -177.45264418 -177.17357396 -177.1399891  -176.83772938 -176.82218902 -176.82030896 -176.81979285 -176.81633159 -176.81520264 -176.77302072 -176.59724023 -176.45542995 -176.43676932 -176.39240179 -176.28672826 -175.87923546 -175.77776384 -175.60097699 -175.50442098 -175.50249258 -175.46973215 -175.46772344 -175.40309977 -175.40309379 -175.09265495 -175.09183236 -174.37372992] 
2:[-171.42146896 -171.41894892 -171.41165553 -171.41156543 -171.21263609 -171.07509777 -171.07471245 -171.00368641 -171.00363316 -170.97475691 -170.9729275  -170.81782489 -170.74743274 -170.74504782 -170.62199691 -170.30170477 -169.96020261 -169.8817596  -169.83298724 -169.80065207 -169.79984101 -169.76910382 -169.76816183 -169.76733427 -169.76359334 -169.76176685 -169.14849613 -169.13186684 -168.31039964 -168.02215968 -168.02186496] 
3:[-955.56030206 -955.56029628 -955.55901182 -955.55859969 -955.55716565 -955.55681194 -955.45393931 -955.45340743 -955.45312158 -955.44504777 -955.40102894 -955.38365035 -955.3173861  -955.16238163 -955.15110122 -955.01340564 -954.94587239 -954.90497733 -954.90496005 -954.90401231 -954.90390053 -954.85422275 -954.85049077 -954.84962521 -954.75472796 -954.70921108 -954.59191302 -954.55595314 -953.78915519 -953.78910169 -952.26820528] 
4:[-254.87313889 -254.63633892 -254.63045455 -254.62626843 -254.43081545 -254.37412279 -254.37136384 -254.28389728 -254.27979826 -254.17844264 -254.08217808 -253.95440565 -253.9286016  -253.92652194 -253.88519372 -253.78910371 -253.78400608 -253.71928622 -253.66333183 -253.4617 -253.46116896 -253.45993946 -253.11398775 -253.11211232 -253.10547149 -253.09992375 -253.09790848 -252.91576483 -252.9152524  -252.91048952 -251.66574899] 
5:[-901.54827982 -901.54131758 -901.52883233 -901.52413478 -901.52245032 -901.47876901 -901.4715911  -901.38343007 -901.38339087 -901.38055175 -901.35604312 -901.32924789 -901.31935397 -901.31455239 -901.28864344 -901.27126506 -901.2114962  -901.1969086  -901.19338855 -901.18276082 -901.15972092 -901.15900808 -901.15884404 -901.12860762 -901.10745317 -901.06899326 -901.06892919 -901.01819869 -900.84910163 -900.18099361 -899.8613385 ] 
6:[-1140.88078794 -1140.74799411 -1140.74521522 -1140.72965202 -1140.72714384 -1140.54330587 -1140.452609   -1140.37851512 -1140.25575203 -1140.23366869 -1140.20674065 -1140.20621854 -1140.15814528 -1140.13226976 -1140.12290083 -1140.12196492 -1140.11622588 -1140.10976871 -1140.05646686 -1140.02842914 -1140.00170232 -1139.83289786 -1139.83261514 -1139.83190127 -1139.83172756 -1139.83165763 -1139.82340971 -1139.8232711 -1139.72689476 -1139.48763103 -1138.96973882] 
7:[-674.53095805 -674.53005941 -674.52836178 -674.52725541 -674.51882454 -674.4157107  -674.4146977  -674.34740243 -674.3111127  -674.29026977 -674.28673193 -674.14194236 -674.11892448 -674.09524379 -674.02499379 -673.97271171 -673.97154178 -673.93832155 -673.93825297 -673.80178001 -673.75855497 -673.71985533 -673.48794469 -673.40922288 -673.18313005 -672.96382446 -672.9464586  -672.94630674 -671.93050972 -671.92789511 -671.29789325] 
8:[-99.19272625 -99.19251954 -99.1824063  -99.1189473  -99.08446058 -99.06964985 -99.03951299 -99.03623934 -99.02984292 -99.01565325 -99.01443467 -98.996863   -98.97980567 -98.97978863 -98.97913579 -98.97643219 -98.96389399 -98.93778684 -98.93483534 -98.92801375 -98.88666847 -98.88578807 -98.8768643  -98.84676805 -98.83557093 -98.78861173 -98.78718164 -98.71598426 -98.70939387 -98.70939107 -98.53186565] 
9:[-389.87894334 -389.87885476 -389.70888481 -389.70409577 -389.68329541 -389.67950546 -389.65998013 -389.6536072  -389.60509392 -389.60486694 -389.50753247 -389.50495608 -389.50235374 -389.47570861 -389.36179366 -389.31601285 -389.29114002 -389.13057371 -389.02042346 -389.01856237 -389.01849304 -389.01842485 -389.01841396 -388.98222818 -388.40875771 -388.36043029 -388.08456716 -387.90578796 -387.90522225 -387.90505896 -387.41516883] 
10:[-196.42899977 -196.19346551 -196.04820212 -196.02268329 -195.98688612 -195.90015679 -195.89793851 -195.873909   -195.7425992  -195.73651151 -195.73061877 -195.72838296 -195.69364756 -195.56193427 -195.47134496 -195.41176798 -195.39480035 -195.39426399 -195.14931202 -195.13244123 -194.93123351 -194.9284086  -194.92652791 -194.92533951 -194.92483584 -194.92053614 -194.74276233 -194.74267172 -194.51643358 -194.47263862 -194.32377195] 
11:[-767.90367092 -767.90345114 -767.90341669 -767.90290211 -767.90269336 -767.65232681 -767.58820576 -767.55152882 -767.54982464 -767.45436825 -767.42959448 -767.37745011 -767.33338189 -767.30664577 -767.22467631 -767.19243405 -767.09714713 -767.09375954 -767.06640026 -767.06574586 -767.04116226 -766.80280673 -766.69624676 -766.69252472 -766.62608779 -766.62453484 -766.47549468 -766.44672399 -766.19559813 -766.19436259 -765.56181881] 
12:[-1423.89708689 -1423.89092896 -1423.87457655 -1423.86747849 -1423.86409263 -1423.83857071 -1423.83477672 -1423.83220923 -1423.83211593 -1423.82266465 -1423.82009988 -1423.8144159 -1423.79093418 -1423.7877692  -1423.78682871 -1423.78508041 -1423.78333203 -1423.7818216  -1423.78108987 -1423.72963463 -1423.72768126 -1423.72764096 -1423.58834835 -1423.40528835 -1423.26283972 -1423.23196077 -1423.23160866 -1423.09045452 -1422.63111783 -1422.27280962 -1422.01548515] 
13:[-364.23843142 -364.23802846 -364.17462033 -364.16027445 -364.07916658 -364.07600408 -364.05255801 -364.04857679 -364.04506249 -364.04162296 -364.02981579 -364.0158293  -363.94149114 -363.80252728 -363.77069696 -363.72063004 -363.59448126 -363.28591303 -363.19475506 -363.17407963 -363.17384684 -363.17353178 -363.17327994 -363.17311791 -363.11826019 -362.85573918 -362.80454829 -362.65010517 -362.64261487 -362.60386893 -362.16838497] 
14:[-361.88412447 -361.8582179  -361.77943012 -361.61551914 -361.36665874 -360.99587357 -360.95306201 -360.87831647 -360.71378643 -360.5504387 -360.53888077 -360.38205036 -360.23893202 -360.23663884 -360.20895089 -360.20542378 -360.16993827 -360.15740754 -360.12932132 -360.05966514 -360.0564745  -360.05647289 -360.0543215  -359.9616175  -359.93866329 -359.89804801 -359.8099403  -359.51187513 -359.48800794 -359.48774046 -359.43818747] 
15:[-954.74651717 -954.74282932 -954.73473844 -954.73399961 -954.6989362 -954.36027827 -954.25040473 -954.25015495 -954.24744465 -954.2444438 -954.24155464 -954.19939131 -954.12502977 -954.05180023 -953.9567085 -953.95650729 -953.95649958 -953.95552219 -953.69967401 -953.69499511 -953.64168006 -953.6334023  -953.55235873 -953.46748682 -953.33166759 -953.31708918 -953.00999752 -952.92451499 -952.69444405 -952.69433722 -952.66692469] 
16:[-834.56678417 -834.56563543 -834.56429887 -834.5639257  -834.56259031 -834.54391265 -834.51902563 -834.51795954 -834.51773515 -834.50970798 -834.50301535 -834.50299403 -834.50113351 -834.4742029  -834.2461636 -834.23022282 -834.20803449 -834.19170927 -834.11093051 -833.97886466 -833.90019974 -833.90000103 -833.48900552 -833.4874847  -833.4631002 -833.46222534 -833.12525381 -832.97889767 -832.4345404  -832.43009693 -831.65467919] 
17:[-414.37249339 -414.37190198 -414.37029717 -414.36791578 -414.18236946 -414.18207648 -414.14835191 -414.14317887 -414.14180929 -414.14130886 -414.139643   -414.11774559 -414.07958939 -414.03802741 -413.95966527 -413.76489485 -413.61424446 -413.55085158 -413.4487874  -413.37779012 -413.36231139 -412.81973128 -412.77946012 -412.77945394 -412.77943144 -412.77942273 -412.77941737 -412.64073069 -412.38958706 -412.3885482 -410.92285342] 
18:[-373.07737167 -373.06816629 -372.46292072 -372.404762   -372.40322245 -372.3721175  -372.34013623 -372.33377686 -372.33043871 -372.27894251 -372.15107066 -372.14834246 -371.96083832 -371.938327   -371.85224702 -371.84758357 -371.61051245 -371.47838024 -371.30817856 -371.28638544 -370.76813209 -370.76795497 -370.76751727 -370.76691829 -370.7669131 -370.72628435 -370.69062322 -370.15520546 -370.13715441 -370.1371468 -369.68189665] 
19:[-135.9217435  -135.8643729  -135.86103663 -135.85970841 -135.49930234 -135.32524115 -135.31336661 -135.31181832 -135.31093895 -135.31063835 -135.22825634 -135.13478941 -134.9257871  -134.92539981 -134.91987316 -134.90839139 -134.90724364 -134.87282739 -134.86158986 -134.80314713 -134.77905893 -134.6282714  -134.50241079 -134.50067416 -133.94134114 -133.92906949 -133.9290007  -133.87592128 -133.37501602 -133.37284185 -132.60618046] 
20:[-389.87894334 -389.87885476 -389.70888481 -389.70409577 -389.68329541 -389.67950546 -389.65998013 -389.6536072  -389.60509392 -389.60486694 -389.50753247 -389.50495608 -389.50235374 -389.47570861 -389.36179366 -389.31601285 -389.29114002 -389.13057371 -389.02042346 -389.01856237 -389.01849304 -389.01842485 -389.01841396 -388.98222818 -388.40875771 -388.36043029 -388.08456716 -387.90578796 -387.90522225 -387.90505896 -387.41516883] 
21:[-432.96004852 -432.95994989 -432.95994256 -432.95958656 -432.90792424 -432.78793924 -432.75057293 -432.6670681  -432.66706275 -432.66552708 -432.66534214 -432.6652722  -432.66498984 -432.66392818 -432.66379894 -432.66346728 -432.66006321 -432.6499244  -432.61021596 -432.60730029 -432.54990304 -432.54982677 -432.51394754 -432.49284868 -432.35574864 -432.250384   -432.24482355 -432.07018265 -431.43067126 -431.43056852 -429.85727029] 
22:[-177.84047062 -177.79125015 -177.78478309 -177.78357692 -177.78299901 -177.77796655 -177.77599104 -177.75281611 -177.72602488 -177.72581892 -177.69376726 -177.50950929 -177.50192582 -177.43532722 -177.42200132 -177.4192362  -177.37460806 -177.37130079 -177.19885471 -177.17812913 -177.15309655 -177.15294321 -177.14853331 -177.10130558 -177.06718757 -177.0435007  -177.02004654 -176.97115932 -176.83470784 -176.71027767 -176.38017579] 
23:[-841.65251376 -841.65208587 -841.65171251 -841.65130878 -841.65073401 -841.64803574 -841.64440027 -841.54566185 -841.54509024 -841.54460164 -841.54236064 -841.50988939 -841.43984436 -841.43695678 -841.21794581 -841.17554369 -841.01269534 -841.00330972 -840.92447717 -840.8930908 -840.75144224 -840.73376331 -840.73069051 -840.72802565 -840.72696857 -840.6569699  -840.64316215 -840.31421339 -839.79485107 -839.79478934 -839.46235123] 
24:[-84.87266455 -84.87089141 -84.86345198 -84.86300363 -84.86050838 -84.85888928 -84.85787621 -84.82090956 -84.77946561 -84.77107769 -84.76414242 -84.71987115 -84.67606286 -84.67459595 -84.62204828 -84.60149574 -84.56301055 -84.55727524 -84.43497148 -84.37856159 -84.37836579 -84.26438753 -84.22117303 -84.18787914 -84.16029703 -84.13459833 -84.1344709  -83.27774656 -83.23540123 -83.2324328 -82.80226132] 
25:[-648.25883285 -648.25829038 -648.25394237 -648.25142361 -648.10727444 -648.10531982 -648.06917499 -648.05493474 -648.0189025  -648.01826235 -648.01816979 -648.01706364 -647.9991563  -647.95515393 -647.93914883 -647.92430688 -647.90676522 -647.86487753 -647.81508725 -647.81501371 -647.7193559  -647.17397665 -647.16369245 -647.04518242 -646.91566099 -646.91549564 -646.86392519 -646.77488222 -645.85193336 -645.84718121 -645.31606421] 
26:[-321.00429075 -320.91786662 -320.84248178 -320.79219327 -320.79049859 -320.7903342  -320.7897556  -320.78920993 -320.76297936 -320.68771693 -320.67088474 -320.61525037 -320.60501066 -320.60448594 -320.59418468 -320.57519664 -320.57374444 -320.57294526 -320.38226101 -320.27378945 -320.27340006 -320.2726839  -320.27221449 -320.25376705 -320.21973682 -320.1952179  -320.14485277 -319.88882544 -319.56015171 -319.56012283 -318.3474405 ] 
27:[-523.51541004 -523.50720415 -523.46506294 -523.46000012 -523.38795569 -523.29354578 -523.24098359 -523.19929053 -523.09937745 -522.92240423 -522.60888141 -522.58572552 -522.58376043 -522.57936295 -522.57375575 -522.57285774 -522.57281243 -522.4106711  -522.39116112 -522.26961261 -522.18721488 -522.16117522 -521.95389832 -521.88655901 -521.88653692 -521.86842404 -521.764327   -521.76428821 -521.76426359 -521.7639234 -521.76360538] 
28:[-232.17857727 -231.91798716 -231.91019365 -231.75232969 -231.75138549 -231.71860721 -231.7014749  -231.63293347 -231.61583857 -231.45997045 -231.33417253 -231.33320564 -231.31677125 -231.27653858 -231.27588041 -231.26656212 -231.26213699 -231.21094772 -231.19104626 -231.18042603 -231.09291307 -230.87049074 -230.76956667 -230.76849375 -230.75329324 -230.75107134 -230.67091869 -230.66890712 -230.64225925 -230.41046652 -230.08045139] 
29:[-119.79770711 -119.6598736  -119.65896517 -119.63003505 -119.62546118 -119.47492543 -119.46950854 -119.46915752 -119.37994926 -119.33217202 -118.88810683 -118.84156023 -118.80093189 -118.80074563 -118.66633666 -118.62663222 -118.62114238 -118.57835228 -118.33933762 -118.3286469 -118.15053064 -118.14026141 -118.02767834 -117.88919843 -117.88805208 -117.83083695 -117.54023457 -117.25123162 -117.25064406 -117.24530152 -117.23945935] 
30:[-232.17857727 -231.91798716 -231.91019365 -231.75232969 -231.75138549 -231.71860721 -231.7014749  -231.63293347 -231.61583857 -231.45997045 -231.33417253 -231.33320564 -231.31677125 -231.27653858 -231.27588041 -231.26656212 -231.26213699 -231.21094772 -231.19104626 -231.18042603 -231.09291307 -230.87049074 -230.76956667 -230.76849375 -230.75329324 -230.75107134 -230.67091869 -230.66890712 -230.64225925 -230.41046652 -230.08045139] 
RANKING VECTORS IDX
0:[ 8.  3. 15. 23. 21.  6.  1. 17.  0. 14.  2. 30. 10. 26. 22. 24. 28. 29. 19. 27.  4.  7. 16. 12.  5. 11. 25. 20. 18.  9. 13.] 
1:[ 6. 18.  1. 20. 19. 21. 22. 27.  7. 16. 12.  5. 11. 10.  8. 24. 29. 28. 25. 14. 30.  4.  3. 26. 15. 23.  9. 13.  0. 17.  2.] 
2:[ 8.  3. 15. 23. 21.  6.  1. 17.  0. 14.  2. 30. 10. 26. 22. 24. 28. 29. 19. 27.  4.  7. 16. 12.  5. 11. 25. 20. 18.  9. 13.] 
3:[ 7. 12.  5. 27. 11. 16. 15.  3. 23.  8. 26. 21. 24. 22. 10. 30. 25.  0. 17.  6.  1. 29. 19. 20. 28. 14.  2.  4.  9. 13. 18.] 
4:[ 4. 10. 30. 22. 20.  8. 19.  6.  1. 26. 28. 14.  0. 17.  2. 27. 29. 24. 21.  3. 15. 23.  7. 12. 16.  5. 11.  9. 13. 25. 18.] 
5:[11.  5. 16.  7. 12. 24.  8. 19. 25. 20. 26. 21.  1.  6. 30. 10.  4. 17. 14. 22.  3. 15. 23. 18. 27.  9. 13. 28. 29.  0.  2.] 
6:[ 8.  6.  1. 20. 22. 10. 27. 30. 29. 21. 17. 14. 26. 15. 23.  3. 24.  0.  2.  4. 28. 11.  5.  7. 16. 12.  9. 13. 25. 19. 18.] 
7:[16. 12. 11.  5.  7. 19. 20.  8. 24. 21. 25. 28. 14. 27. 18.  1.  6.  9. 13. 30. 10.  4. 26. 22. 29.  3. 15. 23. 17.  0.  2.] 
8:[19. 20.  8. 18.  0. 17.  9. 13. 14.  4. 30. 11. 12. 16. 29. 22. 27. 25. 24. 28.  6. 10.  1.  5.  7. 21. 26.  3. 15. 23.  2.] 
9:[ 9. 13. 18. 27.  0. 17.  8. 14. 19. 20.  1.  4.  6. 10. 30. 28. 21. 25.  7. 11.  5. 16. 12. 24. 22. 29. 26. 23. 15.  3.  2.] 
10:[22. 10. 30. 19. 29.  0. 17. 14.  2. 21.  1.  6. 20. 24. 26.  3. 15. 23. 28. 27. 11.  7. 16. 12.  4.  5.  9. 13. 25.  8. 18.] 
11:[ 5. 11. 16.  7. 12. 24. 21. 26. 22. 19. 20. 25. 30.  8.  4. 28. 14. 10. 15. 23.  3. 27.  9. 13.  6.  1. 18. 29.  0. 17.  2.] 
12:[ 1.  6. 21.  8. 10. 30. 25. 20. 19. 24.  4. 18. 14.  7. 17. 11. 16.  5. 12. 27.  9. 13. 28. 22.  3. 15. 23. 26. 29.  0.  2.] 
13:[ 9. 13. 20. 19. 27. 10. 17. 14.  0.  6.  1.  4. 30.  8. 21. 28. 18. 24. 25.  5. 12. 11.  7. 16. 22. 26.  2. 15.  3. 23. 29.] 
14:[14.  8. 18. 20. 27. 29. 30. 10. 22.  1.  4. 19.  9. 13. 12. 28. 16.  7.  6.  3. 15. 23. 24. 17. 26. 21.  0.  2. 11.  5. 25.] 
15:[ 8.  3. 15. 23. 21. 26.  7. 12.  5. 16. 11. 24. 22. 30.  1.  0. 17.  6. 25. 10. 14.  2. 20. 19. 28.  4. 27. 29.  9. 13. 18.] 
16:[11. 16.  5.  7. 12. 24. 26. 25. 21.  1.  6. 20. 19.  8. 27. 30. 18. 14.  4. 28.  9. 13. 22.  3. 15. 23. 10. 29. 17.  0.  2.] 
17:[17.  0. 14.  2.  1.  6.  8.  3. 15. 30. 23. 10. 21. 19. 20. 22. 26. 24. 29.  4. 28. 25.  5. 11. 16.  7. 12. 27. 13.  9. 18.] 
18:[18.  8. 27. 13.  9. 19. 14. 17.  0. 10.  6.  1. 30.  4. 22. 20. 29. 28. 26. 21. 11.  5.  7. 16. 12. 25. 24.  3. 15. 23.  2.] 
19:[20. 19. 24. 25. 21.  7. 16. 11. 12.  5.  8. 22. 18.  1.  6. 27. 30. 28. 10. 14.  4. 29.  9. 13. 26. 15. 23.  3. 17.  0.  2.] 
20:[ 9. 13. 18. 27.  0. 17.  8. 14. 19. 20.  1.  4.  6. 10. 30. 28. 21. 25.  7. 11.  5. 16. 12. 24. 22. 29. 26. 23. 15.  3.  2.] 
21:[ 8. 15.  3. 23. 26. 21. 10. 17.  0.  6.  7. 12. 27. 11. 16.  1.  5. 22. 24. 30. 14.  2. 20. 28. 29. 19.  4. 25.  9. 13. 18.] 
22:[26. 11.  7.  5. 16. 22. 12. 21. 15. 23.  3. 10. 19. 30.  4. 24.  6.  1. 28. 17.  9. 13. 25. 20. 14. 27.  0. 18.  8.  2. 29.] 
23:[ 4. 27. 11. 16.  5.  7. 12.  3. 15. 23.  8. 26. 24. 21. 22. 10. 25. 30. 20. 19. 29.  6.  1.  0. 17. 14. 28.  2.  9. 13. 18.] 
24:[25. 24. 16. 12.  7.  5. 11. 21.  8.  1.  6. 30. 20. 19. 14.  4. 27. 18. 28.  9. 13. 26. 22. 10.  3. 15. 23. 29. 17.  0.  2.] 
25:[19. 20. 24. 25.  1.  6. 21.  8. 11.  5. 16. 12.  7. 18. 14. 30. 27.  4.  9. 13. 28. 22. 10. 26. 15. 23.  3. 29.  0. 17.  2.] 
26:[26. 22. 27.  7. 16. 11.  5. 12. 10. 21. 20. 24. 15. 23. 29.  3.  8. 30. 28.  0.  6. 17.  1. 14.  4. 25. 19.  2.  9. 13. 18.] 
27:[20. 19.  1.  6. 27.  4. 30. 10. 22. 26. 18.  0. 17. 14.  9. 28. 13.  8. 29. 21. 24.  2. 25. 15. 23.  3. 16. 12.  7. 11.  5.] 
28:[19.  6.  1. 10. 29. 30. 22. 17. 14. 27.  9. 13. 24. 15. 23. 21.  3.  8.  4. 26. 28.  0.  5. 11. 16. 12. 20.  2. 18. 25.  7.] 
29:[29. 18.  1. 10. 20.  2. 17.  0.  6. 30. 22.  3. 15. 23. 21. 28. 19.  4. 26.  8. 27.  9. 13. 24. 25. 14.  7. 16. 12.  5. 11.] 
30:[19.  6.  1. 10. 29. 30. 22. 17. 14. 27.  9. 13. 24. 15. 23. 21.  3.  8.  4. 26. 28.  0.  5. 11. 16. 12. 20.  2. 18. 25.  7.] 
POSCARS
EA307   2.968  2.968  4.637 90.00 90.00 60.00 Sym.group:  186
1.0
   2.9680460000000002    0.0000440000000000    0.0000690000000000
   1.4838750000000001    2.5703659999999999   -0.0000850000000000
  -0.0001050000000000    0.0002080000000000    4.6365189999999998
Al N
2 2
direct
   0.3404440000000000    0.3333520000000000    0.1944030000000000 Al
   0.6736060000000000    0.6667860000000000    0.6944030000000000 Al
   0.6737930000000000    0.6666800000000001    0.3048440000000000 N
   0.3402560000000000    0.3334590000000000    0.8048440000000000 N
EA105   2.428  2.428  5.036 90.05 90.04 60.01 Sym.group:  164
1.0
   1.2154870000000000   -2.1018800000000000    0.0020810000000000
   2.4280529999999998    0.0019900000000000    0.0042800000000000
  -0.0133960000000000    0.0014390000000000    5.0355910000000002
C Li
2 2
direct
   0.0379250000000000    0.6681760000000000    0.9610740000000000 C
   0.7046490000000000    0.3349480000000000    0.0347930000000000 C
   0.7042840000000000    0.3343490000000000    0.6734100000000000 Li
   0.0382670000000000    0.6689450000000000    0.3224520000000000 Li
EA56    2.928  2.929  2.928 90.03 60.02 60.01 Sym.group:  216
1.0
   0.0455560000000000    1.6759340000000000    2.4007429999999998
  -1.4371959999999999    2.5516440000000000    0.0313810000000000
  -1.4453450000000001   -0.8452490000000000    2.4025780000000001
Al N
1 1
direct
   0.6233730000000000    0.5289710000000000    0.0214460000000000 Al
   0.1234450000000000    0.2789120000000000    0.2714300000000000 N
EA1     2.891  2.880  4.081 89.57 90.09 90.00 Sym.group:  225
1.0
   2.8911319999999998   -0.0003270000000000    0.0019110000000000
   0.0002030000000000    2.8802469999999998   -0.0082450000000000
  -0.0088840000000000    0.0424570000000000    4.0804640000000001
F Na
2 2
direct
   0.3711040000000000    0.8696680000000000    0.9639440000000000 F
   0.8750260000000000    0.3707220000000000    0.4635940000000000 F
   0.8712290000000000    0.3703310000000000    0.9633980000000000 Na
   0.3753950000000000    0.8713330000000000    0.4642500000000000 Na
EA16    2.634  2.632  5.796 77.11 89.87 119.64 Sym.group:  166
1.0
   2.5643349999999998   -0.5950740000000000    0.0862310000000000
  -0.7559740000000000    2.5187360000000001    0.1038400000000000
   0.0878040000000000    1.1436679999999999    5.6817510000000002
Al O
2 2
direct
   0.8713770000000000    0.2547800000000000    0.2520090000000000 Al
   0.3712730000000000    0.2545730000000000    0.7520200000000000 Al
   0.9803200000000000    0.4741660000000000    0.9259300000000000 O
   0.7625100000000000    0.0352760000000000    0.5780880000000000 O
EA7     3.625  3.625  3.332 90.00 90.00 90.00 Sym.group:  123
1.0
   3.6252330000000001   -0.0011210000000000    0.0003220000000000
   0.0011950000000000    3.6252190000000000    0.0016460000000000
  -0.0002880000000000   -0.0015150000000000    3.3316040000000000
Mg Li
2 2
direct
   0.6201150000000000    0.6232880000000000    0.6368300000000000 Mg
   0.1202830000000000    0.1232430000000000    0.6365030000000000 Mg
   0.1199110000000000    0.6231380000000000    0.1366970000000000 Li
   0.6202810000000000    0.1232470000000000    0.1366900000000000 Li
EA272   2.821  2.821  5.546 89.92 90.16 119.84 Sym.group:  164
1.0
   2.8214020000000000    0.0030940000000000    0.0052530000000000
  -1.4062340000000000    2.4455480000000001    0.0005210000000000
  -0.0261630000000000   -0.0068980000000000    5.5460919999999998
F Mg
2 2
direct
   0.3251680000000000    0.6632720000000000    0.6423250000000000 F
   0.6577290000000000    0.3290550000000000    0.3590160000000000 F
   0.3229400000000000    0.6630130000000000    0.1933900000000000 Mg
   0.6598600000000000    0.3292440000000000    0.8079980000000000 Mg
EA51    4.796  2.354  4.879 90.01 119.41 90.00 Sym.group:  123
1.0
   4.7943530000000001    0.0034510000000000   -0.1058000000000000
  -0.0016520000000000    2.3544399999999999   -0.0011250000000000
  -2.3010370000000000   -0.0006120000000000    4.3019639999999999
Na Si
2 2
direct
   0.7457680000000000    0.7559950000000000    0.7465190000000000 Na
   0.2459260000000000    0.7541940000000000    0.7466760000000000 Na
   0.2460550000000000    0.2547740000000000    0.2466200000000000 Si
   0.7464430000000000    0.2548220000000000    0.2467900000000000 Si
EA125   3.047  3.111  3.202 89.76 90.52 90.00 Sym.group:  129
1.0
   3.0467860000000000   -0.0000550000000000    0.0033390000000000
  -0.0000940000000000    3.1108709999999999   -0.0101860000000000
  -0.0328360000000000    0.0237280000000000    3.2015600000000002
H P
2 2
direct
   0.2426430000000000    0.7489150000000000    0.5106240000000000 H
   0.7460620000000000    0.2478020000000000    0.4908810000000000 H
   0.2442380000000000    0.7486159999999999    0.9688870000000001 P
   0.7444740000000000    0.2483850000000000    0.0326210000000000 P
EA121   2.396  2.396  7.158 90.00 89.95 120.00 Sym.group:  191
1.0
   2.3963960000000002   -0.0031500000000000    0.0044340000000000
  -1.1953890000000000    2.0769579999999999    0.0003370000000000
  -0.0075610000000000   -0.0050310000000000    7.1579179999999996
F Si
2 2
direct
   0.2383830000000000    0.2455900000000000    0.2484410000000000 F
   0.2359420000000000    0.2482310000000000    0.7484380000000000 F
   0.2369940000000000    0.2440530000000000    0.9984350000000000 Si
   0.2372740000000000    0.2445330000000000    0.4984360000000000 Si
EA255   2.808  7.269  2.809 89.99 119.98 90.01 Sym.group:  156
1.0
   1.4083650000000001   -0.0007640000000000    2.4297300000000002
   0.0079270000000000    7.2686140000000004   -0.0038130000000000
  -2.8088030000000002    0.0037370000000000    0.0056440000000000
N Si
3 3
direct
   0.5507530000000000    0.1724370000000000    0.9972450000000000 N
   0.8840190000000000    0.9074050000000000    0.6634409999999999 N
   0.8834540000000000    0.4380670000000000    0.6644550000000000 N
   0.8841000000000000    0.1756560000000000    0.6637750000000000 Si
   0.2167830000000000    0.5436650000000000    0.3309670000000000 Si
   0.5505630000000000    0.8060200000000000    0.9970550000000000 Si
EA120   2.598  2.598  7.015 89.99 90.00 90.12 Sym.group:  123
1.0
   2.5977730000000001    0.0045990000000000    0.0007530000000000
  -0.0099900000000000    2.5976319999999999   -0.0048070000000000
  -0.0022590000000000    0.0136650000000000    7.0149210000000002
Na S
2 2
direct
   0.2562920000000000    0.7504700000000000    0.2723070000000000 Na
   0.2587670000000000    0.7522600000000000    0.7722890000000000 Na
   0.7580800000000000    0.2533620000000000    0.0222570000000000 S
   0.7573110000000000    0.2499810000000000    0.5222440000000000 S
EA116   3.716  3.714  4.013 89.99 89.98 90.02 Sym.group:  123
1.0
   3.7163780000000002   -0.0053910000000000    0.0154880000000000
   0.0039180000000000    3.7143590000000000    0.0157850000000000
  -0.0152380000000000   -0.0163190000000000    4.0129180000000000
Na Mg
2 2
direct
   0.3733960000000000    0.8768629999999999    0.9967110000000000 Na
   0.8733960000000000    0.3768490000000000    0.9966699999999999 Na
   0.3732840000000000    0.3770070000000000    0.4963710000000000 Mg
   0.8732600000000000    0.8769950000000000    0.4963460000000000 Mg
EA38    2.493  4.344  3.535 90.06 90.01 89.98 Sym.group:  191
1.0
   2.4929779999999999    0.0120400000000000    0.0011120000000000
  -0.0193490000000000    4.3433999999999999    0.0228970000000000
  -0.0021150000000000   -0.0226460000000000    3.5351050000000002
Al F
2 2
direct
   0.1352800000000000    0.3769140000000000    0.3730740000000000 Al
   0.6352830000000000    0.8769150000000000    0.3735150000000000 Al
   0.6350260000000000    0.8773110000000000    0.8734630000000000 F
   0.1346930000000000    0.3773080000000000    0.8731260000000000 F
EA37    2.292  2.292  6.496 80.22 99.77 119.46 Sym.group:  160
1.0
   2.2919470000000000    0.0024120000000000   -0.0190910000000000
  -1.1291789999999999    1.9945290000000000    0.0090090000000000
  -1.0500389999999999    0.6442890000000000    6.3776999999999999
O N
2 2
direct
   0.2241560000000000    0.7810360000000000    0.1617740000000000 O
   0.7211400000000000    0.2779780000000000    0.6617980000000000 O
   0.2821760000000000    0.7230350000000000    0.3399740000000000 N
   0.7791709999999999    0.2199780000000000    0.8400069999999999 N
EA161   4.663  3.307  3.307 90.00 90.00 90.00 Sym.group:  225
1.0
   4.6632980000000002   -0.0034580000000000    0.0014890000000000
   0.0022380000000000    3.3066650000000002   -0.0021100000000000
  -0.0009630000000000    0.0023220000000000    3.3070949999999999
Mg S
2 2
direct
   0.1267730000000000    0.7812550000000000    0.7745649999999999 Mg
   0.6280880000000000    0.2806070000000000    0.2750160000000000 Mg
   0.1280070000000000    0.2813220000000000    0.2745110000000000 S
   0.6270160000000000    0.7806980000000000    0.7749300000000000 S
EA56    2.543  4.045  2.494 90.00 89.96 90.00 Sym.group:  123
1.0
   2.5430709999999999    0.0003640000000000   -0.0105260000000000
  -0.0005950000000000    4.0454439999999998   -0.0003850000000000
   0.0122430000000000    0.0002370000000000    2.4935969999999998
Al Mg
1 1
direct
   0.0410140000000000    0.6772810000000000    0.1313260000000000 Al
   0.5412470000000000    0.1772920000000000    0.6312200000000000 Mg
EA9     2.558  2.558  4.154 90.00 90.00 120.00 Sym.group:  186
1.0
   1.2797879999999999   -2.2145630000000001    0.0001290000000000
   1.2780560000000001    2.2155209999999999   -0.0019060000000000
   0.0026940000000000    0.0021730000000000    4.1543720000000004
O Be
2 2
direct
   0.3187550000000000    0.6586500000000000    0.1303500000000000 O
   0.6521370000000000    0.3252110000000000    0.6303460000000000 O
   0.6520600000000000    0.3252690000000000    0.0078250000000000 Be
   0.3187180000000000    0.6585320000000000    0.5077120000000001 Be
EA42    2.373  2.438  5.375 90.00 89.98 118.99 Sym.group:  164
1.0
   2.3728449999999999    0.0017580000000000    0.0018850000000000
  -1.1829810000000001    2.1316980000000001    0.0027840000000000
  -0.0026280000000000   -0.0089390000000000    5.3747319999999998
B F
2 2
direct
   0.3318400000000000    0.6786630000000000    0.4160780000000000 B
   0.6593900000000000    0.3319520000000000    0.2351630000000000 B
   0.3325880000000000    0.6808870000000000    0.6559490000000000 F
   0.6586720000000000    0.3293930000000000    0.9952190000000000 F
EA7     2.948  2.944  3.616 89.99 66.16 60.06 Sym.group:  166
1.0
   1.4841850000000001    2.5475240000000001    0.0100190000000000
  -1.4640850000000001    2.5535790000000000   -0.0250440000000000
   1.4244509999999999    0.8490500000000000    3.2129509999999999
B Li
2 2
direct
   0.8114250000000000    0.0247860000000000    0.4788280000000000 B
   0.4544910000000000    0.7026990000000000    0.5085790000000000 B
   0.3658470000000000    0.2473590000000000    0.1431600000000000 Li
   0.9000990000000000    0.4801040000000000    0.8442120000000000 Li
EA149   3.816  3.816  3.815 119.47 119.30 60.57 Sym.group:  166
1.0
   3.8158040000000000    0.0208480000000000   -0.0326990000000000
   1.8569860000000000    3.3334999999999999    0.0002790000000000
  -1.8335300000000001   -1.1268659999999999    3.1495129999999998
F Si
2 2
direct
   0.0133080000000000    0.0040340000000000    0.9902650000000000 F
   0.7500190000000000    0.7423340000000000    0.2529320000000000 F
   0.5726640000000000    0.5633440000000000    0.4307920000000000 Si
   0.1905480000000000    0.1831800000000000    0.8124420000000000 Si
EA119   2.508  2.508  4.329 89.99 89.99 60.01 Sym.group:  194
1.0
   1.2588120000000000   -2.1691220000000002    0.0047060000000000
   2.5082770000000001    0.0059160000000000    0.0021060000000000
  -0.0031460000000000    0.0062900000000000    4.3290970000000000
F Li
2 2
direct
   0.6648380000000000    0.6648790000000000    0.2534100000000000 F
   0.3314310000000000    0.3318450000000000    0.7534090000000000 F
   0.9980000000000000    0.9984980000000000    0.0034320000000000 Li
   0.9983980000000000    0.9984620000000000    0.5034570000000000 Li
EA273   3.267  5.262  3.275 72.09 89.92 72.14 Sym.group:  139
1.0
   3.2572770000000002   -0.2366790000000000   -0.0918090000000000
   1.9823670000000000    3.8341449999999999    3.0104280000000001
   0.0149660000000000   -1.0586789999999999    3.0996350000000001
Al S
2 2
direct
   0.8955780000000000    0.9574260000000000    0.0383110000000000 Al
   0.6404490000000000    0.4558070000000000    0.7833750000000000 Al
   0.1248000000000000    0.4889460000000000    0.2676990000000000 S
   0.4112270000000000    0.9242870000000000    0.5539870000000000 S
EA11    3.320  3.330  3.323 60.43 119.70 119.61 Sym.group:  225
1.0
   3.3203900000000002    0.0230500000000000   -0.0013930000000000
  -1.6563500000000000    1.6711760000000000    2.3568050000000000
  -1.6336679999999999   -1.6770050000000001    2.3577640000000000
Cl Na
1 1
direct
   0.4963550000000000    0.5034310000000000    0.4894050000000000 Cl
   0.9965030000000000    0.0034120000000000    0.9897200000000000 Na
EA9     3.535  3.538  4.372 66.13 113.84 89.99 Sym.group:  141
1.0
   3.5016240000000001    0.4839560000000000   -0.0003920000000000
  -0.4839390000000000    3.5051120000000000    0.0003880000000000
  -1.9923460000000000    1.5102000000000000    3.5864750000000001
Al Si
2 2
direct
   0.7532250000000000    0.7507960000000000    0.4994310000000000 Al
   0.0030600000000000    0.0009340000000000    0.9991090000000000 Al
   0.5033750000000000    0.5006130000000000    0.9997300000000000 Si
   0.2529090000000000    0.2511170000000000    0.4988110000000000 Si
EA114   4.141  4.141  4.162 60.89 119.12 88.62 Sym.group:  141
1.0
   2.0541250000000000    3.5947680000000002    0.0624260000000000
  -2.0546489999999999    1.2305200000000001    3.3777879999999998
   0.0434070000000000   -2.4165770000000002    3.3888379999999998
Al Na
2 2
direct
   0.6281440000000000    0.2378450000000000    0.7580070000000000 Al
   0.3775850000000000    0.9872760000000000    0.2580290000000000 Al
   0.1281480000000000    0.7376060000000000    0.7579740000000000 Na
   0.8776800000000000    0.4874720000000000    0.2579760000000000 Na
EA5     2.791  2.792  3.569 89.82 89.86 60.04 Sym.group:  187
1.0
   1.4297830000000000    2.3968550000000000   -0.0448400000000000
  -1.3630290000000000    2.4357240000000000   -0.0493280000000000
  -0.0070970000000000    0.0812810000000000    3.5685330000000000
O Li
2 2
direct
   0.3330630000000000    0.0810250000000000    0.5309900000000000 O
   0.3322780000000000    0.0798410000000000    0.9545490000000000 O
   0.9994960000000001    0.7465440000000000    0.7427790000000000 Li
   0.6655300000000000    0.4143290000000000    0.2427620000000000 Li
EA122   2.299  2.300  5.353 78.11 78.18 91.13 Sym.group:  119
1.0
   2.2980659999999999    0.0132250000000000    0.0445870000000000
  -0.0595190000000000    2.2991299999999999    0.0385930000000000
   0.9902910000000000    1.0422790000000000    5.1564310000000004
Be F
2 2
direct
   0.2011110000000000    0.6964960000000000    0.3515380000000000 Be
   0.5527060000000000    0.0476460000000000    0.6509460000000000 Be
   0.2936260000000000    0.2861760000000000    0.1689330000000000 F
   0.9633400000000000    0.9549150000000000    0.8336710000000001 F
EA457   2.538  4.866  2.529 89.78 90.08 90.74 Sym.group:  131
1.0
   2.5343619999999998   -0.0775900000000000   -0.1045540000000000
   0.0872620000000000    4.8646839999999996    0.0205710000000000
   0.1004480000000000   -0.0026590000000000    2.5265949999999999
N P
2 2
direct
   0.3688340000000000    0.2693370000000000    0.7484910000000000 N
   0.3826040000000000    0.7683140000000001    0.7478790000000000 N
   0.3758940000000000    0.5188230000000000    0.2481900000000000 P
   0.8756720000000000    0.0188370000000000    0.7481139999999999 P
EA1     3.706  2.687  2.687 89.98 68.77 111.23 Sym.group:  139
1.0
   3.7063630000000001   -0.0127100000000000    0.0119180000000000
  -0.9640260000000000    2.5075820000000002   -0.0154630000000000
   0.9661270000000000    0.3877260000000000    2.4767039999999998
C B
2 2
direct
   0.2250170000000000    0.1202560000000000    0.8870150000000000 C
   0.7720690000000000    0.8942380000000000    0.1136900000000000 C
   0.4985170000000000    0.2574860000000000    0.2503560000000000 B
   0.4985700000000000    0.7570080000000000    0.7503500000000000 B
EA529   2.561  2.559  5.912 77.58 78.10 60.03 Sym.group:  160
1.0
   2.5607280000000001    0.0000380000000000   -0.0246500000000000
   1.2788020000000000    2.2168630000000000    0.0246440000000000
   1.2743110000000000    0.6686330000000000    5.7338550000000001
N P
2 2
direct
   0.9175040000000000    0.6682970000000000    0.0946340000000000 N
   0.4847860000000000    0.2216280000000000    0.4233240000000000 N
   0.2050600000000000    0.9493170000000000    0.2460650000000000 P
   0.3944400000000000    0.1169940000000000    0.7248840000000000 P
