NUMBER OF TEMPLATES 30
COMPOSITION A 4 B
pairs , SPACEGROUPS 
[Be H] , 87 
[Li Al] , 87 
[Na N] , 97 
[Cl C] , 121 
[Mg Al] , 87 
[Li O] , 166 
[Na C] , 87 
[S Mg] , 140 
[B Na] , 139 
[C S] , 164 
[Mg H] , 121 
[Cl Si] , 215 
[C B] , 166 
[Be Al] , 139 
[Al N] , 164 
[N Na] , 123 
[C Mg] , 160 
[P H] , 123 
[F Si] , 137 
[Al H] , 221 
[Li Be] , 87 
[Li Cl] , 129 
[Al Cl] , 156 
[Mg Si] , 87 
[Be Li] , 166 
[Li Si] , 166 
[Na Cl] , 139 
[O Li] , 127 
[O Li] , 123 
[Al O] , 156 
RANKING VECTORS ENTHALPIES
0:[-304.75632584 -304.74463961 -304.6415339  -304.61056449 -304.57427755 -304.55766692 -304.55580954 -304.55506699 -304.5547588  -304.55029671 -304.54245863 -304.51712005 -304.509735   -304.49734594 -304.47560027 -304.4679396  -304.43603105 -304.42915857 -304.42893679 -304.39086543 -304.38997571 -304.38156188 -304.26671397 -304.23895791 -304.21154358 -303.94232782 -303.8893421  -303.68125427 -303.65748444 -303.65654177] 
1:[-165.90497052 -165.90494831 -165.89896047 -165.89792006 -165.89677062 -165.89250986 -165.88796918 -165.87932577 -165.86367381 -165.85226843 -165.84507907 -165.84146646 -165.69279803 -165.68242809 -165.67445313 -165.66206628 -165.63484297 -165.62925173 -165.57010896 -165.48727437 -165.48387644 -165.48344299 -165.44386946 -165.44009536 -165.43613094 -165.37050561 -165.27986315 -165.2273524  -165.03650324 -164.48871149] 
2:[-1046.60990856 -1046.60905766 -1046.60873131 -1046.60846183 -1046.60824957 -1046.60652727 -1046.58080993 -1046.57906164 -1046.57904058 -1046.39255311 -1046.38974741 -1046.3884005 -1046.37366614 -1046.36852192 -1046.36687679 -1046.36301041 -1046.30592344 -1046.30072486 -1046.30062071 -1046.29503481 -1046.29115898 -1046.20403892 -1046.00693871 -1045.90165277 -1045.81335882 -1045.78349005 -1045.72367785 -1045.60725388 -1045.58653334 -1045.34614311] 
3:[-384.8165077  -384.7962977  -384.72774352 -384.64266107 -384.51355469 -384.47780283 -384.27971989 -384.07469309 -384.06648485 -384.0503878 -384.04292915 -383.91756036 -383.90184837 -383.90103507 -383.88496326 -383.88086051 -383.88080848 -383.87880128 -383.86296787 -383.82781553 -383.82637351 -383.6686625  -383.63584548 -383.59452665 -383.58409327 -383.50344039 -383.38520203 -383.27782321 -383.26440388 -383.05786225] 
4:[-1300.01953449 -1300.01868645 -1300.00912348 -1300.0091123 -1300.00656851 -1300.00448457 -1300.00445106 -1299.99144096 -1299.99098974 -1299.99024468 -1299.98680756 -1299.98192899 -1299.91056139 -1299.84985173 -1299.77971217 -1299.77688074 -1299.70340847 -1299.6529077  -1299.60533249 -1299.45845172 -1299.44756632 -1299.35080537 -1299.3029338  -1299.24722404 -1299.08841862 -1299.07124124 -1299.00187648 -1298.67836978 -1298.60154163 -1297.88865766] 
5:[-244.60448548 -244.60012273 -244.59744678 -244.59517643 -244.58595329 -244.5655303  -244.46894418 -244.43174799 -244.41326636 -244.39401878 -244.37075808 -244.37009578 -244.36614464 -244.36524952 -244.36450469 -244.3414941  -244.32685522 -244.32645186 -244.32603194 -244.32075496 -244.30768221 -244.30301115 -244.26584225 -244.14755907 -244.11245371 -243.84458054 -243.70283664 -243.68363221 -243.64130418 -243.1892026 ] 
6:[-1022.45121857 -1022.44642116 -1022.44622232 -1022.44578756 -1022.44454397 -1022.44280307 -1022.44278329 -1022.44089564 -1022.43609525 -1022.43006106 -1022.42111213 -1022.40127603 -1022.24643581 -1022.14214065 -1022.14206849 -1022.11811536 -1022.08702796 -1021.9573778  -1021.93104532 -1021.90914112 -1021.88769829 -1021.83020969 -1021.83000333 -1021.69957849 -1021.57420531 -1021.55722975 -1021.52598647 -1021.3733211 -1021.21901015 -1021.16998711] 
7:[-558.85494222 -558.73725509 -558.67310513 -558.66116819 -558.65082822 -558.6275269  -558.62440655 -558.61763192 -558.60885571 -558.60551594 -558.60126529 -558.59118709 -558.56778257 -558.56308644 -558.54758041 -558.54359438 -558.54251514 -558.54010122 -558.53649243 -558.45429183 -558.44116562 -558.38831898 -558.3429002  -558.3215557  -558.22456296 -558.19496417 -558.0422532  -557.79690709 -557.37053297 -557.10774103] 
8:[-310.18075982 -309.69034875 -309.62769793 -309.57775256 -309.57357214 -309.56744433 -309.37635085 -309.37192569 -309.30981843 -309.3093364 -309.3062061  -309.29560916 -309.26853539 -309.22247663 -309.18919059 -309.15326052 -309.11482888 -309.10740217 -309.05487763 -309.03998471 -309.03227491 -309.0278695  -309.00168654 -308.99925077 -308.84896157 -308.77444109 -308.69824695 -308.64416095 -307.69137311 -305.33316328] 
9:[-188.53347532 -188.35384839 -188.11001728 -188.07103379 -187.91212085 -187.37208799 -187.11147086 -187.08406804 -187.05898405 -186.96562202 -186.84372098 -186.78608601 -186.69181925 -186.54298133 -186.44048456 -186.42894846 -186.42850747 -186.37744932 -186.26657694 -186.25410281 -186.25074978 -186.19794308 -186.03470522 -186.0058372  -186.00460633 -185.9740781  -185.97307137 -185.79377107 -185.63692896 -184.98047967] 
10:[-1291.30737528 -1291.26993907 -1291.26944045 -1291.26582453 -1291.26132868 -1291.22380371 -1291.21673436 -1291.20834412 -1291.20678124 -1291.17886558 -1291.16422454 -1291.11164415 -1291.10650763 -1291.09470269 -1291.09041013 -1291.08724542 -1291.04491081 -1291.03855528 -1291.03795885 -1291.03793862 -1290.99728587 -1290.99486618 -1290.99266186 -1290.89443593 -1290.79885253 -1290.63955588 -1290.63577759 -1290.330084 -1290.06365848 -1290.0461981 ] 
11:[-375.53122128 -375.52271692 -375.51619773 -375.49951737 -375.39735511 -375.20846174 -375.11046912 -375.08667457 -375.08177091 -375.01886792 -375.01600544 -375.00624379 -374.96201417 -374.93524377 -374.93370332 -374.93202908 -374.92937696 -374.90218773 -374.67856138 -374.58753778 -374.57103491 -374.553393   -374.53465792 -374.51096362 -374.50046905 -374.45103516 -374.44264823 -374.38158525 -374.25095991 -373.77311343] 
12:[-145.08009484 -144.72845407 -144.53923803 -144.48770025 -143.97678874 -143.90708473 -143.7792548  -143.59306883 -143.56858056 -143.56771865 -143.50371604 -143.44926993 -143.31183569 -143.1658542  -143.15346397 -143.10367169 -143.10364649 -143.07519565 -143.02534031 -142.96630969 -142.96436224 -142.95729478 -142.94925944 -142.61474963 -142.60647319 -142.59576779 -142.47910363 -142.32563758 -142.32148817 -141.45164616] 
13:[-313.56195835 -313.44155686 -313.32354151 -313.30799867 -313.30469679 -313.30174469 -313.29717175 -313.27423108 -313.27384279 -313.27375255 -313.25709211 -313.25569263 -313.2401865  -313.2339848  -313.21462946 -313.21442214 -313.21316708 -313.13714497 -313.05176641 -313.04843777 -312.79481758 -312.75632518 -312.7211355  -312.67678846 -312.60690641 -312.47972062 -312.47678188 -312.00149818 -311.976482   -311.13783751] 
14:[-103.58730491 -103.41778983 -103.30819628 -103.22149071 -103.2064436 -103.18421406 -103.16921377 -103.16860138 -103.16838803 -103.11154312 -103.09387906 -103.08942974 -103.08223114 -103.04156192 -102.94203345 -102.93126193 -102.90045544 -102.89286615 -102.82745334 -102.82620079 -102.75895252 -102.75725945 -102.74211344 -102.71403657 -102.69797529 -102.59615354 -102.37679313 -102.37564589 -101.84925068 -101.81236612] 
15:[-471.21732211 -471.19822715 -471.18407014 -471.12013331 -471.11668487 -471.11451152 -471.06763754 -471.06603822 -470.99850281 -470.89461219 -470.77673528 -470.75268673 -470.68628185 -470.6584886  -470.32269685 -470.07930782 -470.07890253 -470.07704215 -470.00142492 -469.97775945 -469.9559628  -469.93961211 -469.80663968 -469.74757163 -469.72655363 -469.19534894 -469.18035613 -468.98839687 -468.7865861  -466.51834227] 
16:[-451.5917259  -451.41166682 -451.37914859 -451.29020881 -451.25480076 -451.24964359 -451.17586953 -451.12017907 -451.02033491 -450.38511507 -450.28307155 -450.17821978 -450.10655988 -450.0763745  -450.04636606 -450.04379308 -450.01503912 -450.00348245 -449.75011682 -449.70326583 -449.53247992 -449.52682187 -449.38272567 -449.36528096 -449.36173412 -449.29411774 -449.21108767 -448.9392647  -448.77082891 -446.44716862] 
17:[-150.42770343 -150.23229304 -150.1010826  -150.09996089 -150.09044296 -150.08146779 -150.0804762  -150.07625712 -150.07551613 -150.07330376 -150.0732794  -150.06493562 -150.06001729 -150.04210002 -149.9607388 -149.92750907 -149.90231894 -149.88778506 -149.88313296 -149.87823183 -149.86502574 -149.86427984 -149.85967725 -149.85951352 -149.76823131 -149.7675883  -149.7625236  -149.63613779 -149.55773729 -149.28224944] 
18:[-557.75967959 -557.74052562 -557.71418719 -557.68404039 -557.63832294 -557.60452519 -557.3550083  -557.35353837 -557.3534492  -557.348798 -557.3076684  -557.30020338 -557.28863403 -557.20234124 -557.19922534 -557.12161764 -557.09382537 -557.05176376 -557.01565004 -557.00729507 -556.77549915 -556.13075445 -555.36153372 -555.34243217 -555.21594281 -555.06800476 -555.03863872 -555.0135364  -554.89560844 -554.52981285] 
19:[-49.89485361 -49.89429857 -49.89158725 -49.88698798 -49.8774577 -49.85039718 -49.84962465 -49.83207898 -49.7901035  -49.78560075 -49.76934753 -49.75343155 -49.7515299  -49.72065229 -49.71450456 -49.67238127 -49.66471917 -49.65179698 -49.65097529 -49.63911675 -49.6277847  -49.50770485 -49.44480857 -49.33289155 -49.27976098 -49.09060151 -49.08689124 -49.07689154 -48.97756295 -48.62114265] 
20:[-229.32310054 -229.32007325 -229.31399045 -229.31397753 -229.31134828 -229.30976922 -229.30939438 -229.3078797  -229.3015348  -229.29880439 -229.28261231 -229.26206989 -229.24735992 -229.22573363 -229.17181786 -229.16715305 -229.16517545 -229.10222199 -229.08345337 -229.05018812 -229.0429837  -229.04274659 -228.99252183 -228.95569073 -228.92711757 -228.91035521 -228.7851584  -228.77931965 -228.71326651 -228.48282768] 
21:[-243.00852442 -242.98491514 -242.96933984 -242.82785166 -242.82247545 -242.82246514 -242.82194539 -242.82045945 -242.82030564 -242.82014454 -242.819454   -242.81569328 -242.8075654  -242.80615512 -242.77118428 -242.76388135 -242.74687175 -242.68165081 -242.64927082 -242.6232186 -242.59608912 -242.58567546 -242.57227448 -242.56150312 -242.55148526 -242.52571055 -242.45619894 -242.25005414 -242.11134566 -241.89742807] 
22:[-135.33811561 -135.25184341 -135.24321331 -135.23039232 -135.07138735 -135.06777669 -135.06394116 -135.04791838 -135.01817393 -135.01808791 -135.01284761 -135.01127549 -135.00776831 -134.98527705 -134.97915508 -134.97358295 -134.93962804 -134.86995269 -134.7685397  -134.76696642 -134.64495679 -134.64223993 -134.62483846 -134.45005559 -134.42533447 -134.3319288  -134.30659488 -134.11101478 -134.11024319 -133.78068845] 
23:[-1310.56618213 -1310.56527407 -1310.55785626 -1310.55674908 -1310.5550338  -1310.53829722 -1310.51830689 -1310.51611457 -1310.4979414  -1310.48779974 -1310.46113752 -1310.44015495 -1310.42394659 -1310.42053948 -1310.34107167 -1310.30498072 -1310.19513612 -1310.1775764  -1310.11528875 -1310.11126913 -1310.10797949 -1310.03147534 -1309.97844886 -1309.76858121 -1309.7602439  -1309.61798778 -1309.33688223 -1309.33425536 -1308.88862944 -1308.74367626] 
24:[-340.48712376 -340.48218719 -340.44641306 -340.43028349 -340.41935654 -340.41720626 -340.39451411 -340.39283913 -340.38262782 -340.38176793 -340.3432648  -340.30100985 -340.28297567 -340.27769122 -340.25023776 -340.20125886 -340.17344922 -340.10219858 -339.96312079 -339.79179376 -339.71615042 -339.70837655 -339.68982614 -339.51845195 -339.49283156 -339.46379938 -339.41227068 -339.37715598 -339.27890837 -338.99128626] 
25:[-176.71434272 -176.71334964 -176.71177721 -176.71102541 -176.70869927 -176.70868414 -176.70770606 -176.70573694 -176.62533065 -176.596634 -176.56114915 -176.45019126 -176.3704908  -176.29105924 -176.22105076 -176.20804489 -176.16840416 -176.12877351 -176.12690132 -176.12222234 -176.11810413 -176.08691789 -176.0838132  -176.06977935 -175.96651721 -175.94020926 -175.93639072 -175.84341065 -175.54601348 -175.30162345] 
26:[-1079.12502251 -1079.03710258 -1078.98366979 -1078.98363865 -1078.98361896 -1078.98120095 -1078.93438289 -1078.90742059 -1078.89380289 -1078.8937603  -1078.8826863  -1078.88160563 -1078.88011984 -1078.87904458 -1078.86017346 -1078.83865655 -1078.83739423 -1078.79375607 -1078.79368538 -1078.71247753 -1078.69986106 -1078.69627334 -1078.67209513 -1078.64182268 -1078.59619467 -1078.46849784 -1078.23397033 -1078.20172069 -1078.20038626 -1078.05240444] 
27:[-395.52030747 -395.4844945  -395.43637057 -395.39758577 -395.09182313 -395.07553818 -395.06375363 -395.01791141 -394.96675368 -394.75914678 -394.68736452 -394.6407773  -394.6131697  -394.61252929 -394.61225968 -394.52743267 -394.45197304 -394.33775171 -394.32152909 -394.30740398 -394.29249736 -394.28067172 -394.27714476 -394.26165215 -394.18542368 -394.12483098 -393.77254346 -393.63046999 -393.41530642 -393.03802061] 
28:[-395.52030747 -395.4844945  -395.43637057 -395.39758577 -395.09182313 -395.07553818 -395.06375363 -395.01791141 -394.96675368 -394.75914678 -394.68736452 -394.6407773  -394.6131697  -394.61252929 -394.61225968 -394.52743267 -394.45197304 -394.33775171 -394.32152909 -394.30740398 -394.29249736 -394.28067172 -394.27714476 -394.26165215 -394.18542368 -394.12483098 -393.77254346 -393.63046999 -393.41530642 -393.03802061] 
29:[-137.03235476 -136.95345751 -136.94074554 -136.77835837 -136.75608468 -136.70185974 -136.69453463 -136.65712246 -136.65635971 -136.61356415 -136.515195   -136.51102271 -136.50778484 -136.48971354 -136.47845798 -136.47691913 -136.47684392 -136.44911573 -136.43549979 -136.42754344 -136.35524891 -136.34502415 -136.33289363 -136.30747176 -136.06687817 -135.91588919 -135.68910348 -135.63823817 -135.63804536 -135.36974221] 
RANKING VECTORS IDX
0:[22.  0. 29. 14.  2. 20.  1. 23.  4.  6. 26. 11.  3. 18. 19. 10. 25. 24.  5. 16. 21.  9. 12. 13.  7. 27.  8. 15. 28. 17.] 
1:[23.  4.  1.  6. 18. 25.  5. 20. 24. 26.  0.  8.  2. 14. 21. 16. 13. 22. 29.  9. 28. 15.  3. 12. 10.  7. 27. 17. 11. 19.] 
2:[20. 23.  6.  0.  1.  4. 25.  5. 24. 10.  3.  2.  7. 12. 26. 14. 13. 28. 15. 18. 21. 16. 19. 27. 11. 22.  8.  9. 29. 17.] 
3:[ 3. 18. 10. 11.  9. 22. 12. 24. 25.  0. 19. 16. 14.  5. 23.  4.  1.  6. 29. 21. 13. 17. 20.  2. 26.  7. 27. 15. 28.  8.] 
4:[23.  4.  6.  1. 25.  5. 24. 14. 22. 26. 20.  0. 16. 29. 13. 21.  9. 18.  2. 10.  3.  8.  7. 27. 17. 15. 28. 11. 19. 12.] 
5:[21. 28.  7.  5. 27. 15. 12. 26. 13. 16. 20. 25.  4.  0. 18. 22. 14.  1. 23. 24. 10.  2.  6. 19.  3. 11.  9. 29.  8. 17.] 
6:[22.  5. 16. 25. 24. 20.  1.  6.  0. 23.  4.  9. 18.  3. 10.  2. 26.  7. 27. 21. 13. 28. 15. 14. 19. 11. 29. 17. 12.  8.] 
7:[ 7. 21. 13.  2. 25. 14.  5. 26. 20. 23. 27.  4. 18.  8. 24.  1.  6. 16.  3.  9. 15. 10. 28.  0. 22. 29. 17. 11. 19. 12.] 
8:[ 8. 14.  5. 25. 16. 24.  9. 21.  7. 13.  6.  2. 12. 26. 10.  0.  3. 15. 28. 23.  4. 20. 18.  1. 22. 27. 29. 17. 11. 19.] 
9:[ 9. 12. 16. 29. 14. 22. 23.  4.  6.  1.  7.  5. 27.  2. 18. 26. 17. 10.  3. 24. 25.  8. 20. 21.  0. 28. 15. 13. 11. 19.] 
10:[14. 21. 19. 22. 13. 29. 10. 18. 11. 16.  3. 26.  0.  9. 20. 12.  2. 25.  5. 24.  4.  6. 23.  7. 27. 15. 28. 17.  8.  1.] 
11:[18.  3. 10. 11. 21. 13.  0.  4.  1.  5. 24.  6. 20.  7. 23. 19.  2. 25. 14. 27. 16. 29. 26. 22. 15.  9. 12. 28. 17.  8.] 
12:[ 9. 22. 29. 12. 16. 14. 20.  6. 23.  4. 24.  5. 26.  7. 27. 15. 28. 17. 18. 10.  3. 11.  2.  1. 21. 13. 25.  8.  0. 19.] 
13:[13. 21. 23.  4. 18. 14. 22.  5. 24. 25.  8. 26. 20.  2.  0.  6.  1. 29. 16. 27.  9. 10. 28. 15.  3. 12.  7. 11. 17. 19.] 
14:[14. 22. 29. 16.  0. 26.  4. 18.  1. 19.  3. 10.  2. 20. 12. 11. 23.  6.  5. 24. 13.  9.  7. 25. 21. 27. 28. 15. 17.  8.] 
15:[ 7. 27. 18.  3. 25. 10. 28. 15. 23.  2.  1. 20.  6.  4. 17. 14. 16.  5.  8. 22. 11. 29. 24.  9. 26.  0. 12. 21. 13. 19.] 
16:[16. 22.  9. 14. 25. 24.  5. 12. 29.  2. 26.  8. 15. 27.  1.  7.  6. 28. 11.  3. 10. 18.  4.  0. 23. 20. 17. 21. 13. 19.] 
17:[12. 17. 27. 28. 15.  7.  2. 22. 23.  4.  5. 26.  1.  6. 25. 18. 10. 21. 24. 20.  3.  9. 13.  0. 16. 29. 14. 19. 11.  8.] 
18:[18. 11. 10. 21.  3. 13.  2.  5. 25. 24. 19.  4.  7. 28. 15. 27. 20. 23.  0.  6.  1. 26. 17. 16. 29. 14. 12.  9.  8. 22.] 
19:[13. 22. 21. 19. 14. 10. 29.  3. 18. 11. 16.  0. 26.  1. 20. 24. 25. 23.  4.  6.  2. 12.  7.  9. 27. 28. 15.  5. 17.  8.] 
20:[14. 22. 23.  4.  1. 25. 24.  6.  5. 20. 26. 16. 18. 29. 21.  8. 12.  0. 17. 13.  3. 10.  2. 27.  9.  7. 28. 15. 11. 19.] 
21:[21. 13. 26.  5. 23.  4. 20. 27.  1. 28. 15. 24.  6.  0.  7. 25.  2. 14.  9. 10. 12.  3. 16. 22. 18.  8. 29. 19. 11. 17.] 
22:[22. 29. 14. 26. 13. 21. 20.  0. 23.  4. 16.  1.  6. 25.  5.  9. 24. 18. 12.  2. 10.  3.  8.  7. 27. 17. 11. 28. 15. 19.] 
23:[20.  6.  0. 23.  4.  1.  5. 25. 26. 24. 14. 21. 13. 22. 16. 29.  2. 18.  9.  3. 10.  7. 27. 15. 28. 17. 19. 11.  8. 12.] 
24:[24.  5. 20. 25. 14. 26. 23.  4. 22. 29.  1.  0.  2.  6. 16. 18. 21. 13.  8. 27. 10.  9.  7.  3. 28. 15. 12. 17. 11. 19.] 
25:[ 1.  6. 18. 25. 23.  4. 24.  5. 20.  0.  8. 26.  2. 21. 14. 16. 13. 27. 28. 15. 22. 10. 29.  3.  9.  7. 12. 17. 11. 19.] 
26:[26. 21.  4. 23. 20.  0. 14. 22.  6. 25. 18.  5.  1. 16. 24.  7. 27. 15. 28.  2. 10.  3. 29.  9. 13. 12. 17. 19. 11.  8.] 
27:[ 7. 27. 28. 15. 25. 18.  2.  3. 10. 26. 20.  8. 16. 23.  4.  9.  0. 24.  6. 17.  1.  5. 21. 13. 22. 14. 29. 11. 19. 12.] 
28:[ 7. 27. 28. 15. 25. 18.  2.  3. 10. 26. 20.  8. 16. 23.  4.  9.  0. 24.  6. 17.  1.  5. 21. 13. 22. 14. 29. 11. 19. 12.] 
29:[29. 14. 22.  0. 18.  3. 10. 11. 16. 26.  6.  1. 20.  2.  5. 25. 24. 19.  4. 23.  9. 12. 13. 21.  7. 27. 17. 15. 28.  8.] 
POSCARS
EA409   2.163  3.730  3.716 94.57 73.47 106.63 Sym.group:   87
1.0
   2.1632810000000000   -0.0085370000000000    0.0180230000000000
  -1.0534710000000000    3.5781250000000000   -0.0148410000000000
   1.0275479999999999    0.0087280000000000    3.5710880000000000
Be H
4 1
direct
   0.4734490000000000    0.4550800000000000    0.2302470000000000 Be
   0.3027050000000000    0.8397019999999999    0.9544720000000000 Be
   0.1065800000000000    0.2823230000000000    0.7878810000000001 Be
   0.6696010000000000    0.0125650000000000    0.3969140000000000 Be
   0.3880700000000000    0.6474910000000000    0.5922430000000000 H
EA292   5.113  3.455  5.114 90.00 89.99 89.96 Sym.group:   87
1.0
   5.1133040000000003    0.0006660000000000   -0.0017870000000000
   0.0018440000000000    3.4553639999999999   -0.0004530000000000
   0.0023360000000000    0.0003370000000000    5.1138269999999997
Li Al
8 2
direct
   0.6738900000000000    0.7477180000000000    0.5484740000000000 Li
   0.5522940000000000    0.2472530000000000    0.8278670000000000 Li
   0.9532870000000000    0.2476760000000000    0.6701980000000000 Li
   0.8316200000000000    0.7472860000000000    0.9495860000000000 Li
   0.3315810000000000    0.2472830000000000    0.4495410000000000 Li
   0.4531970000000000    0.7477900000000000    0.1702080000000000 Li
   0.0522250000000000    0.7471550000000000    0.3279530000000000 Li
   0.1738190000000000    0.2476630000000000    0.0484640000000000 Li
   0.7527400000000000    0.2475030000000000    0.2490200000000000 Al
   0.2528110000000000    0.7474610000000000    0.7490620000000000 Al
EA4     4.181  4.201  4.180 111.82 71.33 72.28 Sym.group:   97
1.0
   4.1808090000000000    0.0584040000000000   -0.0092720000000000
   1.2222980000000001    4.0192500000000004   -0.0179570000000000
   1.3738740000000000   -2.0270999999999999    3.3881670000000002
Na N
4 1
direct
   0.1391960000000000    0.1289970000000000    0.1232200000000000 Na
   0.8568540000000000    0.7579910000000000    0.7659580000000000 Na
   0.4923190000000000    0.6328690000000000    0.2789670000000000 Na
   0.5066619999999999    0.2654890000000000    0.6290430000000000 Na
   0.0006690000000000    0.6981270000000001    0.1950580000000000 N
EA14    3.996  3.998  4.832 65.57 114.42 89.99 Sym.group:  121
1.0
   3.9960369999999998    0.0083480000000000    0.0010340000000000
  -0.0077900000000000    3.9977499999999999   -0.0005510000000000
  -2.0028060000000001    1.9949560000000000    3.9185310000000002
Cl C
4 1
direct
   0.1214290000000000    0.6748230000000000    0.9338730000000000 Cl
   0.6101650000000000    0.1860960000000000    0.9339870000000000 Cl
   0.8691270000000000    0.4160260000000000    0.4519090000000000 Cl
   0.3806290000000000    0.9273830000000000    0.4520610000000000 Cl
   0.4954230000000000    0.3011270000000000    0.1929590000000000 C
EA9     3.833  4.552  4.600 100.57 65.39 114.89 Sym.group:   87
1.0
   3.8329819999999999   -0.0058770000000000    0.0062000000000000
  -1.9093890000000000    4.1325170000000000    0.0357210000000000
   1.9091089999999999   -0.0838400000000000    4.1846420000000002
Mg Al
4 1
direct
   0.7942320000000000    0.2011860000000000    0.7988790000000000 Mg
   0.3912060000000000    0.5934120000000001    0.9968740000000000 Mg
   0.9899050000000000    0.9958050000000001    0.2017910000000000 Mg
   0.1950850000000000    0.7986290000000000    0.5938830000000000 Mg
   0.5924509999999999    0.3971700000000000    0.3978550000000000 Al
EA17    2.893  2.903  4.986 90.79 73.20 61.80 Sym.group:  166
1.0
   2.8895200000000001    0.0891330000000000    0.1200950000000000
   1.2870809999999999    2.5978400000000001    0.1576260000000000
   1.2778430000000001   -0.9959280000000000    4.7154259999999999
Li O
4 1
direct
   0.2485380000000000    0.3710630000000000    0.1338820000000000 Li
   0.7624280000000000    0.6268350000000000    0.8718440000000000 Li
   0.2614430000000000    0.8862690000000000    0.6277230000000000 Li
   0.7491200000000000    0.1119680000000000    0.3776950000000000 Li
   0.0057370000000000    0.4988370000000000    0.5026570000000000 O
EA36    3.808  4.161  4.158 78.18 116.98 116.93 Sym.group:   87
1.0
   3.8082189999999998    0.0174070000000000    0.0211950000000000
  -1.9009490000000000    3.7009750000000001   -0.0223680000000000
  -1.9074100000000000    0.0002350000000000    3.6949489999999998
Na C
4 1
direct
   0.4459780000000000    0.4515080000000000    0.6511830000000000 Na
   0.6639600000000000    0.1065660000000000    0.4336980000000000 Na
   0.2735020000000000    0.8876500000000001    0.8691370000000000 Na
   0.8365380000000000    0.6705690000000000    0.2153930000000000 Na
   0.0551300000000000    0.2791520000000000    0.0425160000000000 C
EA32    5.597  5.720  5.716 92.44 60.73 60.71 Sym.group:  140
1.0
   5.5966969999999998    0.0260970000000000    0.0103540000000000
   2.7749560000000000    5.0021339999999999   -0.0278350000000000
   2.7941080000000000   -1.8021630000000000    4.6494580000000001
S Mg
8 2
direct
   0.0006740000000000    0.2926800000000000    0.0218450000000000 S
   0.0014110000000000    0.9761550000000000    0.7049190000000000 S
   0.6854960000000000    0.0227420000000000    0.2912060000000000 S
   0.3180170000000000    0.7061820000000000    0.9750070000000000 S
   0.0010080000000000    0.5225790000000000    0.7914130000000000 S
   0.0017350000000000    0.2062530000000000    0.4746960000000000 S
   0.6846670000000000    0.7926140000000000    0.5214010000000000 S
   0.3172320000000000    0.4760510000000000    0.2051820000000000 S
   0.5015540000000001    0.9993960000000000    0.9980520000000001 Mg
   0.5007680000000000    0.4994840000000000    0.4987070000000000 Mg
EA56    4.304  2.892  2.893 90.01 70.55 109.46 Sym.group:  139
1.0
   2.4030309999999999   -2.3707500000000001    2.6695190000000002
   0.9654440000000000    2.7262569999999999   -0.0009930000000000
  -0.9526520000000001    0.3376910000000000    2.7104930000000000
B Na
4 1
direct
   0.0768190000000000    0.3722810000000000    0.0608150000000000 B
   0.3430420000000000    0.9981000000000000    0.9175820000000000 B
   0.6090820000000000    0.1404700000000000    0.2923660000000000 B
   0.3428740000000000    0.5146590000000000    0.4355900000000000 B
   0.8430190000000000    0.7564100000000000    0.6765740000000000 Na
EA254  12.320  2.456  2.455 119.57 90.00 89.97 Sym.group:  164
1.0
  12.3194569999999999    0.0695660000000000   -0.0268600000000000
  -0.0128420000000000    2.4557419999999999   -0.0292580000000000
   0.0113480000000000   -1.1860630000000001    2.1495419999999998
C S
8 2
direct
   0.1516060000000000    0.4225370000000000    0.3408460000000000 C
   0.0293830000000000    0.4227590000000000    0.3412600000000000 C
   0.3535980000000000    0.0891740000000000    0.6726560000000000 C
   0.4758140000000000    0.0889540000000000    0.6724240000000000 C
   0.9899100000000000    0.0890450000000000    0.6750090000000000 C
   0.5152840000000000    0.4226860000000000    0.3387140000000000 C
   0.3135050000000000    0.7555269999999999    0.0063890000000000 C
   0.1917010000000000    0.7561810000000000    0.0070930000000000 C
   0.8458490000000000    0.0892640000000000    0.6760890000000001 S
   0.6593380000000000    0.4229290000000000    0.3381620000000000 S
EA265   3.936  3.937  4.643 115.05 64.95 89.95 Sym.group:  121
1.0
   3.9359489999999999   -0.0176720000000000    0.0031050000000000
   0.0213020000000000    3.9371100000000001   -0.0051690000000000
   1.9544900000000001   -1.9720759999999999    3.7219289999999998
Mg H
4 1
direct
   0.2162550000000000    0.0595880000000000    0.8499610000000000 Mg
   0.7325540000000000    0.5759570000000001    0.8499400000000000 Mg
   0.4724070000000000    0.3196000000000000    0.3373590000000000 Mg
   0.9886720000000000    0.8032600000000000    0.3372440000000000 Mg
   0.6023269999999999    0.1899270000000000    0.5940110000000000 H
EA36    4.160  4.156  4.158 90.00 89.98 89.99 Sym.group:  215
1.0
   4.1597350000000004   -0.0031990000000000    0.0017860000000000
   0.0042630000000000    4.1564569999999996   -0.0004640000000000
  -0.0005550000000000    0.0002020000000000    4.1575920000000002
Cl Si
4 1
direct
   0.7635350000000000    0.7707190000000000    0.7675320000000000 Cl
   0.2269030000000000    0.2341380000000000    0.7669840000000000 Cl
   0.7640190000000000    0.2338390000000000    0.2308110000000000 Cl
   0.2273210000000000    0.7705600000000000    0.2300640000000000 Cl
   0.4954750000000000    0.5025300000000000    0.4988480000000000 Si
EA195   2.439  2.437 10.599 83.41 89.96 60.03 Sym.group:  166
1.0
   1.2448040000000000    2.0973139999999999    0.0291790000000000
  -1.1940550000000001    2.1238830000000002    0.0078490000000000
  -1.2928839999999999    0.6307640000000000   10.5008339999999993
C B
8 2
direct
   0.6468980000000000    0.7273610000000000    0.2713800000000000 C
   0.5989880000000000    0.8228410000000000    0.1283030000000000 C
   0.0426850000000000    0.9345050000000000    0.4613130000000000 C
   0.9955540000000001    0.0295900000000000    0.3182820000000000 C
   0.3913400000000000    0.2367340000000000    0.5082150000000000 C
   0.4392860000000000    0.1412080000000000    0.6512980000000000 C
   0.7879590000000000    0.4432800000000000    0.6984629999999999 C
   0.2503190000000000    0.5207600000000000    0.0811400000000000 C
   0.8414340000000000    0.3437010000000000    0.8440610000000000 B
   0.1969050000000000    0.6202700000000000    0.9355460000000000 B
EA28    8.373  2.980  3.037 90.21 100.30 100.13 Sym.group:  139
1.0
   8.3723270000000003    0.1214420000000000    0.0136060000000000
  -0.5665340000000000    2.9251499999999999   -0.0043170000000000
  -0.5461830000000000   -0.1124960000000000    2.9852390000000000
Be Al
8 2
direct
   0.8242730000000000    0.7262120000000000    0.0320330000000000 Be
   0.1741950000000000    0.4003790000000000    0.7065220000000000 Be
   0.6681250000000000    0.1483850000000000    0.9533590000000000 Be
   0.3292250000000000    0.4786510000000000    0.2837740000000000 Be
   0.6692450000000000    0.6479050000000000    0.4547530000000000 Be
   0.4992380000000000    0.0632810000000000    0.3692550000000000 Be
   0.3303440000000000    0.9781790000000000    0.7851420000000000 Be
   0.4992370000000000    0.5632750000000000    0.8692500000000000 Be
   0.8993110000000000    0.2633710000000000    0.5691480000000000 Al
   0.0991630000000000    0.8632530000000000    0.1694130000000000 Al
EA101   8.381  4.656  2.635 90.01 89.98 89.52 Sym.group:  164
1.0
   8.3796529999999994    0.0423130000000000   -0.1146980000000000
   0.0154230000000000    4.6561349999999999   -0.0183730000000000
   0.0371330000000000    0.0096710000000000    2.6342770000000000
Al N
8 2
direct
   0.0269860000000000    0.4105420000000000    0.4526660000000000 Al
   0.7860600000000000    0.0795450000000000    0.4526520000000000 Al
   0.5120050000000000    0.4155050000000000    0.4536530000000000 Al
   0.7860390000000000    0.5795400000000001    0.9526400000000000 Al
   0.2710730000000000    0.0845140000000000    0.4536090000000000 Al
   0.0269820000000000    0.9105100000000000    0.9526230000000000 Al
   0.5120060000000000    0.9155170000000000    0.9536360000000000 Al
   0.2710850000000000    0.5845180000000000    0.9536600000000000 Al
   0.6490250000000000    0.7475309999999999    0.4531330000000000 N
   0.6490290000000000    0.2475250000000000    0.9531510000000000 N
EA121   3.373  3.881  3.373 90.01 90.02 89.89 Sym.group:  123
1.0
   3.3725170000000002   -0.0364910000000000    0.0041380000000000
   0.0496120000000000    3.8804230000000000    0.0047660000000000
  -0.0051520000000000   -0.0046410000000000    3.3732880000000001
N Na
4 1
direct
   0.5700780000000000    0.0369290000000000    0.1626050000000000 N
   0.0696280000000000    0.0369480000000000    0.6625470000000000 N
   0.0704310000000000    0.7490210000000000    0.6625550000000000 N
   0.5699950000000000    0.7489790000000000    0.1625300000000000 N
   0.0700510000000000    0.3929910000000000    0.1625380000000000 Na
EA78    4.309  2.488  5.990 90.00 103.88 90.00 Sym.group:  160
1.0
   4.3087439999999999    0.0004540000000000   -0.0214870000000000
  -0.0002700000000000    2.4882949999999999   -0.0006210000000000
  -1.4081120000000000    0.0013650000000000    5.8216440000000000
C Mg
8 2
direct
   0.3141320000000000    0.1728670000000000    0.6695590000000000 C
   0.4018190000000000    0.1728780000000000    0.9329780000000000 C
   0.1179530000000000    0.6728870000000000    0.5806410000000000 C
   0.7639860000000001    0.1728720000000000    0.0195480000000000 C
   0.2639810000000000    0.6728980000000000    0.0195460000000000 C
   0.9018240000000000    0.6728850000000000    0.9329840000000000 C
   0.8141340000000000    0.6728700000000000    0.6695620000000000 C
   0.6179620000000000    0.1728640000000000    0.5806460000000000 C
   0.1896520000000000    0.1731470000000000    0.2967020000000000 Mg
   0.6896300000000000    0.6727170000000000    0.2966620000000000 Mg
EA103   3.139  3.138  9.946 90.02 89.75 89.99 Sym.group:  123
1.0
   3.1348479999999999   -0.0134860000000000   -0.1663710000000000
   0.0077610000000000    3.1361210000000002   -0.1186910000000000
   0.5716270000000000    0.3711950000000000    9.9227139999999991
P H
8 2
direct
   0.2038770000000000    0.1963170000000000    0.7145940000000000 P
   0.7044740000000000    0.6960930000000000    0.4879800000000000 P
   0.2040270000000000    0.1964760000000000    0.9437090000000000 P
   0.7039380000000000    0.6963060000000000    0.7146070000000000 P
   0.2041870000000000    0.1958610000000000    0.2588880000000000 P
   0.2045010000000000    0.1960760000000000    0.4880140000000000 P
   0.7040480000000000    0.6964270000000000    0.9437170000000000 P
   0.7041590000000000    0.6959379999999999    0.2588670000000000 P
   0.2043130000000000    0.1961070000000000    0.1012970000000000 H
   0.7039100000000000    0.6962290000000000    0.1012870000000000 H
EA46    4.771  4.771  3.489 90.02 89.99 90.01 Sym.group:  137
1.0
   4.7710330000000001    0.0033540000000000   -0.0065900000000000
  -0.0039930000000000    4.7706540000000004    0.0062380000000000
   0.0056510000000000   -0.0057640000000000    3.4892949999999998
F Si
8 2
direct
   0.4971600000000000    0.2376990000000000    0.2657710000000000 F
   0.9971860000000000    0.2566640000000000    0.2424330000000000 F
   0.9979270000000000    0.7370750000000000    0.2426030000000000 F
   0.4979050000000000    0.7572960000000000    0.2657630000000000 F
   0.7573980000000000    0.4970050000000000    0.7426260000000000 F
   0.2572010000000000    0.9975380000000000    0.7657990000000000 F
   0.7376320000000000    0.9969690000000000    0.7657140000000000 F
   0.2378350000000000    0.4975670000000000    0.7424290000000000 F
   0.9974660000000000    0.9969220000000000    0.5041660000000000 Si
   0.4975040000000000    0.4974170000000000    0.0041120000000000 Si
EA77    3.679  3.679  7.367 90.00 89.98 90.00 Sym.group:  221
1.0
   3.6789369999999999    0.0003520000000000    0.0033030000000000
  -0.0001770000000000    3.6790550000000000    0.0004980000000000
  -0.0043850000000000   -0.0005400000000000    7.3671069999999999
Al H
8 2
direct
   0.4736710000000000    0.1754160000000000    0.7065080000000000 Al
   0.4730530000000000    0.1750570000000000    0.2065090000000000 Al
   0.9736930000000000    0.6753830000000000    0.7065100000000000 Al
   0.9725000000000000    0.6752080000000000    0.2065090000000000 Al
   0.4733400000000000    0.6752510000000000    0.4565000000000000 Al
   0.4733160000000000    0.6753160000000000    0.9564990000000000 Al
   0.9733130000000000    0.1752450000000000    0.4565130000000000 Al
   0.9732890000000000    0.1753080000000000    0.9565080000000000 Al
   0.4707640000000000    0.6746020000000000    0.2064670000000000 H
   0.4733880000000000    0.6754100000000000    0.7064890000000000 H
EA56    5.478  2.636  5.476 90.02 90.02 89.99 Sym.group:   87
1.0
   5.4781490000000002    0.0014450000000000    0.0109500000000000
  -0.0001000000000000    2.6364299999999998   -0.0008860000000000
  -0.0130490000000000    0.0001800000000000    5.4758889999999996
Li Be
8 2
direct
   0.2072090000000000    0.2460870000000000    0.3459330000000000 Li
   0.8028189999999999    0.2463420000000000    0.1584730000000000 Li
   0.3024450000000000    0.7461900000000000    0.6556440000000000 Li
   0.8969530000000000    0.7465360000000000    0.4429580000000000 Li
   0.4919650000000000    0.7462230000000000    0.2517630000000000 Li
   0.3961080000000000    0.2460790000000000    0.9404030000000000 Li
   0.9919580000000000    0.2464610000000000    0.7526790000000000 Li
   0.7072980000000000    0.7464250000000000    0.8471890000000000 Li
   0.0995640000000000    0.7461140000000001    0.0492510000000000 Be
   0.5996850000000000    0.2463610000000000    0.5494900000000000 Be
EA70    9.308  3.060  3.059 90.00 90.07 90.08 Sym.group:  129
1.0
   9.3063160000000007    0.1348920000000000   -0.1109050000000000
  -0.0486610000000000    3.0598820000000000   -0.0116840000000000
   0.0327590000000000    0.0121050000000000    3.0589900000000001
Li Cl
8 2
direct
   0.0491680000000000    0.0945550000000000    0.5478680000000000 Li
   0.4654260000000000    0.5973010000000000    0.0532910000000000 Li
   0.2503260000000000    0.0959060000000000    0.0493670000000000 Li
   0.8500590000000000    0.5980290000000000    0.0508770000000000 Li
   0.2502740000000000    0.5961450000000000    0.5492320000000001 Li
   0.6489910000000000    0.0968970000000000    0.0499590000000000 Li
   0.6489000000000000    0.5968410000000000    0.5506840000000000 Li
   0.4338390000000000    0.0976900000000000    0.5533640000000000 Li
   0.0789730000000000    0.5951460000000000    0.0480550000000000 Cl
   0.8202640000000000    0.0975220000000000    0.5508500000000000 Cl
EA138   2.664 20.036  2.662 90.01 60.02 90.02 Sym.group:  156
1.0
   1.3344750000000001    0.0025090000000000    2.3050860000000002
   0.0042840000000000   20.0355479999999986   -0.0343500000000000
  -1.3294800000000000    0.0038120000000000    2.3067370000000000
Al Cl
8 2
direct
   0.8962320000000000    0.1556440000000000    0.6280780000000000 Al
   0.5616360000000000    0.0516400000000000    0.2936040000000000 Al
   0.2303040000000000    0.2598490000000000    0.9624500000000000 Al
   0.8953470000000000    0.3646870000000000    0.6310440000000000 Al
   0.5599090000000000    0.8479960000000000    0.2931240000000000 Al
   0.8958040000000000    0.9489090000000000    0.6253690000000000 Al
   0.2248660000000000    0.5676960000000000    0.9632730000000000 Al
   0.5593250000000000    0.4675750000000000    0.2979270000000000 Al
   0.8902710000000000    0.6502329999999999    0.6298370000000000 Cl
   0.2264440000000000    0.7654220000000000    0.9594500000000000 Cl
EA111   4.487  3.864  4.504 114.30 99.37 65.76 Sym.group:   87
1.0
   4.4860139999999999    0.0077580000000000    0.0972470000000000
   1.5807430000000000    3.5253760000000001   -0.0026260000000000
  -0.8192650000000000   -1.6606710000000000    4.1059409999999996
Mg Si
4 1
direct
   0.0185470000000000    0.1557900000000000    0.1549670000000000 Mg
   0.8049269999999999    0.5615910000000000    0.7502190000000000 Mg
   0.4003830000000000    0.3701880000000000    0.9622920000000000 Mg
   0.6139390000000000    0.9643220000000000    0.3671540000000000 Mg
   0.2094390000000000    0.7629580000000000    0.5586560000000000 Si
EA73    3.266  3.283  3.839 65.50 114.02 118.88 Sym.group:  166
1.0
   3.2655820000000002    0.0040430000000000   -0.0077950000000000
  -1.5895319999999999    2.8725480000000001   -0.0271330000000000
  -1.5555619999999999    0.9906330000000000    3.3665010000000000
Be Li
4 1
direct
   0.5971370000000000    0.1978840000000000    0.4005350000000000 Be
   0.7906360000000000    0.0036600000000000    0.9823520000000000 Be
   0.3941470000000000    0.4010830000000000    0.7914500000000000 Be
   0.9936430000000001    0.8005540000000000    0.5913450000000000 Be
   0.1938470000000000    0.6007620000000000    0.1913810000000000 Li
EA280   3.696  4.125  3.700 64.55 60.05 63.83 Sym.group:  166
1.0
   2.0223640000000001    1.1047849999999999   -2.8898980000000001
   1.6554810000000000    3.7683689999999999    0.2725880000000000
   3.6894670000000001    0.1010250000000000    0.2583090000000000
Li Si
4 1
direct
   0.7935110000000000    0.2103610000000000    0.4002560000000000 Li
   0.4126120000000000    0.3524150000000000    0.0169440000000000 Li
   0.6025880000000000    0.7838740000000000    0.2017330000000000 Li
   0.9829310000000000    0.6421700000000000    0.5852140000000000 Li
   0.1980670000000000    0.9971250000000000    0.8008280000000000 Si
EA117   2.995  2.995  7.640 101.10 101.17 90.52 Sym.group:  139
1.0
   2.9948419999999998   -0.0038890000000000   -0.0103680000000000
  -0.0231220000000000    2.9944950000000001   -0.0147510000000000
  -1.4571160000000001   -1.4458139999999999    7.3592750000000002
Na Cl
4 1
direct
   0.7546659999999999    0.4712880000000000    0.3674630000000000 Na
   0.9673020000000000    0.6844390000000000    0.7892580000000000 Na
   0.3573300000000000    0.0748230000000000    0.5699620000000000 Na
   0.1473410000000000    0.8630960000000000    0.1483590000000000 Na
   0.5576380000000000    0.2736060000000000    0.9690130000000000 Cl
EA19    4.353  4.354  3.423 89.96 89.99 90.00 Sym.group:  127
1.0
   4.3528650000000004   -0.0009170000000000    0.0030070000000000
   0.0008320000000000    4.3544229999999997    0.0123350000000000
  -0.0016480000000000   -0.0071870000000000    3.4228640000000001
O Li
8 2
direct
   0.1172140000000000    0.3835350000000000    0.9349340000000000 O
   0.4823190000000000    0.0181680000000000    0.5747920000000000 O
   0.1172210000000000    0.3837800000000000    0.5746869999999999 O
   0.4823450000000000    0.0180080000000000    0.9350360000000000 O
   0.9822480000000000    0.8835680000000000    0.9350619999999999 O
   0.6172360000000000    0.5183090000000000    0.5747920000000000 O
   0.6171190000000000    0.5179950000000000    0.9350070000000000 O
   0.9824040000000001    0.8837960000000000    0.5748470000000000 O
   0.7997450000000000    0.2010320000000000    0.2551780000000000 Li
   0.2996450000000000    0.7009040000000000    0.2546790000000000 Li
EA8     3.475  3.099  3.084 90.07 90.33 90.53 Sym.group:  123
1.0
   3.4716499999999999    0.1135730000000000    0.1120170000000000
  -0.1322940000000000    3.0946699999999998    0.0796370000000000
  -0.1145610000000000   -0.0878920000000000    3.0806480000000001
O Li
4 1
direct
   0.5167470000000000    0.7953370000000000    0.4987610000000000 O
   0.8709249999999999    0.7995989999999999    0.5000880000000000 O
   0.5168310000000000    0.2963330000000000    0.9982790000000000 O
   0.8709240000000000    0.2986950000000000    0.0006910000000000 O
   0.1938120000000000    0.7976020000000000    0.9993290000000000 Li
EA321   2.598 18.367  2.597 86.33 60.10 94.02 Sym.group:  156
1.0
   1.4340619999999999    0.1294040000000000    2.1630400000000001
  -1.7726880000000000   18.2223649999999999   -1.4618990000000001
  -1.1610480000000001    0.2398560000000000    2.3108870000000001
Al O
8 2
direct
   0.0879750000000000    0.9627650000000000    0.0917760000000000 Al
   0.4922260000000000    0.3522620000000000    0.6890710000000000 Al
   0.6341940000000000    0.8484130000000000    0.8783040000000000 Al
   0.0042610000000000    0.1962070000000000    0.5098500000000000 Al
   0.4083420000000000    0.6181360000000000    0.1104660000000000 Al
   0.5452710000000000    0.0784940000000000    0.3043490000000000 Al
   0.9310330000000000    0.4622050000000000    0.9269400000000000 Al
   0.8544440000000000    0.7339240000000000    0.3242650000000000 Al
   0.1064260000000000    0.2977790000000000    0.4051800000000000 O
   0.3165510000000000    0.5167850000000000    0.2109300000000000 O
