NUMBER OF TEMPLATES 13
COMPOSITION A 2 B
pairs , SPACEGROUPS 
[N S] , 129 
[B S] , 141 
[C Cl] , 191 
[C F] , 164 
[P S] , 164 
[O Na] , 123 
[Na B] , 191 
[P Mg] , 115 
[Al P] , 140 
[O C] , 136 
[N Cl] , 123 
[Al O] , 166 
[C Na] , 191 
RANKING VECTORS ENTHALPIES
0:[-284.35946922 -284.11821533 -284.07827574 -283.96536452 -283.79637157 -283.76200693 -283.66852617 -283.51567462 -283.02971665 -282.97323917 -282.92543908 -282.92237664 -282.35532119] 
1:[-150.66563969 -150.1801219  -149.95491145 -149.8608355  -149.75206263 -149.72508927 -149.61391487 -149.59818341 -149.56382893 -149.56353737 -149.2083779  -148.98410616 -148.78179648] 
2:[-254.51916704 -254.50708714 -254.50438068 -254.50209189 -254.50148743 -253.33087286 -252.9061579  -252.67963036 -252.40776896 -252.14207242 -252.04772085 -252.03586526 -252.01605214] 
3:[-330.45276997 -329.63511821 -329.63322684 -329.63291459 -329.62467162 -328.62138645 -328.02494767 -327.99339754 -327.85013932 -327.7984586 -327.74211431 -327.34852503 -326.58381307] 
4:[-221.52216102 -221.46934998 -221.35100313 -221.28230632 -221.1849736 -221.16351487 -221.05405761 -221.04196451 -221.02193866 -220.96710682 -220.90183148 -220.78829191 -220.14238194] 
5:[-710.79457972 -710.79304119 -710.7565593  -710.68857271 -710.39834169 -710.15089081 -710.08416386 -710.07840716 -710.01513438 -709.92478507 -709.9177946  -709.50632764 -709.48566103] 
6:[-851.14287333 -851.01136808 -850.81563052 -850.7811659  -850.76594838 -850.67907949 -850.61629707 -850.41923727 -850.20287992 -850.07875711 -849.53343182 -849.43304879 -848.63358453] 
7:[-659.83985843 -659.8366936  -659.79418436 -659.72521102 -659.68452452 -659.66421749 -659.65645622 -659.57280339 -659.54049134 -659.29359272 -659.15651749 -658.96409686 -658.6428834 ] 
8:[-100.64115198 -100.57739467 -100.41711215 -100.30513903 -100.23100757 -100.22754967 -100.18647201 -100.18376354 -100.17677424 -100.14588177 -100.11471573 -100.11380497  -99.45709222] 
9:[-351.57962209 -351.47874945 -351.36327918 -350.71111519 -350.60394816 -349.56900759 -349.50367383 -348.74035452 -348.67035091 -348.60057087 -348.48188787 -347.69567093 -347.66065628] 
10:[-332.56699534 -332.53183745 -332.39685589 -332.26278913 -332.08957897 -332.07654889 -331.62645977 -331.50528258 -331.50477462 -331.39983399 -330.59684295 -330.56886526 -330.4531335 ] 
11:[-189.31108819 -189.03544788 -189.02648215 -188.78730484 -188.4342282 -188.33230585 -188.30566968 -187.99540794 -187.99168411 -187.16853773 -186.92121366 -186.91899211 -186.91517256] 
12:[-520.77357443 -520.76621517 -520.76516705 -520.34886591 -520.27322344 -519.23890122 -519.15923046 -519.15789961 -519.03239882 -518.88853527 -518.82046212 -518.53201123 -518.47452293] 
RANKING VECTORS IDX
0:[ 9.  4.  0. 10.  8.  1.  5.  3. 11.  7.  2. 12.  6.] 
1:[ 1. 11.  3.  4.  0.  5.  7.  8.  2. 12.  6.  9. 10.] 
2:[ 6.  4.  3. 12.  2.  1.  0.  7. 11.  8.  9.  5. 10.] 
3:[ 3.  4. 12.  2.  6.  1. 11.  7.  0. 10.  5.  8.  9.] 
4:[ 1. 11.  4.  0. 10.  5.  2.  6. 12.  3.  7.  8.  9.] 
5:[10.  5.  8.  0.  9.  7.  4. 12.  2.  1.  6. 11.  3.] 
6:[ 8.  3.  4. 12.  6.  2.  0. 10.  5.  7. 11.  9.  1.] 
7:[ 2.  6. 12.  4. 10.  7.  5.  0.  8. 11.  1.  3.  9.] 
8:[11.  8.  4.  7.  3. 12.  1.  2.  6. 10.  0.  5.  9.] 
9:[ 7.  9.  1.  3.  4. 11.  0. 10.  6.  8.  5.  2. 12.] 
10:[10.  5.  0.  8.  4.  1.  3.  2. 12.  7.  9.  6. 11.] 
11:[11.  4.  0.  1.  8.  9.  7. 10.  5.  3.  6. 12.  2.] 
12:[ 4.  2. 12.  3.  1.  7.  5. 10.  0.  8.  6. 11.  9.] 
POSCARS
EA120   2.777  2.779  7.553 90.00 90.03 90.00 Sym.group:  129
1.0
   2.7774310000000000    0.0004750000000000    0.0052100000000000
  -0.0006890000000000    2.7785820000000001    0.0010650000000000
  -0.0177050000000000   -0.0033940000000000    7.5533999999999999
N S
4 2
direct
   0.9973340000000001    0.4973700000000000    0.2866310000000000 N
   0.4967430000000000    0.9973280000000000    0.7133250000000000 N
   0.9976180000000000    0.4955750000000000    0.4327480000000000 N
   0.4974360000000000    0.9955030000000000    0.5672110000000000 N
   0.9967770000000000    0.4980550000000000    0.9368010000000000 S
   0.4969250000000000    0.9980770000000000    0.0631590000000000 S
EA108   2.865  6.384  2.865 77.04 90.02 102.96 Sym.group:  141
1.0
   2.8651409999999999   -0.0140380000000000    0.0102970000000000
  -1.4012990000000001    6.2277870000000002    0.0105780000000000
  -0.0078370000000000    0.6522010000000000    2.7899259999999999
B S
4 2
direct
   0.7052840000000000    0.7688390000000001    0.2056640000000000 B
   0.0229090000000000    0.4040580000000000    0.8877950000000000 B
   0.9548870000000000    0.2688600000000000    0.4551430000000000 B
   0.2726950000000000    0.9040820000000001    0.1370120000000000 B
   0.6139720000000000    0.5864460000000000    0.7967590000000000 S
   0.3638460000000000    0.0864740000000000    0.5459480000000000 S
EA98    5.062  2.392  2.392 118.21 90.00 90.01 Sym.group:  191
1.0
   5.0619550000000002   -0.0073080000000000   -0.0100810000000000
   0.0029630000000000    2.3917959999999998    0.0202750000000000
   0.0025050000000000   -1.1482810000000001    2.0981339999999999
C Cl
2 1
direct
   0.5210580000000000    0.5124850000000000    0.3986680000000000 C
   0.5210570000000000    0.1776620000000000    0.7334560000000000 C
   0.0210720000000000    0.8456240000000000    0.0659550000000000 Cl
EA117   2.441  6.940  2.439 89.93 60.03 89.99 Sym.group:  164
1.0
   2.4405880000000000   -0.0032440000000000    0.0317050000000000
   0.0102660000000000    6.9404120000000002   -0.0051650000000000
   1.1909360000000000    0.0028260000000000    2.1287370000000001
C F
4 2
direct
   0.0209080000000000    0.8044960000000000    0.7718980000000000 C
   0.6883740000000000    0.0914460000000000    0.4366490000000000 C
   0.3551190000000000    0.1622560000000000    0.1031540000000000 C
   0.6877950000000000    0.8753150000000000    0.4382620000000000 C
   0.3542960000000000    0.3551080000000000    0.1038270000000000 F
   0.0194920000000000    0.6116549999999999    0.7733680000000001 F
EA150   3.181  3.184  3.913 90.10 89.97 119.92 Sym.group:  164
1.0
   1.5973679999999999   -2.7509910000000000   -0.0103280000000000
   1.5889260000000001    2.7592639999999999    0.0233350000000000
  -0.0206560000000000   -0.0293840000000000    3.9130660000000002
P S
2 1
direct
   0.3370470000000000    0.6700770000000000    0.6456780000000000 P
   0.6701300000000000    0.3354650000000000    0.3519610000000000 P
   0.0035920000000000    0.0027740000000000    0.9988190000000000 S
EA119   2.503  2.508  3.672 90.06 90.09 90.31 Sym.group:  123
1.0
   2.5000599999999999    0.1120280000000000    0.0081620000000000
  -0.1259160000000000    2.5045850000000001    0.0049610000000000
  -0.0170730000000000   -0.0119300000000000    3.6721200000000001
O Na
2 1
direct
   0.0549750000000000    0.9411570000000000    0.9987670000000000 O
   0.0544740000000000    0.9405850000000000    0.3468100000000000 O
   0.5547620000000000    0.4406430000000000    0.6725710000000000 Na
EA11    3.954  3.949  2.137 90.00 90.00 119.91 Sym.group:  191
1.0
   3.9536419999999999   -0.0050200000000000    0.0025890000000000
  -1.9646290000000000    3.4252150000000001   -0.0010560000000000
  -0.0014310000000000   -0.0000350000000000    2.1366869999999998
Na B
2 1
direct
   0.3191000000000000    0.6585060000000000    0.8244250000000000 Na
   0.6521230000000000    0.3251110000000000    0.8271440000000000 Na
   0.9856290000000000    0.9918160000000000    0.3264240000000000 B
EA114   3.178  3.181  3.750 90.07 89.97 90.00 Sym.group:  115
1.0
   3.1784249999999998    0.0001100000000000   -0.0004880000000000
  -0.0000910000000000    3.1804739999999998   -0.0135390000000000
   0.0025010000000000    0.0114130000000000    3.7504200000000001
P Mg
2 1
direct
   0.5069660000000000    0.0011280000000000    0.5178739999999999 P
   0.0073600000000000    0.5011050000000000    0.4736420000000000 P
   0.0064640000000000    0.0005820000000000    0.9958070000000000 Mg
EA1     4.609  4.605  4.613 81.95 115.50 64.57 Sym.group:  140
1.0
   4.6087049999999996   -0.0009520000000000    0.0024770000000000
   1.9783750000000000    4.1581000000000001    0.0026510000000000
  -1.9877880000000001    1.6585820000000000    3.8181150000000001
Al P
4 2
direct
   0.4995570000000000    0.5818840000000000    0.2633290000000000 Al
   0.4995940000000000    0.2358550000000000    0.9059890000000000 Al
   0.8512700000000000    0.7324320000000000    0.7610730000000000 Al
   0.1479010000000000    0.0841680000000000    0.4093770000000000 Al
   0.9963220000000000    0.6602280000000000    0.3333340000000000 P
   0.0028990000000000    0.1569450000000000    0.8366150000000000 P
EA99    3.368  3.843  3.426 89.99 89.99 90.00 Sym.group:  136
1.0
   3.3675639999999998   -0.0002350000000000    0.0011500000000000
   0.0002140000000000    3.8429650000000000    0.0034150000000000
  -0.0007610000000000   -0.0024030000000000    3.4259650000000001
O C
4 2
direct
   0.7609350000000000    0.0002610000000000    0.7413230000000000 O
   0.2380320000000000    0.0002750000000000    0.2601110000000000 O
   0.7380230000000000    0.5002590000000000    0.2413470000000000 O
   0.2609680000000000    0.5002750000000000    0.7601480000000000 O
   0.4994710000000000    0.5002740000000000    0.0007650000000000 C
   0.9994880000000000    0.0002740000000000    0.5006590000000000 C
EA50    2.405  2.405  5.130 90.22 89.76 89.92 Sym.group:  123
1.0
   2.4004249999999998   -0.1378860000000000   -0.0549340000000000
   0.1431240000000000    2.3994140000000002    0.0809830000000000
   0.1272830000000000   -0.2003350000000000    5.1243650000000001
N Cl
2 1
direct
   0.2564120000000000    0.8193400000000000    0.6487060000000000 N
   0.2596820000000000    0.8161380000000000    0.8615200000000000 N
   0.7586840000000000    0.3184270000000000    0.2550830000000000 Cl
EA401   2.618  2.618  9.952 82.49 89.99 119.99 Sym.group:  166
1.0
   1.3094520000000001   -2.2668180000000002   -0.0125980000000000
   1.3085249999999999    2.2669410000000001    0.0141830000000000
   1.2962110000000000    0.6923120000000000    9.8430269999999993
Al O
4 2
direct
   0.5997220000000000    0.8680920000000000    0.0466240000000000 Al
   0.8373969999999999    0.3370320000000000    0.3331320000000000 Al
   0.0729280000000000    0.8148460000000000    0.6196430000000001 Al
   0.3359670000000000    0.3430230000000000    0.8331340000000000 Al
   0.1372780000000000    0.9375300000000000    0.4331060000000000 O
   0.5374660000000000    0.7367540000000000    0.2331520000000000 O
EA7     2.514  2.514  3.827 90.00 90.00 60.00 Sym.group:  191
1.0
   1.2572360000000000    2.1772900000000002    0.0000260000000000
  -1.2570230000000000    2.1774719999999999    0.0026280000000000
   0.0041730000000000   -0.0024520000000000    3.8273950000000001
C Na
2 1
direct
   0.3382550000000000    0.3356890000000000    0.9009600000000000 C
   0.6716000000000000    0.6690010000000000    0.9011710000000001 C
   0.0031900000000000    0.0035400000000000    0.4010370000000000 Na
