NUMBER OF TEMPLATES 13
COMPOSITION A 2 B
pairs , SPACEGROUPS 
[N Li] , 194 
[C B] , 141 
[Be O] , 156 
[C F] , 164 
[O Si] , 136 
[N Al] , 166 
[Li Al] , 191 
[Na Mg] , 191 
[Be Al] , 227 
[B Si] , 166 
[Si Na] , 191 
[Be H] , 166 
[Mg Be] , 140 
RANKING VECTORS ENTHALPIES
0:[-251.27292163 -251.27075152 -250.95122852 -250.86440609 -250.84655283 -250.07371249 -249.93613992 -249.93510176 -249.93324654 -249.92382408 -249.64937605 -249.47175385 -248.9487955 ] 
1:[-133.79457503 -133.77887292 -133.70516072 -132.75015127 -132.72775277 -132.65146957 -132.09960689 -131.74197958 -131.60486563 -131.50850781 -131.49734855 -131.2616516  -130.24033846] 
2:[-401.49782199 -401.32283345 -401.27602959 -401.18985272 -401.15445873 -401.15400779 -401.03853277 -400.85674886 -400.78844234 -399.90531761 -398.91457651 -398.91356704 -398.91265148] 
3:[-330.45276997 -329.85920575 -329.68025012 -329.63339055 -329.63023709 -329.56000248 -329.24498316 -328.65325614 -327.30455509 -327.07763126 -327.06483889 -327.04792352 -326.96300862] 
4:[-337.08001761 -336.7281297  -336.57084484 -336.57037845 -336.2527032 -336.11767839 -335.25719076 -334.19031199 -333.60998218 -333.45673948 -333.45616543 -333.45226488 -332.82165089] 
5:[-206.99684253 -206.99236913 -206.78727054 -206.04619633 -205.8128512 -205.79257107 -205.43720729 -205.11973186 -204.98420575 -204.97482566 -204.97316797 -204.72452448 -204.21576453] 
6:[-148.20620674 -148.20605697 -148.19645994 -148.12109362 -147.93024283 -147.88820952 -147.87703491 -147.81264026 -147.78507301 -147.7521892 -147.61701603 -147.4892375  -146.79878549] 
7:[-1361.73615634 -1361.73124388 -1361.73105735 -1361.730999 -1361.73070032 -1361.71171397 -1361.70419014 -1361.70317037 -1361.69947363 -1361.67970988 -1361.43987674 -1360.6544715 -1359.42848563] 
8:[-271.16276167 -270.91970112 -270.91966509 -270.91396378 -270.74955175 -270.53223849 -270.52064175 -270.49812126 -270.36749276 -270.31788879 -270.31734023 -269.98485659 -269.30838061] 
9:[-88.85989472 -88.69642718 -88.69433704 -88.68731866 -88.5897409 -88.46204317 -88.45401208 -88.41409243 -88.27038534 -88.14698569 -88.1426606  -88.13094437 -87.67235229] 
10:[-486.70682007 -486.70214921 -486.69600858 -486.69126814 -486.55239586 -486.42252302 -486.40618628 -486.31386396 -486.26329197 -486.16376996 -486.00604323 -485.89845684 -484.51947095] 
11:[-256.23621543 -256.21252875 -256.16650914 -256.14814102 -256.13149461 -256.00579494 -255.98483906 -255.97959595 -255.36105074 -255.36028302 -255.34022815 -255.24059011 -253.79764118] 
12:[-1199.20139834 -1198.88151453 -1198.88077259 -1198.88058492 -1198.87977317 -1198.77993378 -1198.73917903 -1198.62521651 -1198.56224391 -1198.39038026 -1198.23057419 -1198.00829734 -1195.8867341 ] 
RANKING VECTORS IDX
0:[ 0.  5.  1. 12.  4.  9. 10.  2.  7.  6.  3.  8. 11.] 
1:[ 1.  3. 11.  2.  0.  5.  9. 12.  4. 10.  6.  7.  8.] 
2:[ 2.  3.  9.  0.  5. 11.  1.  4. 12.  8. 10.  6.  7.] 
3:[ 3.  9.  2.  6.  7. 10. 11.  1. 12.  0.  4.  8.  5.] 
4:[ 4.  9.  5.  0.  2.  1. 12. 11.  3. 10.  7.  6.  8.] 
5:[ 5.  0. 12.  1.  9. 11.  4.  2.  6.  7. 10.  3.  8.] 
6:[10.  6.  7.  8.  9.  5.  0. 12. 11.  2.  3.  1.  4.] 
7:[ 9.  0. 10.  7.  6.  5.  3.  8.  2. 11. 12.  4.  1.] 
8:[ 8.  7.  6. 10.  9. 12.  2. 11.  3.  0.  5.  1.  4.] 
9:[ 9. 10.  7.  6.  2.  3. 12.  1. 11.  8.  0.  5.  4.] 
10:[ 7.  8. 10.  6. 11.  5.  0.  2.  1.  3. 12.  9.  4.] 
11:[ 3. 11. 12.  2.  9.  4.  0.  5.  6. 10.  7.  8.  1.] 
12:[12.  6.  7. 10.  3.  5.  0.  2.  9.  4.  8. 11.  1.] 
POSCARS
EA198   2.464  2.463  7.405 90.03 90.02 60.03 Sym.group:  194
1.0
   2.4637349999999998   -0.0001120000000000   -0.0000020000000000
   1.2306930000000000    2.1339649999999999    0.0001630000000000
  -0.0026470000000000   -0.0035630000000000    7.4054580000000003
N Li
4 2
direct
   0.6633250000000001    0.6742060000000000    0.1689210000000000 N
   0.6628590000000000    0.6748130000000000    0.3239060000000000 N
   0.3305730000000000    0.3415670000000000    0.6689270000000000 N
   0.3312350000000000    0.3417330000000000    0.8238990000000000 N
   0.9982940000000000    0.0075700000000000    0.9964130000000000 Li
   0.9957260000000000    0.0086390000000000    0.4964130000000000 Li
EA145   5.959  2.427  2.427 89.86 78.32 78.32 Sym.group:  141
1.0
   5.9586899999999998   -0.0047310000000000   -0.0069140000000000
   0.4931810000000000    2.3764759999999998   -0.0035760000000000
   0.4939800000000000   -0.0929830000000000    2.3744980000000000
C B
4 2
direct
   0.9645359999999999    0.7461320000000000    0.6428100000000000 C
   0.6036820000000001    0.4260490000000000    0.3227530000000000 C
   0.1036820000000000    0.6751250000000000    0.0736340000000000 C
   0.4645370000000000    0.9952240000000000    0.3937210000000000 C
   0.2841100000000000    0.0862570000000000    0.9825610000000000 B
   0.7841080000000000    0.3350040000000000    0.7339070000000000 B
EA120   3.780  2.415  2.416 60.02 89.95 89.96 Sym.group:  156
1.0
   3.7801680000000002   -0.0048080000000000    0.0097010000000000
   0.0045870000000000    2.4149929999999999   -0.0060700000000000
  -0.0018750000000000    1.2122590000000000    2.0894080000000002
Be O
2 1
direct
   0.2547660000000000    0.0867840000000000    0.1593570000000000 Be
   0.6817360000000000    0.4191790000000000    0.4931180000000000 Be
   0.0896110000000000    0.4202190000000000    0.4931610000000000 O
EA117   2.441  6.940  2.439 89.93 60.03 89.99 Sym.group:  164
1.0
   2.4405880000000000   -0.0032440000000000    0.0317050000000000
   0.0102660000000000    6.9404120000000002   -0.0051650000000000
   1.1909360000000000    0.0028260000000000    2.1287370000000001
C F
4 2
direct
   0.0209080000000000    0.8044960000000000    0.7718980000000000 C
   0.6883740000000000    0.0914460000000000    0.4366490000000000 C
   0.3551190000000000    0.1622560000000000    0.1031540000000000 C
   0.6877950000000000    0.8753150000000000    0.4382620000000000 C
   0.3542960000000000    0.3551080000000000    0.1038270000000000 F
   0.0194920000000000    0.6116549999999999    0.7733680000000001 F
EA47    4.012  4.013  2.607 90.00 90.01 89.99 Sym.group:  136
1.0
   4.0117039999999999    0.0020750000000000    0.0021240000000000
  -0.0013130000000000    4.0129450000000002   -0.0000360000000000
  -0.0019040000000000   -0.0000240000000000    2.6073729999999999
O Si
4 2
direct
   0.3014490000000000    0.3055430000000000    0.0026490000000000 O
   0.6964900000000001    0.7000680000000000    0.0031420000000000 O
   0.8014190000000000    0.2000310000000000    0.5021610000000000 O
   0.1965120000000000    0.8054870000000000    0.5026230000000000 O
   0.9989990000000000    0.0027850000000000    0.0022330000000000 Si
   0.4989980000000000    0.5027890000000000    0.5030670000000000 Si
EA106   4.663  3.763  2.732 89.99 89.90 112.24 Sym.group:  166
1.0
   4.6628059999999998   -0.0151620000000000   -0.0081960000000000
  -1.4129769999999999    3.4880059999999999    0.0017240000000000
   0.0096680000000000    0.0031580000000000    2.7321949999999999
N Al
4 2
direct
   0.3976640000000000    0.0397100000000000    0.2545230000000000 N
   0.8976790000000000    0.5396620000000000    0.7542400000000000 N
   0.2721460000000000    0.2984130000000000    0.2554230000000000 N
   0.7721260000000000    0.7984450000000000    0.7551320000000000 N
   0.8349040000000000    0.1690540000000000    0.2546890000000000 Al
   0.3349030000000000    0.6690630000000000    0.7549700000000000 Al
EA205   3.692  2.378  3.684 90.08 60.63 90.07 Sym.group:  191
1.0
   3.6722120000000000    0.1490450000000000    0.3531230000000000
  -0.1051370000000000    2.3744369999999999    0.0598420000000000
   1.4936080000000000   -0.0237550000000000    3.3678469999999998
Li Al
2 1
direct
   0.6533660000000000    0.8247890000000000    0.7165230000000000 Li
   0.3212570000000000    0.8248650000000000    0.3840470000000000 Li
   0.9873120000000000    0.3248080000000000    0.0502860000000000 Al
EA101   4.180  4.179  2.721 89.98 90.00 60.06 Sym.group:  191
1.0
   4.1797649999999997    0.0279380000000000    0.0059540000000000
   2.0619459999999998    3.6353819999999999    0.0041520000000000
  -0.0038960000000000   -0.0000370000000000    2.7208060000000001
Na Mg
2 1
direct
   0.7541830000000000    0.1782980000000000    0.7399900000000000 Na
   0.0875720000000000    0.5113799999999999    0.7390460000000000 Na
   0.4208390000000000    0.8448700000000000    0.2396090000000000 Mg
EA306   4.039  4.046  4.046 60.87 118.92 118.92 Sym.group:  227
1.0
   4.0386030000000002    0.0495900000000000    0.0339720000000000
  -1.9998830000000001    3.5173980000000000   -0.0254670000000000
  -1.9990310000000000    1.1536679999999999    3.3234450000000000
Be Al
4 2
direct
   0.8681640000000000    0.6190000000000000    0.1254580000000000 Be
   0.8676220000000000    0.1187650000000000    0.1254190000000000 Be
   0.8680710000000000    0.1190220000000000    0.6255110000000000 Be
   0.3679430000000000    0.1192270000000000    0.1256190000000000 Be
   0.2434810000000000    0.7448620000000000    0.7513580000000000 Al
   0.4924800000000000    0.4931520000000000    0.4996470000000000 Al
EA356   3.610  2.759  2.770 119.43 111.61 67.59 Sym.group:  166
1.0
   3.5596440000000000    0.5586900000000000    0.2167380000000000
   0.6879000000000000    1.5748169999999999    2.1588310000000002
  -0.6409720000000000   -2.6635650000000002    0.4076150000000000
B Si
2 1
direct
   0.5939310000000000    0.9777500000000000    0.8591340000000000 B
   0.4106600000000000    0.3733300000000000    0.4616530000000000 B
   0.0022230000000000    0.1758300000000000    0.6604170000000000 Si
EA19    4.078  4.897  4.075 89.99 60.05 90.00 Sym.group:  191
1.0
   4.0729069999999998    0.0064040000000000    0.1964380000000000
  -0.0071290000000000    4.8973120000000003   -0.0129730000000000
   1.8623810000000001    0.0126920000000000    3.6249639999999999
Si Na
4 2
direct
   0.2350680000000000    0.9126420000000000    0.2721720000000000 Si
   0.2347630000000000    0.4126480000000000    0.2728560000000000 Si
   0.9013660000000000    0.4123150000000000    0.9395550000000000 Si
   0.9016810000000000    0.9123160000000000    0.9388649999999999 Si
   0.5682400000000000    0.6625160000000000    0.6059390000000000 Na
   0.5683340000000000    0.1625580000000000    0.6057100000000000 Na
EA333   8.079  2.072  2.054 119.70 89.64 97.35 Sym.group:  166
1.0
   7.8278400000000001   -1.0398710000000000   -1.7085140000000001
   0.0032390000000000    2.0724040000000001    0.0077980000000000
   0.2616510000000000   -1.0247809999999999    1.7609720000000000
Be H
4 2
direct
   0.0186730000000000    0.4754430000000000    0.6049830000000000 Be
   0.6031260000000001    0.2078130000000000    0.4719820000000000 Be
   0.2293400000000000    0.2696450000000000    0.0026470000000000 Be
   0.8137900000000000    0.0000040000000000    0.8692130000000000 Be
   0.4882500000000000    0.4577290000000000    0.0988800000000000 H
   0.3442040000000000    0.0216170000000000    0.3763610000000000 H
EA7     4.511  4.323  4.485 118.80 76.85 118.62 Sym.group:  140
1.0
   4.5102669999999998   -0.0275780000000000    0.0727250000000000
  -2.1139480000000002    1.7781180000000001    3.3253260000000000
   0.9910580000000000   -4.3715780000000004    0.1588280000000000
Mg Be
4 2
direct
   0.0020600000000000    0.8389430000000000    0.1860930000000000 Mg
   0.3221700000000000    0.6601230000000000    0.5080380000000000 Mg
   0.0009360000000000    0.1605990000000000    0.8299500000000000 Mg
   0.6808280000000000    0.3391210000000000    0.5075140000000000 Mg
   0.5015790000000000    0.7491630000000000    0.0077720000000000 Be
   0.5014800000000000    0.2501970000000000    0.0077900000000000 Be
