NUMBER OF TEMPLATES 29
COMPOSITION A 3 B
pairs , SPACEGROUPS 
[F C] , 148 
[N C] , 156 
[Si Na] , 191 
[Na O] , 176 
[Mg O] , 166 
[C H] , 166 
[F P] , 148 
[P Si] , 229 
[Mg N] , 164 
[Li H] , 162 
[Be O] , 160 
[Li Si] , 225 
[B F] , 164 
[Na H] , 164 
[Li P] , 225 
[Mg P] , 221 
[Na F] , 164 
[Li O] , 164 
[C P] , 164 
[Cl Al] , 148 
[Si S] , 229 
[Si H] , 166 
[F C] , 162 
[C S] , 166 
[B S] , 164 
[N B] , 187 
[Cl Al] , 162 
[Li F] , 160 
[Li N] , 194 
RANKING VECTORS ENTHALPIES
0:[-541.17321951 -541.14571553 -540.86130062 -540.20372992 -540.1433267 -540.11649413 -539.93370646 -539.55628104 -539.44373668 -539.43162829 -539.26648816 -539.22519446 -539.17624415 -539.09003514 -538.71474875 -538.66320078 -538.64705063 -538.63959934 -538.63915938 -538.5780558 -538.52191345 -538.44085821 -538.44085628 -538.4317728  -538.37678451 -538.37595381 -538.31967171 -538.29278694 -538.23887941] 
1:[-249.44131295 -249.4322344  -249.20946305 -249.1911245  -249.18402413 -249.11011731 -248.99956658 -248.94042239 -248.73807227 -248.70878098 -248.70017937 -248.53414367 -248.43608629 -248.37543626 -248.37501173 -248.32865489 -248.1243246  -247.83349854 -247.82869435 -247.80469132 -247.7927145  -247.76419683 -247.60978035 -247.60939874 -247.60931472 -247.27640158 -246.30777492 -246.30776814 -245.97885423] 
2:[-392.78461306 -392.59868458 -392.59672547 -392.59188187 -392.58165251 -392.52240858 -392.51938714 -392.49384368 -392.48805519 -392.48766955 -392.45029871 -392.44369044 -392.43575101 -392.42165382 -392.42076995 -392.39727062 -392.3799498  -392.36421176 -392.30963743 -392.30463617 -392.29619096 -392.2543946  -392.10512113 -392.06227713 -392.0291639 -391.93833948 -391.66357036 -391.63928733 -391.08730609] 
3:[-1041.38621913 -1041.3271907  -1041.1973445  -1041.14888793 -1041.08543875 -1041.08527405 -1041.08478137 -1041.08447578 -1041.07831754 -1041.07568656 -1041.06170366 -1041.01959188 -1040.96525046 -1040.9502521  -1040.89624638 -1040.89617082 -1040.89278086 -1040.88197778 -1040.78379645 -1040.75610672 -1040.65786446 -1040.6494633  -1040.59550098 -1040.42418418 -1040.20982852 -1040.14691026 -1040.06164684 -1039.55707681 -1039.14028013] 
4:[-1320.78426614 -1320.76802004 -1320.75611759 -1320.75193697 -1320.74733835 -1320.74721933 -1320.6590961  -1320.65895972 -1320.65495378 -1320.61411523 -1320.40508942 -1320.3487886 -1320.00603792 -1319.97622734 -1319.92465888 -1319.82861819 -1319.80017677 -1319.78073627 -1319.71463089 -1319.6626883 -1319.45314294 -1319.24716193 -1319.09239105 -1319.08847045 -1319.04058919 -1318.96307583 -1318.84344636 -1318.84218661 -1318.74501286] 
5:[-125.19792927 -125.17277975 -125.14859834 -125.10604522 -124.99963258 -124.68045327 -124.44067127 -124.25793986 -124.24410904 -124.21747295 -124.18676393 -123.77738881 -123.76894479 -123.7389494  -123.45650892 -122.95583022 -122.84165405 -122.74081618 -122.73873368 -122.72070325 -122.69281496 -122.65736375 -122.64625921 -122.64600797 -122.64352048 -122.63663583 -121.8192215  -121.81921982 -121.76800363] 
6:[-547.3771863  -547.31641182 -547.2474644  -547.04533284 -546.93301733 -546.70987337 -546.68439482 -546.63627789 -546.48339849 -546.46920413 -546.44686361 -546.44473779 -546.4407698  -546.41014055 -546.37485544 -546.08562575 -546.08419728 -545.9734743  -545.97310178 -545.92869214 -545.66970534 -545.61488738 -545.6114501  -545.59681853 -545.58918486 -545.57805547 -545.4882615  -545.46740684 -544.6836204 ] 
7:[-165.92911384 -165.92153769 -165.90473202 -165.90064434 -165.78534527 -165.78434431 -165.78314384 -165.77507706 -165.7750314  -165.72650995 -165.7105673  -165.70669069 -165.66163672 -165.64846544 -165.62525317 -165.61828759 -165.61817396 -165.56729892 -165.56675894 -165.54622195 -165.53427064 -165.52846566 -165.52835462 -165.50377257 -165.48597979 -165.47235489 -165.46585389 -165.4390414  -164.79413671] 
8:[-1278.43575224 -1278.42298757 -1278.42269661 -1278.42265518 -1278.42247343 -1278.40978809 -1278.40043588 -1278.38769651 -1278.22613348 -1278.12149912 -1278.08850419 -1277.98124237 -1277.81055315 -1277.72292549 -1277.68922007 -1277.67658779 -1277.64089966 -1277.62944475 -1277.56504899 -1277.43146054 -1277.2965575  -1277.2540659  -1277.2523946  -1277.17337635 -1277.15249597 -1277.0085939  -1276.93159478 -1276.75842066 -1276.74117579] 
9:[-148.41555321 -148.41503135 -148.414627   -148.4080886  -148.40096984 -148.40010936 -148.3918273  -148.38052868 -148.37884928 -148.34812838 -148.26836864 -148.25632865 -148.24355924 -148.23493648 -148.22502544 -148.18525001 -148.17964418 -148.15906845 -148.10897269 -148.08172092 -148.07528748 -147.9574157  -147.94887035 -147.91042521 -147.72295332 -147.71806268 -147.7125989  -147.7122614  -147.64392481] 
10:[-395.31078056 -395.24606114 -395.23805535 -395.22195532 -395.19089508 -395.1906048  -395.18685622 -395.10044294 -395.07884781 -395.07824005 -395.07802976 -394.70519875 -394.64381294 -394.60058463 -394.5016617 -394.37853074 -394.35191361 -394.24989088 -394.09528706 -394.01905506 -393.98838034 -393.88496318 -393.87143731 -393.79418291 -393.50194528 -393.46343516 -393.46343304 -393.4512374  -393.43905136] 
11:[-172.68092975 -172.68092259 -172.67458573 -172.53876029 -172.5297591 -172.52797269 -172.49432916 -172.49221892 -172.44364214 -172.43187505 -172.26588233 -172.24394696 -172.18886973 -172.18568792 -172.18551845 -172.18286636 -172.1366011  -172.12478664 -172.09346646 -172.08465982 -172.06418371 -172.04911136 -172.00227359 -171.99220326 -171.89527135 -171.88781185 -171.87127687 -171.85828063 -171.77610149] 
12:[-225.47088201 -225.41556903 -225.40322081 -225.28274128 -224.89146584 -224.84189156 -224.83386775 -224.66869421 -224.66666452 -224.57633823 -224.54085375 -224.52300834 -224.52295555 -224.34162433 -224.2887854 -224.16254647 -224.13140698 -224.1058494  -224.0828725  -224.04910635 -224.04904821 -223.99719953 -223.8251089  -223.47457791 -223.47058853 -223.4705877  -223.09329759 -223.08372021 -222.51128244] 
13:[-932.1474425  -932.14654112 -932.14648832 -932.12858094 -932.11675943 -932.11659284 -932.10755403 -932.09497941 -932.09438796 -932.01773011 -931.96902452 -931.95939615 -931.88882592 -931.88408566 -931.88189859 -931.86676626 -931.86082496 -931.8059014  -931.7752945  -931.75714723 -931.73024392 -931.72474892 -931.7238891  -931.56021862 -931.55775625 -931.49638605 -931.25315336 -931.17293512 -930.98785179] 
14:[-191.65793881 -191.65465725 -191.65465254 -191.41905994 -191.408186 -191.39403728 -191.39179836 -191.32613998 -191.32596654 -191.26449446 -191.11469117 -190.89009922 -190.87607516 -190.7274428  -190.7101895 -190.70895878 -190.7087614  -190.69757999 -190.69474718 -190.68431763 -190.67780533 -190.64693182 -190.64292727 -190.6340674  -190.51249479 -190.49641094 -190.24908098 -190.22122935 -190.20007223] 
15:[-1254.29995424 -1254.29449316 -1254.26045527 -1254.25705992 -1254.06970839 -1253.94670538 -1253.94629736 -1253.93812226 -1253.92333987 -1253.91727356 -1253.91170573 -1253.90824614 -1253.86689534 -1253.8438997  -1253.81915545 -1253.79605251 -1253.75745302 -1253.69845175 -1253.69436594 -1253.69379801 -1253.61094039 -1253.38848893 -1253.29960549 -1253.27558609 -1253.20408573 -1253.17914338 -1253.08610945 -1252.82292577 -1252.77482957] 
16:[-1096.37860177 -1096.37829925 -1096.37782077 -1096.34730383 -1096.34647325 -1096.34120056 -1096.26581728 -1096.26366867 -1096.1993766  -1096.14943619 -1096.12308721 -1096.03447997 -1096.02557317 -1096.02427457 -1096.00984689 -1095.99449428 -1095.8961722  -1095.83092899 -1095.81184051 -1095.79110512 -1095.79081446 -1095.74544783 -1095.7379741  -1095.7315962 -1095.65665737 -1095.65475761 -1095.52974975 -1095.40565173 -1094.30087935] 
17:[-257.7519944  -257.71687484 -257.64551184 -257.62247773 -257.48438018 -257.4839141  -257.47894925 -257.47494779 -257.45557381 -257.44451821 -257.44441999 -257.37009018 -257.36618864 -257.32698447 -257.26868266 -257.23433138 -257.22634098 -256.87799977 -256.86309249 -256.86299986 -256.84202832 -256.6752193  -256.65327695 -256.64824514 -256.52087326 -256.42162096 -256.38502176 -256.20904284 -255.33126595] 
18:[-167.41024391 -167.40628769 -167.38277239 -167.37904063 -166.91773201 -166.86015699 -166.82795907 -166.79415204 -166.7124494  -166.64786863 -166.54083982 -166.53373881 -166.50548727 -166.41572292 -166.36767906 -165.84639526 -165.81540846 -165.6832714  -165.58861599 -165.58860499 -165.58773075 -165.29214653 -165.2350935  -165.16654942 -164.67308098 -164.43190088 -164.41941095 -164.4194106  -164.10790168] 
19:[-346.69797686 -346.69142265 -346.67579772 -346.20551458 -346.08899213 -346.08134106 -346.06162471 -346.06063734 -346.03385383 -346.03293622 -346.001575   -345.98252423 -345.80034068 -345.79408448 -345.78962539 -345.77999047 -345.76325328 -345.7608434  -345.50958755 -345.46007891 -345.34639404 -345.12500163 -345.10365114 -345.09038762 -345.06636444 -344.99073468 -344.89218208 -344.88676898 -344.72494035] 
20:[-157.05558967 -157.01649884 -157.01624543 -157.00214231 -156.96351243 -156.94537107 -156.94372376 -156.94315237 -156.94112586 -156.9368846 -156.90929507 -156.90302129 -156.89147254 -156.8912681  -156.85703245 -156.8281921  -156.81652417 -156.80456288 -156.77621333 -156.77304044 -156.76626017 -156.76617818 -156.76572305 -156.75804759 -156.75682822 -156.7557857  -156.66999109 -156.5408664  -155.71678192] 
21:[-86.65171625 -86.6261371  -86.62534365 -86.6238306  -86.61758473 -86.61074178 -86.60743037 -86.58059175 -86.56978616 -86.56212715 -86.56174658 -86.56162061 -86.55244235 -86.54757608 -86.53581223 -86.52298675 -86.52275361 -86.51517362 -86.48562585 -86.41075522 -86.389206   -86.38865814 -86.35177241 -86.28624965 -85.92973758 -85.92320364 -85.90764399 -85.86577579 -85.85678184] 
22:[-541.17321951 -541.14571553 -540.86130062 -540.20372992 -540.1433267 -540.11649413 -539.93370646 -539.55628104 -539.44373668 -539.43162829 -539.26648816 -539.22519446 -539.17624415 -539.09003514 -538.71474875 -538.66320078 -538.64705063 -538.63959934 -538.63915938 -538.5780558 -538.52191345 -538.44085821 -538.44085628 -538.4317728  -538.37678451 -538.37595381 -538.31967171 -538.29278694 -538.23887941] 
23:[-195.20624087 -195.17149542 -195.14073074 -195.12307295 -194.43305138 -194.42555262 -194.37757284 -194.37045802 -194.36882158 -194.31472393 -194.23711319 -194.09573246 -193.9466712  -193.31240011 -193.24523128 -193.23357758 -193.16714226 -193.04237382 -193.0398457  -193.03967961 -193.03967079 -192.86356154 -192.52841457 -192.45219863 -192.17647085 -191.95730239 -191.95730188 -191.77836623 -191.55172618] 
24:[-132.19700753 -132.15112584 -132.0683477  -132.03020672 -131.99694336 -131.8946173  -131.89435806 -131.88477771 -131.84497595 -131.82392895 -131.8107828  -131.79337788 -131.66033868 -131.65475439 -131.6399066 -131.62765793 -131.60828786 -131.59795383 -131.58706674 -131.55748153 -131.53139873 -131.2572456  -131.14003523 -130.8959786  -130.82040054 -130.72845219 -130.72448389 -130.66534747 -130.63728292] 
25:[-229.35032773 -229.34998479 -229.05581046 -229.01613634 -229.01609889 -228.96529219 -228.91862065 -228.84558323 -228.73084856 -228.65510827 -228.27780879 -228.27256504 -227.92277275 -227.91111267 -227.78518177 -227.74950819 -227.73909033 -227.62418827 -227.62415154 -227.6236545 -227.27781813 -227.23595016 -227.19832233 -226.94614001 -226.90111896 -226.56391251 -226.24073238 -226.24073211 -225.93921843] 
26:[-346.69797686 -346.69142265 -346.67579772 -346.20551458 -346.08899213 -346.08134106 -346.06162471 -346.06063734 -346.03385383 -346.03293622 -346.001575   -345.98252423 -345.80034068 -345.79408448 -345.78962539 -345.77999047 -345.76325328 -345.7608434  -345.50958755 -345.46007891 -345.34639404 -345.12500163 -345.10365114 -345.09038762 -345.06636444 -344.99073468 -344.89218208 -344.88676898 -344.72494035] 
27:[-312.49312207 -312.49136059 -312.48649732 -312.45830026 -312.44410072 -312.43543505 -312.4337252  -312.41168821 -312.4111142  -312.35097429 -312.33813705 -312.31586076 -312.22674183 -312.21273474 -312.090019 -312.08220726 -312.03565733 -312.03290285 -311.98903702 -311.95515584 -311.9389819  -311.79812263 -311.61702926 -311.59446282 -311.55432287 -311.5530651  -311.43873027 -311.43800531 -311.09021121] 
28:[-215.73916788 -215.73842132 -215.73841678 -215.72603904 -215.70992899 -215.70920571 -215.70118902 -215.50907388 -215.50619588 -215.46445698 -215.46420657 -215.2583719  -215.23118696 -215.22482408 -215.20940744 -215.16618273 -215.16309228 -215.07100244 -215.03536262 -215.01488361 -215.00987072 -214.64953292 -214.45132083 -214.42123753 -214.3352828 -213.99740924 -213.98758789 -213.91085669 -213.30977562] 
RANKING VECTORS IDX
0:[22.  0.  6. 24. 19.  3.  5. 26.  9. 18. 28. 17. 23. 21. 10.  4. 27. 13. 16.  8. 12. 14. 11.  1.  7. 20. 15.  2. 25.] 
1:[ 1. 25. 27.  0. 28. 10. 17. 24.  5. 23. 18.  6. 12. 26.  9. 22. 19.  4.  2.  7. 20. 21. 16.  8. 13.  3. 14. 11. 15.] 
2:[ 2.  4. 24. 19. 15. 16. 13.  3. 10.  8.  6. 21. 27. 14. 11. 12.  1. 18. 22.  0. 23. 26.  5.  9. 17. 28.  7. 20. 25.] 
3:[ 3. 24. 17. 28. 16.  8.  6. 19. 26. 23.  9. 15. 27.  4. 11. 14. 21. 10.  1. 25. 20.  7. 13.  2. 22.  0.  5. 18. 12.] 
4:[ 4. 17. 13. 27.  8. 16. 26.  9. 19.  1. 10. 23.  3.  5. 22.  6. 24. 28.  0. 25. 15. 21. 14. 11.  2. 18. 20.  7. 12.] 
5:[ 5. 23. 12. 18. 17.  0. 22.  6. 19. 26.  9. 10. 27.  1. 28. 21.  4. 20.  7.  2.  3. 24.  8. 13. 16. 25. 14. 11. 15.] 
6:[22.  6.  0. 24. 19. 17.  3. 28. 21. 26. 14. 11.  5.  9. 15.  7. 20. 25.  1. 10. 23.  2. 16.  4.  8. 27. 18. 13. 12.] 
7:[ 4. 20.  7.  6. 23. 17. 22.  8. 16. 10.  3. 27. 21. 19.  2. 14. 11.  0.  5. 24. 26.  9. 18. 13. 12. 28. 15.  1. 25.] 
8:[19. 16.  8. 13.  4. 17. 27.  9.  1. 26.  3. 10. 28. 24. 22. 15.  0.  6. 25. 18. 21. 14. 11. 12. 23.  5.  2.  7. 20.] 
9:[16.  8. 13. 19.  9. 26.  1.  4. 27. 17. 23. 12.  5. 10.  3. 28. 25. 18.  6. 22.  0. 24. 15. 21.  7. 20. 14. 11.  2.] 
10:[10. 27.  4.  5. 13. 16.  8. 19.  1. 26.  9. 24. 22.  0.  3.  6. 17. 25. 28. 12. 23. 15.  2. 21. 18. 14. 11.  7. 20.] 
11:[14. 11. 21.  6.  3. 24.  2.  0. 15. 19. 17. 28.  1.  8. 13. 16. 26.  9.  4. 22. 27.  5. 20.  7. 10. 23. 12. 18. 25.] 
12:[12. 23.  5. 18. 10.  0. 19. 21.  4. 17.  6. 20.  7.  1. 24.  3.  9. 22. 26.  8. 13. 16. 27.  2. 14. 11. 28. 15. 25.] 
13:[ 8. 16. 13.  1. 27.  4. 19.  9. 26. 17.  3. 28. 23. 10. 24. 22.  0. 15. 25.  5. 21. 14. 11.  7. 20.  2.  6. 12. 18.] 
14:[21. 14. 11. 24.  3. 28. 17.  0.  6. 15.  2.  7. 20.  1. 16.  8. 13. 27.  4. 26.  9. 25. 22. 19.  5. 10. 18. 12. 23.] 
15:[15. 19. 24.  3.  4. 14. 11. 21. 13. 16. 27.  6. 28. 10.  8.  1.  2. 22. 26.  9. 12. 23. 17.  5. 20.  7.  0. 25. 18.] 
16:[ 8. 13. 16. 27.  4.  1.  9. 26. 17. 28.  3. 10. 23. 24. 15.  5. 22. 25. 21. 14. 11. 19.  0.  2. 20.  7.  6. 18. 12.] 
17:[ 3. 17. 24.  5.  8. 13.  9. 16. 26. 28. 15. 19.  6. 27.  4.  1. 25. 10. 14. 11. 21. 20.  7. 23.  2. 18. 22.  0. 12.] 
18:[23. 18.  5. 12. 17. 27.  1. 24.  0.  6. 10. 26. 19. 28.  9.  7. 20.  4.  8. 13. 16.  3. 22. 25.  2. 21. 14. 11. 15.] 
19:[19. 26.  9.  3.  4. 24. 28. 17. 27.  8. 13. 16. 22.  1.  6. 21. 14. 11.  0. 10. 15. 23.  5. 25. 12. 18. 20.  7.  2.] 
20:[19.  0.  6.  7. 20. 27.  8. 13.  4. 16. 12. 22. 23.  5. 21. 18. 10. 17. 24.  3. 14. 11.  9.  1. 15. 26.  2. 28. 25.] 
21:[ 3.  4. 12. 19. 27. 21. 22.  6. 16. 13.  0.  8. 26.  9. 18. 28. 17. 10.  1. 24. 14. 11. 15. 25.  2.  7. 20. 23.  5.] 
22:[22.  0.  6. 24. 19.  3.  5. 26.  9. 18. 28. 17. 23. 21. 10.  4. 27. 13. 16.  8. 12. 14. 11.  1.  7. 20. 15.  2. 25.] 
23:[ 5. 23. 12. 18. 26. 19. 27.  9.  1. 10.  6.  0. 17.  7. 20.  4. 24. 16. 21.  8. 13.  3. 22. 25. 28. 14. 11.  2. 15.] 
24:[12. 24. 23. 19. 18.  0.  3. 17.  5.  1. 27. 10. 20. 26.  6.  4.  9.  7.  8. 13. 16. 22. 28. 25.  2. 14. 11. 21. 15.] 
25:[ 1. 25.  6. 10. 27. 24. 17. 28. 19.  0.  9. 26. 20.  7. 23.  5.  4.  8. 13. 16. 22. 12.  3. 21. 18.  2. 14. 11. 15.] 
26:[19. 26.  9.  3.  4. 24. 28. 17. 27.  8. 13. 16. 22.  1.  6. 21. 14. 11.  0. 10. 15. 23.  5. 25. 12. 18. 20.  7.  2.] 
27:[ 8. 13. 16.  1. 19. 27.  4. 26.  9. 23.  5. 17. 10. 18. 24. 28. 15. 25.  3.  6. 22.  0.  2. 21. 14. 11.  7. 20. 12.] 
28:[21. 14. 11.  4. 28. 17. 27.  6. 19. 24.  3.  8. 16. 13. 15.  7. 20. 26.  9.  1. 25.  2. 18. 22.  0. 10.  5. 12. 23.] 
POSCARS
EA251   4.123  4.120  4.126 72.33 72.07 107.65 Sym.group:  148
1.0
   4.1228980000000002    0.0184750000000000   -0.0250150000000000
  -1.2669349999999999    3.9199069999999998   -0.0313240000000000
   1.2831450000000000    1.7590380000000001    3.5041810000000000
F C
6 2
direct
   0.8869130000000000    0.0738220000000000    0.4183890000000000 F
   0.0747610000000000    0.7042720000000000    0.2349820000000000 F
   0.1652560000000000    0.5355650000000000    0.7581180000000000 F
   0.5344510000000000    0.3640480000000000    0.9563250000000000 F
   0.3642830000000000    0.1660900000000000    0.5863770000000000 F
   0.7053530000000000    0.8874020000000000    0.0481200000000000 F
   0.7894660000000000    0.7890900000000000    0.3331630000000000 C
   0.4542910000000000    0.4547000000000000    0.6674900000000000 C
EA53    2.363  2.363  5.424 89.93 89.95 60.01 Sym.group:  156
1.0
   2.3631080000000000    0.0001610000000000    0.0019400000000000
   1.1812680000000000    2.0469149999999998    0.0016730000000000
   0.0001950000000000    0.0035560000000000    5.4235080000000000
N C
3 1
direct
   0.2599130000000000    0.7428570000000000    0.2681910000000000 N
   0.5930170000000000    0.0796780000000000    0.8666260000000000 N
   0.2600240000000000    0.7424180000000000    0.4714860000000000 N
   0.9262899999999999    0.4129200000000000    0.9036030000000000 C
EA292   4.792  4.792  4.690 90.00 90.00 60.00 Sym.group:  191
1.0
   4.7919330000000002    0.0011640000000000   -0.0024310000000000
   2.3948969999999998    4.1505530000000004   -0.0012420000000000
   0.0021320000000000    0.0000750000000000    4.6895829999999998
Si Na
6 2
direct
   0.0004400000000000    0.5013780000000000    0.6862680000000000 Si
   0.5004700000000000    0.0010760000000000    0.6868430000000000 Si
   0.5007120000000000    0.5008140000000000    0.6881260000000000 Si
   0.5012130000000000    0.0008690000000000    0.1868420000000000 Si
   0.5007030000000000    0.5007370000000000    0.1881250000000000 Si
   0.0005630000000000    0.5014280000000000    0.1862670000000000 Si
   0.0010560000000000    0.0011960000000000    0.9371720000000000 Na
   0.0009610000000000    0.0011540000000000    0.4371810000000000 Na
EA10    5.183  5.181  3.339 90.00 90.00 60.60 Sym.group:  176
1.0
   5.1810440000000000    0.1465580000000000    0.0015340000000000
   2.4146570000000001    4.5836880000000004   -0.0019450000000000
  -0.0009210000000000    0.0018450000000000    3.3391280000000001
Na O
6 2
direct
   0.1099990000000000    0.7430430000000000    0.2488900000000000 Na
   0.0084090000000000    0.4756650000000000    0.7489700000000000 Na
   0.4758600000000000    0.6429760000000000    0.7490860000000000 Na
   0.7467190000000000    0.2745400000000000    0.2491110000000000 Na
   0.6459410000000000    0.0068380000000000    0.7491600000000000 Na
   0.2795080000000000    0.1076340000000000    0.2489400000000000 Na
   0.7098780000000000    0.7095900000000001    0.2491000000000000 O
   0.0455230000000000    0.0408160000000000    0.7489410000000000 O
EA305   2.731  2.746  6.898 79.26 90.01 60.19 Sym.group:  166
1.0
   2.7307470000000000    0.0006470000000000   -0.0013580000000000
   1.3647330000000000    2.3830870000000002    0.0030340000000000
   0.0015410000000000    1.4716430000000000    6.7390220000000003
Mg O
3 1
direct
   0.0538140000000000    0.5506210000000000    0.8638790000000000 Mg
   0.6079850000000000    0.4389080000000000    0.5101290000000001 Mg
   0.8359730000000000    0.0019350000000000    0.1869850000000000 Mg
   0.3308240000000000    0.9943630000000000    0.6869330000000000 O
EA388   2.442  2.441  7.519 80.69 89.98 120.00 Sym.group:  166
1.0
   2.4415070000000001   -0.0014230000000000    0.0000090000000000
  -1.2194659999999999    2.1151059999999999    0.0013180000000000
   0.0036320000000000    1.4018969999999999    7.3867339999999997
C H
6 2
direct
   0.6888590000000000    0.8923990000000001    0.4183610000000000 C
   0.0436120000000000    0.6018510000000000    0.3540340000000000 C
   0.1972540000000000    0.9105150000000000    0.8925380000000001 C
   0.8424400000000000    0.2010090000000000    0.9568640000000000 C
   0.6214240000000000    0.7576550000000000    0.6217480000000000 C
   0.2656230000000000    0.0461570000000000    0.6891530000000000 C
   0.0925950000000000    0.6991190000000000    0.2084280000000000 H
   0.7941610000000000    0.1044490000000000    0.1024720000000000 H
EA250   4.111  4.113  4.100 94.76 94.83 94.63 Sym.group:  148
1.0
   4.1110970000000000    0.0022630000000000   -0.0198340000000000
  -0.3344760000000000    4.0995119999999998   -0.0433880000000000
  -0.3254540000000000   -0.3246420000000000    4.0743809999999998
F P
6 2
direct
   0.5926410000000000    0.1641030000000000    0.2918080000000000 F
   0.4030230000000000    0.8392050000000000    0.7123280000000000 F
   0.2867760000000000    0.5947590000000000    0.1640870000000000 F
   0.7089500000000000    0.4087220000000000    0.8401100000000000 F
   0.8348540000000000    0.7116540000000000    0.4074860000000000 F
   0.1606750000000000    0.2915180000000000    0.5964050000000000 F
   0.2185440000000000    0.2212390000000000    0.2219280000000000 P
   0.7771740000000000    0.7821820000000000    0.7819650000000000 P
EA43    3.916  3.921  3.926 109.52 70.53 70.58 Sym.group:  229
1.0
   3.9151050000000001   -0.0530390000000000    0.0890480000000000
   1.3522559999999999    3.6796700000000002    0.0908430000000000
   1.2100720000000000   -1.9216590000000000    3.2023619999999999
P Si
3 1
direct
   0.0046530000000000    0.5020920000000000    0.4988200000000000 P
   0.5047320000000000    0.0020910000000000    0.4988200000000000 P
   0.5046970000000000    0.5021020000000000    0.9988260000000000 P
   0.0047140000000000    0.0020670000000000    0.9987770000000000 Si
EA215   2.900  6.201  2.901 89.89 60.06 89.92 Sym.group:  164
1.0
   2.9000569999999999   -0.0011820000000000    0.0008240000000000
   0.0113450000000000    6.2013040000000004   -0.0053170000000000
   1.4471220000000000    0.0048800000000000    2.5139710000000002
Mg N
3 1
direct
   0.3270950000000000    0.8593220000000000    0.2148300000000000 Mg
   0.9945610000000000    0.5350670000000000    0.8830330000000000 Mg
   0.6567060000000000    0.1970950000000000    0.5532350000000000 Mg
   0.6609840000000000    0.6972100000000000    0.5488080000000000 N
EA33    3.961  3.961  3.868 89.97 89.62 60.01 Sym.group:  162
1.0
   3.9607239999999999    0.0001430000000000   -0.0028020000000000
   1.9795590000000001    3.4305530000000002   -0.0018280000000000
   0.0285870000000000   -0.0124190000000000    3.8680219999999998
Li H
6 2
direct
   0.3347190000000000    0.0052410000000000    0.2498340000000000 Li
   0.6604650000000000    0.3421820000000000    0.2491500000000000 Li
   0.9979330000000000    0.6679550000000000    0.2493650000000000 Li
   0.6641899999999999    0.0034180000000000    0.7540530000000000 Li
   0.3383000000000000    0.6665960000000000    0.7547170000000000 Li
   0.0008560000000000    0.3408890000000000    0.7545610000000000 Li
   0.6660020000000000    0.6712770000000000    0.0024830000000000 H
   0.3328290000000000    0.3374860000000000    0.0014690000000000 H
EA50    2.325  2.337  5.624 101.95 78.12 119.17 Sym.group:  160
1.0
   1.1538839999999999    2.0183399999999998   -0.0068750000000000
  -2.3369849999999999    0.0238200000000000   -0.0025830000000000
   1.1653640000000001    0.6859080000000000    5.4589270000000001
Be O
3 1
direct
   0.5895020000000000    0.0465390000000000    0.4783490000000000 Be
   0.8375490000000000    0.8004210000000000    0.7570350000000000 Be
   0.3921720000000000    0.2453210000000000    0.0743110000000000 Be
   0.6856810000000000    0.9497940000000000    0.1980460000000000 O
EA28    3.597  6.311  3.657 88.97 60.55 73.45 Sym.group:  225
1.0
   1.8077070000000000    0.4377700000000000    3.0783909999999999
   1.8470290000000000    6.0324150000000003    0.1577050000000000
  -1.8473470000000001    0.5534210000000001    3.1066460000000000
Li Si
6 2
direct
   0.8810890000000000    0.9373170000000000    0.8096800000000000 Li
   0.8806010000000000    0.4373940000000000    0.3089500000000000 Li
   0.1309080000000000    0.5611960000000000    0.6849890000000000 Li
   0.1315640000000000    0.0613750000000000    0.1842660000000000 Li
   0.3815370000000000    0.6852070000000000    0.0605880000000000 Li
   0.3818720000000000    0.1852070000000000    0.5591090000000000 Li
   0.6312750000000000    0.8112870000000000    0.4351710000000000 Si
   0.6312460000000000    0.3113000000000000    0.9339990000000000 Si
EA305   2.664  2.663  8.355 89.97 89.97 60.01 Sym.group:  164
1.0
   2.6639260000000000   -0.0003200000000000   -0.0025270000000000
   1.3312330000000001    2.3064499999999999   -0.0011720000000000
   0.0115810000000000    0.0030820000000000    8.3544920000000005
B F
6 2
direct
   0.2007370000000000    0.1660160000000000    0.7932810000000000 B
   0.8692550000000000    0.8322900000000000    0.6801440000000000 B
   0.2030480000000000    0.1658360000000000    0.5904550000000000 B
   0.8668600000000000    0.8327020000000001    0.8829669999999999 B
   0.8697210000000000    0.8331060000000000    0.4905710000000000 B
   0.2000360000000000    0.1658390000000000    0.9828360000000000 B
   0.2019460000000000    0.1654020000000000    0.1383110000000000 F
   0.8680330000000001    0.8331760000000000    0.3351170000000000 F
EA43    2.670  2.639  6.865 90.33 89.74 119.52 Sym.group:  164
1.0
   1.4526889999999999   -2.2407970000000001    0.0049070000000000
   1.2194680000000000    2.3401369999999999    0.0040710000000000
  -0.0288820000000000   -0.0410790000000000    6.8647250000000000
Na H
3 1
direct
   0.6943530000000000    0.2231150000000000    0.1750140000000000 Na
   0.3755450000000000    0.5579390000000000    0.8223100000000000 Na
   0.0363030000000000    0.8894339999999999    0.4987130000000000 Na
   0.0347670000000000    0.8907020000000000    0.9986790000000000 H
EA163   3.598  3.598  6.216 106.77 106.77 60.09 Sym.group:  225
1.0
   3.5982870000000000   -0.0027330000000000    0.0006900000000000
   1.7967310000000001    3.1173790000000001   -0.0156590000000000
  -1.7952450000000000   -1.0057640000000001    5.8656170000000003
Li P
6 2
direct
   0.9406740000000000    0.5619459999999999    0.5638590000000000 Li
   0.5654480000000000    0.1868380000000000    0.4383540000000000 Li
   0.4406010000000000    0.0618760000000000    0.0637170000000000 Li
   0.8158360000000000    0.4372040000000000    0.1892540000000000 Li
   0.0654270000000000    0.6867560000000000    0.9384520000000000 Li
   0.3157530000000000    0.9371200000000000    0.6891530000000000 Li
   0.1906520000000000    0.8120450000000000    0.3138150000000000 P
   0.6905900000000000    0.3119320000000000    0.8138010000000000 P
EA19    5.190  5.189  5.190 119.97 60.04 89.95 Sym.group:  221
1.0
   5.1893539999999998   -0.0423180000000000   -0.0031950000000000
   0.0471190000000000    5.1891299999999996   -0.0029890000000000
   2.5733250000000001   -2.6140300000000001    3.6718590000000000
Mg P
6 2
direct
   0.9984520000000000    0.3714420000000000    0.4981880000000000 Mg
   0.5000090000000000    0.3734500000000000    0.4949120000000000 Mg
   0.4991900000000000    0.8721160000000000    0.9970240000000000 Mg
   0.0022810000000000    0.3732850000000000    0.9971470000000000 Mg
   0.0014490000000000    0.8719430000000000    0.4991510000000000 Mg
   0.5029770000000000    0.8740580000000000    0.4960820000000000 Mg
   0.0007020000000000    0.8727680000000000    0.9971210000000000 P
   0.5007670000000000    0.3727000000000000    0.9970230000000000 P
EA108   2.663  2.633  7.262 90.15 89.75 60.53 Sym.group:  164
1.0
   2.6627109999999998   -0.0028240000000000   -0.0033660000000000
   1.2975570000000001    2.2906209999999998    0.0006150000000000
   0.0414410000000000   -0.0478060000000000    7.2615650000000000
Na F
3 1
direct
   0.0076430000000000    0.0054250000000000    0.0009020000000000 Na
   0.3353380000000000    0.3333280000000000    0.3144020000000000 Na
   0.6486459999999999    0.6776870000000000    0.6873670000000000 Na
   0.9918040000000000    0.0055350000000000    0.5009270000000000 F
EA1     2.916  2.915  7.106 89.98 90.02 119.98 Sym.group:  164
1.0
   1.4623340000000000   -2.5226600000000001    0.0014090000000000
   1.4541970000000000    2.5268380000000001   -0.0016330000000000
   0.0004350000000000    0.0075920000000000    7.1064179999999997
Li O
6 2
direct
   0.6699640000000000    0.9604210000000000    0.1676180000000000 Li
   0.0035520000000000    0.6270070000000000    0.0086470000000000 Li
   0.3364680000000000    0.2936960000000000    0.8397130000000000 Li
   0.3359180000000000    0.2939730000000000    0.3415060000000000 Li
   0.6691660000000000    0.9605629999999999    0.6694080000000000 Li
   0.0022710000000000    0.6273800000000000    0.5005140000000000 Li
   0.6700790000000000    0.9603640000000000    0.9220110000000000 O
   0.3356900000000000    0.2939890000000000    0.5870980000000000 O
EA327   2.430  2.430 10.306 90.04 90.04 60.00 Sym.group:  164
1.0
   2.4299750000000002    0.0029530000000000    0.0154170000000000
   1.2122100000000000    2.1059139999999998    0.0157600000000000
  -0.0723080000000000   -0.0447310000000000   10.3060500000000008
C P
6 2
direct
   0.5403620000000000    0.2428460000000000    0.0702420000000000 C
   0.5382980000000001    0.2420360000000000    0.6357650000000000 C
   0.2055110000000000    0.9087170000000000    0.8290190000000000 C
   0.8734459999999999    0.5760280000000000    0.0235170000000000 C
   0.8724390000000000    0.5754950000000000    0.8769880000000000 C
   0.2050950000000000    0.9087620000000000    0.6824890000000000 C
   0.5406110000000000    0.2447010000000000    0.2480930000000000 P
   0.5403720000000000    0.2419160000000000    0.4579140000000000 P
EA137   5.147  5.147  5.590 117.41 90.01 120.00 Sym.group:  148
1.0
   2.6573030000000002   -4.4082229999999996    0.0528200000000000
   2.4891310000000000    4.5046239999999997   -0.0942770000000000
  -2.5085440000000001   -1.4543210000000000    4.7792729999999999
Cl Al
6 2
direct
   0.0614710000000000    0.7189140000000001    0.4315130000000000 Cl
   0.9190360000000000    0.0750940000000000    0.9659160000000000 Cl
   0.4202330000000000    0.3985410000000000    0.4315890000000000 Cl
   0.7406260000000000    0.0779020000000000    0.4318570000000000 Cl
   0.2394280000000000    0.7544540000000000    0.9661840000000000 Cl
   0.5981910000000000    0.4340810000000000    0.9662590000000000 Cl
   0.1632790000000000    0.2431980000000000    0.6987610000000000 Al
   0.4963830000000000    0.9097960000000000    0.6990120000000000 Al
EA83    3.974  3.974  3.974 109.47 70.53 70.53 Sym.group:  229
1.0
   1.3223830000000001    3.7479019999999998   -0.0005040000000000
  -1.3267840000000000    1.8723420000000000   -3.2447080000000001
  -1.3255159999999999    1.8727529999999999    3.2449590000000001
Si S
3 1
direct
   0.0021250000000000    0.4959550000000000    0.4931330000000000 Si
   0.5021080000000000    0.9959620000000000    0.4931560000000000 Si
   0.5021910000000001    0.4958970000000000    0.9931390000000000 Si
   0.0021730000000000    0.9958590000000000    0.9931750000000000 S
EA186   3.504  3.501  3.504 109.09 109.12 70.91 Sym.group:  166
1.0
   3.5032969999999999    0.0440030000000000   -0.0319580000000000
   1.1028420000000001    3.3221720000000001   -0.0318940000000000
  -1.1081960000000000   -0.8085170000000000    3.2239810000000002
Si H
3 1
direct
   0.2281920000000000    0.9756089999999999    0.7083220000000000 Si
   0.9345180000000000    0.6828610000000001    0.0007900000000000 Si
   0.6420480000000000    0.3901260000000000    0.2944580000000000 Si
   0.4274450000000000    0.1829280000000000    0.4937710000000000 H
EA148   3.885  3.884  4.314 90.45 90.06 60.01 Sym.group:  162
1.0
   1.9452229999999999    3.3634590000000002   -0.0000500000000000
  -1.9404729999999999    3.3649629999999999    0.0005690000000000
   0.0303290000000000   -0.0223600000000000    4.3140710000000002
F C
6 2
direct
   0.5550300000000000    0.1252570000000000    0.9223640000000000 F
   0.1961330000000000    0.8049910000000000    0.9203560000000000 F
   0.8752560000000000    0.4462250000000000    0.9249630000000000 F
   0.1967490000000000    0.1241840000000000    0.4533030000000000 F
   0.8765150000000000    0.8032400000000000    0.4504160000000000 F
   0.5556179999999999    0.4444690000000000    0.4553040000000000 F
   0.8761790000000000    0.1242330000000000    0.3575950000000000 C
   0.8756020000000000    0.1253180000000000    0.0179720000000000 C
EA253   2.449  2.461 10.419 96.72 96.70 60.75 Sym.group:  166
1.0
   1.2800060000000000    2.0878540000000001    0.0093590000000000
  -1.2022320000000000    2.1473490000000002    0.0245600000000000
   0.0365320000000000   -1.4941640000000000   10.3115299999999994
C S
6 2
direct
   0.0697190000000000    0.3043280000000000    0.4846960000000000 C
   0.2155190000000000    0.4531080000000000    0.9182300000000000 C
   0.8660390000000000    0.1033890000000000    0.8713180000000000 C
   0.8174360000000001    0.0539610000000000    0.7252950000000000 C
   0.4679800000000000    0.7035160000000000    0.6776300000000000 C
   0.4192400000000000    0.6540540000000000    0.5316080000000000 C
   0.2722760000000000    0.5122130000000000    0.0902550000000000 S
   0.0122220000000000    0.2450630000000000    0.3126720000000000 S
EA37    4.264  4.264  4.208 90.00 90.01 120.00 Sym.group:  164
1.0
   4.2638410000000002   -0.0001180000000000   -0.0004540000000000
  -2.1315990000000000    3.6926410000000001    0.0000530000000000
   0.0000810000000000    0.0002780000000000    4.2083029999999999
B S
6 2
direct
   0.1314800000000000    0.2601690000000000    0.1607050000000000 B
   0.7458590000000000    0.8756090000000000    0.1606640000000000 B
   0.1304490000000000    0.8744990000000000    0.1597110000000000 B
   0.8732080000000000    0.7472510000000000    0.8391130000000000 B
   0.2588290000000000    0.1318100000000000    0.8391550000000000 B
   0.8742340000000000    0.1329190000000000    0.8401110000000001 B
   0.6689410000000000    0.3370830000000000    0.6199970000000000 S
   0.3357490000000000    0.6703380000000000    0.3798190000000000 S
EA301   2.469  2.469  5.438 90.03 89.21 119.99 Sym.group:  187
1.0
   1.2351710000000000   -2.1378849999999998    0.0008290000000000
   1.2343860000000000    2.1382580000000000   -0.0010090000000000
   0.0731500000000000   -0.0424050000000000    5.4378320000000002
N B
3 1
direct
   0.2811560000000000    0.7461880000000000    0.0963260000000000 N
   0.6069750000000000    0.4074460000000000    0.4953130000000000 N
   0.2643370000000000    0.7404430000000000    0.8958500000000000 N
   0.9403899999999999    0.0740740000000000    0.4952310000000000 B
EA83    5.148  4.741  5.149 90.00 60.01 90.01 Sym.group:  162
1.0
   5.1460509999999999    0.1050740000000000   -0.0664380000000000
  -0.0973360000000000    4.7397669999999996    0.0273200000000000
   2.6310180000000001    0.0283900000000000    4.4261179999999998
Cl Al
6 2
direct
   0.8754590000000000    0.4127620000000000    0.8120420000000000 Cl
   0.1965540000000000    0.8792330000000000    0.4911480000000000 Cl
   0.5543320000000000    0.8791560000000000    0.8118430000000000 Cl
   0.8761020000000000    0.8787310000000000    0.1696030000000000 Cl
   0.5550130000000000    0.4122400000000000    0.4904840000000000 Cl
   0.1972300000000000    0.4123250000000000    0.1697900000000000 Cl
   0.5427270000000000    0.1451900000000000    0.1573960000000000 Al
   0.2088350000000000    0.1462870000000000    0.8242290000000000 Al
EA461   2.370  2.378  6.254 79.25 79.25 60.29 Sym.group:  160
1.0
   1.1861610000000000   -2.0519140000000000   -0.0014570000000000
   2.3775270000000002    0.0131660000000000   -0.0111830000000000
   1.1990989999999999   -0.6582090000000000    6.1025679999999998
Li F
3 1
direct
   0.1620430000000000    0.8175460000000000    0.6258640000000000 Li
   0.9183680000000000    0.5940960000000000    0.3065120000000000 Li
   0.3761920000000000    0.0294630000000000    0.9845739999999999 Li
   0.7694970000000000    0.4235700000000000    0.8048020000000000 F
EA60    3.146  5.569  3.146 90.00 119.97 89.99 Sym.group:  194
1.0
   3.1463049999999999   -0.0001700000000000    0.0001140000000000
   0.0012890000000000    5.5691100000000002   -0.0002810000000000
  -1.5714640000000000    0.0006360000000000    2.7253440000000002
Li N
6 2
direct
   0.3902400000000000    0.3765880000000000    0.3918910000000000 Li
   0.3879020000000000    0.8760590000000000    0.3927290000000000 Li
   0.0557030000000000    0.2088120000000000    0.7250770000000000 Li
   0.7218930000000000    0.7090180000000000    0.0591940000000000 Li
   0.7217410000000000    0.0459530000000000    0.0591890000000000 Li
   0.0567810000000000    0.5457140000000000    0.7256570000000000 Li
   0.7235350000000000    0.3775120000000000    0.0585240000000000 N
   0.0546020000000000    0.8773550000000000    0.7260730000000000 N
