NUMBER OF TEMPLATES 15
COMPOSITION A 1 B
pairs , SPACEGROUPS 
[Cl Li] , 225 
[N O] , 160 
[Cl O] , 139 
[F Li] , 194 
[Li Na] , 187 
[Na S] , 123 
[F Na] , 225 
[B S] , 166 
[Li Mg] , 123 
[Mg S] , 225 
[B C] , 139 
[Mg N] , 187 
[N Si] , 156 
[Be Li] , 129 
[B N] , 216 
RANKING VECTORS ENTHALPIES
0:[-318.969387   -318.96859921 -318.96859741 -318.96584808 -318.95805442 -318.71589016 -318.69515604 -318.69227159 -318.56437303 -318.54459722 -318.54433957 -318.35669071 -318.35416226 -318.15489032 -318.10723341] 
1:[-361.88412447 -360.99587357 -360.87831647 -360.48477509 -360.16048795 -360.12245363 -360.05966514 -360.05966512 -360.0564745  -359.93808524 -359.89804801 -359.83248132 -359.51862434 -359.48800794 -359.48774046] 
2:[-442.671709   -442.64552846 -442.55477808 -442.00145809 -441.96833847 -441.96741712 -441.96723863 -441.91632185 -441.9160645  -441.88909256 -441.76277272 -441.76024897 -441.75883029 -441.69542957 -440.91209907] 
3:[-432.95994989 -432.95994256 -432.95994229 -432.95262766 -432.90849909 -432.78793924 -432.76541953 -432.75057293 -432.66392818 -432.66006321 -432.64218881 -432.54990304 -432.54988214 -432.38589551 -432.35574864] 
4:[-714.89224272 -714.87438584 -714.87385614 -714.87321123 -714.87172554 -714.86780087 -714.86510441 -714.85962339 -714.83496935 -714.82507914 -714.75114669 -714.73967956 -714.73962391 -714.51517341 -714.27392308] 
5:[-767.90367092 -767.90345114 -767.58820576 -767.564309   -767.55900083 -767.30816827 -767.09714713 -767.09375954 -767.06640026 -767.04116226 -767.04115602 -766.92712717 -766.71880232 -766.44672399 -765.5583053 ] 
6:[-955.55901182 -955.55716565 -955.45393931 -955.45340743 -955.45327696 -955.45301655 -955.40558909 -955.38365035 -955.35885908 -955.16251999 -955.15110122 -954.85422275 -954.81095195 -954.70921108 -954.59189224] 
7:[-186.94242881 -186.58542887 -186.39893709 -186.39893709 -186.38215468 -186.36368577 -186.26900166 -186.21865992 -186.19989919 -186.15068683 -186.06596202 -185.61393543 -185.4608447  -185.44808803 -185.32749641] 
8:[-901.54827982 -901.54131758 -901.47978483 -901.35706695 -901.32924789 -901.32646587 -901.30151245 -901.27126506 -901.19338855 -901.17009443 -901.15972092 -901.15971749 -901.15900808 -900.84910163 -899.86017159] 
9:[-954.74573324 -954.74282932 -954.74281485 -954.73473844 -954.6989362 -954.36688826 -954.35587936 -954.24744465 -954.24155464 -954.12867835 -953.83519036 -953.69499511 -953.64168006 -953.63408109 -952.92451499] 
10:[-119.79770711 -119.63003505 -119.46474246 -119.33492911 -118.86712519 -118.84156023 -118.84153098 -118.80093189 -118.66633666 -118.35111581 -118.33722869 -117.87091595 -117.83083695 -117.24530152 -117.23945935] 
11:[-946.25378227 -946.0586664  -946.02822513 -946.00219454 -946.00217298 -946.00210468 -945.96368953 -945.91236529 -945.90316807 -945.88835806 -945.65090386 -945.52620858 -945.14628582 -945.09712753 -944.97975801] 
12:[-196.4310444  -196.19346551 -195.98688612 -195.873909   -195.75746735 -195.73651151 -195.69699015 -195.68663399 -195.67549874 -195.47088902 -195.41176798 -195.41176798 -195.39480035 -194.93123351 -194.92053614] 
13:[-284.8859612  -284.88151252 -284.88123485 -284.85797911 -284.8433244 -284.83124328 -284.81425042 -284.79311401 -284.78919393 -284.72985388 -284.20389499 -284.10653456 -284.10028976 -284.100284   -282.54373578] 
14:[-180.52723124 -180.05867815 -180.03708662 -178.93334982 -178.92472705 -178.92472253 -178.90300743 -178.9029461  -178.8766196  -178.59336397 -178.05633114 -178.02781565 -177.15193291 -176.74972407 -176.74583096] 
RANKING VECTORS IDX
0:[13.  6.  0.  9. 11. 12.  3.  4.  2.  8.  5.  1. 14.  7. 10.] 
1:[ 1. 10. 12.  7. 13.  2.  6.  0.  9. 11.  3.  4. 14.  5.  8.] 
2:[ 1.  2. 13.  9. 11.  6.  0.  4. 12.  3.  7.  5.  8. 10. 14.] 
3:[ 9.  6.  0. 13. 11.  3.  4. 12.  5.  8.  2.  1. 14.  7. 10.] 
4:[13.  3.  5.  8.  4. 12.  2. 11.  7.  1.  9.  0.  6. 10. 14.] 
5:[ 8.  5.  3.  4. 11. 13.  1. 12.  9.  6.  0.  2.  7. 10. 14.] 
6:[ 8.  5.  9.  6.  0. 13. 11.  3.  4.  2. 12. 10.  7.  1. 14.] 
7:[ 7. 12.  0.  6.  9. 13. 14. 11.  3. 10.  4.  2.  8.  5.  1.] 
8:[ 5.  8. 13. 11.  3.  4.  7. 12.  1.  2.  6.  0.  9. 10. 14.] 
9:[13.  6.  0.  9.  3. 11.  4.  8.  5.  2.  7. 12.  1. 14. 10.] 
10:[10. 12. 14.  7. 13.  6.  0.  9.  3.  4. 11.  2.  1.  8.  5.] 
11:[11. 12.  9.  6.  0. 13.  3.  8.  5.  4.  2. 10.  1.  7. 14.] 
12:[ 2. 12. 10.  1. 14.  3.  4. 13.  7. 11.  0.  6.  9.  5.  8.] 
13:[13.  3.  4. 11. 12.  1.  2.  8.  5.  7. 10.  9.  6.  0. 14.] 
14:[14.  7. 12. 13.  6.  0.  3.  9. 10.  2. 11.  4.  1.  5.  8.] 
POSCARS
EA96    3.064  3.065  3.065 60.02 60.02 60.02 Sym.group:  225
1.0
   1.5412220000000001   -2.6484809999999999    0.0005390000000000
   3.0644819999999999    0.0113070000000000    0.0178740000000000
   1.5201570000000000   -0.8868710000000000    2.5093260000000002
Cl Li
1 1
direct
   0.2629950000000000    0.8232710000000000    0.1687850000000000 Cl
   0.7628950000000000    0.3232900000000000    0.6687460000000000 Li
EA37    2.292  2.292  6.496 80.22 99.77 119.46 Sym.group:  160
1.0
   2.2919470000000000    0.0024120000000000   -0.0190910000000000
  -1.1291789999999999    1.9945290000000000    0.0090090000000000
  -1.0500389999999999    0.6442890000000000    6.3776999999999999
O N
2 2
direct
   0.2241560000000000    0.7810360000000000    0.1617740000000000 O
   0.7211400000000000    0.2779780000000000    0.6617980000000000 O
   0.2821760000000000    0.7230350000000000    0.3399740000000000 N
   0.7791709999999999    0.2199780000000000    0.8400069999999999 N
EA331   2.306  7.981  2.306 81.81 90.98 81.88 Sym.group:  139
1.0
   2.3060179999999999   -0.0191640000000000    0.0109330000000000
   1.1929110000000001    7.8913110000000000    0.0912200000000000
  -0.0476260000000000    0.3131370000000000    2.2843969999999998
Cl O
2 2
direct
   0.9650240000000000    0.5409830000000000    0.7703310000000000 Cl
   0.3100490000000000    0.8480290000000000    0.1187680000000000 Cl
   0.6754660000000000    0.1180990000000000    0.4831730000000000 O
   0.5996020000000000    0.2709490000000000    0.4061410000000000 O
EA119   2.508  2.508  4.329 89.99 89.99 60.01 Sym.group:  194
1.0
   1.2588120000000000   -2.1691220000000002    0.0047060000000000
   2.5082770000000001    0.0059160000000000    0.0021060000000000
  -0.0031460000000000    0.0062900000000000    4.3290970000000000
F Li
2 2
direct
   0.6648380000000000    0.6648790000000000    0.2534100000000000 F
   0.3314310000000000    0.3318450000000000    0.7534090000000000 F
   0.9980000000000000    0.9984980000000000    0.0034320000000000 Li
   0.9983980000000000    0.9984620000000000    0.5034570000000000 Li
EA123   2.535  2.527  3.977 89.99 90.07 119.86 Sym.group:  187
1.0
   2.5352350000000001   -0.0039460000000000    0.0074930000000000
  -1.2548630000000001    2.1937220000000002   -0.0008400000000000
  -0.0165430000000000   -0.0073010000000000    3.9769760000000001
Na Li
1 1
direct
   0.6553780000000000    0.8328730000000000    0.9985810000000001 Na
   0.3173680000000000    0.1660210000000000    0.4986180000000000 Li
EA120   2.598  2.598  7.015 89.99 90.00 90.12 Sym.group:  123
1.0
   2.5977730000000001    0.0045990000000000    0.0007530000000000
  -0.0099900000000000    2.5976319999999999   -0.0048070000000000
  -0.0022590000000000    0.0136650000000000    7.0149210000000002
Na S
2 2
direct
   0.2562920000000000    0.7504700000000000    0.2723070000000000 Na
   0.2587670000000000    0.7522600000000000    0.7722890000000000 Na
   0.7580800000000000    0.2533620000000000    0.0222570000000000 S
   0.7573110000000000    0.2499810000000000    0.5222440000000000 S
EA1     2.891  2.880  4.081 89.57 90.09 90.00 Sym.group:  225
1.0
   2.8911319999999998   -0.0003270000000000    0.0019110000000000
   0.0002030000000000    2.8802469999999998   -0.0082450000000000
  -0.0088840000000000    0.0424570000000000    4.0804640000000001
F Na
2 2
direct
   0.3711040000000000    0.8696680000000000    0.9639440000000000 F
   0.8750260000000000    0.3707220000000000    0.4635940000000000 F
   0.8712290000000000    0.3703310000000000    0.9633980000000000 Na
   0.3753950000000000    0.8713330000000000    0.4642500000000000 Na
EA197   2.847  2.845  5.780 75.79 75.77 60.12 Sym.group:  166
1.0
   2.8470230000000001    0.0280920000000000    0.0087170000000000
   1.3929590000000001    2.4807440000000001    0.0406380000000000
   1.3965620000000001    0.7523430000000000    5.5580829999999999
B S
2 2
direct
   0.9827570000000000    0.6458840000000000    0.2853540000000000 B
   0.0785050000000000    0.7424670000000000    0.9946940000000000 B
   0.7925930000000000    0.4566900000000000    0.8509330000000001 S
   0.2686690000000000    0.9316610000000000    0.4291140000000000 S
EA7     3.625  3.625  3.332 90.00 90.00 90.00 Sym.group:  123
1.0
   3.6252330000000001   -0.0011210000000000    0.0003220000000000
   0.0011950000000000    3.6252190000000000    0.0016460000000000
  -0.0002880000000000   -0.0015150000000000    3.3316040000000000
Mg Li
2 2
direct
   0.6201150000000000    0.6232880000000000    0.6368300000000000 Mg
   0.1202830000000000    0.1232430000000000    0.6365030000000000 Mg
   0.1199110000000000    0.6231380000000000    0.1366970000000000 Li
   0.6202810000000000    0.1232470000000000    0.1366900000000000 Li
EA161   4.663  3.307  3.307 90.00 90.00 90.00 Sym.group:  225
1.0
   4.6632980000000002   -0.0034580000000000    0.0014890000000000
   0.0022380000000000    3.3066650000000002   -0.0021100000000000
  -0.0009630000000000    0.0023220000000000    3.3070949999999999
Mg S
2 2
direct
   0.1267730000000000    0.7812550000000000    0.7745649999999999 Mg
   0.6280880000000000    0.2806070000000000    0.2750160000000000 Mg
   0.1280070000000000    0.2813220000000000    0.2745110000000000 S
   0.6270160000000000    0.7806980000000000    0.7749300000000000 S
EA1     3.706  2.687  2.687 89.98 68.77 111.23 Sym.group:  139
1.0
   3.7063630000000001   -0.0127100000000000    0.0119180000000000
  -0.9640260000000000    2.5075820000000002   -0.0154630000000000
   0.9661270000000000    0.3877260000000000    2.4767039999999998
C B
2 2
direct
   0.2250170000000000    0.1202560000000000    0.8870150000000000 C
   0.7720690000000000    0.8942380000000000    0.1136900000000000 C
   0.4985170000000000    0.2574860000000000    0.2503560000000000 B
   0.4985700000000000    0.7570080000000000    0.7503500000000000 B
EA111   3.064  3.065  4.052 89.99 90.03 60.00 Sym.group:  187
1.0
   3.0644469999999999    0.0054710000000000    0.0071540000000000
   1.5274850000000000    2.6566920000000001   -0.0020150000000000
  -0.0114100000000000    0.0102490000000000    4.0519959999999999
N Mg
2 2
direct
   0.9948500000000000    0.0043460000000000    0.8350550000000000 N
   0.9939829999999999    0.0049470000000000    0.3959230000000000 N
   0.3279030000000000    0.3378790000000000    0.1154070000000000 Mg
   0.6611650000000000    0.6712720000000000    0.6155530000000000 Mg
EA255   2.808  7.269  2.809 89.99 119.98 90.01 Sym.group:  156
1.0
   1.4083650000000001   -0.0007640000000000    2.4297300000000002
   0.0079270000000000    7.2686140000000004   -0.0038130000000000
  -2.8088030000000002    0.0037370000000000    0.0056440000000000
N Si
3 3
direct
   0.5507530000000000    0.1724370000000000    0.9972450000000000 N
   0.8840190000000000    0.9074050000000000    0.6634409999999999 N
   0.8834540000000000    0.4380670000000000    0.6644550000000000 N
   0.8841000000000000    0.1756560000000000    0.6637750000000000 Si
   0.2167830000000000    0.5436650000000000    0.3309670000000000 Si
   0.5505630000000000    0.8060200000000000    0.9970550000000000 Si
EA43    2.375  2.385  5.000 89.99 90.04 90.00 Sym.group:  129
1.0
   2.3750279999999999    0.0002990000000000    0.0165700000000000
  -0.0002360000000000    2.3852609999999999   -0.0065260000000000
  -0.0383010000000000    0.0145730000000000    4.9994470000000000
Be Li
2 2
direct
   0.0068570000000000    0.5065260000000000    0.6047220000000000 Be
   0.5064880000000000    0.0065580000000000    0.3984820000000000 Be
   0.0061030000000000    0.5066880000000000    0.1389080000000000 Li
   0.5072530000000000    0.0064070000000000    0.8642900000000000 Li
EA97    4.276  2.469  2.469 119.97 73.24 106.76 Sym.group:  216
1.0
   4.2761579999999997    0.0215250000000000    0.0394400000000000
  -0.7002260000000000    1.2684359999999999   -1.9996860000000001
   0.6871410000000000    1.2016739999999999    2.0448279999999999
N B
2 2
direct
   0.6083840000000000    0.6889510000000000    0.8151490000000000 N
   0.1083840000000000    0.1885460000000000    0.3157960000000000 N
   0.9834430000000000    0.8135540000000000    0.6908970000000000 B
   0.4834420000000000    0.3139750000000000    0.1902190000000000 B
