NUMBER OF TEMPLATES 36
COMPOSITION A 1 B
pairs , SPACEGROUPS 
[B P] , 216 
[C S] , 164 
[Al S] , 139 
[Al P] , 194 
[P Si] , 225 
[Mg Na] , 123 
[Al B] , 166 
[C H] , 164 
[Li O] , 187 
[C Li] , 160 
[H Si] , 191 
[Cl Mg] , 164 
[C Si] , 186 
[C P] , 164 
[Cl Li] , 225 
[C F] , 164 
[Mg P] , 123 
[B Be] , 164 
[Be F] , 119 
[F Si] , 191 
[C Cl] , 166 
[Mg O] , 225 
[Be O] , 186 
[N O] , 160 
[F Na] , 225 
[Al Si] , 141 
[Al O] , 166 
[Be Li] , 129 
[H Mg] , 129 
[Li Na] , 187 
[Mg S] , 225 
[H Li] , 225 
[Al Na] , 141 
[Na Si] , 123 
[Cl O] , 139 
[Cl P] , 129 
RANKING VECTORS ENTHALPIES
0:[-131.33084122 -131.3189339  -131.31879505 -131.31255775 -130.74634655 -130.73576221 -130.73261277 -130.73097716 -130.70818451 -130.70568253 -130.70568253 -130.70567774 -130.70146907 -130.67705375 -130.64641718 -130.64078383 -130.61065129 -130.58353175 -130.58140219 -130.57482515 -130.5698798  -130.54258916 -130.5270642  -130.44563142 -130.42192595 -130.40791225 -130.40450273 -130.26539139 -130.24235816 -130.21470007 -130.14057012 -130.03550208 -130.01259852 -129.86082404 -129.82760012 -129.81208929] 
1:[-228.33538186 -228.33476414 -228.05167503 -227.67260043 -227.57870038 -227.46091964 -227.42877755 -227.41814693 -227.3781654  -227.36584711 -227.36575694 -227.36575694 -227.36114822 -227.26612043 -227.25285155 -227.22673438 -227.16856707 -227.15413717 -227.14696958 -227.11123185 -227.0673821  -227.01851032 -227.01801133 -227.0155494  -226.97427752 -226.94973054 -226.88950195 -226.75623358 -226.69639758 -226.59875491 -226.58227523 -226.52490684 -226.29257892 -226.26820714 -226.1149247 -225.81423533] 
2:[-177.85155482 -177.84047062 -177.78478309 -177.78327637 -177.78152349 -177.77796655 -177.77599104 -177.7582275  -177.72602488 -177.71370814 -177.70993638 -177.70504188 -177.69430794 -177.69388981 -177.69376726 -177.69376296 -177.42200132 -177.4192362  -177.41649077 -177.37166406 -177.36917177 -177.35760799 -177.30367469 -177.17812913 -177.17747114 -177.15309655 -177.15010242 -177.14880818 -177.14853331 -177.06718757 -177.0435007  -177.02228872 -176.97431709 -176.97087423 -176.97044366 -176.71039455] 
3:[-121.74998379 -121.70778699 -121.70626233 -121.67545079 -121.67502562 -121.6749365  -121.67493357 -121.64190352 -121.61730484 -121.61488093 -121.59819073 -121.54287404 -121.51669463 -121.50932855 -121.47499483 -121.42010512 -121.4065187  -121.39356258 -121.37653614 -121.33764011 -121.32714872 -121.32340031 -121.3185575  -121.31311912 -121.31209392 -121.30134143 -121.23501907 -121.22503718 -121.19079953 -121.16826407 -121.16701162 -121.16683186 -121.07441206 -120.91264542 -120.9124384 -120.89977654] 
4:[-147.59063228 -147.5767674  -147.57663354 -147.57657371 -147.57657138 -147.54250755 -147.5272872  -147.52150456 -147.51183946 -147.49888369 -147.46528582 -147.45487904 -147.44156582 -147.43488252 -147.37842118 -147.37653416 -147.34818499 -147.34708155 -147.32925409 -147.32423382 -147.32336808 -147.32023571 -147.31452894 -147.30387848 -147.30352104 -147.29576473 -147.2830201  -147.24530746 -147.24238721 -147.19437344 -147.12725894 -147.09032182 -146.9408205  -146.92429442 -146.68160989 -146.63160362] 
5:[-1423.90060161 -1423.89980148 -1423.89900069 -1423.8843263 -1423.87791003 -1423.87079228 -1423.86981048 -1423.86204159 -1423.84550272 -1423.83934916 -1423.83477672 -1423.82266465 -1423.82009988 -1423.81338026 -1423.81152667 -1423.81119999 -1423.79242053 -1423.79214631 -1423.79093418 -1423.7877692 -1423.78682871 -1423.78575893 -1423.78383734 -1423.78108987 -1423.72963463 -1423.72768126 -1423.72336316 -1423.40528835 -1423.26314744 -1423.26287122 -1423.26283972 -1423.25267085 -1423.24435189 -1423.23196077 -1423.09045452 -1421.98864905] 
6:[-68.56072536 -68.37843763 -68.26310036 -68.24949968 -68.2420162 -68.24045428 -68.24039934 -68.2398192  -68.15749834 -68.01547547 -68.00082806 -67.98620959 -67.86635145 -67.85955952 -67.8581799 -67.8565736  -67.85617438 -67.85264925 -67.79948273 -67.7620973 -67.72343961 -67.70684769 -67.68749234 -67.68675769 -67.68493807 -67.68480766 -67.66313075 -67.38493824 -67.35606862 -67.23676171 -67.21378533 -67.20347084 -67.10756289 -66.62146422 -66.60899552 -66.5206249 ] 
7:[-88.37504288 -88.37498626 -88.37362139 -88.36963553 -88.36086138 -88.3605551  -88.35482105 -87.95717818 -87.62792356 -87.48199149 -86.91260877 -86.88421409 -86.72998022 -86.66856525 -86.63578713 -86.63521654 -86.58797965 -86.58301606 -86.57464465 -86.47592515 -86.46249673 -86.42620613 -86.31977571 -86.26307744 -86.2029635 -86.16203644 -86.13868065 -85.88137277 -85.78716924 -85.71809612 -85.67775459 -85.67774118 -85.67749902 -85.67576637 -85.66179662 -85.63241736] 
8:[-321.00429075 -320.91786662 -320.90792757 -320.84248178 -320.79881274 -320.79219327 -320.78920993 -320.78310441 -320.78293383 -320.71675602 -320.69429345 -320.68570763 -320.61525037 -320.60943827 -320.60501066 -320.57712609 -320.57566427 -320.57558816 -320.575511   -320.5753923 -320.57519664 -320.57510802 -320.27602613 -320.27540085 -320.27375607 -320.27343937 -320.27336064 -320.27315641 -320.2726839  -320.25376705 -320.21973682 -320.1952179  -320.14240124 -319.88884686 -319.56015171 -319.55411889] 
9:[-177.51253118 -177.51209823 -177.51200291 -177.51169187 -177.51102258 -177.49934382 -177.46181995 -177.45446883 -177.41827319 -177.19141016 -177.1399891  -176.88109016 -176.83772938 -176.83604664 -176.82218902 -176.81979285 -176.598111   -176.59241071 -176.45542995 -176.28672826 -176.22362643 -175.99700189 -175.87923546 -175.60097699 -175.51762576 -175.50472487 -175.504662   -175.50442098 -175.50437889 -175.50249258 -175.46973215 -175.4058909  -175.40309977 -175.09527598 -175.09183236 -174.37375683] 
10:[-62.49708792 -62.47578354 -62.46681771 -62.4589842  -62.43302688 -62.43212598 -62.43107021 -62.43035103 -62.42732457 -62.42531113 -62.42522766 -62.42504293 -62.41439122 -62.40455529 -62.39583172 -62.39514944 -62.39428638 -62.39352114 -62.3900932  -62.38503522 -62.38346916 -62.37740209 -62.3541385  -62.35315401 -62.34790136 -62.33609344 -62.33064047 -62.33060056 -62.29963562 -62.29743035 -62.29712072 -62.2949554  -62.28904428 -62.25825311 -62.24674419 -62.13897042] 
11:[-1026.85441373 -1026.85420428 -1026.78714109 -1026.77907424 -1026.77799209 -1026.743345   -1026.69837038 -1026.68950739 -1026.68813711 -1026.68649835 -1026.68439181 -1026.68197528 -1026.64104066 -1026.63201146 -1026.58203551 -1026.36485006 -1026.30856304 -1026.30821077 -1026.30812563 -1026.30433026 -1026.22636523 -1026.19249304 -1026.19174982 -1026.19148768 -1026.19146375 -1026.17872793 -1026.1445542  -1026.07535601 -1026.04311032 -1025.88195229 -1025.76319489 -1025.7621025 -1025.75592493 -1025.75001984 -1025.74611604 -1025.48869936] 
12:[-136.68756527 -136.68241462 -136.68022208 -136.68002434 -136.67717113 -136.5330932  -136.53017604 -136.5138824  -136.51361959 -136.51357499 -136.51357072 -136.48001143 -136.44886757 -136.33530591 -136.33410148 -136.20627251 -136.20272975 -136.20265074 -135.97891342 -135.93859323 -135.92134817 -135.82276045 -135.78941344 -135.77244554 -135.63722325 -135.49640687 -135.22115035 -135.15262836 -135.03811027 -135.03299031 -135.02265871 -135.01888612 -134.90076331 -134.87967761 -134.87767599 -134.72063792] 
13:[-172.82178607 -172.81744624 -172.81377203 -172.52949818 -172.41206744 -172.39125899 -172.38986813 -172.36247401 -172.35015304 -172.34725275 -172.3460479  -172.33467788 -172.31736452 -172.31729582 -172.31729582 -172.31355114 -172.305065   -172.29138767 -172.28100326 -172.25667174 -172.19579688 -172.15315111 -172.13029842 -172.09398246 -172.06062284 -171.98377444 -171.97558641 -171.87463138 -171.54127246 -171.53499691 -171.48112473 -171.41509543 -171.17985304 -171.17841855 -170.88535587 -170.55053826] 
14:[-318.9695247  -318.96943266 -318.969387   -318.96871684 -318.96865453 -318.96859921 -318.96859741 -318.96708919 -318.96584808 -318.95665884 -318.73085049 -318.69513849 -318.69227159 -318.56437303 -318.56049883 -318.54993192 -318.54488434 -318.5445681  -318.54348849 -318.54346103 -318.46507089 -318.4650621  -318.46501455 -318.46499758 -318.46498656 -318.35669071 -318.35405257 -318.281784   -318.25199865 -318.10928282 -317.98509565 -317.66950454 -317.16462238 -317.16404592 -316.77390102 -316.77349897] 
15:[-414.63787073 -414.63776585 -414.63689335 -414.63687678 -414.63677306 -414.0325626  -413.73753223 -413.73408083 -413.53262398 -413.44504688 -413.04455582 -412.98631974 -412.6864538  -412.68224282 -412.64029641 -412.11494111 -412.07720475 -412.0733707  -412.05723822 -411.89939196 -411.70313172 -411.67172404 -411.6714381  -411.66341878 -411.49000792 -411.48894935 -411.43481517 -411.43419854 -411.35929354 -410.8304831 -410.82613454 -410.82612506 -410.82612211 -410.82612094 -410.82438033 -410.15539351] 
16:[-897.8134292  -897.80747712 -897.78377878 -897.78367639 -897.77835891 -897.77016031 -897.67886905 -897.64911297 -897.59605133 -897.56893913 -897.50007178 -897.49048829 -897.46891554 -897.45442849 -897.43229866 -897.43121289 -897.4311182  -897.43111355 -897.4310934  -897.42393909 -897.33253217 -897.32818399 -897.29808062 -897.22473771 -897.09569063 -897.05569649 -896.93513771 -896.9122892  -896.91145096 -896.90413338 -896.82457693 -896.81936492 -896.81593717 -896.55248644 -896.55211057 -895.92987756] 
17:[-227.63960071 -227.62667475 -227.62642273 -227.62609122 -227.62578313 -227.57734614 -227.43419024 -227.4167776  -227.41430164 -227.41131342 -227.40279081 -227.39660749 -227.25847143 -227.25808246 -227.24666945 -227.24509874 -227.20470525 -227.15485444 -227.14388359 -227.13214107 -227.05214673 -226.94724766 -226.86725877 -226.86365516 -226.64510143 -226.48367604 -226.48048455 -226.42268712 -226.419151   -226.35938474 -226.35818743 -226.35781858 -226.35774724 -226.31428877 -226.27826522 -225.35365592] 
18:[-523.51373838 -523.50766542 -523.46388473 -523.4638007  -523.46083429 -523.44045663 -523.38795569 -523.29354578 -523.11725142 -523.09937745 -523.00441868 -522.92240423 -522.62932594 -522.60902972 -522.60889136 -522.60847046 -522.58376043 -522.58260701 -522.57936295 -522.57589239 -522.57375575 -522.56408696 -522.23565694 -522.18721488 -522.16301988 -521.95389832 -521.88999734 -521.88655901 -521.87249778 -521.87094003 -521.86843477 -521.86842404 -521.86842376 -521.76428821 -521.76426359 -521.76379022] 
19:[-389.87894334 -389.8781304  -389.70987232 -389.70936105 -389.70409577 -389.68217254 -389.67950546 -389.65707441 -389.6536072  -389.60542253 -389.51177616 -389.51092824 -389.50495608 -389.44648795 -389.3618475 -389.3585022  -389.35849821 -389.29774687 -389.28610244 -389.13057371 -389.12850339 -389.02184414 -389.02042346 -389.01957428 -389.01841396 -388.99969259 -388.98222818 -388.40875771 -388.08456716 -387.91555889 -387.90679468 -387.90522225 -387.90505896 -387.90505878 -387.90447476 -387.41776246] 
20:[-301.01048401 -300.95505899 -300.92843438 -300.87918812 -300.87913862 -300.87809849 -300.87799018 -300.87660108 -300.8719584  -300.07317366 -300.07211295 -299.90866134 -299.63548633 -299.61962172 -298.90475099 -298.90454422 -298.90433887 -298.90429608 -298.89534655 -298.88639467 -298.87096138 -298.86838827 -298.77861225 -298.68015152 -298.66789471 -298.65654231 -298.62844305 -298.61505876 -298.57306794 -298.43785892 -298.43569097 -298.4207391  -298.4104085  -298.40945831 -298.10506134 -297.64020077] 
21:[-1031.63820166 -1031.63800215 -1031.6378839  -1031.6369417 -1031.63669936 -1031.63629825 -1031.63623523 -1031.63514272 -1031.63340404 -1031.45571022 -1031.32042131 -1031.21507347 -1031.17304911 -1031.17200951 -1031.1718707  -1031.1717761 -1031.17168708 -1031.17037286 -1030.99699173 -1030.99544248 -1030.96549789 -1030.96548664 -1030.96408081 -1030.96387895 -1030.96378217 -1030.89388431 -1030.88897354 -1030.8728133 -1030.15570297 -1030.07780603 -1029.80216049 -1028.99762971 -1028.56023986 -1028.43111404 -1028.43101719 -1027.19551693] 
22:[-414.37251679 -414.37249339 -414.37029717 -414.36951236 -414.36835721 -414.18438958 -414.18082774 -414.17461939 -414.14803802 -414.1469078 -414.14660901 -414.14630788 -414.14502373 -414.14317887 -414.14298168 -414.14180929 -414.08076076 -413.96233908 -413.76489485 -413.76139091 -413.75135973 -413.6939492  -413.61424446 -413.58734613 -413.55085158 -413.37779012 -413.36055544 -412.81973128 -412.77942273 -412.77941737 -412.77510324 -412.64073069 -412.39198616 -412.3885482  -410.9227007 -410.92193194] 
23:[-361.88412447 -361.86748745 -361.78006877 -361.77991794 -361.77968243 -361.36665874 -360.71378643 -360.54336066 -360.53888077 -360.37785796 -360.32014988 -360.23893202 -360.23316427 -360.20895089 -360.20650083 -360.16048795 -360.15740754 -360.13045928 -360.13026708 -360.12245363 -360.0721048  -360.05966582 -360.05966514 -360.05966512 -360.0564745 -360.0543215  -360.05346533 -360.00752804 -359.96259409 -359.9616175 -359.93866329 -359.89187941 -359.83248132 -359.52274226 -359.48579048 -359.43818747] 
24:[-955.5603262  -955.56030206 -955.56029628 -955.55984853 -955.55859969 -955.45453305 -955.45429523 -955.45417043 -955.45398544 -955.45393931 -955.45340743 -955.45327696 -955.45301655 -955.45221428 -955.40102894 -955.38417417 -955.35885908 -955.3173861  -955.16251999 -955.16238163 -954.94587239 -954.90519141 -954.90496005 -954.90470397 -954.90461938 -954.90408982 -954.90386509 -954.901292   -954.85199837 -954.8484334 -954.70921108 -954.6486843  -954.59186641 -954.55595314 -953.78938722 -953.78915519] 
25:[-84.87389993 -84.87266455 -84.87089141 -84.86726228 -84.86300363 -84.86050838 -84.79821066 -84.78705158 -84.78357107 -84.77054211 -84.7576771  -84.6857023  -84.67526324 -84.67383495 -84.62204828 -84.60149574 -84.56301055 -84.55788738 -84.55635923 -84.55593942 -84.39463806 -84.37856159 -84.26438753 -84.22117303 -84.19196688 -84.18190709 -84.16077056 -84.16041942 -84.16029703 -84.16029464 -84.13459833 -84.13242136 -83.6040623  -83.23540123 -83.23262524 -82.80233134] 
26:[-254.87313889 -254.62626843 -254.43340894 -254.37552409 -254.37325385 -254.37088159 -254.3107239  -254.27990493 -254.27767118 -254.23488596 -254.17844264 -253.99411743 -253.95880483 -253.95440565 -253.92869809 -253.92652194 -253.8875681  -253.84392321 -253.78910371 -253.71928622 -253.6651164  -253.47303534 -253.46218989 -253.4617     -253.46165472 -253.46124071 -253.46116896 -253.11581143 -253.11398775 -253.11211232 -252.9170023  -252.91576483 -252.91048952 -251.66854346 -251.66605852 -251.66584191] 
27:[-284.90735165 -284.89967422 -284.89929998 -284.89693969 -284.89261871 -284.89118769 -284.88777029 -284.8859612  -284.88123485 -284.87710189 -284.87630519 -284.86821872 -284.86572784 -284.84282139 -284.83124328 -284.82646014 -284.82414758 -284.81425042 -284.80253891 -284.80079307 -284.79864668 -284.79815806 -284.79598278 -284.79489809 -284.76446733 -284.75556379 -284.74023268 -284.68529979 -284.24820286 -284.11887966 -284.10653456 -284.10059087 -284.10038976 -284.10028976 -284.100284 -282.55324078] 
28:[-812.81789229 -812.75798755 -812.75633011 -812.68905808 -812.68746273 -812.68726041 -812.6866664  -812.68542348 -812.675353   -812.6689243 -812.66892222 -812.66763656 -812.66755458 -812.66693638 -812.6647923 -812.63695264 -812.62095194 -812.61717146 -812.61583418 -812.56742969 -812.54744227 -812.53655023 -812.5330454  -812.51591063 -812.49519519 -812.488764   -812.48512767 -812.45367334 -812.38855016 -812.38598396 -812.37810218 -812.37659293 -812.13615658 -811.98117775 -811.69397667 -811.69239934] 
29:[-714.89537394 -714.8925703  -714.89224272 -714.88975234 -714.8870512 -714.88009087 -714.87995155 -714.87575219 -714.8754269  -714.87491479 -714.87402147 -714.87365671 -714.87172554 -714.86510441 -714.86019018 -714.85238013 -714.84402353 -714.84262143 -714.83479246 -714.83129637 -714.82507914 -714.82454406 -714.82403335 -714.82158553 -714.81649886 -714.78968875 -714.78577186 -714.77169443 -714.761666   -714.75114669 -714.74151977 -714.73969709 -714.73967956 -714.73962391 -714.72607114 -714.27325177] 
30:[-954.7470586  -954.74647592 -954.74573324 -954.74381982 -954.74323989 -954.74282932 -954.74281485 -954.73969029 -954.73473844 -954.70013071 -954.36027827 -954.35587936 -954.25153709 -954.25151192 -954.25040473 -954.25015495 -954.19939131 -954.12867835 -954.12502977 -953.95663476 -953.95649958 -953.95556979 -953.95299992 -953.69967401 -953.64168006 -953.63357948 -953.46944088 -953.4635878  -953.31708918 -953.16149827 -953.1292597  -953.00999752 -952.69444405 -952.6909609  -952.66994142 -952.66769601] 
31:[-104.52305936 -104.52256578 -104.52185266 -104.52075166 -104.52049635 -104.51966633 -104.51815025 -104.51800726 -104.45580401 -104.41489689 -104.36892466 -104.33815744 -104.33614362 -104.33477984 -104.3319393 -104.33135631 -104.31640649 -104.29367736 -104.29357034 -104.29309914 -104.29301169 -104.29218669 -104.28953422 -104.28794452 -104.24976936 -104.24839154 -104.23891557 -104.20534143 -104.20056836 -104.10800463 -103.91132272 -103.86917597 -103.82132208 -103.63618791 -103.19808602 -103.191748  ] 
32:[-648.25394237 -648.25142361 -648.24593125 -648.21872607 -648.10770895 -648.10697655 -648.07941453 -648.078219   -648.07077615 -648.06633418 -648.05552359 -648.05357807 -648.04728747 -648.01706364 -648.00704121 -647.9991563  -647.99797901 -647.95637308 -647.94864178 -647.94555824 -647.93914883 -647.93714758 -647.90676522 -647.86487753 -647.81508725 -647.81112938 -647.17397665 -647.04518242 -646.91566099 -646.91418377 -646.86437096 -646.86413707 -646.86402171 -646.86392519 -645.84718121 -645.31609007] 
33:[-674.56394829 -674.53416196 -674.53005941 -674.51882454 -674.43853852 -674.43265713 -674.34784609 -674.34647173 -674.3111127  -674.30380428 -674.28673193 -674.28036336 -674.24585603 -674.22841458 -674.18372512 -674.12690752 -674.11892448 -674.09524379 -674.02214886 -674.0194845 -673.97272872 -673.97123822 -673.93832155 -673.92227693 -673.71985533 -673.48794469 -673.40922288 -672.96827775 -672.96413779 -672.96382446 -672.96381647 -672.96379092 -672.9464586  -671.93129777 -671.93050972 -671.29804793] 
34:[-442.67727352 -442.67262777 -442.671709   -442.64552846 -442.55701558 -442.55477808 -442.52879628 -442.50129697 -442.42402064 -442.42397914 -442.423397   -442.38681191 -442.37224154 -442.29086382 -442.28153524 -442.18864509 -442.08693941 -442.01495901 -442.00145809 -441.97253316 -441.9698849  -441.96802136 -441.96741712 -441.96723863 -441.96428828 -441.92991288 -441.91632185 -441.89338811 -441.84066457 -441.76089258 -441.76087418 -441.76080441 -441.75622746 -441.75322354 -441.70869734 -440.90652749] 
35:[-312.45885843 -312.45643357 -312.41637951 -312.30045302 -312.29884409 -312.27165575 -312.271227   -312.27108278 -312.25821812 -312.25804307 -312.22169829 -312.21920675 -312.21604174 -312.20672173 -312.20041242 -312.13223025 -312.06801194 -312.05330864 -312.02519808 -312.02489664 -312.02332796 -312.01303725 -311.85031906 -311.84554241 -311.83932225 -311.81016401 -311.74052606 -311.45422739 -311.28796228 -311.27423261 -311.27267708 -311.26898985 -311.26865442 -311.25634337 -310.41907151 -309.88577896] 
RANKING VECTORS IDX
0:[23. 12. 22.  0. 13. 11. 31. 17.  2. 14. 24.  4. 21.  8. 18. 30. 20. 15.  7. 28.  9.  3.  1. 19. 10. 35. 27. 25. 26. 34.  6. 32. 16. 29.  5. 33.] 
1:[ 1. 15. 20. 35. 34. 30. 31. 27.  2. 21. 24. 14.  4. 28.  6. 11. 13. 12. 17. 25. 18.  9.  8.  3. 22. 23. 29. 26.  7. 10. 19.  0. 16.  5. 32. 33.] 
2:[29.  8. 33. 28. 16.  2.  5.  3. 30. 35. 31. 27.  4. 21. 24. 14. 26. 25.  9. 17. 11. 34. 13. 22. 12. 19. 10.  6. 32. 23. 18.  7. 20.  1. 15.  0.] 
3:[ 3. 35. 31.  4. 21. 24. 14. 30.  5. 16. 33. 25. 26. 27.  8. 29.  2. 32. 13.  6. 11.  9. 19. 10. 34. 20. 23. 18. 28.  1. 15.  7. 17. 22. 12.  0.] 
4:[30.  4. 21. 24. 14. 31.  8. 19. 10.  2.  3.  5. 16. 26. 27. 32. 35.  9. 17. 20.  1. 15.  6. 11. 25. 23. 29. 33. 28. 18. 34. 13. 12. 22.  7.  0.] 
5:[17.  9. 11. 13.  3. 29. 27. 35. 20.  6. 32. 25. 26. 15.  1.  7. 12. 34. 23. 33. 22. 28. 16.  5. 18. 19. 10.  2. 21. 14. 24. 31.  4. 30.  8.  0.] 
6:[ 6.  9.  8.  7. 15. 17.  1. 11.  2. 18. 28.  3. 16. 33.  5. 27. 35. 25. 13. 34. 30. 31.  4. 21. 24. 14. 29. 32. 20. 23. 12. 22. 26. 19. 10.  0.] 
7:[ 7. 15.  1. 17. 20. 11.  6. 13.  9. 35. 27.  2.  3. 34. 19. 10. 12. 22. 23. 25. 32. 28. 33. 16.  5. 26. 18.  8. 29.  0. 14. 24.  4. 21. 30. 31.] 
8:[ 8.  2. 34. 18. 28. 33.  5. 16. 20.  9. 13.  3. 25. 29. 30. 35.  4. 21. 31. 27. 24. 14.  1. 11. 12. 17.  7. 15. 22. 23. 26. 32.  6.  0. 19. 10.] 
9:[15. 17.  7.  1. 11.  9. 20.  6. 13.  3.  2. 16. 18. 28. 33.  5. 35. 27. 25. 32. 29. 34. 23. 26. 31.  4. 21. 24. 14.  8. 30. 10. 19. 12. 22.  0.] 
10:[18. 19. 10.  2. 17. 27.  7. 11. 29.  1. 35. 15.  6. 20. 28. 21. 24. 25.  4. 32. 23.  8. 22. 12.  3.  9. 34. 14.  5. 16. 31. 30. 33. 13. 26.  0.] 
11:[35. 27.  6. 17. 11.  9. 29. 28.  5. 33. 16.  3. 34.  2. 13. 25. 23. 22. 12. 18. 30.  4. 21. 24. 14. 31. 26.  8. 32. 20. 19. 10.  1. 15.  7.  0.] 
12:[23. 12. 22.  0.  9. 27. 31.  4. 21. 24. 14. 30.  8. 11. 17.  1. 15.  7. 34.  2. 20.  3. 29. 28. 13. 25. 26. 35.  6.  5. 33. 16. 32. 19. 10. 18.] 
13:[ 1.  7. 15. 20.  2. 13.  6.  9. 22. 12. 23. 30. 21. 14. 24.  4.  0. 27. 31. 17.  8. 34. 28. 35.  3. 29. 11. 25. 19. 10. 18. 26.  5. 16. 32. 33.] 
14:[35. 31. 27.  4. 21. 24. 14.  9. 30.  8. 28.  3. 29. 34.  2. 25. 18. 16. 33.  5. 12. 22. 11. 17.  7. 23.  0.  6. 13. 26. 32. 20. 10. 19.  1. 15.] 
15:[17. 11. 15.  7.  1.  9. 27. 35. 20. 13.  6.  3. 12. 22. 23. 26. 19. 10. 18.  2. 34.  5. 33. 16.  8. 29. 32. 25. 28. 30.  4. 21. 24. 14. 31.  0.] 
16:[32. 25. 33.  5. 16. 28.  3.  8. 35. 29. 27.  2.  6. 30.  4. 21. 31. 24. 14. 20. 26. 34. 11.  9. 23. 18. 13.  1. 15.  7. 19. 17. 10. 12. 22.  0.] 
17:[20. 17.  1. 15.  7.  3.  9. 33. 28. 16.  5.  2. 25. 35. 13. 27. 32.  6. 29. 18. 11. 34.  8. 23. 26. 19. 10. 22. 12.  4. 21. 24. 14. 31. 30.  0.] 
18:[20.  6. 17. 11.  9. 13. 18. 26. 27.  2. 34.  8. 28.  7. 15.  1. 22. 12. 23. 10. 19. 35. 29. 25.  0. 32.  3. 30. 31.  4. 21. 24. 14.  5. 33. 16.] 
19:[19. 10. 15.  1. 18. 12. 22. 35. 23.  6. 20. 11. 26.  9. 13. 17.  7.  3. 29. 32. 27. 16. 33. 28.  5. 34. 25.  2.  8.  4. 31. 30. 24. 14. 21.  0.] 
20:[ 6.  9. 20.  7. 15. 17. 11.  1. 13. 27. 35. 34. 18.  2.  4. 21. 24. 14. 31. 28. 30. 23. 25.  8. 19. 10.  3. 26. 29. 16.  5. 33. 22. 12. 32.  0.] 
21:[27.  4. 31. 35. 21. 24. 14. 30.  9.  3.  8. 29. 22. 12. 17. 11.  7. 15.  2. 34. 33.  5. 18. 16. 28.  0. 23. 25. 26. 13. 32. 20.  6. 10. 19.  1.] 
22:[12. 22. 23.  0.  9. 15. 17. 11. 27.  4. 35. 31. 21. 24. 14. 30.  3. 20.  2. 34.  6. 13.  8. 29. 25. 26. 28. 32. 33.  5. 16. 18. 10. 19.  7.  1.] 
23:[23. 35.  1. 15.  7. 18.  2. 20. 26.  6.  9. 19. 10.  5. 28. 27. 33. 17. 11. 34. 31. 21. 24. 14. 30. 25.  4. 13. 12. 22.  8.  3. 29.  0. 16. 32.] 
24:[28. 33.  5. 16. 18. 35.  4. 31. 21. 30. 24. 14. 27.  9.  8.  3. 29. 25. 34.  2. 32. 12. 22.  7. 17.  1. 15. 11. 20.  6. 23. 13.  0. 26. 10. 19.] 
25:[16. 32. 25. 28.  5. 33. 29. 27.  9. 35. 11.  6. 20. 34. 23. 26. 18.  1. 15.  7. 10. 19.  8.  2.  3. 31.  4. 21. 24. 14. 30. 17. 13. 22. 12.  0.] 
26:[26.  2. 20.  6. 35. 27.  9. 11. 17. 13.  8. 34. 28. 23. 12. 22.  0. 29. 18. 25.  3. 31. 21. 24. 14.  4. 30. 16. 33.  5. 10. 19. 32.  7. 15.  1.] 
27:[26. 25. 20. 32. 35.  6.  9. 27. 29.  3.  8. 11. 13. 17. 23. 12. 22. 34. 33. 28.  1. 15.  5.  7. 19. 10. 16. 18.  2. 31. 30.  4. 21. 24. 14.  0.] 
28:[ 3. 27. 35. 11. 17.  1.  7. 15.  9. 24. 14. 21.  4. 31. 30. 20.  6.  2. 34. 18. 29. 12. 22. 13.  8.  0. 23. 25. 16. 33.  5. 28. 26. 32. 19. 10.] 
29:[ 9. 35. 27. 11.  7. 20. 17. 16. 13. 33.  3.  5. 29. 34.  8. 18.  1. 15. 25. 12. 23. 32. 28. 22.  6. 19. 10. 26. 31. 30.  4. 21. 14. 24.  2.  0.] 
30:[35. 31. 27.  4. 21. 24. 14.  9. 30.  3.  8. 29. 16. 28. 33.  5. 25. 34.  2. 12. 22. 17.  7. 32. 23.  0.  6. 20. 26. 11. 13. 18. 19. 10. 15.  1.] 
31:[31. 30. 27.  4. 21. 35. 24. 14.  8.  3. 29. 28.  9. 16. 33.  5. 18.  7. 15. 17. 22. 12.  1. 11. 25.  2. 34.  0. 23. 20. 13. 26. 32.  6. 10. 19.] 
32:[25. 32.  6. 20. 17.  9. 11. 13. 35.  3. 27. 29. 34.  5. 28. 33. 16.  7.  1. 15. 23. 12. 18. 26. 19. 10.  2.  8. 30. 31.  4. 21. 14. 24. 22.  0.] 
33:[16. 28.  5. 33. 20.  6. 35. 27. 25. 29. 32.  3. 34. 11. 13.  9. 23. 18.  1. 15.  7. 17. 19. 10. 26.  8.  2. 31.  4. 24. 14. 21. 30. 12. 22.  0.] 
34:[12. 22. 23. 34. 35. 27. 13. 20. 15.  7.  1. 19. 10. 25. 26. 18. 28.  2. 30.  4. 21.  8. 24. 14. 31.  6. 29.  3.  9. 17. 33.  5. 11. 16. 32.  0.] 
35:[27. 35.  6.  9. 18. 15.  1. 34. 17. 11. 12. 20. 32. 25. 23. 28. 19. 10. 29. 13. 26.  3. 33.  5. 16.  2.  7.  8. 31.  4. 21. 24. 14. 30. 22.  0.] 
POSCARS
EA147   2.996  2.999  5.178 73.37 73.35 60.38 Sym.group:  216
1.0
   1.4932460000000001   -2.5971039999999999    0.0180820000000000
   2.9985070000000000    0.0145310000000000    0.0061030000000000
   1.4761340000000001   -0.8287470000000000    4.8930449999999999
B P
2 2
direct
   0.9908850000000000    0.6463530000000000    0.3190910000000000 B
   0.4906340000000000    0.1463590000000000    0.8190930000000000 B
   0.3659650000000000    0.0219840000000000    0.1948480000000000 P
   0.8657210000000000    0.5219900000000000    0.6948470000000000 P
EA234   2.476  6.391  2.456 90.00 60.28 89.97 Sym.group:  164
1.0
   2.4750260000000002   -0.0062980000000000    0.0572400000000000
   0.0189790000000000    6.3906120000000000    0.0264730000000000
   1.1678649999999999   -0.0125390000000000    2.1603850000000002
C S
2 2
direct
   0.5648450000000000    0.5029420000000000    0.8426000000000000 C
   0.2307140000000000    0.4300220000000000    0.5095570000000000 C
   0.2308010000000000    0.1483580000000000    0.5094280000000000 S
   0.5649220000000000    0.7846050000000000    0.8424650000000000 S
EA273   3.267  5.262  3.275 72.09 89.92 72.14 Sym.group:  139
1.0
   3.2572770000000002   -0.2366790000000000   -0.0918090000000000
   1.9823670000000000    3.8341449999999999    3.0104280000000001
   0.0149660000000000   -1.0586789999999999    3.0996350000000001
Al S
2 2
direct
   0.8955780000000000    0.9574260000000000    0.0383110000000000 Al
   0.6404490000000000    0.4558070000000000    0.7833750000000000 Al
   0.1248000000000000    0.4889460000000000    0.2676990000000000 S
   0.4112270000000000    0.9242870000000000    0.5539870000000000 S
EA40    3.302  3.304  5.255 90.00 90.00 119.97 Sym.group:  194
1.0
   3.3019690000000002    0.0002330000000000   -0.0010690000000000
  -1.6505240000000001    2.8620000000000001   -0.0003000000000000
   0.0014970000000000    0.0013480000000000    5.2548159999999999
Al P
2 2
direct
   0.9987549999999999    0.0054590000000000    0.9985550000000000 Al
   0.9988020000000000    0.0054790000000000    0.4985540000000000 Al
   0.6655219999999999    0.3390830000000000    0.7485600000000000 P
   0.3320310000000000    0.6718530000000000    0.2485520000000000 P
EA21    3.181  3.224  3.224 119.21 119.52 60.48 Sym.group:  225
1.0
   3.1807430000000001    0.0060770000000000   -0.0043340000000000
   1.5832590000000000    2.8086280000000001    0.0022880000000000
  -1.5833900000000001   -0.9159920000000000    2.6552099999999998
P Si
1 1
direct
   0.9917700000000000    0.9975650000000000    0.0039190000000000 P
   0.4917320000000000    0.4975890000000000    0.5038930000000000 Si
EA116   3.716  3.714  4.013 89.99 89.98 90.02 Sym.group:  123
1.0
   3.7163780000000002   -0.0053910000000000    0.0154880000000000
   0.0039180000000000    3.7143590000000000    0.0157850000000000
  -0.0152380000000000   -0.0163190000000000    4.0129180000000000
Na Mg
2 2
direct
   0.3733960000000000    0.8768629999999999    0.9967110000000000 Na
   0.8733960000000000    0.3768490000000000    0.9966699999999999 Na
   0.3732840000000000    0.3770070000000000    0.4963710000000000 Mg
   0.8732600000000000    0.8769950000000000    0.4963460000000000 Mg
EA73    2.789  5.243  2.809 91.06 60.23 105.42 Sym.group:  166
1.0
   1.3985540000000001   -0.3513360000000000    2.3871799999999999
  -1.4309570000000000    5.0436110000000003   -0.0478810000000000
  -1.4091160000000000   -0.4309690000000000    2.3911660000000001
Al B
2 2
direct
   0.8150870000000000    0.2544920000000000    0.2685300000000000 Al
   0.4180680000000000    0.6509380000000000    0.4598690000000000 Al
   0.2867430000000000    0.9585540000000000    0.0297150000000000 B
   0.9464220000000000    0.9468760000000001    0.6986730000000000 B
EA54    2.431  2.432  3.419 89.93 89.92 60.01 Sym.group:  164
1.0
   2.4311050000000001   -0.0018390000000000   -0.0004700000000000
   1.2170589999999999    2.1050010000000001   -0.0004580000000000
   0.0054850000000000    0.0025470000000000    3.4190719999999999
C H
2 2
direct
   0.3421560000000000    0.8341480000000000    0.8283880000000000 C
   0.6756470000000000    0.1676600000000000    0.6961030000000000 C
   0.6762980000000000    0.1681510000000000    0.3806000000000000 H
   0.3415220000000000    0.8336330000000000    0.1438910000000000 H
EA5     2.791  2.792  3.569 89.82 89.86 60.04 Sym.group:  187
1.0
   1.4297830000000000    2.3968550000000000   -0.0448400000000000
  -1.3630290000000000    2.4357240000000000   -0.0493280000000000
  -0.0070970000000000    0.0812810000000000    3.5685330000000000
O Li
2 2
direct
   0.3330630000000000    0.0810250000000000    0.5309900000000000 O
   0.3322780000000000    0.0798410000000000    0.9545490000000000 O
   0.9994960000000001    0.7465440000000000    0.7427790000000000 Li
   0.6655300000000000    0.4143290000000000    0.2427620000000000 Li
EA114   2.436  2.439  5.169 77.55 76.80 60.13 Sym.group:  160
1.0
   2.4355069999999999    0.0326110000000000    0.0116820000000000
   1.1858379999999999    2.1292949999999999    0.0868090000000000
   1.1506099999999999    0.4304810000000000    5.0213619999999999
C Li
2 2
direct
   0.5081329999999999    0.2797530000000000    0.7069520000000000 C
   0.1531480000000000    0.9274030000000000    0.7711570000000000 C
   0.3870170000000000    0.1686560000000000    0.0696140000000000 Li
   0.9309630000000000    0.7045960000000000    0.4353600000000000 Li
EA52    3.213  2.318  2.318 120.00 89.99 90.01 Sym.group:  191
1.0
   3.2133159999999998    0.0024550000000000   -0.0044090000000000
  -0.0041960000000000    1.1843830000000000   -1.9923780000000000
   0.0022070000000000    1.1333370000000000    2.0218630000000002
H Si
1 1
direct
   0.3412390000000000    0.2445300000000000    0.9988190000000000 H
   0.8412180000000000    0.2504320000000000    0.0009270000000000 Si
EA88    2.997  2.995  6.979 90.01 90.09 119.93 Sym.group:  164
1.0
   2.9968309999999998   -0.0235090000000000    0.0037260000000000
  -1.4738770000000001    2.6074269999999999    0.0030110000000000
  -0.0203500000000000   -0.0214480000000000    6.9790400000000004
Cl Mg
2 2
direct
   0.0072470000000000    0.9945030000000000    0.0901720000000000 Cl
   0.3412810000000000    0.6617450000000000    0.7858309999999999 Cl
   0.3416280000000000    0.6614900000000000    0.2944480000000000 Mg
   0.0067290000000000    0.9948920000000000    0.5815460000000000 Mg
EA44    4.779  2.927  2.927 120.00 90.00 90.00 Sym.group:  186
1.0
   4.7790809999999997    0.0008700000000000   -0.0018400000000000
   0.0005610000000000    1.4653570000000000    2.5338599999999998
   0.0004210000000000   -2.9273020000000001    0.0022770000000000
C Si
2 2
direct
   0.6606140000000000    0.2257710000000000    0.0608910000000000 C
   0.1606130000000000    0.5590180000000000    0.7274750000000000 C
   0.5375470000000000    0.5591000000000000    0.7275160000000001 Si
   0.0375470000000000    0.2256490000000000    0.0608140000000000 Si
EA18    2.822  2.833  4.690 90.32 90.23 60.73 Sym.group:  164
1.0
   1.4439240000000000   -2.4244420000000000    0.0032630000000000
   2.8324150000000001    0.0742730000000000   -0.0098110000000000
  -0.0105710000000000    0.0217840000000000    4.6904250000000003
C P
2 2
direct
   0.9990000000000000    0.9942210000000000    0.3454370000000000 C
   0.9988210000000000    0.9991910000000001    0.6608760000000000 C
   0.3326470000000000    0.3291990000000000    0.1795880000000000 P
   0.6651750000000000    0.6642130000000001    0.8267250000000000 P
EA96    3.064  3.065  3.065 60.02 60.02 60.02 Sym.group:  225
1.0
   1.5412220000000001   -2.6484809999999999    0.0005390000000000
   3.0644819999999999    0.0113070000000000    0.0178740000000000
   1.5201570000000000   -0.8868710000000000    2.5093260000000002
Cl Li
1 1
direct
   0.2629950000000000    0.8232710000000000    0.1687850000000000 Cl
   0.7628950000000000    0.3232900000000000    0.6687460000000000 Li
EA12    2.446  2.445  4.951 90.04 90.14 60.01 Sym.group:  164
1.0
   1.2238709999999999    2.1174430000000002    0.0050860000000000
  -1.2220370000000000    2.1179109999999999    0.0011470000000000
  -0.0159580000000000   -0.0163780000000000    4.9512000000000000
C F
2 2
direct
   0.5732030000000000    0.5824680000000000    0.4103930000000000 C
   0.2392400000000000    0.2492650000000000    0.3130770000000000 C
   0.5750720000000000    0.5818719999999999    0.6815540000000000 F
   0.2371290000000000    0.2495140000000000    0.0419140000000000 F
EA54    2.761  3.165  2.761 90.01 90.06 90.05 Sym.group:  123
1.0
   2.7611260000000000   -0.0058660000000000    0.0104370000000000
   0.0041570000000000    3.1652330000000002   -0.0010700000000000
  -0.0132800000000000    0.0004560000000000    2.7611740000000000
Mg P
1 1
direct
   0.4719270000000000    0.5237270000000001    0.5175190000000000 Mg
   0.9723230000000000    0.0236670000000000    0.0171820000000000 P
EA245   2.766  2.767  3.637 90.04 90.12 61.32 Sym.group:  164
1.0
   2.7660790000000000   -0.0258580000000000   -0.0020680000000000
   1.3504849999999999    2.4147609999999999   -0.0082960000000000
  -0.0049130000000000    0.0122750000000000    3.6371820000000001
B Be
2 2
direct
   0.0054240000000000    0.9968560000000000    0.3645330000000000 B
   0.6704410000000000    0.6611390000000000    0.1543400000000000 B
   0.0075860000000000    0.9983230000000000    0.8967300000000000 Be
   0.6683190000000000    0.6596810000000000    0.6221790000000000 Be
EA122   2.299  2.300  5.353 78.11 78.18 91.13 Sym.group:  119
1.0
   2.2980659999999999    0.0132250000000000    0.0445870000000000
  -0.0595190000000000    2.2991299999999999    0.0385930000000000
   0.9902910000000000    1.0422790000000000    5.1564310000000004
Be F
2 2
direct
   0.2011110000000000    0.6964960000000000    0.3515380000000000 Be
   0.5527060000000000    0.0476460000000000    0.6509460000000000 Be
   0.2936260000000000    0.2861760000000000    0.1689330000000000 F
   0.9633400000000000    0.9549150000000000    0.8336710000000001 F
EA121   2.396  2.396  7.158 90.00 89.95 120.00 Sym.group:  191
1.0
   2.3963960000000002   -0.0031500000000000    0.0044340000000000
  -1.1953890000000000    2.0769579999999999    0.0003370000000000
  -0.0075610000000000   -0.0050310000000000    7.1579179999999996
F Si
2 2
direct
   0.2383830000000000    0.2455900000000000    0.2484410000000000 F
   0.2359420000000000    0.2482310000000000    0.7484380000000000 F
   0.2369940000000000    0.2440530000000000    0.9984350000000000 Si
   0.2372740000000000    0.2445330000000000    0.4984360000000000 Si
EA104   2.393  7.779  2.394 90.76 62.10 81.30 Sym.group:  166
1.0
   2.3920650000000001    0.0650340000000000    0.0412650000000000
   0.9647100000000000    7.7172099999999997    0.1542300000000000
   1.0897640000000000   -0.2104310000000000    2.1206930000000002
C Cl
2 2
direct
   0.9111640000000000    0.3648850000000000    0.1786930000000000 C
   0.5753700000000000    0.3649480000000000    0.8429700000000000 C
   0.0196780000000000    0.6956360000000000    0.6201170000000000 Cl
   0.4567960000000000    0.0341320000000000    0.3925650000000000 Cl
EA23    2.797  2.797  2.797 60.00 120.00 90.00 Sym.group:  225
1.0
   2.7970839999999999   -0.0019080000000000   -0.0005040000000000
   0.0019740000000000    2.7972070000000002    0.0004340000000000
  -1.3971169999999999    1.3991499999999999    1.9785990000000000
O Mg
1 1
direct
   0.6095090000000000    0.4019480000000000    0.1968680000000000 O
   0.1094800000000000    0.9018730000000000    0.1968580000000000 Mg
EA9     2.558  2.558  4.154 90.00 90.00 120.00 Sym.group:  186
1.0
   1.2797879999999999   -2.2145630000000001    0.0001290000000000
   1.2780560000000001    2.2155209999999999   -0.0019060000000000
   0.0026940000000000    0.0021730000000000    4.1543720000000004
O Be
2 2
direct
   0.3187550000000000    0.6586500000000000    0.1303500000000000 O
   0.6521370000000000    0.3252110000000000    0.6303460000000000 O
   0.6520600000000000    0.3252690000000000    0.0078250000000000 Be
   0.3187180000000000    0.6585320000000000    0.5077120000000001 Be
EA37    2.292  2.292  6.496 80.22 99.77 119.46 Sym.group:  160
1.0
   2.2919470000000000    0.0024120000000000   -0.0190910000000000
  -1.1291789999999999    1.9945290000000000    0.0090090000000000
  -1.0500389999999999    0.6442890000000000    6.3776999999999999
O N
2 2
direct
   0.2241560000000000    0.7810360000000000    0.1617740000000000 O
   0.7211400000000000    0.2779780000000000    0.6617980000000000 O
   0.2821760000000000    0.7230350000000000    0.3399740000000000 N
   0.7791709999999999    0.2199780000000000    0.8400069999999999 N
EA1     2.891  2.880  4.081 89.57 90.09 90.00 Sym.group:  225
1.0
   2.8911319999999998   -0.0003270000000000    0.0019110000000000
   0.0002030000000000    2.8802469999999998   -0.0082450000000000
  -0.0088840000000000    0.0424570000000000    4.0804640000000001
F Na
2 2
direct
   0.3711040000000000    0.8696680000000000    0.9639440000000000 F
   0.8750260000000000    0.3707220000000000    0.4635940000000000 F
   0.8712290000000000    0.3703310000000000    0.9633980000000000 Na
   0.3753950000000000    0.8713330000000000    0.4642500000000000 Na
EA9     3.535  3.538  4.372 66.13 113.84 89.99 Sym.group:  141
1.0
   3.5016240000000001    0.4839560000000000   -0.0003920000000000
  -0.4839390000000000    3.5051120000000000    0.0003880000000000
  -1.9923460000000000    1.5102000000000000    3.5864750000000001
Al Si
2 2
direct
   0.7532250000000000    0.7507960000000000    0.4994310000000000 Al
   0.0030600000000000    0.0009340000000000    0.9991090000000000 Al
   0.5033750000000000    0.5006130000000000    0.9997300000000000 Si
   0.2529090000000000    0.2511170000000000    0.4988110000000000 Si
EA16    2.634  2.632  5.796 77.11 89.87 119.64 Sym.group:  166
1.0
   2.5643349999999998   -0.5950740000000000    0.0862310000000000
  -0.7559740000000000    2.5187360000000001    0.1038400000000000
   0.0878040000000000    1.1436679999999999    5.6817510000000002
Al O
2 2
direct
   0.8713770000000000    0.2547800000000000    0.2520090000000000 Al
   0.3712730000000000    0.2545730000000000    0.7520200000000000 Al
   0.9803200000000000    0.4741660000000000    0.9259300000000000 O
   0.7625100000000000    0.0352760000000000    0.5780880000000000 O
EA43    2.375  2.385  5.000 89.99 90.04 90.00 Sym.group:  129
1.0
   2.3750279999999999    0.0002990000000000    0.0165700000000000
  -0.0002360000000000    2.3852609999999999   -0.0065260000000000
  -0.0383010000000000    0.0145730000000000    4.9994470000000000
Be Li
2 2
direct
   0.0068570000000000    0.5065260000000000    0.6047220000000000 Be
   0.5064880000000000    0.0065580000000000    0.3984820000000000 Be
   0.0061030000000000    0.5066880000000000    0.1389080000000000 Li
   0.5072530000000000    0.0064070000000000    0.8642900000000000 Li
EA157   2.807  2.816  4.033 89.95 89.95 90.03 Sym.group:  129
1.0
   2.8074729999999999   -0.0032640000000000   -0.0067820000000000
   0.0018600000000000    2.8159280000000000   -0.0100890000000000
   0.0134650000000000    0.0178050000000000    4.0326240000000002
H Mg
2 2
direct
   0.5009270000000000    0.9999690000000000    0.5022910000000000 H
   0.0013910000000000    0.4996800000000000    0.5002259999999999 H
   0.5010930000000000    0.4997960000000000    0.7722059999999999 Mg
   0.0011210000000000    0.9999340000000000    0.2303930000000000 Mg
EA123   2.535  2.527  3.977 89.99 90.07 119.86 Sym.group:  187
1.0
   2.5352350000000001   -0.0039460000000000    0.0074930000000000
  -1.2548630000000001    2.1937220000000002   -0.0008400000000000
  -0.0165430000000000   -0.0073010000000000    3.9769760000000001
Na Li
1 1
direct
   0.6553780000000000    0.8328730000000000    0.9985810000000001 Na
   0.3173680000000000    0.1660210000000000    0.4986180000000000 Li
EA161   4.663  3.307  3.307 90.00 90.00 90.00 Sym.group:  225
1.0
   4.6632980000000002   -0.0034580000000000    0.0014890000000000
   0.0022380000000000    3.3066650000000002   -0.0021100000000000
  -0.0009630000000000    0.0023220000000000    3.3070949999999999
Mg S
2 2
direct
   0.1267730000000000    0.7812550000000000    0.7745649999999999 Mg
   0.6280880000000000    0.2806070000000000    0.2750160000000000 Mg
   0.1280070000000000    0.2813220000000000    0.2745110000000000 S
   0.6270160000000000    0.7806980000000000    0.7749300000000000 S
EA5     2.359  2.360  4.082 106.80 90.01 60.03 Sym.group:  225
1.0
   1.1935640000000001   -2.0350649999999999   -0.0041010000000000
   2.3600629999999998    0.0172160000000000    0.0214400000000000
  -1.2097329999999999   -0.7161810000000000    3.8327450000000001
H Li
2 2
direct
   0.6184950000000000    0.7575160000000000    0.3815790000000000 H
   0.1190320000000000    0.7566050000000000    0.8816970000000000 H
   0.8690400000000000    0.2571020000000000    0.6313450000000000 Li
   0.3686920000000000    0.2571480000000000    0.1312920000000000 Li
EA114   4.141  4.141  4.162 60.89 119.12 88.62 Sym.group:  141
1.0
   2.0541250000000000    3.5947680000000002    0.0624260000000000
  -2.0546489999999999    1.2305200000000001    3.3777879999999998
   0.0434070000000000   -2.4165770000000002    3.3888379999999998
Al Na
2 2
direct
   0.6281440000000000    0.2378450000000000    0.7580070000000000 Al
   0.3775850000000000    0.9872760000000000    0.2580290000000000 Al
   0.1281480000000000    0.7376060000000000    0.7579740000000000 Na
   0.8776800000000000    0.4874720000000000    0.2579760000000000 Na
EA51    4.796  2.354  4.879 90.01 119.41 90.00 Sym.group:  123
1.0
   4.7943530000000001    0.0034510000000000   -0.1058000000000000
  -0.0016520000000000    2.3544399999999999   -0.0011250000000000
  -2.3010370000000000   -0.0006120000000000    4.3019639999999999
Na Si
2 2
direct
   0.7457680000000000    0.7559950000000000    0.7465190000000000 Na
   0.2459260000000000    0.7541940000000000    0.7466760000000000 Na
   0.2460550000000000    0.2547740000000000    0.2466200000000000 Si
   0.7464430000000000    0.2548220000000000    0.2467900000000000 Si
EA331   2.306  7.981  2.306 81.81 90.98 81.88 Sym.group:  139
1.0
   2.3060179999999999   -0.0191640000000000    0.0109330000000000
   1.1929110000000001    7.8913110000000000    0.0912200000000000
  -0.0476260000000000    0.3131370000000000    2.2843969999999998
Cl O
2 2
direct
   0.9650240000000000    0.5409830000000000    0.7703310000000000 Cl
   0.3100490000000000    0.8480290000000000    0.1187680000000000 Cl
   0.6754660000000000    0.1180990000000000    0.4831730000000000 O
   0.5996020000000000    0.2709490000000000    0.4061410000000000 O
EA123   5.647  3.102  3.101 90.00 90.03 90.01 Sym.group:  129
1.0
   5.6474359999999999   -0.0058580000000000    0.0235360000000000
   0.0028310000000000    3.1019470000000000   -0.0016190000000000
  -0.0143380000000000    0.0016730000000000    3.1010089999999999
Cl P
2 2
direct
   0.0491200000000000    0.8893030000000000    0.6548640000000000 Cl
   0.3445530000000000    0.3894800000000000    0.1569170000000000 Cl
   0.6991170000000000    0.8893890000000000    0.6615680000000000 P
   0.6945690000000000    0.3892620000000000    0.1612970000000000 P
