NUMBER OF TEMPLATES 25
COMPOSITION A 1 B
pairs , SPACEGROUPS 
[F Mg] , 164 
[C H] , 166 
[B Be] , 164 
[C F] , 164 
[Al F] , 191 
[Al Na] , 141 
[B N] , 216 
[Be Cl] , 166 
[Al S] , 139 
[C P] , 164 
[H Na] , 225 
[Al B] , 156 
[Cl Na] , 225 
[H Mg] , 129 
[Li Mg] , 123 
[Al Mg] , 123 
[B N] , 186 
[C S] , 164 
[Mg S] , 225 
[Li P] , 123 
[B Li] , 166 
[Mg N] , 187 
[Al Li] , 227 
[Mg P] , 123 
[B P] , 216 
RANKING VECTORS ENTHALPIES
0:[-1140.74799411 -1140.74465249 -1140.72714384 -1140.72065378 -1140.70464306 -1140.58013092 -1140.21352376 -1140.16362641 -1140.13226976 -1140.12290083 -1140.10128343 -1140.07957727 -1140.06435796 -1140.05785609 -1139.8327467  -1139.83261514 -1139.83172756 -1139.830791   -1139.8232711  -1139.72689476 -1139.48763103 -1139.27519401 -1138.97005644 -1138.96857511 -1138.96756484] 
1:[-88.37498626 -88.37362139 -88.37308147 -88.36963553 -88.36231441 -88.35997309 -87.95717818 -87.64504377 -86.98828392 -86.88421409 -86.63551958 -86.5847281  -86.46249673 -86.42620613 -86.42280705 -86.31619794 -86.26307744 -86.21223557 -86.19247183 -85.8673706 -85.71809612 -85.69717286 -85.6760759  -85.66500538 -85.66179662] 
2:[-227.63864378 -227.62667475 -227.62642273 -227.62609122 -227.62529306 -227.51147003 -227.42173378 -227.4174937  -227.41430164 -227.41131342 -227.40806215 -227.39660749 -227.24666945 -227.20470525 -227.16264217 -227.15899068 -226.93989061 -226.8582671  -226.4826733  -226.42476855 -226.35824826 -226.27826522 -226.27702211 -225.35365592 -225.33693507] 
3:[-414.63788139 -414.63787073 -414.63689335 -414.63677306 -414.63623796 -414.63223226 -414.03295989 -413.5360151  -413.44504688 -412.68224914 -412.07403349 -411.89939196 -411.68258574 -411.66768068 -411.66722141 -411.66341878 -411.47774298 -411.43481517 -411.42763968 -411.35929354 -410.8304831  -410.83047597 -410.82612547 -410.15539351 -410.1546732 ] 
4:[-364.23802846 -364.17279885 -364.16027445 -364.13537568 -364.06796505 -364.0511922  -364.04162296 -364.03668902 -364.03321569 -363.59484559 -363.59386696 -363.56196218 -363.19475506 -363.17472788 -363.17407963 -363.17311791 -363.1728854  -363.11826019 -362.89163189 -362.85189268 -362.80478903 -362.79816074 -362.65010517 -362.61990009 -362.60386893] 
5:[-648.25956144 -648.25883285 -648.25142361 -648.24614845 -648.10770895 -648.10531982 -648.09681295 -648.078219   -648.01826235 -648.01816979 -648.00704121 -647.99972827 -647.99797901 -647.99632087 -647.94864178 -647.94555824 -647.93813314 -647.81501371 -647.17397665 -647.05235333 -646.91566099 -646.91549564 -646.86405858 -645.35096235 -645.31609007] 
6:[-180.52723124 -180.52546917 -180.50580575 -180.09384769 -180.08898087 -180.08440598 -180.00169864 -179.99776052 -179.33535871 -178.92488791 -178.9029461  -178.9029216  -178.57927287 -178.49008627 -178.19039967 -178.05633114 -177.83709374 -177.79430882 -177.57604486 -177.25253863 -176.76132423 -176.7561117  -176.74583096 -176.15412087 -176.10432759] 
7:[-409.41838657 -409.31403131 -409.28635918 -409.25933319 -409.25884211 -409.13307916 -409.02891112 -408.90148655 -408.84901333 -408.84859224 -408.84820598 -408.83129902 -408.82921436 -408.82587241 -408.82182662 -408.82106652 -408.77254068 -408.77021184 -408.74051385 -408.44068028 -408.43435941 -408.36445426 -408.29201159 -408.10315122 -407.84731113] 
8:[-177.84594982 -177.78357692 -177.78336076 -177.78327637 -177.78299901 -177.78152349 -177.77796655 -177.72602488 -177.72581892 -177.69391855 -177.50192582 -177.44248226 -177.42271411 -177.37460806 -177.37166406 -177.30367469 -177.17830631 -177.15294321 -177.14853331 -177.10078049 -176.97087423 -176.97044366 -176.90604598 -176.72144267 -176.71039455] 
9:[-172.82178607 -172.81377203 -172.79845665 -172.52733992 -172.41206744 -172.39125899 -172.34878062 -172.33467788 -172.33451609 -172.31737267 -172.305065   -172.28742973 -172.28481529 -172.25667174 -172.23523076 -172.19469975 -172.13029842 -171.97171284 -171.54090371 -171.18256856 -171.18030443 -171.17841855 -171.17706514 -170.88535587 -170.80950224] 
10:[-626.95895239 -626.95808117 -626.95791302 -626.95370431 -626.94932014 -626.89968904 -626.89847944 -626.89801683 -626.85016143 -626.66410168 -626.6087101  -626.49993952 -626.4993315  -626.4992757  -626.49905519 -626.4981476  -626.47846771 -626.43180418 -626.43080986 -626.42896317 -626.41907418 -626.33228198 -626.33224241 -626.28823594 -625.65837619] 
11:[-68.5776475  -68.48687261 -68.40540323 -68.34081391 -68.26869505 -68.2420162  -68.24065064 -68.24045428 -68.24039934 -68.15749834 -68.00082806 -67.86635145 -67.86089081 -67.85276776 -67.84921631 -67.79948273 -67.72343961 -67.71760399 -67.68689514 -67.38493824 -67.20373707 -67.07716704 -66.62129238 -66.52469629 -66.5206249 ] 
12:[-841.65237808 -841.65181454 -841.65153812 -841.65130878 -841.65073401 -841.54566506 -841.54509024 -841.54460164 -841.51058811 -841.21794581 -841.01269534 -840.92846701 -840.92513485 -840.92449802 -840.8930908 -840.82371375 -840.8121037  -840.73376331 -840.73374007 -840.72685849 -840.7206475  -840.31436448 -840.31424627 -839.79478934 -839.45597532] 
13:[-812.69759355 -812.69258635 -812.68746273 -812.68726041 -812.68542348 -812.68389023 -812.66766711 -812.66615409 -812.6647923  -812.64263098 -812.61717146 -812.55885957 -812.53376542 -812.51591063 -812.49576351 -812.488764   -812.48441074 -812.39100845 -812.39063912 -812.38855016 -812.38819874 -812.37659293 -811.98117775 -811.69302258 -811.54382015] 
14:[-901.54413334 -901.54131758 -901.53514858 -901.52926332 -901.52883233 -901.38835728 -901.38343007 -901.38339087 -901.38312056 -901.3736624 -901.35706695 -901.31923446 -901.31455239 -901.30746541 -901.21238503 -901.1922721  -901.18276082 -901.1598401  -901.15900808 -901.15884404 -901.13475909 -901.13163625 -901.06892919 -899.86143847 -899.86017159] 
15:[-834.57397404 -834.57067465 -834.57055677 -834.56563543 -834.56429887 -834.52291866 -834.51795954 -834.51594779 -834.51487743 -834.50301535 -834.50113351 -834.44442064 -834.40332921 -834.21077997 -834.20842252 -834.20270108 -834.20035231 -833.90000103 -833.64254734 -833.48900552 -833.48804735 -833.4631002  -833.46222534 -831.65479887 -831.63309051] 
16:[-180.52723124 -180.52546917 -180.50580575 -180.09384769 -180.08898087 -180.08440598 -180.00169864 -179.99776052 -179.33535871 -178.92488791 -178.9029461  -178.9029216  -178.57927287 -178.49008627 -178.19039967 -178.05633114 -177.83709374 -177.79430882 -177.57604486 -177.25253863 -176.76132423 -176.7561117  -176.74583096 -176.15412087 -176.10432759] 
17:[-228.34396192 -228.33538186 -228.33476414 -227.46091964 -227.46078125 -227.41393908 -227.3781654  -227.36584711 -227.34804649 -227.26612043 -227.22116091 -227.16856707 -227.14696958 -227.05154165 -227.0214247 -226.97471408 -226.58197211 -226.52490684 -226.50881071 -226.29257892 -226.28346307 -226.27763166 -226.1149247  -226.11343394 -225.79450278] 
18:[-954.74337734 -954.73473844 -954.73399961 -954.36688826 -954.25153709 -954.25151192 -954.24744465 -954.24618523 -954.2444438  -954.12502977 -954.11089307 -953.95579819 -953.95556979 -953.95552219 -953.69967401 -953.63408109 -953.63357948 -953.48408783 -953.46748682 -953.45672237 -953.1292597  -952.69433722 -952.66994142 -952.66769601 -952.59587179] 
19:[-189.22545578 -189.1987604  -189.19575985 -189.19468711 -189.19124137 -188.79087982 -188.75270789 -188.67037197 -188.66268605 -188.62160255 -188.58828718 -188.54098974 -188.5248282  -188.52412929 -188.52229397 -188.40738839 -188.2591253  -188.24582382 -188.24564908 -188.19531973 -187.98588073 -187.98231641 -187.78398086 -186.98112952 -186.97017198] 
20:[-135.92321726 -135.90444801 -135.8643729  -135.85982877 -135.85970841 -135.48720687 -135.32647913 -135.32327277 -135.31575059 -135.31336661 -135.31063835 -135.30898129 -135.13478941 -135.09881231 -134.92587482 -134.92179638 -134.91987316 -134.91820684 -134.50067416 -133.92906949 -133.9290007  -133.87596793 -132.6861635  -132.64263239 -132.60620093] 
21:[-946.25378227 -946.02822513 -946.02732193 -946.00282769 -945.99412122 -945.91651113 -945.91236529 -945.90715356 -945.90586414 -945.90218306 -945.57720918 -945.48223467 -945.48221268 -945.48095567 -945.30186277 -944.98414465 -944.97975801 -944.859071   -944.55521549 -944.4718997 -944.36315712 -944.05205103 -944.04993884 -944.04793492 -943.60482652] 
22:[-125.95172405 -125.94373683 -125.93883227 -125.93425911 -125.8439578 -125.83665695 -125.83212234 -125.77927415 -125.65715393 -125.6558159 -125.65480624 -125.64866084 -125.6463496  -125.56979083 -125.5480683 -125.50994245 -125.47564581 -125.43745325 -125.32112195 -125.24533868 -125.04592183 -125.0458104  -125.02605891 -123.56731656 -123.54598005] 
23:[-897.8134292  -897.78507395 -897.77835891 -897.77785012 -897.77261313 -897.77016031 -897.65179683 -897.49048829 -897.46631162 -897.45442849 -897.45402771 -897.44324545 -897.43155401 -897.37148769 -897.30229607 -897.28714598 -896.93844271 -896.93513771 -896.9122892  -896.91145096 -896.82443471 -896.81936492 -896.55120362 -895.92987756 -895.92104097] 
24:[-131.32148721 -131.3191282  -131.31255775 -130.74634655 -130.73328799 -130.73097716 -130.72219578 -130.70818451 -130.7022033  -130.67695926 -130.64611367 -130.64535314 -130.64078383 -130.60692222 -130.58353175 -130.57482515 -130.5270642  -130.44552954 -130.14954169 -130.03550208 -130.02065216 -130.01971795 -130.01711418 -130.01259852 -129.85402029] 
RANKING VECTORS IDX
0:[ 0.  2.  8. 11.  7.  9. 16. 21. 18. 12. 10.  6. 13. 24. 19. 14. 15. 23.  4.  5. 20. 22.  1. 17.  3.] 
1:[ 3. 17.  0.  2.  1.  7.  9. 11. 20.  8.  4. 16.  5. 13. 22. 19. 23. 15. 14. 21. 24.  6. 10. 12. 18.] 
2:[ 1.  2. 17.  3.  0. 11. 19. 14. 13. 23. 15.  8.  9.  5.  7. 20. 22. 21.  4. 16. 10. 18. 12. 24.  6.] 
3:[ 0.  2.  3. 17.  1. 20. 11.  7.  9. 16.  4.  8. 19. 15. 14. 23. 21.  5. 22. 13. 18. 12. 10. 24.  6.] 
4:[ 4.  7. 20. 11.  9. 16.  0.  2. 13.  3. 17.  1.  5. 23. 14. 15. 19.  8. 22. 21. 24.  6. 18. 10. 12.] 
5:[ 1. 20.  5. 22.  2.  0. 11.  9. 14. 15. 13. 19. 23.  7. 17.  3. 16.  4.  8. 21. 18. 12. 10.  6. 24.] 
6:[ 6. 24. 16.  0.  2. 11.  7. 20.  9. 10. 18. 12.  8.  5. 13. 21.  1.  3.  4. 17. 23. 19. 14. 22. 15.] 
7:[ 7. 11.  9.  0.  2.  8. 21. 13.  3. 17.  1. 23. 14. 15. 19. 16. 18. 12. 10. 24.  6.  4. 20.  5. 22.] 
8:[21. 14. 19. 13. 15. 23.  8. 18. 12. 10. 20.  7. 11.  0.  2.  9. 16.  4.  5.  1. 17.  3. 22.  6. 24.] 
9:[17.  3.  1. 11.  8.  9. 16. 18. 12. 10. 24.  6. 20.  2.  7. 21. 13.  0.  4. 14. 15. 23. 19.  5. 22.] 
10:[14. 23. 13. 19. 15. 10. 18. 12. 21.  8. 11. 16.  2.  0.  3. 17.  5.  1. 20. 22.  7. 24.  6.  9.  4.] 
11:[20.  7. 11.  1. 21.  3.  0.  2. 17.  8. 13. 23. 14. 15. 19.  9. 18. 12. 10.  5. 16. 22.  4.  6. 24.] 
12:[23. 19. 13. 15. 14. 10. 18. 12. 21.  8.  5. 11.  7. 22. 20.  1.  9.  0.  2.  3. 16.  6. 24.  4. 17.] 
13:[11.  1.  2. 17.  3.  0. 10. 12. 18.  7.  8. 20. 16.  9. 21. 24.  6. 14. 15. 23. 19. 13.  5.  4. 22.] 
14:[19. 14. 23. 13. 15. 22. 20.  5.  7.  1. 21. 11.  0.  2.  9. 16.  8. 10. 18. 12. 17.  3.  4. 24.  6.] 
15:[23. 13. 19. 15. 14. 22.  5. 21.  2.  0. 20.  7.  9.  1. 17. 16.  3.  4. 11.  8. 10. 18. 12. 24.  6.] 
16:[ 6. 24. 16.  0.  2. 11.  7. 20.  9. 10. 18. 12.  8.  5. 13. 21.  1.  3.  4. 17. 23. 19. 14. 22. 15.] 
17:[ 1. 17.  3. 18. 12.  7.  8. 10. 20. 13.  0.  9.  2. 11. 21. 16.  4. 24.  6. 23. 14. 19.  5. 22. 15.] 
18:[10. 18. 12. 21. 23. 13. 14. 19. 15.  8. 11. 16.  2.  0.  5.  6. 24.  7. 20. 22.  9.  4.  3. 17.  1.] 
19:[23. 13. 15. 14. 19.  5. 20. 22. 21.  8.  7. 11.  2.  0.  3.  9. 10. 18. 12.  4. 17.  1. 16.  6. 24.] 
20:[ 1.  7. 20. 22.  5.  9. 23. 19. 13. 15. 14. 11.  8. 21.  3. 17.  0.  2.  4. 18. 12. 10. 16.  6. 24.] 
21:[21. 18. 12. 10.  8. 13. 14. 19. 15. 23.  9. 16.  2.  0.  7. 24.  6.  5. 20. 11. 22.  1. 17.  3.  4.] 
22:[19. 15. 23. 14. 20.  5. 22. 21.  0.  2.  3. 17. 11.  9.  7.  8. 16. 13.  1.  4. 18. 12. 10.  6. 24.] 
23:[ 5. 14. 23. 19. 15. 13. 21.  8. 22. 18. 12. 20. 10.  7. 11.  0.  1.  9. 17.  3.  4.  2. 16. 24.  6.] 
24:[ 6. 16. 24.  9.  0.  2. 11.  8. 10. 21. 12.  7. 18.  1.  3. 13. 17.  4. 20.  5. 19. 14. 15. 23. 22.] 
POSCARS
EA272   2.821  2.821  5.546 89.92 90.16 119.84 Sym.group:  164
1.0
   2.8214020000000000    0.0030940000000000    0.0052530000000000
  -1.4062340000000000    2.4455480000000001    0.0005210000000000
  -0.0261630000000000   -0.0068980000000000    5.5460919999999998
F Mg
2 2
direct
   0.3251680000000000    0.6632720000000000    0.6423250000000000 F
   0.6577290000000000    0.3290550000000000    0.3590160000000000 F
   0.3229400000000000    0.6630130000000000    0.1933900000000000 Mg
   0.6598600000000000    0.3292440000000000    0.8079980000000000 Mg
EA128   2.434  2.435  3.699 70.87 109.14 119.97 Sym.group:  166
1.0
   2.4335160000000000    0.0063920000000000   -0.0327730000000000
  -1.2215300000000000    2.1059269999999999    0.0282300000000000
  -1.1679610000000000    0.6774920000000000    3.4434990000000001
C H
2 2
direct
   0.6287880000000000    0.1051270000000000    0.8125530000000000 C
   0.2516170000000000    0.4822160000000000    0.6810370000000000 C
   0.1471790000000000    0.5860860000000000    0.3666050000000000 H
   0.7332090000000000    0.0006370000000000    0.1269880000000000 H
EA245   2.766  2.767  3.637 90.04 90.12 61.32 Sym.group:  164
1.0
   2.7660790000000000   -0.0258580000000000   -0.0020680000000000
   1.3504849999999999    2.4147609999999999   -0.0082960000000000
  -0.0049130000000000    0.0122750000000000    3.6371820000000001
B Be
2 2
direct
   0.0054240000000000    0.9968560000000000    0.3645330000000000 B
   0.6704410000000000    0.6611390000000000    0.1543400000000000 B
   0.0075860000000000    0.9983230000000000    0.8967300000000000 Be
   0.6683190000000000    0.6596810000000000    0.6221790000000000 Be
EA12    2.446  2.445  4.951 90.04 90.14 60.01 Sym.group:  164
1.0
   1.2238709999999999    2.1174430000000002    0.0050860000000000
  -1.2220370000000000    2.1179109999999999    0.0011470000000000
  -0.0159580000000000   -0.0163780000000000    4.9512000000000000
C F
2 2
direct
   0.5732030000000000    0.5824680000000000    0.4103930000000000 C
   0.2392400000000000    0.2492650000000000    0.3130770000000000 C
   0.5750720000000000    0.5818719999999999    0.6815540000000000 F
   0.2371290000000000    0.2495140000000000    0.0419140000000000 F
EA38    2.493  4.344  3.535 90.06 90.01 89.98 Sym.group:  191
1.0
   2.4929779999999999    0.0120400000000000    0.0011120000000000
  -0.0193490000000000    4.3433999999999999    0.0228970000000000
  -0.0021150000000000   -0.0226460000000000    3.5351050000000002
Al F
2 2
direct
   0.1352800000000000    0.3769140000000000    0.3730740000000000 Al
   0.6352830000000000    0.8769150000000000    0.3735150000000000 Al
   0.6350260000000000    0.8773110000000000    0.8734630000000000 F
   0.1346930000000000    0.3773080000000000    0.8731260000000000 F
EA114   4.141  4.141  4.162 60.89 119.12 88.62 Sym.group:  141
1.0
   2.0541250000000000    3.5947680000000002    0.0624260000000000
  -2.0546489999999999    1.2305200000000001    3.3777879999999998
   0.0434070000000000   -2.4165770000000002    3.3888379999999998
Al Na
2 2
direct
   0.6281440000000000    0.2378450000000000    0.7580070000000000 Al
   0.3775850000000000    0.9872760000000000    0.2580290000000000 Al
   0.1281480000000000    0.7376060000000000    0.7579740000000000 Na
   0.8776800000000000    0.4874720000000000    0.2579760000000000 Na
EA97    4.276  2.469  2.469 119.97 73.24 106.76 Sym.group:  216
1.0
   4.2761579999999997    0.0215250000000000    0.0394400000000000
  -0.7002260000000000    1.2684359999999999   -1.9996860000000001
   0.6871410000000000    1.2016739999999999    2.0448279999999999
N B
2 2
direct
   0.6083840000000000    0.6889510000000000    0.8151490000000000 N
   0.1083840000000000    0.1885460000000000    0.3157960000000000 N
   0.9834430000000000    0.8135540000000000    0.6908970000000000 B
   0.4834420000000000    0.3139750000000000    0.1902190000000000 B
EA275   2.813  2.813  6.299 89.87 102.79 60.12 Sym.group:  166
1.0
   1.4122960000000000    2.4327350000000001    0.0061990000000000
  -1.4056450000000000    2.4363750000000000    0.0073130000000000
  -1.4058700000000000   -0.8123250000000000    6.0864279999999997
Be Cl
2 2
direct
   0.0196630000000000    0.5948790000000000    0.4055390000000000 Be
   0.5253679999999999    0.8440730000000000    0.6624949999999999 Be
   0.9806180000000000    0.1164900000000000    0.8455670000000000 Cl
   0.5644380000000000    0.3224570000000000    0.2224670000000000 Cl
EA273   3.267  5.262  3.275 72.09 89.92 72.14 Sym.group:  139
1.0
   3.2572770000000002   -0.2366790000000000   -0.0918090000000000
   1.9823670000000000    3.8341449999999999    3.0104280000000001
   0.0149660000000000   -1.0586789999999999    3.0996350000000001
Al S
2 2
direct
   0.8955780000000000    0.9574260000000000    0.0383110000000000 Al
   0.6404490000000000    0.4558070000000000    0.7833750000000000 Al
   0.1248000000000000    0.4889460000000000    0.2676990000000000 S
   0.4112270000000000    0.9242870000000000    0.5539870000000000 S
EA18    2.822  2.833  4.690 90.32 90.23 60.73 Sym.group:  164
1.0
   1.4439240000000000   -2.4244420000000000    0.0032630000000000
   2.8324150000000001    0.0742730000000000   -0.0098110000000000
  -0.0105710000000000    0.0217840000000000    4.6904250000000003
C P
2 2
direct
   0.9990000000000000    0.9942210000000000    0.3454370000000000 C
   0.9988210000000000    0.9991910000000001    0.6608760000000000 C
   0.3326470000000000    0.3291990000000000    0.1795880000000000 P
   0.6651750000000000    0.6642130000000001    0.8267250000000000 P
EA9     2.754  2.763  3.898 89.91 90.24 90.00 Sym.group:  225
1.0
   2.7536130000000001    0.0003320000000000    0.0059160000000000
  -0.0002510000000000    2.7629459999999999   -0.0025380000000000
  -0.0248570000000000    0.0096260000000000    3.8976380000000002
H Na
2 2
direct
   0.3749810000000000    0.3733480000000000    0.1248950000000000 H
   0.8862890000000000    0.8732330000000000    0.6259860000000000 H
   0.8751960000000000    0.8737360000000000    0.1259200000000000 Na
   0.3859780000000000    0.3737420000000000    0.6251810000000000 Na
EA162   2.786  5.246  2.786 89.97 60.01 89.97 Sym.group:  156
1.0
   2.7858489999999998    0.0005360000000000    0.0050360000000000
   0.0016580000000000    5.2455730000000003    0.0213140000000000
   1.3884850000000000   -0.0086630000000000    2.4157860000000002
Al B
2 2
direct
   0.6532000000000000    0.0453550000000000    0.6908510000000000 Al
   0.9858230000000000    0.4236990000000000    0.0255270000000000 Al
   0.9867130000000000    0.7988150000000001    0.0247820000000000 B
   0.3200040000000000    0.7423149999999999    0.3582820000000000 B
EA11    3.320  3.330  3.323 60.43 119.70 119.61 Sym.group:  225
1.0
   3.3203900000000002    0.0230500000000000   -0.0013930000000000
  -1.6563500000000000    1.6711760000000000    2.3568050000000000
  -1.6336679999999999   -1.6770050000000001    2.3577640000000000
Cl Na
1 1
direct
   0.4963550000000000    0.5034310000000000    0.4894050000000000 Cl
   0.9965030000000000    0.0034120000000000    0.9897200000000000 Na
EA157   2.807  2.816  4.033 89.95 89.95 90.03 Sym.group:  129
1.0
   2.8074729999999999   -0.0032640000000000   -0.0067820000000000
   0.0018600000000000    2.8159280000000000   -0.0100890000000000
   0.0134650000000000    0.0178050000000000    4.0326240000000002
H Mg
2 2
direct
   0.5009270000000000    0.9999690000000000    0.5022910000000000 H
   0.0013910000000000    0.4996800000000000    0.5002259999999999 H
   0.5010930000000000    0.4997960000000000    0.7722059999999999 Mg
   0.0011210000000000    0.9999340000000000    0.2303930000000000 Mg
EA7     3.625  3.625  3.332 90.00 90.00 90.00 Sym.group:  123
1.0
   3.6252330000000001   -0.0011210000000000    0.0003220000000000
   0.0011950000000000    3.6252190000000000    0.0016460000000000
  -0.0002880000000000   -0.0015150000000000    3.3316040000000000
Mg Li
2 2
direct
   0.6201150000000000    0.6232880000000000    0.6368300000000000 Mg
   0.1202830000000000    0.1232430000000000    0.6365030000000000 Mg
   0.1199110000000000    0.6231380000000000    0.1366970000000000 Li
   0.6202810000000000    0.1232470000000000    0.1366900000000000 Li
EA56    2.543  4.045  2.494 90.00 89.96 90.00 Sym.group:  123
1.0
   2.5430709999999999    0.0003640000000000   -0.0105260000000000
  -0.0005950000000000    4.0454439999999998   -0.0003850000000000
   0.0122430000000000    0.0002370000000000    2.4935969999999998
Al Mg
1 1
direct
   0.0410140000000000    0.6772810000000000    0.1313260000000000 Al
   0.5412470000000000    0.1772920000000000    0.6312200000000000 Mg
EA14    2.461  2.461  4.073 90.00 90.00 120.00 Sym.group:  186
1.0
   2.4611839999999998    0.0001860000000000   -0.0017710000000000
  -1.2306960000000000    2.1314380000000002    0.0008860000000000
   0.0031600000000000    0.0000000000000000    4.0726279999999999
N B
2 2
direct
   0.6728370000000000    0.3458740000000000    0.1324850000000000 N
   0.3397440000000000    0.6799690000000000    0.6324850000000000 N
   0.3395030000000000    0.6792210000000000    0.0064780000000000 B
   0.6730610000000000    0.3466200000000000    0.5064770000000000 B
EA234   2.476  6.391  2.456 90.00 60.28 89.97 Sym.group:  164
1.0
   2.4750260000000002   -0.0062980000000000    0.0572400000000000
   0.0189790000000000    6.3906120000000000    0.0264730000000000
   1.1678649999999999   -0.0125390000000000    2.1603850000000002
C S
2 2
direct
   0.5648450000000000    0.5029420000000000    0.8426000000000000 C
   0.2307140000000000    0.4300220000000000    0.5095570000000000 C
   0.2308010000000000    0.1483580000000000    0.5094280000000000 S
   0.5649220000000000    0.7846050000000000    0.8424650000000000 S
EA161   4.663  3.307  3.307 90.00 90.00 90.00 Sym.group:  225
1.0
   4.6632980000000002   -0.0034580000000000    0.0014890000000000
   0.0022380000000000    3.3066650000000002   -0.0021100000000000
  -0.0009630000000000    0.0023220000000000    3.3070949999999999
Mg S
2 2
direct
   0.1267730000000000    0.7812550000000000    0.7745649999999999 Mg
   0.6280880000000000    0.2806070000000000    0.2750160000000000 Mg
   0.1280070000000000    0.2813220000000000    0.2745110000000000 S
   0.6270160000000000    0.7806980000000000    0.7749300000000000 S
EA183   3.274  4.078  3.274 113.11 89.94 66.91 Sym.group:  123
1.0
   3.2736410000000000    0.0279210000000000    0.0009370000000000
   1.5674539999999999    3.7643650000000002   -0.0583620000000000
   0.0141150000000000   -1.3513850000000001    2.9816490000000000
Li P
2 2
direct
   0.5992670000000000    0.3271760000000000    0.0132770000000000 Li
   0.0992620000000000    0.3271960000000000    0.5133050000000000 Li
   0.3492850000000000    0.8271849999999999    0.7632910000000001 P
   0.8492810000000000    0.8271849999999999    0.2632960000000000 P
EA7     2.948  2.944  3.616 89.99 66.16 60.06 Sym.group:  166
1.0
   1.4841850000000001    2.5475240000000001    0.0100190000000000
  -1.4640850000000001    2.5535790000000000   -0.0250440000000000
   1.4244509999999999    0.8490500000000000    3.2129509999999999
B Li
2 2
direct
   0.8114250000000000    0.0247860000000000    0.4788280000000000 B
   0.4544910000000000    0.7026990000000000    0.5085790000000000 B
   0.3658470000000000    0.2473590000000000    0.1431600000000000 Li
   0.9000990000000000    0.4801040000000000    0.8442120000000000 Li
EA111   3.064  3.065  4.052 89.99 90.03 60.00 Sym.group:  187
1.0
   3.0644469999999999    0.0054710000000000    0.0071540000000000
   1.5274850000000000    2.6566920000000001   -0.0020150000000000
  -0.0114100000000000    0.0102490000000000    4.0519959999999999
N Mg
2 2
direct
   0.9948500000000000    0.0043460000000000    0.8350550000000000 N
   0.9939829999999999    0.0049470000000000    0.3959230000000000 N
   0.3279030000000000    0.3378790000000000    0.1154070000000000 Mg
   0.6611650000000000    0.6712720000000000    0.6155530000000000 Mg
EA115   3.872  3.872  3.872 90.03 119.99 119.98 Sym.group:  227
1.0
   0.0885970000000000   -2.2011989999999999   -3.1837399999999998
   1.8915800000000000    3.3775230000000001    0.0702230000000000
   1.8911380000000000   -1.1273070000000001    3.1854429999999998
Al Li
2 2
direct
   0.6172470000000000    0.8650330000000001    0.1149040000000000 Al
   0.1173490000000000    0.6150020000000000    0.3650230000000000 Al
   0.6173140000000000    0.3650650000000000    0.6149790000000001 Li
   0.1173030000000000    0.1150330000000000    0.8650220000000000 Li
EA54    2.761  3.165  2.761 90.01 90.06 90.05 Sym.group:  123
1.0
   2.7611260000000000   -0.0058660000000000    0.0104370000000000
   0.0041570000000000    3.1652330000000002   -0.0010700000000000
  -0.0132800000000000    0.0004560000000000    2.7611740000000000
Mg P
1 1
direct
   0.4719270000000000    0.5237270000000001    0.5175190000000000 Mg
   0.9723230000000000    0.0236670000000000    0.0171820000000000 P
EA147   2.996  2.999  5.178 73.37 73.35 60.38 Sym.group:  216
1.0
   1.4932460000000001   -2.5971039999999999    0.0180820000000000
   2.9985070000000000    0.0145310000000000    0.0061030000000000
   1.4761340000000001   -0.8287470000000000    4.8930449999999999
B P
2 2
direct
   0.9908850000000000    0.6463530000000000    0.3190910000000000 B
   0.4906340000000000    0.1463590000000000    0.8190930000000000 B
   0.3659650000000000    0.0219840000000000    0.1948480000000000 P
   0.8657210000000000    0.5219900000000000    0.6948470000000000 P
