Gen   ID    Origin   Composition    Enthalpy   Volume  Density   Fitness   KPOINTS  SYMM  Q_entr A_order S_order
                                      (eV)     (A^3)  (g/cm^3)
  1    1   Random    [     3  1  ] -1510.262    27.357   3.704  -1510.262  [ 5  3  4]  38  0.121  2.616  2.385
  1    2   Random    [     3  1  ] -1509.608    26.856   3.773  -1509.608  [ 3  5  6]   1  0.176  2.239  1.902
  1    3   RandTop   [     3  1  ] -1509.536    31.399   3.227  -1509.536  [ 4  5  3]   6  0.184  2.612  2.185
  1    4   Random    [     3  1  ] -1510.240    27.427   3.694  -1510.240  [ 4  4  4]   1  0.135  2.320  2.093
  1    5   Random    [     3  1  ] -1510.109    27.348   3.705  -1510.109  [ 4  4  4]   1  0.094  2.287  2.133
  1    6   Random    [     3  1  ] -1510.142    27.349   3.705  -1510.142  [ 4  4  4]   1  0.148  2.197  1.950
  1    7   RandTop   [     3  1  ] -1509.536    31.404   3.226  -1509.536  [ 3  5  4]   6  0.188  2.598  2.160
  1    8   RandTop   [     3  1  ] -1509.293    26.071   3.886  -1509.293  [ 6  5  2]   8  0.167  2.531  2.179
  1    9   Random    [     6  2  ] -3019.823    53.857   3.763  -1509.911  [ 3  4  3]   2  0.124  2.158  1.874
  1   10   Random    [     6  2  ] -3019.274    53.707   3.773  -1509.637  [ 3  3  3]   1  0.199  2.168  1.724
  1   11   Random    [     3  1  ] -1509.540    30.298   3.344  -1509.540  [ 4  4  4]   1  0.160  2.240  1.965
  1   12   Random    [     3  1  ] -1510.051    26.984   3.755  -1510.051  [ 4  4  4]   1  0.135  2.201  1.986
  1   13   Random    [     3  1  ] -1509.917    26.773   3.785  -1509.917  [ 4  4  4]   1  0.132  2.121  1.925
  1   14   RandTop   [     3  1  ] -1510.251    27.322   3.708  -1510.251  [ 3  4  5]  38  0.121  2.564  2.338
  1   15   Random    [     3  1  ] -1509.665    27.788   3.646  -1509.665  [ 4  4  4]   1  0.150  2.053  1.809
  1   16   RandTop   [     3  1  ] -1509.658    28.856   3.511  -1509.658  [ 4  3  6]   1  0.157  2.167  1.895
  1   17   RandTop   [     3  1  ] -1510.502    29.786   3.402  -1510.502  [ 5  5  3]   1  0.170  2.209  1.903
  1   18   RandTop   [     3  1  ] -1508.653    27.175   3.729  -1508.653  [ 4  4  4]   1  0.123  2.223  2.016
  1   19   RandTop   [     3  1  ] -1510.452    29.419   3.444  -1510.452  [ 5  5  3]   8  0.171  2.319  2.010
  1   20   Random    [     6  2  ] -3021.074    56.692   3.575  -1510.537  [ 3  3  3]   1  0.233  2.142  1.641
  1   21   Random    [     6  2  ] -3020.593    53.354   3.798  -1510.297  [ 3  3  5]  38  0.157  2.492  2.052
  1   22   Random    [     6  2  ] -3022.918    60.641   3.342  -1511.459  [ 4  3  3]   1  0.236  2.073  1.540
  1   23   RandTop   [     6  2  ] -3020.511    55.657   3.641  -1510.255  [ 3  3  4]   2  0.139  1.955  1.663
  1   24   RandTop   [     6  2  ] -3021.903    57.798   3.506  -1510.952  [ 2  3  4]   1  0.186  2.015  1.633
  1   25   RandTop   [     6  2  ] -3021.121    59.742   3.392  -1510.560  [ 2  4  4]   7  0.138  2.144  1.838
  1   26   Random    [     6  2  ] -3020.393    55.335   3.662  -1510.197  [ 3  3  3]   5  0.125  2.095  1.850
  1   27   Random    [     6  2  ] -3022.854    60.510   3.349  -1511.427  [ 3  2  4]   1  0.227  2.042  1.539
  1   28   Random    [     6  2  ] -3020.991    55.994   3.619  -1510.495  [ 3  3  3]   1  0.212  2.107  1.626
  1   29   RandTop   [     6  2  ] -3020.275    52.993   3.824  -1510.137  [ 5  3  2]   1  0.173  2.104  1.747
  1   30   Random    [     6  2  ] -3022.624    60.009   3.377  -1511.312  [ 3  3  3]   1  0.232  2.164  1.551
  1   31   RandTop   [     6  2  ] -3020.256    56.496   3.587  -1510.128  [ 3  2  5]   4  0.144  2.145  1.817
  1   32   RandTop   [     6  2  ] -3022.768    59.727   3.393  -1511.384  [ 2  3  5]   1  0.220  2.063  1.567
  2   33 keptBest    [     6  2  ] -3022.918    60.641   3.342  -1511.459  [ 4  3  3]   1  0.236  2.073  1.540
  2   34 keptBest    [     6  2  ] -3021.903    57.798   3.506  -1510.952  [ 2  3  4]   1  0.186  2.015  1.633
  2   35 keptBest    [     6  2  ] -3020.991    55.994   3.619  -1510.495  [ 3  3  3]   1  0.212  2.107  1.626
  2   36  Heredity   [     3  1  ] -1509.059    27.118   3.736  -1509.059  [ 4  5  3]   6  0.187  2.536  2.126
  2   37  Heredity   [     3  1  ] -1509.305    27.214   3.723  -1509.305  [ 3  3  5]   1  0.173  2.180  1.850
  2   38  Heredity   [     3  1  ] -1510.600    30.135   3.362  -1510.600  [ 4  5  3]   1  0.178  2.392  2.027
  2   39   Random    [     3  1  ] -1510.482    29.497   3.435  -1510.482  [ 5  5  2]   8  0.183  2.467  2.096
  2   40   Random    [     3  1  ] -1510.142    27.305   3.711  -1510.142  [ 4  4  4]   1  0.132  2.171  1.965
  2   41   Random    [     3  1  ] -1509.926    31.239   3.244  -1509.926  [ 2  5  5] 160  0.157  3.583  3.133
  2   42   RandTop   [     3  1  ] -1510.481    30.389   3.334  -1510.481  [ 4  4  3]   1  0.169  2.059  1.767
  2   43   RandTop   [     3  1  ] -1509.547    31.436   3.223  -1509.547  [ 3  5  4]   6  0.188  2.593  2.157
  2   44 keptBest    [     3  1  ] -1510.452    29.419   3.444  -1510.452  [ 5  5  3]   8  0.171  2.319  2.010
  2   45  Heredity   [     3  1  ] -1510.313    29.676   3.414  -1510.313  [ 3  5  4]   1  0.170  2.198  1.874
  2   46 keptBest    [     3  1  ] -1510.262    27.357   3.704  -1510.262  [ 5  3  4]  38  0.121  2.616  2.385
  2   47 LatMutate   [     3  1  ] -1510.279    29.542   3.430  -1510.279  [ 4  5  3]   1  0.161  2.130  1.860
  2   48  Heredity   [     3  1  ] -1510.079    29.648   3.418  -1510.079  [ 3  5  4]   1  0.180  2.104  1.781
  2   49  Heredity   [     6  2  ] -3017.947    51.193   3.959  -1508.974  [ 2  4  5]   1  0.218  2.362  1.859
  2   50 LatMutate   [     3  1  ] -1510.187    29.342   3.453  -1510.187  [ 5  3  4]   1  0.171  2.123  1.827
  2   51  Heredity   [     6  2  ] -3019.248    53.307   3.801  -1509.624  [ 3  3  4]   1  0.209  2.118  1.665
  2   52  Heredity   [     6  2  ] -3019.822    52.435   3.865  -1509.911  [ 3  4  4]   1  0.220  2.044  1.584
  2   53  Heredity   [     6  2  ] -3018.275    49.879   4.063  -1509.138  [ 3  4  4]   2  0.106  2.233  2.010
  2   54   RandTop   [     6  2  ] -3020.955    58.769   3.448  -1510.477  [ 3  3  3]   1  0.230  1.989  1.505
  2   55   RandTop   [     3  1  ] -1509.447    27.933   3.627  -1509.447  [ 3  6  3]   1  0.168  2.104  1.816
  2   56  Heredity   [     6  2  ] -3019.042    53.144   3.813  -1509.521  [ 3  3  4]   1  0.205  2.017  1.593
  2   57 Permutate   [     6  2  ] -3021.047    57.206   3.542  -1510.524  [ 3  3  3]   1  0.215  2.035  1.569
  2   58 softmutate  [     6  2  ] -3020.153    53.730   3.772  -1510.076  [ 3  3  4]   1  0.206  2.048  1.616
  2   59 softmutate  [     6  2  ] -3019.321    51.748   3.916  -1509.660  [ 4  3  4]   1  0.215  2.159  1.668
  2   60 softmutate  [     6  2  ] -3019.336    52.269   3.877  -1509.668  [ 3  4  3]   2  0.147  2.053  1.739
  2   61 Permutate   [     6  2  ] -3022.945    61.019   3.321  -1511.473  [ 4  3  3]   1  0.249  2.107  1.532
  2   62  Heredity   [     6  2  ] -3021.777    55.439   3.655  -1510.889  [ 2  4  4]   2  0.097  2.343  2.109
  2   63  Heredity   [     6  2  ] -3019.309    53.383   3.796  -1509.655  [ 3  3  4]   1  0.220  2.068  1.583
  2   64 softmutate  [     6  2  ] -3020.234    54.232   3.737  -1510.117  [ 3  3  4]   1  0.208  2.093  1.648
  2   65   Random    [     6  2  ] -3022.176    58.008   3.493  -1511.088  [ 4  3  3]   1  0.221  2.201  1.646
  2   66 softmutate  [     6  2  ] -3020.772    54.253   3.735  -1510.386  [ 5  2  4]   2  0.102  2.136  1.918
  2   67   RandTop   [     6  2  ] -3021.670    55.998   3.619  -1510.835  [ 3  2  5]   1  0.151  2.386  2.006
  2   68 softmutate  [     6  2  ] -3021.017    56.178   3.607  -1510.509  [ 4  2  6]   1  0.171  2.170  1.812
  3   69 keptBest    [     6  2  ] -3022.945    61.019   3.321  -1511.473  [ 4  3  3]   1  0.249  2.107  1.532
  3   70 keptBest    [     6  2  ] -3022.176    58.008   3.493  -1511.088  [ 4  3  3]   1  0.221  2.201  1.646
  3   71 keptBest    [     6  2  ] -3021.903    57.798   3.506  -1510.952  [ 2  3  4]   1  0.186  2.015  1.633
  3   72  Heredity   [     3  1  ] -1509.444    29.549   3.429  -1509.444  [ 3  4  4]   1  0.158  2.329  2.047
  3   73   RandTop   [     3  1  ] -1510.275    29.489   3.436  -1510.275  [ 4  4  3]   1  0.173  2.066  1.764
  3   74 keptBest    [     3  1  ] -1510.600    30.135   3.362  -1510.600  [ 4  5  3]   1  0.178  2.392  2.027
  3   75  Heredity   [     3  1  ] -1510.552    30.689   3.302  -1510.552  [ 4  4  4]   1  0.184  2.233  1.875
  3   76 keptBest    [     3  1  ] -1510.262    27.357   3.704  -1510.262  [ 5  3  4]  38  0.121  2.616  2.385
  3   77   Random    [     3  1  ] -1510.157    27.407   3.697  -1510.157  [ 4  4  4]   1  0.120  2.334  2.137
  3   78 LatMutate   [     3  1  ] -1509.500    30.362   3.337  -1509.500  [ 3  4  4]   1  0.137  2.199  1.973
  3   79 LatMutate   [     3  1  ] -1509.127    25.259   4.011  -1509.127  [ 3  6  4]   1  0.061  2.551  2.448
  3   80 softmutate  [     3  1  ] -1510.418    29.896   3.389  -1510.418  [ 4  5  3]   1  0.181  2.019  1.703
  3   81   Random    [     3  1  ] -1510.466    30.158   3.360  -1510.466  [ 4  3  4]   1  0.178  2.020  1.711
  3   82   RandTop   [     3  1  ] -1510.152    27.382   3.700  -1510.152  [ 4  4  4]   1  0.151  2.185  1.933
  3   83 Permutate   [     3  1  ] -1510.499    29.548   3.429  -1510.499  [ 5  5  2]   8  0.185  2.473  2.094
  3   84  Heredity   [     6  2  ] -3018.131    49.923   4.059  -1509.065  [ 4  3  3]   2  0.105  2.213  2.005
  3   85  Heredity   [     6  2  ] -3020.895    54.480   3.720  -1510.448  [ 3  3  4]   1  0.206  2.081  1.639
  3   86  Heredity   [     6  2  ] -3019.914    52.963   3.826  -1509.957  [ 4  2  4]   1  0.131  2.183  1.916
  3   87 softmutate  [     6  2  ] -3019.396    50.122   4.043  -1509.698  [ 3  5  2]   8  0.162  2.242  1.900
  3   88  Heredity   [     6  2  ] -3019.189    53.539   3.785  -1509.595  [ 3  3  4]   1  0.216  2.124  1.676
  3   89  Heredity   [     6  2  ] -3020.807    55.072   3.680  -1510.404  [ 2  4  4]   2  0.065  2.377  2.240
  3   90 softmutate  [     6  2  ] -3020.017    53.853   3.763  -1510.009  [ 4  4  3]   1  0.161  2.284  1.935
  3   91  Heredity   [     6  2  ] -3019.740    53.429   3.793  -1509.870  [ 4  3  3]   1  0.202  2.025  1.587
  3   92  Heredity   [     6  2  ] -3020.789    57.483   3.525  -1510.394  [ 2  4  4]   1  0.234  2.157  1.631
  3   93 softmutate  [     6  2  ] -3019.663    53.045   3.820  -1509.832  [ 3  3  4]   2  0.075  2.259  2.119
  3   94  Heredity   [     6  2  ] -3020.332    53.806   3.766  -1510.166  [ 3  3  4]   1  0.205  2.012  1.580
  3   95  Heredity   [     6  2  ] -3018.636    50.849   3.985  -1509.318  [ 4  3  3]   1  0.214  2.090  1.640
  3   96  Heredity   [     6  2  ] -3020.355    53.057   3.819  -1510.178  [ 3  5  3]   1  0.173  2.077  1.734
  3   97  Heredity   [     6  2  ] -3018.669    50.443   4.017  -1509.335  [ 3  3  4]   1  0.190  1.973  1.600
  3   98   Random    [     6  2  ] -3023.014    60.985   3.323  -1511.507  [ 3  3  4]   1  0.245  2.091  1.518
  3   99   Random    [     6  2  ] -3020.456    59.694   3.395  -1510.228  [ 3  3  3]   1  0.216  2.263  1.672
  3  100   RandTop   [     6  2  ] -3020.472    56.116   3.611  -1510.236  [ 3  2  5]   2  0.162  2.110  1.755
  3  101 Permutate   [     6  2  ] -3023.170    61.283   3.307  -1511.585  [ 4  2  4]   1  0.206  2.041  1.546
  3  102   Random    [     6  2  ] -3022.765    59.064   3.431  -1511.383  [ 3  3  3]   1  0.221  2.008  1.499
  3  103  Heredity   [     9  3  ] -4526.873    76.777   3.959  -1508.958  [ 3  4  3]   1  0.229  2.004  1.475
  4  104 keptBest    [     6  2  ] -3023.170    61.283   3.307  -1511.585  [ 4  2  4]   1  0.206  2.041  1.546
  4  105 keptBest    [     6  2  ] -3021.903    57.798   3.506  -1510.952  [ 2  3  4]   1  0.186  2.015  1.633
  4  106  Heredity   [     3  1  ] -1508.916    27.426   3.694  -1508.916  [ 4  5  3]   1  0.138  2.300  2.055
  4  107  Heredity   [     3  1  ] -1510.483    29.538   3.430  -1510.483  [ 5  5  2]   1  0.179  2.216  1.889
  4  108  Heredity   [     3  1  ] -1510.535    30.374   3.336  -1510.535  [ 4  4  3]   1  0.176  2.082  1.765
  4  109   RandTop   [     3  1  ] -1508.606    29.190   3.471  -1508.606  [ 5  5  2]  65  0.109  3.012  2.747
  4  110 LatMutate   [     3  1  ] -1509.287    28.576   3.546  -1509.287  [ 3  4  4]   8  0.107  2.442  2.251
  4  111 keptBest    [     3  1  ] -1510.600    30.135   3.362  -1510.600  [ 4  5  3]   1  0.178  2.392  2.027
  4  112 keptBest    [     3  1  ] -1510.552    30.689   3.302  -1510.552  [ 4  4  4]   1  0.184  2.233  1.875
  4  113 keptBest    [     3  1  ] -1510.499    29.548   3.429  -1510.499  [ 5  5  2]   8  0.185  2.473  2.094
  4  114  Heredity   [     3  1  ] -1510.280    27.541   3.679  -1510.280  [ 4  4  4]   5  0.120  2.310  2.110
  4  115   Random    [     3  1  ] -1510.457    29.229   3.467  -1510.457  [ 4  4  4]   1  0.164  2.143  1.860
  4  116   RandTop   [     3  1  ] -1510.102    27.259   3.717  -1510.102  [ 4  4  4]   1  0.119  2.384  2.189
  4  117 Permutate   [     6  2  ] -3023.089    60.656   3.341  -1511.545  [ 3  4  3]   1  0.251  2.115  1.544
  4  118 LatMutate   [     3  1  ] -1510.190    29.515   3.433  -1510.190  [ 3  4  4]   1  0.176  2.069  1.759
  4  119   Random    [     3  1  ] -1510.271    27.375   3.701  -1510.271  [ 5  4  4]  38  0.119  2.611  2.386
  4  120   RandTop   [     3  1  ] -1508.904    27.230   3.721  -1508.904  [ 3  6  3]   1  0.173  1.969  1.682
  4  121  Heredity   [     6  2  ] -3018.840    51.756   3.915  -1509.420  [ 2  4  4]   1  0.207  2.080  1.661
  4  122   Random    [     3  1  ] -1509.699    26.496   3.824  -1509.699  [ 4  4  4]   1  0.158  2.271  1.997
  4  123  Heredity   [     6  2  ] -3019.702    52.886   3.832  -1509.851  [ 3  3  4]   1  0.196  2.064  1.666
  4  124  Heredity   [     6  2  ] -3018.799    54.368   3.727  -1509.400  [ 3  4  4]   1  0.219  2.116  1.621
  4  125 LatMutate   [     3  1  ] -1510.201    27.243   3.719  -1510.201  [ 5  3  4]   5  0.124  2.191  1.988
  4  126   Random    [     3  1  ] -1510.040    27.101   3.739  -1510.040  [ 4  4  4]   1  0.129  2.068  1.880
  4  127 Permutate   [     6  2  ] -3021.566    55.846   3.629  -1510.783  [ 4  3  3]   1  0.220  2.049  1.549
  4  128 softmutate  [     6  2  ] -3019.209    53.107   3.816  -1509.605  [ 2  3  5]   1  0.203  2.272  1.802
  4  129  Heredity   [     6  2  ] -3021.025    55.692   3.639  -1510.513  [ 3  4  3]   2  0.134  1.954  1.669
  4  130  Heredity   [     6  2  ] -3020.479    57.815   3.505  -1510.240  [ 4  2  4]   1  0.183  1.966  1.606
  4  131   Random    [     6  2  ] -3020.598    56.124   3.611  -1510.299  [ 4  3  3]   1  0.214  2.117  1.654
  4  132   Random    [     6  2  ] -3023.449    61.165   3.313  -1511.725  [ 3  3  3]   1  0.240  2.068  1.511
  4  133 softmutate  [     6  2  ] -3021.008    55.955   3.622  -1510.504  [ 4  4  2]   2  0.144  2.192  1.861
  4  134   Random    [     6  2  ] -3017.847    53.866   3.762  -1508.923  [ 3  4  3]   1  0.215  2.064  1.603
  4  135 softmutate  [     6  2  ] -3021.319    56.233   3.604  -1510.660  [ 6  3  2]   1  0.213  2.196  1.693
  4  136 softmutate  [     6  2  ] -3020.096    53.076   3.818  -1510.048  [ 3  5  3]   1  0.177  2.140  1.781
  4  137 softmutate  [     6  2  ] -3019.878    54.623   3.710  -1509.939  [ 3  6  2]   1  0.165  2.261  1.876
  4  138 softmutate  [     6  2  ] -3017.083    51.989   3.898  -1508.541  [ 3  4  4]   2  0.153  1.906  1.594
  4  139 softmutate  [     6  2  ] -3019.135    52.801   3.838  -1509.567  [ 2  4  5]   6  0.221  2.508  1.952
  4  140 Permutate   [     6  2  ] -3023.346    61.052   3.319  -1511.673  [ 3  3  4]   1  0.218  2.204  1.650
  5  141 keptBest    [     6  2  ] -3023.449    61.165   3.313  -1511.725  [ 3  3  3]   1  0.240  2.068  1.511
  5  142 keptBest    [     6  2  ] -3021.025    55.692   3.639  -1510.513  [ 3  4  3]   2  0.134  1.954  1.669
  5  143 keptBest    [     3  1  ] -1510.600    30.135   3.362  -1510.600  [ 4  5  3]   1  0.178  2.392  2.027
  5  144   Random    [     3  1  ] -1510.277    27.400   3.698  -1510.277  [ 4  5  3]  38  0.116  2.655  2.434
  5  145 keptBest    [     3  1  ] -1510.552    30.689   3.302  -1510.552  [ 4  4  4]   1  0.184  2.233  1.875
  5  146  Heredity   [     3  1  ] -1510.285    27.556   3.677  -1510.285  [ 4  4  4]   1  0.127  2.393  2.174
  5  147 keptBest    [     3  1  ] -1510.499    29.548   3.429  -1510.499  [ 5  5  2]   8  0.185  2.473  2.094
  5  148   Random    [     3  1  ] -1510.243    27.437   3.693  -1510.243  [ 4  4  4]   1  0.144  2.309  2.064
  5  149   Random    [     3  1  ] -1509.274    28.537   3.551  -1509.274  [ 4  3  4]   8  0.105  2.443  2.255
  5  150   RandTop   [     3  1  ] -1510.289    27.568   3.675  -1510.289  [ 4  4  4]   5  0.102  2.477  2.297
  5  151   RandTop   [     3  1  ] -1509.425    27.634   3.667  -1509.425  [ 5  3  3]   1  0.170  2.199  1.869
  5  152  Heredity   [     6  2  ] -3019.595    52.996   3.824  -1509.798  [ 3  3  4]   1  0.208  2.228  1.754
  5  153 softmutate  [     6  2  ] -3019.921    52.736   3.843  -1509.961  [ 4  3  3]   1  0.217  2.058  1.586
  5  154 Permutate   [     3  1  ] -1510.423    29.767   3.404  -1510.423  [ 5  5  3]   1  0.177  2.112  1.798
  5  155  Heredity   [     3  1  ] -1510.455    29.496   3.435  -1510.455  [ 5  5  3]   1  0.177  2.305  1.980
  5  156  Heredity   [     6  2  ] -3019.587    52.542   3.857  -1509.794  [ 4  3  3]   1  0.209  2.240  1.764
  5  157 LatMutate   [     3  1  ] -1510.525    30.362   3.337  -1510.525  [ 4  4  3]   1  0.150  2.159  1.898
  5  158 Permutate   [     3  1  ] -1510.265    27.498   3.685  -1510.265  [ 4  4  4]   1  0.135  2.286  2.062
  5  159  Heredity   [     6  2  ] -3019.762    52.760   3.841  -1509.881  [ 4  2  4]   1  0.215  2.100  1.618
  5  160  Heredity   [     6  2  ] -3019.869    52.708   3.845  -1509.935  [ 3  4  4]   1  0.201  2.170  1.706
  5  161 LatMutate   [     6  2  ] -3019.831    53.476   3.790  -1509.915  [ 3  4  3]   2  0.108  2.114  1.892
  5  162 softmutate  [     6  2  ] -3020.085    54.449   3.722  -1510.043  [ 4  3  3]   2  0.144  2.072  1.749
  5  163  Heredity   [     6  2  ] -3019.220    52.615   3.852  -1509.610  [ 3  4  4]   1  0.179  1.973  1.609
  5  164  Heredity   [     6  2  ] -3019.749    54.565   3.714  -1509.875  [ 3  4  3]   1  0.201  2.125  1.704
  5  165   Random    [     6  2  ] -3020.992    57.855   3.503  -1510.496  [ 3  3  3]   8  0.235  2.318  1.703
  5  166 Permutate   [     6  2  ] -3021.215    60.036   3.375  -1510.607  [ 2  3  4]   2  0.140  2.075  1.769
  5  167 Permutate   [     6  2  ] -3023.016    60.870   3.329  -1511.508  [ 3  3  4]   1  0.249  2.006  1.462
  5  168  Heredity   [     6  2  ] -3020.223    57.219   3.542  -1510.112  [ 3  4  3]   1  0.205  2.323  1.704
  5  169  Heredity   [     6  2  ] -3019.224    54.883   3.692  -1509.612  [ 3  3  4]   1  0.185  2.062  1.682
  5  170  Heredity   [     6  2  ] -3020.916    55.826   3.630  -1510.458  [ 4  3  4]   1  0.173  2.000  1.651
  5  171 Permutate   [     6  2  ] -3020.287    55.926   3.623  -1510.144  [ 2  4  3]   1  0.190  2.136  1.738
  5  172 softmutate  [     6  2  ] -3020.547    54.467   3.721  -1510.273  [ 5  3  3]   2  0.070  2.256  2.115
  5  173 LatMutate   [     6  2  ] -3018.685    50.531   4.010  -1509.343  [ 4  4  3]   9  0.117  2.165  1.924
  5  174 softmutate  [     6  2  ] -3018.171    52.223   3.880  -1509.085  [ 4  3  3]   2  0.158  2.016  1.709
  5  175 softmutate  [     6  2  ] -3019.103    52.298   3.875  -1509.551  [ 3  3  5]   1  0.221  2.130  1.617
  6  176 keptBest    [     6  2  ] -3023.449    61.165   3.313  -1511.725  [ 3  3  3]   1  0.240  2.068  1.511
  6  177 keptBest    [     6  2  ] -3021.025    55.692   3.639  -1510.513  [ 3  4  3]   2  0.134  1.954  1.669
  6  178   RandTop   [     3  1  ] -1509.309    28.637   3.538  -1509.309  [ 4  3  4]   8  0.105  2.569  2.373
  6  179 LatMutate   [     3  1  ] -1509.879    29.103   3.482  -1509.879  [ 5  4  3]   2  0.096  2.391  2.207
  6  180 Permutate   [     3  1  ] -1509.491    31.697   3.197  -1509.491  [ 4  5  3]   8  0.188  2.408  2.019
  6  181 Permutate   [     3  1  ] -1510.392    29.206   3.469  -1510.392  [ 5  5  3]   8  0.180  2.438  2.088
  6  182 Permutate   [     6  2  ] -3020.455    55.192   3.672  -1510.227  [ 3  3  3]   1  0.221  2.204  1.683
  6  183 keptBest    [     3  1  ] -1510.600    30.135   3.362  -1510.600  [ 4  5  3]   1  0.178  2.392  2.027
  6  184  Heredity   [     3  1  ] -1510.418    30.029   3.374  -1510.418  [ 4  3  4]   1  0.178  2.023  1.711
  6  185   Random    [     3  1  ] -1510.034    27.076   3.742  -1510.034  [ 4  4  4]   1  0.137  2.208  1.988
  6  186   Random    [     3  1  ] -1509.726    27.130   3.735  -1509.726  [ 5  3  5]   1  0.166  2.124  1.825
  6  187   RandTop   [     3  1  ] -1509.820    28.922   3.503  -1509.820  [ 2  5  5]   1  0.158  2.154  1.894
  6  188 keptBest    [     3  1  ] -1510.552    30.689   3.302  -1510.552  [ 4  4  4]   1  0.184  2.233  1.875
  6  189 keptBest    [     3  1  ] -1510.499    29.548   3.429  -1510.499  [ 5  5  2]   8  0.185  2.473  2.094
  6  190  Heredity   [     6  2  ] -3020.297    55.667   3.640  -1510.149  [ 3  4  3]   2  0.126  2.061  1.804
  6  191  Heredity   [     6  2  ] -3019.945    54.444   3.722  -1509.973  [ 3  4  3]   2  0.129  2.099  1.812
  6  192 softmutate  [     6  2  ] -3017.862    49.903   4.061  -1508.931  [ 3  5  3]   2  0.139  2.176  1.850
  6  193 LatMutate   [     3  1  ] -1510.307    29.671   3.415  -1510.307  [ 5  3  4]   1  0.167  2.083  1.795
  6  194  Heredity   [     6  2  ] -3019.188    51.958   3.900  -1509.594  [ 4  3  3]   1  0.167  2.063  1.714
  6  195 softmutate  [     6  2  ] -3012.925    51.752   3.916  -1506.462  [ 7  2  2]   2  0.115  2.023  1.816
  6  196  Heredity   [     6  2  ] -3019.949    56.313   3.599  -1509.974  [ 2  3  5]   1  0.218  2.171  1.666
  6  197  Heredity   [     6  2  ] -3021.403    56.114   3.611  -1510.702  [ 3  4  3]   1  0.150  2.241  1.917
  6  198   Random    [     6  2  ] -3021.354    64.652   3.134  -1510.677  [ 3  3  3]   2  0.179  2.171  1.837
  6  199   RandTop   [     6  2  ] -3021.026    56.095   3.613  -1510.513  [ 3  3  3]   1  0.217  2.265  1.698
  6  200   RandTop   [     6  2  ] -3021.956    59.404   3.411  -1510.978  [ 2  4  3]   2  0.150  2.048  1.704
  6  201  Heredity   [     6  2  ] -3017.883    48.156   4.208  -1508.942  [ 3  4  4]   2  0.105  2.130  1.912
  6  202  Heredity   [     6  2  ] -3019.963    55.590   3.645  -1509.982  [ 3  4  3]   1  0.249  2.109  1.498
  6  203  Heredity   [     6  2  ] -3019.731    53.234   3.807  -1509.866  [ 4  4  3]   5  0.134  2.510  2.196
  6  204  Heredity   [     6  2  ] -3019.568    54.605   3.711  -1509.784  [ 4  3  3]   1  0.224  2.118  1.646
  6  205 softmutate  [     6  2  ] -3018.369    50.308   4.028  -1509.184  [ 3  5  2]   1  0.223  2.089  1.580
  6  206 LatMutate   [     3  1  ] -1509.617    30.069   3.370  -1509.617  [ 4  3  4]   1  0.159  2.200  1.937
  6  207  Heredity   [     6  2  ] -3020.971    54.797   3.698  -1510.486  [ 4  3  3]   2  0.126  2.198  1.922
  6  208 softmutate  [     6  2  ] -3016.541    50.997   3.974  -1508.270  [ 5  3  2]   2  0.113  2.269  2.023
  6  209 softmutate  [     6  2  ] -3017.903    49.196   4.119  -1508.952  [ 3  4  4]   1  0.185  2.068  1.705
  6  210   RandTop   [     6  2  ] -3019.824    53.886   3.761  -1509.912  [ 3  5  2]   1  0.215  2.069  1.617
  6  211 softmutate  [     6  2  ] -3015.422    52.050   3.893  -1507.711  [ 7  3  2]   2  0.047  2.264  2.177
  6  212   Random    [     6  2  ] -3024.047    63.690   3.182  -1512.024  [ 4  3  3]   1  0.195  2.221  1.778
  7  213 keptBest    [     6  2  ] -3024.047    63.690   3.182  -1512.024  [ 4  3  3]   1  0.195  2.221  1.778
  7  214 keptBest    [     6  2  ] -3021.956    59.404   3.411  -1510.978  [ 2  4  3]   2  0.150  2.048  1.704
  7  215   RandTop   [     3  1  ] -1509.853    27.501   3.684  -1509.853  [ 4  5  3]   6  0.181  2.297  1.939
  7  216   Random    [     3  1  ] -1509.574    30.405   3.332  -1509.574  [ 4  4  4]   1  0.163  2.249  1.970
  7  217   RandTop   [     3  1  ] -1508.679    29.450   3.441  -1508.679  [ 5  5  2] 123  0.128  3.740  3.335
  7  218 LatMutate   [     3  1  ] -1510.303    29.868   3.392  -1510.303  [ 3  5  4]   1  0.160  2.213  1.927
  7  219 LatMutate   [     3  1  ] -1510.319    29.677   3.414  -1510.319  [ 4  5  3]   1  0.173  2.082  1.779
  7  220 keptBest    [     3  1  ] -1510.600    30.135   3.362  -1510.600  [ 4  5  3]   1  0.178  2.392  2.027
  7  221   Random    [     3  1  ] -1510.146    27.326   3.708  -1510.146  [ 4  4  4]   1  0.125  2.199  2.008
  7  222 keptBest    [     3  1  ] -1510.552    30.689   3.302  -1510.552  [ 4  4  4]   1  0.184  2.233  1.875
  7  223 keptBest    [     3  1  ] -1510.499    29.548   3.429  -1510.499  [ 5  5  2]   8  0.185  2.473  2.094
  7  224  Heredity   [     6  2  ] -3018.719    51.423   3.941  -1509.359  [ 4  3  3]   1  0.219  2.066  1.610
  7  225 Permutate   [     6  2  ] -3019.828    53.310   3.801  -1509.914  [ 2  4  4]   1  0.205  2.241  1.695
  7  226 LatMutate   [     3  1  ] -1510.570    30.032   3.374  -1510.570  [ 4  4  3]   8  0.168  2.643  2.283
  7  227 LatMutate   [     3  1  ] -1509.274    28.579   3.545  -1509.274  [ 5  4  3]   8  0.115  2.360  2.160
  7  228  Heredity   [     6  2  ] -3019.071    52.431   3.865  -1509.535  [ 3  4  4]   1  0.229  2.105  1.604
  7  229 Permutate   [     6  2  ] -3024.880    63.409   3.196  -1512.440  [ 4  3  3]   1  0.210  2.080  1.597
  7  230 LatMutate   [     6  2  ] -3018.731    50.649   4.001  -1509.366  [ 4  4  3]   9  0.112  2.187  1.956
  7  231 softmutate  [     6  2  ] -3020.848    53.899   3.760  -1510.424  [ 4  4  3]   1  0.201  2.114  1.694
  7  232 LatMutate   [     3  1  ] -1510.159    27.357   3.704  -1510.159  [ 4  4  4]   1  0.133  2.152  1.947
  7  233  Heredity   [     6  2  ] -3020.211    53.418   3.794  -1510.106  [ 3  4  3]   2  0.147  2.056  1.721
  7  234  Heredity   [     6  2  ] -3019.925    51.208   3.957  -1509.962  [ 3  4  4]   1  0.151  2.364  1.963
  7  235   Random    [     6  2  ] -3023.398    62.387   3.248  -1511.699  [ 3  3  3]   1  0.249  2.223  1.555
  7  236  Heredity   [     6  2  ] -3019.050    53.083   3.818  -1509.525  [ 5  3  2]   1  0.228  1.973  1.495
  7  237  Heredity   [     6  2  ] -3017.688    50.253   4.033  -1508.844  [ 5  3  3]   1  0.186  2.286  1.867
  7  238  Heredity   [     6  2  ] -3020.302    53.883   3.761  -1510.151  [ 3  4  4]  11  0.138  2.490  2.174
  7  239 Permutate   [     6  2  ] -3021.519    58.698   3.452  -1510.760  [ 3  3  3]   1  0.247  2.073  1.531
  7  240 softmutate  [     6  2  ] -3019.183    52.495   3.860  -1509.592  [ 3  4  4]   1  0.208  2.133  1.657
  7  241 softmutate  [     6  2  ] -3017.229    52.784   3.839  -1508.615  [ 5  5  1]   1  0.193  2.226  1.799
  7  242  Heredity   [     6  2  ] -3020.750    54.520   3.717  -1510.375  [ 3  4  4]   1  0.176  2.061  1.710
  7  243  Heredity   [     6  2  ] -3020.683    54.700   3.705  -1510.341  [ 3  4  3]   1  0.179  2.002  1.641
  7  244   Random    [     6  2  ] -3020.695    54.658   3.708  -1510.348  [ 3  3  3]   1  0.204  2.087  1.663
  7  245   Random    [     6  2  ] -3020.529    57.068   3.551  -1510.265  [ 3  4  3]   2  0.150  2.137  1.779
  7  246   Random    [     6  2  ] -3021.053    60.973   3.324  -1510.527  [ 2  4  3]   1  0.212  2.113  1.661
  7  247 softmutate  [     6  2  ] -3021.696    59.106   3.429  -1510.848  [ 4  5  2]   1  0.230  2.270  1.667
  7  248 softmutate  [     6  2  ] -3013.204    51.655   3.923  -1506.602  [ 4  8  1]   1  0.080  2.190  2.082
  7  249   RandTop   [     6  2  ] -3022.370    57.284   3.538  -1511.185  [ 3  3  3]   1  0.211  2.217  1.686
  8  250 keptBest    [     6  2  ] -3024.880    63.409   3.196  -1512.440  [ 4  3  3]   1  0.210  2.080  1.597
  8  251 keptBest    [     6  2  ] -3022.370    57.284   3.538  -1511.185  [ 3  3  3]   1  0.211  2.217  1.686
  8  252 keptBest    [     6  2  ] -3021.956    59.404   3.411  -1510.978  [ 2  4  3]   2  0.150  2.048  1.704
  8  253  Heredity   [     3  1  ] -1510.501    30.328   3.341  -1510.501  [ 3  4  4]   1  0.161  2.196  1.910
  8  254   Random    [     3  1  ] -1508.503    31.227   3.245  -1508.503  [ 4  4  4]   1  0.048  2.605  2.524
  8  255   Random    [     3  1  ] -1509.303    28.620   3.540  -1509.303  [ 4  4  3]   8  0.104  2.560  2.365
  8  256   RandTop   [     3  1  ] -1510.525    30.261   3.348  -1510.525  [ 4  4  3]   1  0.167  2.125  1.830
  8  257   RandTop   [     3  1  ] -1509.312    28.647   3.537  -1509.312  [ 4  4  3]   8  0.104  2.574  2.378
  8  258 softmutate  [     6  2  ] -3019.014    51.286   3.951  -1509.507  [ 4  3  4]   1  0.129  2.266  1.965
  8  259 keptBest    [     3  1  ] -1510.600    30.135   3.362  -1510.600  [ 4  5  3]   1  0.178  2.392  2.027
  8  260 keptBest    [     3  1  ] -1510.552    30.689   3.302  -1510.552  [ 4  4  4]   1  0.184  2.233  1.875
  8  261  Heredity   [     6  2  ] -3019.765    52.101   3.889  -1509.883  [ 3  4  3]   1  0.212  1.999  1.574
  8  262 LatMutate   [     3  1  ] -1509.805    27.310   3.710  -1509.805  [ 4  5  3]   1  0.177  2.090  1.765
  8  263 LatMutate   [     3  1  ] -1509.499    26.170   3.872  -1509.499  [ 3  6  3]   2  0.119  2.427  2.183
  8  264   Random    [     3  1  ] -1510.095    27.244   3.719  -1510.095  [ 4  4  4]   1  0.118  2.387  2.194
  8  265   Random    [     3  1  ] -1509.521    29.911   3.388  -1509.521  [ 5  4  4]   1  0.164  2.173  1.886
  8  266  Heredity   [     6  2  ] -3019.607    53.754   3.770  -1509.804  [ 3  3  3]   1  0.198  2.081  1.682
  8  267  Heredity   [     6  2  ] -3016.933    48.368   4.190  -1508.467  [ 5  4  2]   2  0.095  2.523  2.307
  8  268   RandTop   [     6  2  ] -3019.161    58.702   3.452  -1509.580  [ 2  4  3]   4  0.143  2.159  1.843
  8  269 Permutate   [     6  2  ] -3019.830    53.316   3.801  -1509.915  [ 2  4  4]   1  0.205  2.243  1.696
  8  270 softmutate  [     6  2  ] -3017.644    50.170   4.039  -1508.822  [ 4  3  3]   1  0.204  2.112  1.703
  8  271 LatMutate   [     3  1  ] -1509.691    28.764   3.523  -1509.691  [ 6  4  2]   2  0.073  2.317  2.193
  8  272  Heredity   [     3  1  ] -1510.231    27.404   3.697  -1510.231  [ 4  4  4]   1  0.149  2.272  2.020
  8  273  Heredity   [     6  2  ] -3019.435    54.082   3.747  -1509.717  [ 4  4  2]   1  0.203  2.229  1.744
  8  274   RandTop   [     6  2  ] -3023.060    61.341   3.304  -1511.530  [ 4  2  4]   1  0.270  2.232  1.525
  8  275 softmutate  [     6  2  ] -3020.623    54.742   3.702  -1510.311  [ 4  3  3]   1  0.202  2.064  1.631
  8  276  Heredity   [     6  2  ] -3021.341    56.707   3.574  -1510.670  [ 4  5  2]   1  0.205  2.030  1.619
  8  277  Heredity   [     6  2  ] -3018.649    50.342   4.025  -1509.325  [ 4  3  3]   2  0.119  2.169  1.920
  8  278   Random    [     6  2  ] -3019.641    60.616   3.343  -1509.821  [ 3  3  4]   1  0.231  2.105  1.582
  8  279 Permutate   [     6  2  ] -3020.740    57.747   3.509  -1510.370  [ 3  3  3]   1  0.205  2.071  1.615
  8  280 Permutate   [     6  2  ] -3021.442    60.055   3.374  -1510.721  [ 3  3  3]   1  0.239  2.139  1.518
  8  281 Permutate   [     6  2  ] -3023.067    60.589   3.345  -1511.534  [ 4  3  3]   1  0.252  2.123  1.548
  8  282  Heredity   [     6  2  ] -3019.573    55.480   3.653  -1509.786  [ 4  4  3]   1  0.199  2.103  1.682
  8  283 Permutate   [     6  2  ] -3022.861    62.231   3.256  -1511.430  [ 4  4  2]   1  0.241  2.325  1.721
  8  284 softmutate  [     6  2  ] -3016.124    56.420   3.592  -1508.062  [ 7  2  3]   2  0.161  2.301  1.985
  8  285 softmutate  [     6  2  ] -3011.893    54.008   3.752  -1505.947  [ 5  7  1]   1  0.200  2.451  1.886
  9  286 keptBest    [     6  2  ] -3024.880    63.409   3.196  -1512.440  [ 4  3  3]   1  0.210  2.080  1.597
  9  287 keptBest    [     6  2  ] -3022.370    57.284   3.538  -1511.185  [ 3  3  3]   1  0.211  2.217  1.686
  9  288 keptBest    [     6  2  ] -3021.956    59.404   3.411  -1510.978  [ 2  4  3]   2  0.150  2.048  1.704
  9  289 keptBest    [     6  2  ] -3021.341    56.707   3.574  -1510.670  [ 4  5  2]   1  0.205  2.030  1.619
  9  290 keptBest    [     3  1  ] -1510.600    30.135   3.362  -1510.600  [ 4  5  3]   1  0.178  2.392  2.027
  9  291  Heredity   [     3  1  ] -1510.416    30.307   3.343  -1510.416  [ 3  4  4]   1  0.149  2.149  1.888
  9  292 LatMutate   [     3  1  ] -1510.493    29.528   3.431  -1510.493  [ 5  2  5]   8  0.183  2.451  2.081
  9  293   Random    [     3  1  ] -1510.143    27.307   3.710  -1510.143  [ 4  4  4]   1  0.129  2.166  1.970
  9  294   Random    [     3  1  ] -1508.697    29.005   3.493  -1508.697  [ 4  4  4]   8  0.138  2.264  1.996
  9  295  Heredity   [     6  2  ] -3019.067    50.788   3.990  -1509.533  [ 4  3  3]   1  0.184  2.162  1.787
  9  296  Heredity   [     6  2  ] -3020.638    54.148   3.742  -1510.319  [ 3  3  3]   1  0.181  2.111  1.733
  9  297  Heredity   [     3  1  ] -1510.161    27.376   3.701  -1510.161  [ 4  4  4]   1  0.135  2.149  1.939
  9  298  Heredity   [     3  1  ] -1510.266    27.504   3.684  -1510.266  [ 4  4  4]   1  0.145  2.327  2.077
  9  299  Heredity   [     3  1  ] -1509.071    25.209   4.019  -1509.071  [ 4  5  3]   8  0.073  2.609  2.476
  9  300   Random    [     3  1  ] -1510.146    27.317   3.709  -1510.146  [ 4  4  4]   1  0.132  2.170  1.965
  9  301   Random    [     3  1  ] -1509.267    28.494   3.556  -1509.267  [ 4  4  4]   8  0.099  2.434  2.262
  9  302  Heredity   [     6  2  ] -3019.203    53.003   3.823  -1509.601  [ 4  3  3]   1  0.207  2.108  1.679
  9  303  Heredity   [     6  2  ] -3020.632    53.181   3.811  -1510.316  [ 3  4  4]   2  0.117  2.111  1.866
  9  304 Permutate   [     6  2  ] -3019.829    53.313   3.801  -1509.915  [ 2  4  4]   1  0.205  2.241  1.696
  9  305 LatMutate   [     6  2  ] -3017.402    50.971   3.976  -1508.701  [ 3  6  2]   2  0.154  2.097  1.745
  9  306 LatMutate   [     6  2  ] -3020.179    54.037   3.750  -1510.090  [ 3  4  3]   1  0.239  2.098  1.580
  9  307 softmutate  [     6  2  ] -3019.876    53.268   3.804  -1509.938  [ 2  5  3]   1  0.187  2.094  1.689
  9  308 Permutate   [     3  1  ] -1510.319    29.259   3.463  -1510.319  [ 5  5  3]   1  0.169  2.498  2.183
  9  309 softmutate  [     3  1  ] -1510.410    29.590   3.424  -1510.410  [ 5  3  4]   1  0.171  2.108  1.799
  9  310   RandTop   [     3  1  ] -1506.832    27.384   3.700  -1506.832  [ 3  3  6]   1  0.095  2.421  2.255
  9  311  Heredity   [     6  2  ] -3020.106    53.932   3.757  -1510.053  [ 4  4  2]   1  0.106  2.175  1.960
  9  312  Heredity   [     6  2  ] -3018.169    50.503   4.013  -1509.084  [ 3  4  3]   1  0.196  2.001  1.611
  9  313 LatMutate   [     6  2  ] -3019.117    52.445   3.864  -1509.558  [ 4  3  3]   2  0.123  2.125  1.858
  9  314 softmutate  [     3  1  ] -1510.424    29.517   3.433  -1510.424  [ 5  5  3]   1  0.171  2.286  1.974
  9  315  Heredity   [     6  2  ] -3018.078    52.199   3.882  -1509.039  [ 4  4  2]   1  0.206  2.061  1.597
  9  316  Heredity   [     6  2  ] -3020.466    54.130   3.744  -1510.233  [ 4  3  3]   2  0.126  2.008  1.742
  9  317 Permutate   [     6  2  ] -3022.960    59.631   3.398  -1511.480  [ 3  3  3]   1  0.221  1.964  1.466
  9  318   Random    [     6  2  ] -3020.946    59.945   3.381  -1510.473  [ 4  3  3]   1  0.226  2.102  1.525
  9  319 Permutate   [     6  2  ] -3023.112    61.691   3.285  -1511.556  [ 3  3  3]   1  0.250  2.105  1.525
  9  320   RandTop   [     6  2  ] -3021.550    57.517   3.523  -1510.775  [ 3  3  3]   1  0.213  2.050  1.591
  9  321   RandTop   [     6  2  ] -3018.795    52.031   3.895  -1509.397  [ 3  5  2]   8  0.188  2.418  1.976
 10  322 keptBest    [     6  2  ] -3024.880    63.409   3.196  -1512.440  [ 4  3  3]   1  0.210  2.080  1.597
 10  323 keptBest    [     6  2  ] -3022.370    57.284   3.538  -1511.185  [ 3  3  3]   1  0.211  2.217  1.686
 10  324 keptBest    [     6  2  ] -3021.956    59.404   3.411  -1510.978  [ 2  4  3]   2  0.150  2.048  1.704
 10  325 keptBest    [     6  2  ] -3021.341    56.707   3.574  -1510.670  [ 4  5  2]   1  0.205  2.030  1.619
 10  326  Heredity   [     3  1  ] -1510.505    30.689   3.302  -1510.505  [ 5  4  3]   1  0.170  2.134  1.819
 10  327   RandTop   [     3  1  ] -1509.315    28.654   3.536  -1509.315  [ 4  4  3]   8  0.108  2.528  2.325
 10  328   RandTop   [     3  1  ] -1509.407    27.582   3.674  -1509.407  [ 5  3  3]   1  0.171  2.191  1.858
 10  329 LatMutate   [     3  1  ] -1509.820    27.376   3.701  -1509.820  [ 5  3  4]   1  0.175  2.040  1.729
 10  330  Heredity   [     3  1  ] -1509.105    27.491   3.686  -1509.105  [ 5  4  3]   1  0.179  1.948  1.652
 10  331 keptBest    [     3  1  ] -1510.600    30.135   3.362  -1510.600  [ 4  5  3]   1  0.178  2.392  2.027
 10  332  Heredity   [     6  2  ] -3016.308    49.986   4.054  -1508.154  [ 5  4  2]   1  0.226  2.192  1.699
 10  333   Random    [     3  1  ] -1509.547    29.968   3.381  -1509.547  [ 4  4  5]   1  0.160  2.211  1.931
 10  334 LatMutate   [     3  1  ] -1510.264    27.533   3.680  -1510.264  [ 4  4  4]   1  0.145  2.230  1.990
 10  335   Random    [     3  1  ] -1509.392    29.785   3.402  -1509.392  [ 4  5  4]   1  0.154  2.097  1.845
 10  336  Heredity   [     6  2  ] -3019.831    53.205   3.809  -1509.915  [ 3  4  4]   1  0.207  2.118  1.630
 10  337  Heredity   [     6  2  ] -3020.583    55.516   3.650  -1510.292  [ 4  3  3]   1  0.233  2.008  1.505
 10  338  Heredity   [     6  2  ] -3018.778    52.757   3.841  -1509.389  [ 5  3  3]   1  0.202  1.945  1.568
 10  339  Heredity   [     6  2  ] -3019.671    54.448   3.722  -1509.835  [ 4  3  3]   1  0.194  2.002  1.586
 10  340 Permutate   [     6  2  ] -3019.834    53.329   3.800  -1509.917  [ 2  4  4]   1  0.205  2.244  1.697
 10  341 LatMutate   [     3  1  ] -1510.430    29.590   3.424  -1510.430  [ 4  5  3]   1  0.167  2.166  1.864
 10  342  Heredity   [     6  2  ] -3018.251    49.795   4.070  -1509.126  [ 4  5  2]   2  0.113  2.198  1.948
 10  343   Random    [     6  2  ] -3021.074    58.273   3.478  -1510.537  [ 3  3  3]   1  0.243  1.950  1.413
 10  344 Permutate   [     6  2  ] -3024.754    63.032   3.215  -1512.377  [ 4  3  3]   2  0.136  2.142  1.816
 10  345 Permutate   [     6  2  ] -3022.728    62.301   3.253  -1511.364  [ 4  3  3]   1  0.210  2.103  1.670
 10  346 softmutate  [     6  2  ] -3017.973    51.100   3.966  -1508.986  [ 4  4  3]   2  0.146  2.087  1.754
 10  347   Random    [     6  2  ] -3018.868    53.396   3.795  -1509.434  [ 3  3  3]   2  0.150  2.188  1.831
 10  348   RandTop   [     6  2  ] -3020.467    55.117   3.677  -1510.233  [ 2  4  3]   1  0.179  2.110  1.717
 10  349 softmutate  [     6  2  ] -3018.808    52.058   3.893  -1509.404  [ 4  3  3]   1  0.221  2.003  1.550
 10  350  Heredity   [     6  2  ] -3020.925    54.771   3.700  -1510.462  [ 4  5  2]   2  0.106  2.153  1.927
 10  351  Heredity   [     6  2  ] -3019.619    53.281   3.803  -1509.809  [ 4  3  3]   1  0.223  1.958  1.501
 10  352 LatMutate   [     6  2  ] -3019.448    54.086   3.747  -1509.724  [ 3  3  5]   1  0.231  2.039  1.528
 10  353 softmutate  [     6  2  ] -3019.789    50.947   3.978  -1509.894  [ 4  3  3]   2  0.104  2.073  1.857
 10  354 softmutate  [     6  2  ] -3021.077    53.661   3.776  -1510.538  [ 5  4  2]   2  0.100  2.117  1.916
 10  355   RandTop   [     6  2  ] -3021.231    56.165   3.608  -1510.616  [ 5  2  3]   2  0.183  2.184  1.751
 10  356 Permutate   [     6  2  ] -3024.781    62.789   3.227  -1512.390  [ 4  3  3]  12  0.119  2.289  1.979
 10  357 softmutate  [     6  2  ] -3019.454    54.415   3.724  -1509.727  [ 4  4  3]   1  0.204  2.078  1.655
 10  358 softmutate  [     6  2  ] -3020.190    53.358   3.798  -1510.095  [ 4  3  3]   1  0.201  2.110  1.686
 11  359 keptBest    [     6  2  ] -3024.880    63.409   3.196  -1512.440  [ 4  3  3]   1  0.210  2.080  1.597
 11  360 keptBest    [     6  2  ] -3022.370    57.284   3.538  -1511.185  [ 3  3  3]   1  0.211  2.217  1.686
 11  361 keptBest    [     6  2  ] -3021.956    59.404   3.411  -1510.978  [ 2  4  3]   2  0.150  2.048  1.704
 11  362 keptBest    [     6  2  ] -3021.341    56.707   3.574  -1510.670  [ 4  5  2]   1  0.205  2.030  1.619
 11  363  Heredity   [     3  1  ] -1508.670    29.364   3.451  -1508.670  [ 5  5  2]  65  0.105  2.937  2.685
 11  364   RandTop   [     3  1  ] -1509.067    27.111   3.737  -1509.067  [ 5  3  3]   6  0.189  2.584  2.150
 11  365   RandTop   [     3  1  ] -1509.830    27.431   3.694  -1509.830  [ 3  5  4]   6  0.183  2.235  1.880
 11  366   Random    [     3  1  ] -1509.504    29.920   3.387  -1509.504  [ 4  4  3]   1  0.175  2.153  1.847
 11  367  Heredity   [     6  2  ] -3018.015    50.877   3.983  -1509.007  [ 4  3  3]   1  0.194  2.047  1.665
 11  368  Heredity   [     6  2  ] -3017.849    50.249   4.033  -1508.924  [ 5  3  3]   5  0.147  2.056  1.780
 11  369   Random    [     6  2  ] -3018.202    54.685   3.706  -1509.101  [ 3  3  3]   1  0.217  2.130  1.692
 11  370 keptBest    [     3  1  ] -1510.600    30.135   3.362  -1510.600  [ 4  5  3]   1  0.178  2.392  2.027
 11  371   RandTop   [     3  1  ] -1508.897    27.366   3.703  -1508.897  [ 3  4  5]   1  0.142  2.334  2.074
 11  372  Heredity   [     3  1  ] -1510.187    27.178   3.728  -1510.187  [ 5  4  4]   1  0.133  2.205  1.992
 11  373   Random    [     3  1  ] -1510.100    27.252   3.718  -1510.100  [ 4  4  4]   1  0.120  2.368  2.172
 11  374  Heredity   [     6  2  ] -3020.117    55.366   3.660  -1510.059  [ 4  3  3]   1  0.197  2.062  1.646
 11  375  Heredity   [     6  2  ] -3021.388    55.512   3.651  -1510.694  [ 4  4  2]  13  0.064  2.371  2.228
 11  376 LatMutate   [     6  2  ] -3018.683    52.151   3.886  -1509.342  [ 3  4  4]   1  0.200  2.101  1.699
 11  377 LatMutate   [     6  2  ] -3021.267    55.980   3.620  -1510.633  [ 3  4  4]   1  0.203  2.142  1.706
 11  378 softmutate  [     6  2  ] -3018.600    50.957   3.977  -1509.300  [ 3  5  2]   8  0.202  2.370  1.882
 11  379 softmutate  [     6  2  ] -3018.494    52.721   3.844  -1509.247  [ 4  4  3]   1  0.230  1.955  1.479
 11  380  Heredity   [     6  2  ] -3019.822    54.384   3.726  -1509.911  [ 4  3  3]   1  0.166  2.074  1.730
 11  381 Permutate   [     6  2  ] -3019.465    58.015   3.493  -1509.733  [ 4  3  2]   1  0.211  2.156  1.623
 11  382 Permutate   [     6  2  ] -3023.510    62.327   3.251  -1511.755  [ 3  3  3]   1  0.238  2.065  1.515
 11  383   RandTop   [     3  1  ] -1509.931    29.360   3.451  -1509.931  [ 5  4  3]   1  0.171  2.146  1.833
 11  384  Heredity   [     6  2  ] -3020.801    56.192   3.606  -1510.401  [ 4  3  3]   1  0.183  2.155  1.759
 11  385   Random    [     6  2  ] -3023.312    61.314   3.305  -1511.656  [ 3  3  3]   1  0.250  2.195  1.563
 11  386 Permutate   [     6  2  ] -3019.315    54.976   3.686  -1509.658  [ 5  2  3]   8  0.228  2.415  1.826
 11  387 Permutate   [     6  2  ] -3021.691    58.659   3.455  -1510.846  [ 4  4  2]   1  0.228  2.146  1.570
 11  388 softmutate  [     6  2  ] -3019.157    52.126   3.888  -1509.579  [ 4  3  3]   2  0.138  1.982  1.694
 11  389 softmutate  [     6  2  ] -3021.371    58.144   3.485  -1510.686  [ 4  3  3]   1  0.231  1.947  1.452
 11  390 Permutate   [     6  2  ] -3023.085    59.917   3.382  -1511.543  [ 4  3  3]   5  0.183  2.094  1.661
 11  391  Heredity   [     6  2  ] -3018.257    51.374   3.945  -1509.129  [ 5  3  3]   1  0.208  2.071  1.631
 11  392 LatMutate   [     3  1  ] -1510.484    30.224   3.352  -1510.484  [ 3  4  4]   1  0.175  2.027  1.722
 11  393 softmutate  [     6  2  ] -3019.076    56.649   3.577  -1509.538  [ 6  2  3]   2  0.131  2.173  1.889
 11  394 softmutate  [     6  2  ] -3019.659    52.993   3.824  -1509.830  [ 3  6  3]   2  0.120  2.101  1.839
 11  395   Random    [     6  2  ] -3024.691    64.114   3.161  -1512.346  [ 3  3  3]   1  0.219  2.095  1.561
 11  396 softmutate  [     6  2  ] -3020.748    54.709   3.704  -1510.374  [ 4  3  3]   1  0.203  2.054  1.646
