Gen   ID    Origin   Composition    Enthalpy   Volume  Density   Fitness   KPOINTS  SYMM  Q_entr A_order S_order
                                      (eV)     (A^3)  (g/cm^3)
  1    1   Random    [     3  1  ]  -758.572    38.458   4.312   -758.572  [ 3  3  3]  12  0.084  3.090  2.917
  1    2   Random    [     3  1  ]  -758.572    38.460   4.312   -758.572  [ 3  3  3]  12  0.084  3.090  2.914
  1    3   Random    [     3  1  ]  -759.614    41.443   4.001   -759.614  [ 3  3  5]   2  0.131  2.674  2.399
  1    4   Random    [     3  1  ]  -759.206    40.795   4.065   -759.206  [ 4  3  4]  12  0.092  2.755  2.580
  1    5   Random    [     3  1  ]  -759.204    40.788   4.066   -759.204  [ 3  4  4]  12  0.092  2.747  2.573
  1    6   Random    [     3  1  ]  -759.205    40.793   4.065   -759.205  [ 4  3  4]  12  0.092  2.750  2.575
  1    7   Random    [     3  1  ]  -759.333    40.242   4.121   -759.333  [ 3  5  3]  47  0.114  3.729  3.420
  1    8   RandTop   [     3  1  ]  -759.470    41.601   3.986   -759.470  [ 4  4  3]  65  0.133  3.461  3.053
  1    9   RandTop   [     3  1  ]  -759.445    41.306   4.015   -759.445  [ 4  5  2]  47  0.130  3.744  3.330
  1   10   RandTop   [     3  1  ]  -758.259    39.959   4.150   -758.259  [ 4  4  3] 123  0.157  3.747  3.219
  1   11   RandTop   [     3  1  ]  -759.334    40.245   4.120   -759.334  [ 3  5  3]  47  0.114  3.730  3.420
  1   12   Random    [     3  1  ]  -759.692    41.139   4.031   -759.692  [ 5  3  3]  38  0.093  2.828  2.655
  1   13   Random    [     3  1  ]  -759.060    40.635   4.081   -759.060  [ 4  4  3]   1  0.159  2.265  1.986
  1   14   RandTop   [     3  1  ]  -759.610    41.432   4.002   -759.610  [ 3  3  5]   2  0.130  2.646  2.376
  1   15   RandTop   [     3  1  ]  -759.666    41.596   3.987   -759.666  [ 3  3  5]   6  0.176  2.768  2.376
  1   16   Random    [     6  2  ] -1518.544    82.718   4.009   -759.272  [ 3  3  2]  25  0.160  3.135  2.564
  1   17   Random    [     3  1  ]  -759.447    40.852   4.059   -759.447  [ 3  4  4]  12  0.099  2.834  2.621
  1   18   RandTop   [     3  1  ]  -759.334    40.246   4.120   -759.334  [ 3  5  3]  47  0.114  3.729  3.419
  1   19   Random    [     6  2  ] -1518.126    82.801   4.005   -759.063  [ 2  4  3]   2  0.137  2.379  1.996
  1   20   RandTop   [     6  2  ] -1518.823    80.739   4.108   -759.411  [ 2  2  5]  10  0.088  2.833  2.605
  1   21   Random    [     6  2  ] -1518.531    79.683   4.162   -759.265  [ 3  3  3]  10  0.088  3.386  3.122
  1   22   Random    [     6  2  ] -1517.923    82.644   4.013   -758.962  [ 3  3  3]   6  0.224  2.638  2.016
  1   23   Random    [     6  2  ] -1518.905    83.424   3.975   -759.452  [ 3  3  3]  12  0.125  2.781  2.404
  1   24   Random    [     6  2  ] -1518.559    81.651   4.062   -759.279  [ 3  3  3]   2  0.133  2.340  2.014
  1   25   RandTop   [     6  2  ] -1518.756    82.372   4.026   -759.378  [ 3  3  3]  12  0.070  2.420  2.276
  1   26   Random    [     6  2  ] -1518.046    82.599   4.015   -759.023  [ 3  3  3]  74  0.108  2.914  2.582
  1   27   RandTop   [     6  2  ] -1518.284    81.596   4.065   -759.142  [ 4  2  3]   2  0.099  2.380  2.155
  1   28   Random    [     6  2  ] -1517.434    80.497   4.120   -758.717  [ 3  3  3]   2  0.098  2.186  1.988
  1   29   RandTop   [     6  2  ] -1518.881    80.467   4.122   -759.440  [ 5  2  3]  51  0.054  3.327  3.218
  1   30   RandTop   [     6  2  ] -1518.410    80.411   4.124   -759.205  [ 3  4  2]   2  0.109  2.412  2.194
  1   31   RandTop   [     6  2  ] -1518.100    81.186   4.085   -759.050  [ 3  3  3]  11  0.145  2.484  2.132
  1   32   RandTop   [     6  2  ] -1518.791    81.877   4.051   -759.396  [ 3  3  3]  11  0.160  2.442  2.019
  2   33 keptBest    [     6  2  ] -1518.791    81.877   4.051   -759.396  [ 3  3  3]  11  0.160  2.442  2.019
  2   34  Heredity   [     3  1  ]  -759.398    40.993   4.045   -759.398  [ 4  3  4]   3  0.144  2.935  2.577
  2   35  Heredity   [     3  1  ]  -758.660    40.037   4.142   -758.660  [ 4  4  2]  99  0.166  3.606  3.175
  2   36   Random    [     3  1  ]  -758.796    40.990   4.045   -758.796  [ 4  4  3]  12  0.068  3.475  3.344
  2   37 Permutate   [     3  1  ]  -759.334    40.245   4.120   -759.334  [ 3  5  3]  47  0.114  3.724  3.415
  2   38 LatMutate   [     3  1  ]  -759.447    40.850   4.059   -759.447  [ 4  4  3]  12  0.096  2.860  2.650
  2   39  Heredity   [     3  1  ]  -759.333    40.242   4.121   -759.333  [ 5  3  3]  47  0.114  3.727  3.417
  2   40 keptBest    [     3  1  ]  -759.692    41.139   4.031   -759.692  [ 5  3  3]  38  0.093  2.828  2.655
  2   41 keptBest    [     3  1  ]  -759.614    41.443   4.001   -759.614  [ 3  3  5]   2  0.131  2.674  2.399
  2   42 keptBest    [     3  1  ]  -759.470    41.601   3.986   -759.470  [ 4  4  3]  65  0.133  3.461  3.053
  2   43   RandTop   [     3  1  ]  -759.472    41.605   3.986   -759.472  [ 4  4  3]  65  0.133  3.488  3.078
  2   44 keptBest    [     3  1  ]  -759.445    41.306   4.015   -759.445  [ 4  5  2]  47  0.130  3.744  3.330
  2   45  Heredity   [     6  2  ] -1518.558    80.332   4.129   -759.279  [ 3  3  3]  10  0.071  2.995  2.787
  2   46  Heredity   [     6  2  ] -1517.081    79.572   4.168   -758.540  [ 4  3  3] 123  0.098  3.913  3.510
  2   47  Heredity   [     3  1  ]  -759.475    40.949   4.050   -759.475  [ 3  4  4]   8  0.105  2.833  2.605
  2   48  Heredity   [     3  1  ]  -759.692    41.137   4.031   -759.692  [ 5  3  3]  38  0.092  2.854  2.683
  2   49 LatMutate   [     3  1  ]  -759.611    41.181   4.027   -759.611  [ 5  4  2]   2  0.115  2.678  2.437
  2   50  Heredity   [     6  2  ] -1518.348    80.964   4.096   -759.174  [ 3  3  3]   2  0.049  2.445  2.354
  2   51 Permutate   [     6  2  ] -1518.489    82.879   4.002   -759.244  [ 3  3  3]   1  0.180  2.125  1.775
  2   52 softmutate  [     6  2  ] -1518.620    81.493   4.070   -759.310  [ 3  2  3]   2  0.102  2.104  1.901
  2   53  Heredity   [     6  2  ] -1518.991    83.002   3.996   -759.495  [ 4  2  3]   2  0.118  2.521  2.221
  2   54   Random    [     6  2  ] -1519.085    81.527   4.068   -759.543  [ 4  4  2]  11  0.149  2.856  2.389
  2   55 softmutate  [     6  2  ] -1518.797    80.657   4.112   -759.399  [ 5  2  2]   2  0.073  2.631  2.462
  2   56  Heredity   [     6  2  ] -1519.421    82.795   4.006   -759.710  [ 2  3  4]  11  0.138  2.805  2.395
  2   57   Random    [     6  2  ] -1518.097    82.728   4.009   -759.048  [ 4  4  2]  36  0.128  2.686  2.377
  2   58  Heredity   [     6  2  ] -1518.780    83.008   3.995   -759.390  [ 3  3  3]  12  0.073  3.044  2.834
  2   59  Heredity   [     6  2  ] -1517.917    81.658   4.061   -758.959  [ 3  3  3]   1  0.203  2.371  1.862
  2   60   Random    [     6  2  ] -1517.714    80.066   4.142   -758.857  [ 3  3  3]  59  0.111  2.784  2.453
  2   61 softmutate  [     6  2  ] -1518.861    82.862   4.002   -759.431  [ 3  3  3]   2  0.099  2.366  2.157
  2   62 softmutate  [     6  2  ] -1519.316    81.717   4.059   -759.658  [ 6  2  3]  51  0.130  3.191  2.761
  2   63 softmutate  [     6  2  ] -1518.547    81.536   4.068   -759.274  [ 4  2  3]   2  0.130  2.184  1.894
  2   64   RandTop   [     6  2  ] -1518.803    82.011   4.044   -759.402  [ 2  4  3]   3  0.116  2.945  2.583
  2   65   RandTop   [     6  2  ] -1518.281    81.683   4.060   -759.141  [ 3  3  3]  11  0.177  2.557  2.024
  2   66   Random    [     6  2  ] -1518.155    81.569   4.066   -759.078  [ 3  3  3]   2  0.114  2.207  1.956
  2   67   RandTop   [     6  2  ] -1519.582    83.115   3.990   -759.791  [ 5  2  3]  10  0.147  3.158  2.669
  2   68   RandTop   [     6  2  ] -1518.951    81.843   4.052   -759.476  [ 3  3  3]  11  0.145  2.451  2.099
  2   69 softmutate  [     6  2  ] -1518.582    81.820   4.053   -759.291  [ 5  2  3]   2  0.072  2.370  2.240
  3   70 keptBest    [     6  2  ] -1519.582    83.115   3.990   -759.791  [ 5  2  3]  10  0.147  3.158  2.669
  3   71 keptBest    [     6  2  ] -1519.421    82.795   4.006   -759.710  [ 2  3  4]  11  0.138  2.805  2.395
  3   72 keptBest    [     6  2  ] -1518.791    81.877   4.051   -759.396  [ 3  3  3]  11  0.160  2.442  2.019
  3   73  Heredity   [     3  1  ]  -759.224    40.204   4.125   -759.224  [ 3  5  3]  10  0.118  2.933  2.681
  3   74  Heredity   [     3  1  ]  -758.551    38.415   4.317   -758.551  [ 3  3  3]  65  0.097  3.295  3.065
  3   75   RandTop   [     3  1  ]  -759.334    40.247   4.120   -759.334  [ 3  5  3]  47  0.114  3.729  3.420
  3   76   RandTop   [     3  1  ]  -758.551    38.416   4.317   -758.551  [ 3  3  3]  65  0.097  3.298  3.069
  3   77   RandTop   [     3  1  ]  -758.573    38.461   4.311   -758.573  [ 3  3  3]  12  0.084  3.093  2.918
  3   78 Permutate   [     6  2  ] -1518.927    82.873   4.002   -759.463  [ 3  2  3]   2  0.082  2.507  2.308
  3   79 softmutate  [     6  2  ] -1517.768    80.527   4.118   -758.884  [ 3  3  3]  15  0.110  2.401  2.140
  3   80 keptBest    [     3  1  ]  -759.614    41.443   4.001   -759.614  [ 3  3  5]   2  0.131  2.674  2.399
  3   81 keptBest    [     3  1  ]  -759.472    41.605   3.986   -759.472  [ 4  4  3]  65  0.133  3.488  3.078
  3   82 Permutate   [     3  1  ]  -759.467    40.912   4.053   -759.467  [ 3  4  4]   1  0.121  2.675  2.434
  3   83 LatMutate   [     3  1  ]  -759.502    41.019   4.043   -759.502  [ 3  4  4]   5  0.106  2.605  2.394
  3   84   Random    [     3  1  ]  -759.694    41.146   4.030   -759.694  [ 5  3  3]  38  0.093  2.832  2.658
  3   85  Heredity   [     6  2  ] -1518.442    80.745   4.107   -759.221  [ 2  3  4]  47  0.096  3.522  3.200
  3   86  Heredity   [     6  2  ] -1518.039    80.390   4.125   -759.019  [ 3  3  3]   2  0.132  2.346  2.046
  3   87  Heredity   [     6  2  ] -1517.826    81.555   4.067   -758.913  [ 4  2  2]   6  0.183  2.577  2.141
  3   88 softmutate  [     6  2  ] -1519.206    82.730   4.009   -759.603  [ 2  4  3]  11  0.146  2.555  2.157
  3   89 LatMutate   [     3  1  ]  -759.336    40.983   4.046   -759.336  [ 5  4  2]  47  0.108  3.595  3.320
  3   90   Random    [     3  1  ]  -758.658    39.928   4.153   -758.658  [ 4  4  4]   2  0.076  2.522  2.394
  3   91  Heredity   [     6  2  ] -1517.834    82.516   4.019   -758.917  [ 4  2  2]   6  0.226  2.587  1.912
  3   92 Permutate   [     6  2  ] -1519.422    82.800   4.005   -759.711  [ 2  3  4]  11  0.143  2.804  2.382
  3   93   Random    [     6  2  ] -1516.829    79.391   4.177   -758.415  [ 3  3  3]   1  0.049  3.332  3.225
  3   94 softmutate  [     6  2  ] -1518.549    81.542   4.067   -759.274  [ 3  2  4]   2  0.127  2.185  1.900
  3   95 softmutate  [     6  2  ] -1518.671    80.733   4.108   -759.335  [ 5  2  2]  11  0.076  2.721  2.577
  3   96  Heredity   [     6  2  ] -1518.799    82.500   4.020   -759.400  [ 3  3  3]   2  0.086  2.370  2.200
  3   97 LatMutate   [     3  1  ]  -759.492    40.987   4.046   -759.492  [ 4  3  4]   5  0.109  2.602  2.389
  3   98  Heredity   [     6  2  ] -1518.088    81.299   4.079   -759.044  [ 3  3  3]  12  0.130  2.414  2.088
  3   99 softmutate  [     6  2  ] -1518.385    80.679   4.111   -759.192  [ 5  3  2]  51  0.120  2.984  2.678
  3  100 softmutate  [     6  2  ] -1518.614    80.344   4.128   -759.307  [ 5  3  1]  51  0.114  3.363  2.983
  3  101  Heredity   [     6  2  ] -1518.553    83.093   3.991   -759.277  [ 2  3  4]   2  0.130  2.259  1.953
  3  102 softmutate  [     6  2  ] -1518.492    80.808   4.104   -759.246  [ 5  2  2]   2  0.102  2.303  2.110
  3  103   Random    [     6  2  ] -1518.538    82.546   4.018   -759.269  [ 3  3  3]  15  0.100  2.627  2.356
  3  104  Heredity   [     6  2  ] -1518.337    80.439   4.123   -759.168  [ 5  2  3]  11  0.150  3.077  2.612
  3  105   RandTop   [     6  2  ] -1519.680    83.073   3.992   -759.840  [ 2  3  5]   2  0.147  2.581  2.171
  3  106   RandTop   [     6  2  ] -1518.888    80.489   4.120   -759.444  [ 5  2  3]  51  0.056  3.323  3.210
  3  107 softmutate  [     6  2  ] -1518.475    82.131   4.038   -759.237  [ 3  3  3]   2  0.122  2.194  1.930
  4  108 keptBest    [     6  2  ] -1519.680    83.073   3.992   -759.840  [ 2  3  5]   2  0.147  2.581  2.171
  4  109 keptBest    [     6  2  ] -1519.422    82.800   4.005   -759.711  [ 2  3  4]  11  0.143  2.804  2.382
  4  110 keptBest    [     6  2  ] -1518.337    80.439   4.123   -759.168  [ 5  2  3]  11  0.150  3.077  2.612
  4  111  Heredity   [     3  1  ]  -759.445    41.304   4.015   -759.445  [ 5  2  4]  47  0.130  3.742  3.328
  4  112  Heredity   [     3  1  ]  -758.246    38.939   4.259   -758.246  [ 4  4  2]  12  0.118  3.612  3.282
  4  113   Random    [     3  1  ]  -759.470    41.601   3.986   -759.470  [ 4  4  3]  65  0.133  3.487  3.076
  4  114   Random    [     3  1  ]  -758.573    38.461   4.311   -758.573  [ 3  3  3]  12  0.084  3.086  2.912
  4  115   Random    [     3  1  ]  -758.570    38.453   4.312   -758.570  [ 3  3  3]  12  0.084  3.093  2.918
  4  116   RandTop   [     3  1  ]  -758.573    38.463   4.311   -758.573  [ 3  3  3]  12  0.084  3.086  2.912
  4  117   RandTop   [     3  1  ]  -758.574    38.466   4.311   -758.574  [ 3  3  3]  12  0.084  3.088  2.913
  4  118 keptBest    [     3  1  ]  -759.614    41.443   4.001   -759.614  [ 3  3  5]   2  0.131  2.674  2.399
  4  119 keptBest    [     3  1  ]  -759.472    41.605   3.986   -759.472  [ 4  4  3]  65  0.133  3.488  3.078
  4  120   Random    [     3  1  ]  -759.473    40.931   4.051   -759.473  [ 4  3  4]   5  0.122  2.655  2.416
  4  121 Permutate   [     3  1  ]  -759.473    41.609   3.985   -759.473  [ 4  4  3]  65  0.133  3.489  3.079
  4  122 LatMutate   [     3  1  ]  -758.870    39.538   4.194   -758.870  [ 3  4  3]   2  0.054  2.694  2.607
  4  123 softmutate  [     6  2  ] -1518.777    83.346   3.979   -759.388  [ 4  3  2]  11  0.145  2.512  2.143
  4  124   Random    [     3  1  ]  -759.393    40.969   4.048   -759.393  [ 5  4  2]  47  0.133  3.459  3.112
  4  125  Heredity   [     6  2  ] -1518.040    80.394   4.125   -759.020  [ 3  3  3]   2  0.132  2.350  2.051
  4  126   RandTop   [     6  2  ] -1518.762    82.644   4.013   -759.381  [ 3  3  3]  42  0.076  2.949  2.761
  4  127 softmutate  [     6  2  ] -1518.954    83.887   3.954   -759.477  [ 3  4  3]  12  0.056  2.977  2.897
  4  128  Heredity   [     6  2  ] -1518.942    82.585   4.016   -759.471  [ 3  3  3]   6  0.100  2.581  2.366
  4  129  Heredity   [     6  2  ] -1517.499    80.570   4.116   -758.749  [ 3  3  3]   4  0.113  2.543  2.276
  4  130 softmutate  [     6  2  ] -1518.343    80.458   4.122   -759.171  [ 5  2  3]  11  0.149  3.061  2.605
  4  131 softmutate  [     6  2  ] -1519.248    81.803   4.054   -759.624  [ 2  4  4]   2  0.125  2.618  2.292
  4  132 softmutate  [     6  2  ] -1518.268    80.972   4.096   -759.134  [ 3  3  3]   2  0.118  2.295  2.042
  4  133 softmutate  [     6  2  ] -1519.204    84.305   3.934   -759.602  [ 2  3  4]  11  0.134  2.589  2.239
  4  134  Heredity   [     6  2  ] -1517.935    80.486   4.121   -758.968  [ 2  3  4]   2  0.143  2.132  1.818
  4  135  Heredity   [     6  2  ] -1518.542    82.135   4.038   -759.271  [ 4  2  3]  14  0.071  3.163  2.959
  4  136  Heredity   [     6  2  ] -1519.604    83.186   3.987   -759.802  [ 2  3  5]  10  0.147  3.152  2.661
  4  137 Permutate   [     6  2  ] -1519.240    82.396   4.025   -759.620  [ 5  2  2]  10  0.103  2.719  2.440
  4  138 LatMutate   [     6  2  ] -1519.421    82.796   4.006   -759.711  [ 2  4  3]  11  0.138  2.806  2.395
  4  139 LatMutate   [     6  2  ] -1518.655    81.360   4.076   -759.327  [ 3  3  3]   2  0.124  2.379  2.080
  4  140   RandTop   [     6  2  ] -1517.802    80.283   4.131   -758.901  [ 4  2  3]  11  0.130  2.698  2.333
  4  141  Heredity   [     6  2  ] -1518.970    81.421   4.073   -759.485  [ 5  2  3]   1  0.144  2.590  2.227
  4  142  Heredity   [     6  2  ] -1519.604    83.185   3.987   -759.802  [ 5  2  3]  10  0.146  3.169  2.685
  4  143 softmutate  [     6  2  ] -1518.484    80.498   4.120   -759.242  [ 3  2  5]  11  0.103  3.248  2.931
  4  144  Heredity   [     6  2  ] -1519.198    81.981   4.045   -759.599  [ 2  3  5]  10  0.126  2.717  2.387
  5  145 keptBest    [     6  2  ] -1519.680    83.073   3.992   -759.840  [ 2  3  5]   2  0.147  2.581  2.171
  5  146 keptBest    [     6  2  ] -1519.422    82.800   4.005   -759.711  [ 2  3  4]  11  0.143  2.804  2.382
  5  147 keptBest    [     6  2  ] -1518.954    83.887   3.954   -759.477  [ 3  4  3]  12  0.056  2.977  2.897
  5  148  Heredity   [     3  1  ]  -759.334    40.245   4.120   -759.334  [ 3  3  5]  47  0.114  3.721  3.412
  5  149  Heredity   [     3  1  ]  -759.428    40.385   4.106   -759.428  [ 5  2  3]  47  0.138  3.509  3.128
  5  150   Random    [     3  1  ]  -759.204    40.788   4.066   -759.204  [ 4  4  3]  12  0.091  2.753  2.580
  5  151   Random    [     3  1  ]  -759.507    41.036   4.041   -759.507  [ 4  3  4]   5  0.120  2.575  2.345
  5  152   RandTop   [     3  1  ]  -758.572    38.458   4.312   -758.572  [ 3  3  3]  12  0.084  3.094  2.920
  5  153   RandTop   [     3  1  ]  -758.797    40.991   4.045   -758.797  [ 4  4  3]  12  0.068  3.475  3.345
  5  154 Permutate   [     3  1  ]  -759.470    41.602   3.986   -759.470  [ 4  4  3]  65  0.132  3.429  3.026
  5  155  Heredity   [     3  1  ]  -759.614    41.080   4.037   -759.614  [ 4  3  3]   1  0.115  2.881  2.644
  5  156 keptBest    [     3  1  ]  -759.473    41.609   3.985   -759.473  [ 4  4  3]  65  0.133  3.489  3.079
  5  157 keptBest    [     3  1  ]  -759.393    40.969   4.048   -759.393  [ 5  4  2]  47  0.133  3.459  3.112
  5  158   Random    [     3  1  ]  -759.470    40.922   4.052   -759.470  [ 4  3  4]   1  0.123  2.656  2.413
  5  159   Random    [     3  1  ]  -759.207    40.797   4.065   -759.207  [ 3  4  4]  12  0.092  2.752  2.578
  5  160 softmutate  [     6  2  ] -1517.232    79.960   4.148   -758.616  [ 4  2  3]   2  0.130  2.338  2.034
  5  161  Heredity   [     6  2  ] -1518.218    79.391   4.177   -759.109  [ 3  3  3]  10  0.086  3.039  2.794
  5  162  Heredity   [     6  2  ] -1518.773    81.182   4.085   -759.386  [ 3  3  4]  47  0.097  3.481  3.121
  5  163  Heredity   [     6  2  ] -1518.135    80.777   4.106   -759.067  [ 3  4  3]  11  0.152  2.438  2.055
  5  164  Heredity   [     6  2  ] -1518.686    82.290   4.030   -759.343  [ 3  2  3]   2  0.116  2.174  1.951
  5  165 Permutate   [     6  2  ] -1518.705    81.518   4.068   -759.352  [ 3  3  3]   2  0.121  2.386  2.084
  5  166 LatMutate   [     6  2  ] -1518.341    80.453   4.122   -759.171  [ 2  5  3]  11  0.150  3.077  2.612
  5  167 softmutate  [     6  2  ] -1517.985    81.673   4.061   -758.993  [ 5  3  2]   1  0.180  2.319  1.952
  5  168 softmutate  [     6  2  ] -1517.281    79.446   4.175   -758.641  [ 5  2  3]   2  0.116  2.593  2.301
  5  169  Heredity   [     6  2  ] -1519.007    82.481   4.021   -759.504  [ 4  2  3]   1  0.140  2.483  2.151
  5  170   RandTop   [     6  2  ] -1518.830    80.619   4.114   -759.415  [ 3  2  3]  11  0.157  2.619  2.159
  5  171 softmutate  [     6  2  ] -1518.608    80.947   4.097   -759.304  [ 4  2  4] 166  0.123  3.140  2.758
  5  172 softmutate  [     6  2  ] -1519.227    82.343   4.028   -759.613  [ 5  2  2]   6  0.127  2.593  2.258
  5  173  Heredity   [     6  2  ] -1517.929    82.540   4.018   -758.964  [ 4  3  2]  11  0.146  2.456  2.075
  5  174 LatMutate   [     6  2  ] -1518.953    82.252   4.032   -759.477  [ 4  3  3]  11  0.143  2.537  2.168
  5  175 LatMutate   [     3  1  ]  -759.413    40.484   4.096   -759.413  [ 2  5  5]  12  0.097  3.354  3.181
  5  176 softmutate  [     6  2  ] -1519.210    81.833   4.053   -759.605  [ 5  3  2]  10  0.124  2.786  2.432
  5  177  Heredity   [     6  2  ] -1518.809    81.352   4.077   -759.404  [ 2  3  5]  10  0.105  2.874  2.621
  5  178  Heredity   [     6  2  ] -1517.907    81.340   4.077   -758.954  [ 2  3  5]   1  0.122  2.329  2.092
  5  179   RandTop   [     6  2  ] -1518.570    80.641   4.113   -759.285  [ 3  3  3]  11  0.161  2.634  2.157
  5  180  Heredity   [     6  2  ] -1519.577    83.114   3.990   -759.789  [ 2  3  5]  10  0.147  3.169  2.681
  5  181 Permutate   [     6  2  ] -1519.687    83.076   3.992   -759.844  [ 2  3  5]   2  0.147  2.587  2.175
  5  182 softmutate  [     6  2  ] -1518.660    80.591   4.115   -759.330  [ 2  5  3]   1  0.160  2.676  2.250
  6  183 keptBest    [     6  2  ] -1519.687    83.076   3.992   -759.844  [ 2  3  5]   2  0.147  2.587  2.175
  6  184 keptBest    [     6  2  ] -1519.422    82.800   4.005   -759.711  [ 2  3  4]  11  0.143  2.804  2.382
  6  185 keptBest    [     6  2  ] -1518.954    83.887   3.954   -759.477  [ 3  4  3]  12  0.056  2.977  2.897
  6  186  Heredity   [     3  1  ]  -759.440    40.835   4.061   -759.440  [ 3  4  4]   8  0.097  2.812  2.604
  6  187  Heredity   [     3  1  ]  -759.446    41.309   4.014   -759.446  [ 2  4  5]  47  0.130  3.759  3.342
  6  188  Heredity   [     3  1  ]  -759.333    40.243   4.121   -759.333  [ 3  3  5]  47  0.114  3.728  3.419
  6  189  Heredity   [     6  2  ] -1516.769    78.866   4.205   -758.385  [ 3  3  3]  10  0.146  2.934  2.450
  6  190   RandTop   [     6  2  ] -1516.972    78.547   4.222   -758.486  [ 3  2  3]  12  0.075  2.809  2.629
  6  191   Random    [     3  1  ]  -759.527    40.997   4.045   -759.527  [ 3  3  5]  65  0.131  3.354  3.025
  6  192 keptBest    [     3  1  ]  -759.473    41.609   3.985   -759.473  [ 4  4  3]  65  0.133  3.489  3.079
  6  193  Heredity   [     3  1  ]  -759.425    40.844   4.060   -759.425  [ 3  3  5]   2  0.109  2.224  2.041
  6  194 keptBest    [     3  1  ]  -759.393    40.969   4.048   -759.393  [ 5  4  2]  47  0.133  3.459  3.112
  6  195   Random    [     6  2  ] -1518.619    82.145   4.037   -759.310  [ 3  3  3]  12  0.087  2.602  2.398
  6  196   RandTop   [     3  1  ]  -759.369    40.533   4.091   -759.369  [ 3  5  3]  10  0.132  2.928  2.636
  6  197  Heredity   [     3  1  ]  -759.395    40.996   4.045   -759.395  [ 4  3  4]   3  0.144  2.943  2.585
  6  198  Heredity   [     6  2  ] -1518.409    82.162   4.037   -759.205  [ 4  2  3]   2  0.112  2.222  1.984
  6  199   Random    [     6  2  ] -1518.613    82.124   4.038   -759.306  [ 3  3  3]  12  0.087  2.599  2.396
  6  200 LatMutate   [     3  1  ]  -759.303    40.270   4.118   -759.303  [ 3  4  5]  47  0.133  3.481  3.092
  6  201  Heredity   [     6  2  ] -1518.035    80.376   4.126   -759.017  [ 3  3  3]   2  0.132  2.351  2.051
  6  202   Random    [     6  2  ] -1518.387    81.827   4.053   -759.193  [ 3  3  2]   3  0.195  2.523  2.042
  6  203   RandTop   [     6  2  ] -1518.579    80.670   4.111   -759.289  [ 3  3  3]  11  0.162  2.637  2.154
  6  204 LatMutate   [     6  2  ] -1516.933    79.019   4.197   -758.467  [ 4  3  2]   2  0.122  2.549  2.250
  6  205  Heredity   [     6  2  ] -1519.216    81.851   4.052   -759.608  [ 5  3  2]  10  0.125  2.804  2.442
  6  206 Permutate   [     6  2  ] -1519.015    82.927   3.999   -759.507  [ 4  2  3]  47  0.107  3.730  3.309
  6  207 LatMutate   [     3  1  ]  -759.024    40.818   4.063   -759.024  [ 4  3  4]  12  0.106  2.898  2.680
  6  208  Heredity   [     6  2  ] -1518.772    81.179   4.085   -759.386  [ 4  3  3]  47  0.097  3.480  3.121
  6  209  Heredity   [     6  2  ] -1518.260    81.257   4.082   -759.130  [ 3  3  3]   1  0.168  2.199  1.846
  6  210  Heredity   [     6  2  ] -1518.274    80.359   4.127   -759.137  [ 2  3  5]  51  0.118  3.371  3.017
  6  211 softmutate  [     6  2  ] -1518.868    81.191   4.085   -759.434  [ 5  2  3]  10  0.152  2.896  2.458
  6  212  Heredity   [     6  2  ] -1519.558    84.769   3.912   -759.779  [ 2  3  4]  11  0.117  3.203  2.813
  6  213  Heredity   [     6  2  ] -1519.090    81.544   4.067   -759.545  [ 2  4  4]  11  0.149  2.880  2.409
  6  214 softmutate  [     6  2  ] -1519.328    81.790   4.055   -759.664  [ 4  2  3]   2  0.131  2.541  2.205
  6  215  Heredity   [     6  2  ] -1519.143    81.788   4.055   -759.572  [ 5  2  2]   2  0.097  2.688  2.441
  6  216 softmutate  [     6  2  ] -1518.571    81.055   4.092   -759.285  [ 5  2  3]  10  0.112  2.640  2.374
  6  217 Permutate   [     6  2  ] -1519.596    82.884   4.001   -759.798  [ 2  3  5]   2  0.142  2.449  2.093
  6  218 Permutate   [     6  2  ] -1519.582    83.117   3.990   -759.791  [ 2  3  5]  10  0.147  3.160  2.668
  6  219  Heredity   [     6  2  ] -1519.196    81.815   4.054   -759.598  [ 2  3  5]  10  0.120  2.673  2.364
  6  220 softmutate  [     6  2  ] -1519.237    81.692   4.060   -759.618  [ 4  2  4]   2  0.134  2.577  2.233
  7  221 keptBest    [     6  2  ] -1519.687    83.076   3.992   -759.844  [ 2  3  5]   2  0.147  2.587  2.175
  7  222 keptBest    [     6  2  ] -1519.422    82.800   4.005   -759.711  [ 2  3  4]  11  0.143  2.804  2.382
  7  223 keptBest    [     6  2  ] -1518.954    83.887   3.954   -759.477  [ 3  4  3]  12  0.056  2.977  2.897
  7  224 keptBest    [     3  1  ]  -759.527    40.997   4.045   -759.527  [ 3  3  5]  65  0.131  3.354  3.025
  7  225 keptBest    [     3  1  ]  -759.473    41.609   3.985   -759.473  [ 4  4  3]  65  0.133  3.489  3.079
  7  226  Heredity   [     3  1  ]  -759.333    40.243   4.121   -759.333  [ 3  3  5]  47  0.114  3.730  3.421
  7  227  Heredity   [     3  1  ]  -759.470    41.600   3.986   -759.470  [ 4  4  3]  65  0.133  3.475  3.066
  7  228   Random    [     3  1  ]  -759.463    40.901   4.054   -759.463  [ 3  4  4]   1  0.119  2.705  2.466
  7  229   Random    [     3  1  ]  -759.337    41.170   4.028   -759.337  [ 4  3  4]  12  0.075  3.273  3.083
  7  230 Permutate   [     3  1  ]  -759.560    41.103   4.034   -759.560  [ 3  3  5]   8  0.100  2.671  2.509
  7  231 LatMutate   [     3  1  ]  -759.461    41.056   4.039   -759.461  [ 3  3  5]  12  0.089  2.645  2.485
  7  232 LatMutate   [     3  1  ]  -759.459    40.888   4.056   -759.459  [ 4  3  4]   1  0.112  2.724  2.498
  7  233   RandTop   [     3  1  ]  -759.688    41.049   4.040   -759.688  [ 5  3  3]  38  0.112  2.635  2.424
  7  234   RandTop   [     3  1  ]  -758.608    39.667   4.180   -758.608  [ 5  5  2]  12  0.105  3.478  3.277
  7  235  Heredity   [     6  2  ] -1519.021    82.946   3.998   -759.510  [ 2  3  4]  47  0.107  3.750  3.326
  7  236  Heredity   [     6  2  ] -1516.939    79.354   4.179   -758.469  [ 2  3  5]   2  0.133  2.743  2.372
  7  237   Random    [     6  2  ] -1519.489    81.361   4.076   -759.744  [ 4  2  4] 123  0.089  4.423  4.048
  7  238   Random    [     6  2  ] -1518.576    82.964   3.998   -759.288  [ 3  3  3]  42  0.072  2.896  2.718
  7  239 LatMutate   [     3  1  ]  -759.499    41.011   4.043   -759.499  [ 4  3  4]   5  0.106  2.603  2.392
  7  240 Permutate   [     6  2  ] -1518.934    81.647   4.062   -759.467  [ 5  3  2]  65  0.098  3.224  2.895
  7  241  Heredity   [     6  2  ] -1518.725    80.608   4.114   -759.363  [ 5  2  2]  51  0.071  2.985  2.812
  7  242  Heredity   [     6  2  ] -1519.218    81.858   4.052   -759.609  [ 2  3  5]  10  0.126  2.806  2.441
  7  243  Heredity   [     6  2  ] -1519.425    82.807   4.005   -759.712  [ 3  4  2]  11  0.138  2.806  2.394
  7  244 softmutate  [     6  2  ] -1518.606    83.273   3.983   -759.303  [ 4  2  4]  12  0.120  3.217  2.854
  7  245  Heredity   [     6  2  ] -1519.601    83.176   3.987   -759.800  [ 2  3  5]  10  0.147  3.147  2.660
  7  246  Heredity   [     6  2  ] -1519.223    81.703   4.059   -759.612  [ 2  3  4]   2  0.094  2.923  2.640
  7  247  Heredity   [     6  2  ] -1517.883    83.818   3.957   -758.941  [ 3  4  3]   1  0.207  2.237  1.766
  7  248  Heredity   [     6  2  ] -1519.424    82.806   4.005   -759.712  [ 2  3  4]  11  0.138  2.805  2.393
  7  249   RandTop   [     6  2  ] -1518.555    82.590   4.016   -759.277  [ 3  2  3]  11  0.168  2.561  2.086
  7  250 Permutate   [     6  2  ] -1519.254    81.727   4.058   -759.627  [ 4  2  4]   2  0.134  2.569  2.226
  7  251 softmutate  [     6  2  ] -1518.884    82.369   4.026   -759.442  [ 5  3  2]  10  0.088  2.711  2.513
  7  252   Random    [     6  2  ] -1517.644    80.551   4.117   -758.822  [ 3  3  3]   1  0.109  2.176  1.953
  7  253  Heredity   [     6  2  ] -1519.192    81.502   4.069   -759.596  [ 2  3  5]  26  0.126  2.883  2.553
  7  254 Permutate   [     6  2  ] -1518.108    84.151   3.941   -759.054  [ 3  4  3]   1  0.198  2.061  1.670
  7  255 Permutate   [     6  2  ] -1519.003    81.501   4.069   -759.502  [ 2  4  4]   2  0.135  2.731  2.331
