NUMBER OF TEMPLATES 28
COMPOSITION A 1 B
pairs , SPACEGROUPS 
[C S] , 164 
[B S] , 166 
[C Li] , 160 
[C F] , 164 
[Mg S] , 225 
[C F] , 166 
[Be Cl] , 166 
[B P] , 216 
[C H] , 164 
[Cl Mg] , 164 
[F Mg] , 164 
[Li Na] , 187 
[Li O] , 187 
[Li Mg] , 123 
[C P] , 164 
[C Si] , 186 
[F Na] , 225 
[F Li] , 194 
[B F] , 164 
[Be F] , 166 
[Al B] , 156 
[Cl Li] , 225 
[Mg N] , 187 
[Be Cl] , 164 
[Cl Li] , 194 
[B Li] , 166 
[F Li] , 225 
[C Si] , 216 
RANKING VECTORS ENTHALPIES
0:[-228.39894757 -228.33538186 -228.33476414 -228.33469629 -227.65437906 -227.62434112 -227.46091964 -227.41715558 -227.41393908 -227.39104874 -227.36575694 -227.36575694 -227.34804649 -227.22673438 -227.22116091 -227.16856707 -227.15413717 -227.05154165 -227.0214247  -227.01851032 -227.01801133 -227.01536731 -227.01260363 -226.88950195 -226.69639758 -226.52506706 -226.52490684 -226.28346307] 
1:[-187.02092719 -186.94242881 -186.5756847  -186.5523587  -186.51365259 -186.44934173 -186.40838178 -186.40829896 -186.40808454 -186.39893709 -186.39893709 -186.38215468 -186.37813809 -186.37621095 -186.37255201 -186.36790092 -186.35643112 -186.31338665 -186.3133838  -186.22135242 -186.21865992 -186.19989919 -186.19679911 -186.18619913 -186.18316511 -186.09963543 -186.06596202 -185.4608447 ] 
2:[-177.51264274 -177.51253118 -177.51244205 -177.51200291 -177.51169187 -177.51102258 -177.50990961 -177.50220746 -177.49934382 -177.46273834 -177.45264418 -177.43567912 -177.41827319 -177.19101257 -177.17357396 -177.04669819 -176.81633159 -176.62659612 -176.22362643 -175.51936238 -175.50442098 -175.50437889 -175.50249258 -175.49963529 -175.46973215 -175.09527598 -174.37375806 -174.37375683] 
3:[-414.63788139 -414.63776585 -414.63689335 -414.63687678 -414.63677306 -414.63641343 -414.63223226 -414.63164037 -414.03295989 -414.0325626 -413.5360151  -413.52556287 -413.44504688 -412.98629188 -412.6864538 -411.87125345 -411.86626658 -411.66722141 -411.49000792 -411.48894935 -411.47774298 -411.45598762 -410.8304831  -410.8263844  -410.82612211 -410.82612094 -410.15539372 -410.15539351] 
4:[-954.74463845 -954.74282932 -954.74281485 -954.73969029 -954.73473844 -954.69918078 -954.6989362  -954.36688826 -954.36027827 -954.35587936 -954.24744465 -954.11089307 -953.95663476 -953.95552219 -953.95299992 -953.83519036 -953.63357948 -953.63352304 -953.48408783 -953.46800643 -953.46748682 -953.2720745  -953.16149827 -953.1292597  -952.70778205 -952.66994142 -952.66769601 -952.66692469] 
5:[-414.63788139 -414.63776585 -414.63689335 -414.63687678 -414.63677306 -414.63641343 -414.63223226 -414.63164037 -414.03295989 -414.0325626 -413.5360151  -413.52556287 -413.44504688 -412.98629188 -412.6864538 -411.87125345 -411.86626658 -411.66722141 -411.49000792 -411.48894935 -411.47774298 -411.45598762 -410.8304831  -410.8263844  -410.82612211 -410.82612094 -410.15539372 -410.15539351] 
6:[-409.43346335 -409.41838657 -409.31403131 -409.31050364 -409.28635918 -409.25933319 -409.25746111 -409.25250457 -409.22723226 -409.02891112 -409.02352885 -408.94556073 -408.91175111 -408.86025657 -408.84901333 -408.84886792 -408.84859224 -408.82921436 -408.82421021 -408.80408106 -408.80304909 -408.77254068 -408.73955369 -408.73948239 -408.73878097 -408.44068439 -408.44068028 -408.29201159] 
7:[-131.32001472 -131.3189339  -131.31255775 -130.94189509 -130.74634655 -130.73576221 -130.73328799 -130.72219578 -130.70568253 -130.70568253 -130.70492631 -130.67705375 -130.67695926 -130.67242775 -130.64535314 -130.64078383 -130.63002968 -130.58353175 -130.58140219 -130.5698798 -130.54312249 -130.54042185 -130.5270642  -130.52684299 -130.52180568 -130.14954169 -130.01971795 -129.86082404] 
8:[-88.37504288 -88.37498626 -88.37472329 -88.37362139 -88.37308147 -88.3605551  -88.35997309 -88.35788115 -88.35745056 -87.95717818 -87.64504377 -87.62792356 -87.06490829 -86.98828392 -86.72348534 -86.7205056  -86.63371122 -86.58797965 -86.19247183 -85.88137277 -85.8673706  -85.78716924 -85.71809612 -85.71809611 -85.67775459 -85.67774118 -85.66179662 -85.62148054] 
9:[-1026.7844991  -1026.78209065 -1026.78153913 -1026.77799209 -1026.77239057 -1026.76949141 -1026.743345   -1026.69837038 -1026.68431719 -1026.6838052  -1026.67347937 -1026.59990006 -1026.5918916  -1026.58203551 -1026.30812563 -1026.22636523 -1026.19148768 -1026.19146375 -1026.17948077 -1026.07555732 -1026.07535601 -1025.75592493 -1025.75455301 -1025.75001984 -1025.74799547 -1025.74611604 -1025.4887595  -1025.48869936] 
10:[-1140.74799411 -1140.74134008 -1140.72065378 -1140.71272507 -1140.70464306 -1140.68097048 -1140.58013092 -1140.55664107 -1140.53652207 -1140.24106688 -1140.23366869 -1140.20559411 -1140.18215969 -1140.16362641 -1140.15814528 -1140.13226976 -1140.12196492 -1140.12195497 -1140.11532312 -1140.05786373 -1140.05785609 -1139.83261514 -1139.48763103 -1138.97141415 -1138.96973882 -1138.96857511 -1138.96756484 -1138.93632514] 
11:[-714.89563825 -714.89537394 -714.89471654 -714.88975234 -714.8870512 -714.87974199 -714.87779571 -714.8754269  -714.87438584 -714.87321123 -714.87307607 -714.87172554 -714.86019018 -714.85962339 -714.84402353 -714.84262143 -714.84134057 -714.83987913 -714.83496935 -714.83129637 -714.82273264 -714.81874475 -714.75114669 -714.74664816 -714.73967956 -714.73962391 -714.27326381 -714.27325177] 
12:[-321.00449173 -321.00429075 -320.7897556  -320.71675602 -320.69429345 -320.68771693 -320.68546238 -320.67088195 -320.66858968 -320.60943827 -320.60501066 -320.57519664 -320.57510802 -320.57107643 -320.33800401 -320.27602613 -320.27540085 -320.27375607 -320.27340006 -320.27336064 -320.27315641 -320.18976572 -320.18039055 -320.14485277 -320.06649752 -319.88884823 -319.88884686 -318.3474405 ] 
13:[-901.54131758 -901.38343007 -901.38312056 -901.35706695 -901.35604312 -901.34365652 -901.32924789 -901.32756686 -901.32646587 -901.32031174 -901.31923446 -901.31455239 -901.30714057 -901.30151245 -901.24870606 -901.21238503 -901.1995908  -901.18495636 -901.15972092 -901.15971749 -901.15900808 -901.13475909 -901.13431068 -901.13163625 -901.13033788 -901.12860762 -899.86145296 -899.86143847] 
14:[-172.86076232 -172.82178607 -172.81744624 -172.81377203 -172.81364625 -172.78061149 -172.6253521  -172.52733992 -172.39125899 -172.36247401 -172.34725275 -172.33467788 -172.31729582 -172.31729582 -172.30518643 -172.305065   -172.28481529 -172.28357652 -172.26433673 -172.23523076 -172.19579688 -172.19469975 -172.07862174 -172.06049105 -171.98377444 -171.97558641 -171.97171284 -171.18256856] 
15:[-136.68241462 -136.6800797  -136.68002434 -136.67717113 -136.5260775 -136.51357499 -136.51357072 -136.48001143 -136.44886757 -136.44798338 -136.38295597 -136.33530591 -136.33388179 -136.20627251 -136.20272975 -136.20265074 -136.20261381 -136.19777373 -136.18973342 -136.18150926 -136.0065814  -135.88949666 -135.82687635 -135.82266614 -135.78941344 -135.63722325 -135.03494267 -135.01868216] 
16:[-955.55901182 -955.45395185 -955.45393931 -955.45340743 -955.45327696 -955.45221428 -955.40558909 -955.40102894 -955.38365035 -955.38336686 -955.35885908 -954.9615403  -954.90519141 -954.90470397 -954.90408982 -954.90401231 -954.90386509 -954.901292   -954.85049077 -954.85005777 -954.85001369 -954.81095195 -954.8107392  -954.6486843  -954.59191618 -954.59186641 -954.42114569 -952.26820528] 
17:[-432.96001184 -432.95994989 -432.95994256 -432.95994229 -432.95959884 -432.90849909 -432.90792424 -432.78866407 -432.78793924 -432.76541953 -432.70019125 -432.66714746 -432.66660013 -432.66563453 -432.66552708 -432.66437085 -432.66006321 -432.54987636 -432.54987549 -432.38589551 -432.38477711 -432.3079571  -432.25110702 -432.250384   -432.25015624 -432.11901423 -429.85727029 -429.85711641] 
18:[-373.07781979 -373.07737167 -373.0769177  -373.07574234 -373.05726135 -372.37605607 -372.3721175  -372.3370866  -372.3331089  -372.33251713 -372.28608447 -372.26933392 -372.15107066 -372.14565484 -371.87124959 -371.84564706 -371.39420932 -371.30895724 -371.30817856 -371.28781891 -371.28638544 -370.76795497 -370.15520546 -370.1552043  -370.14215358 -370.13715441 -369.68126103 -369.68126081] 
19:[-523.52535917 -523.50720415 -523.49671869 -523.46410359 -523.4638007 -523.46083429 -523.46000012 -523.44045663 -523.35281077 -523.33215738 -522.92240423 -522.91366499 -522.60902972 -522.60889136 -522.60888141 -522.60847046 -522.58260701 -522.56463441 -522.26961261 -522.26951682 -522.23565694 -522.16312619 -522.16301988 -521.88655901 -521.87134631 -521.86842404 -521.86842376 -521.76360538] 
20:[-68.5776475  -68.5613201  -68.48687261 -68.40540323 -68.37843763 -68.31664888 -68.31137576 -68.26869505 -68.26310036 -68.24949968 -68.24303705 -68.2420162  -68.24065064 -68.24039934 -68.2398192 -68.07554463 -67.98755173 -67.97498454 -67.86089081 -67.79948273 -67.72343961 -67.68539033 -67.68493807 -67.68480766 -67.66313075 -67.21378533 -66.52062856 -66.5206249 ] 
21:[-318.96924207 -318.96859921 -318.96859741 -318.96708919 -318.96584808 -318.95805442 -318.95665884 -318.69515604 -318.69473519 -318.69227159 -318.61991846 -318.54459722 -318.46507089 -318.46501874 -318.46501455 -318.46498656 -318.35405491 -318.35405257 -318.28277214 -318.28188645 -318.27701172 -318.25199865 -318.15489032 -318.03111699 -316.8176719 -316.77397934 -316.77390102 -316.77349897] 
22:[-946.25378227 -946.23359922 -946.02822513 -946.00219454 -946.00217298 -945.999115   -945.96368953 -945.96231485 -945.91236529 -945.88835806 -945.57720918 -945.48219598 -945.4809695  -945.48095567 -945.30257646 -945.30186277 -945.09712753 -944.98415332 -944.98414465 -944.57403035 -944.56321875 -944.55521549 -944.4718997  -944.4223248  -944.05114337 -944.04993884 -944.04793492 -944.04487555] 
23:[-409.43346335 -409.41838657 -409.31403131 -409.31050364 -409.28635918 -409.25933319 -409.25746111 -409.25250457 -409.22723226 -409.02891112 -409.02352885 -408.94556073 -408.91175111 -408.86025657 -408.84901333 -408.84886792 -408.84859224 -408.82921436 -408.82421021 -408.80408106 -408.80304909 -408.77254068 -408.73955369 -408.73948239 -408.73878097 -408.44068439 -408.44068028 -408.29201159] 
24:[-318.96924207 -318.96859921 -318.96859741 -318.96708919 -318.96584808 -318.95805442 -318.95665884 -318.69515604 -318.69473519 -318.69227159 -318.61991846 -318.54459722 -318.46507089 -318.46501874 -318.46501455 -318.46498656 -318.35405491 -318.35405257 -318.28277214 -318.28188645 -318.27701172 -318.25199865 -318.15489032 -318.03111699 -316.8176719 -316.77397934 -316.77390102 -316.77349897] 
25:[-135.9189047  -135.90444801 -135.86477316 -135.8643729  -135.49930234 -135.49623006 -135.48720687 -135.43343764 -135.31063835 -135.30898129 -135.09881231 -135.08216076 -134.93986762 -134.92587482 -134.9257871 -134.92328817 -134.92179638 -134.91987316 -134.84948132 -134.81722197 -134.81535741 -133.94134114 -133.92906949 -133.88913186 -133.87592128 -133.87591989 -132.60620206 -132.60620093] 
26:[-432.96001184 -432.95994989 -432.95994256 -432.95994229 -432.95959884 -432.90849909 -432.90792424 -432.78866407 -432.78793924 -432.76541953 -432.70019125 -432.66714746 -432.66660013 -432.66563453 -432.66552708 -432.66437085 -432.66006321 -432.54987636 -432.54987549 -432.38589551 -432.38477711 -432.3079571  -432.25110702 -432.250384   -432.25015624 -432.11901423 -429.85727029 -429.85711641] 
27:[-136.68241462 -136.6800797  -136.68002434 -136.67717113 -136.5260775 -136.51357499 -136.51357072 -136.48001143 -136.44886757 -136.44798338 -136.38295597 -136.33530591 -136.33388179 -136.20627251 -136.20272975 -136.20265074 -136.20261381 -136.19777373 -136.18973342 -136.18150926 -136.0065814  -135.88949666 -135.82687635 -135.82266614 -135.78941344 -135.63722325 -135.03494267 -135.01868216] 
RANKING VECTORS IDX
0:[ 5.  0.  3. 18.  1. 23.  4. 26.  6. 19. 21. 16. 25.  9. 10. 14. 15. 20. 22.  2. 12. 24. 17. 11.  8. 27.  7. 13.] 
1:[23.  1. 25. 19.  6.  5.  3. 18.  0. 21. 16.  4. 14. 15. 26. 20.  2. 27.  7. 12. 22. 17. 24.  9. 10.  8. 11. 13.] 
2:[10.  3. 18.  8.  0.  9. 20.  5.  2.  6. 25. 19. 14. 24. 17.  1. 13. 23. 11. 26. 16. 21. 12. 22.  4. 15. 27.  7.] 
3:[10.  9.  3.  8.  0. 18. 25.  5. 20.  2.  6. 19. 14. 24. 15.  1. 23. 13. 12. 11. 22. 17.  4. 26. 16. 21. 27.  7.] 
4:[26. 16. 21.  2.  4. 24. 17. 22. 12. 11. 13. 20. 15. 10.  8.  1.  7. 27.  6. 19. 25. 23.  9. 14.  5.  3.  0. 18.] 
5:[10.  9.  3.  8.  0. 18. 25.  5. 20.  2.  6. 19. 14. 24. 15.  1. 23. 13. 12. 11. 22. 17.  4. 26. 16. 21. 27.  7.] 
6:[19.  6. 20.  2. 14. 10.  9. 23.  1. 22. 12. 11.  5.  8.  3. 18.  0. 13. 15. 17. 24.  4. 16. 21. 26. 27.  7. 25.] 
7:[27. 15.  7. 23. 14.  9. 10. 20. 21. 16. 26. 12. 22. 19.  6.  4.  1.  3.  8.  2. 24. 17.  0. 18.  5. 25. 13. 11.] 
8:[ 8.  3. 18.  0. 10.  9.  6.  5. 19. 14. 20.  2. 23. 25. 17. 24.  1. 15. 13. 12. 22. 11.  7. 27. 21. 16.  4. 26.] 
9:[25. 10.  6.  9. 20. 19.  2. 11. 13. 17. 24. 23.  1. 14. 15.  4. 16. 21. 26. 22. 12.  0. 18.  3.  5.  8. 27.  7.] 
10:[10.  9. 20.  2.  6. 19. 14.  1. 23. 24. 17. 15. 11. 22. 12.  4. 16. 21. 26. 27.  7. 13. 25.  8. 18.  0.  3.  5.] 
11:[20.  2. 10.  9.  8. 19.  6. 14. 17. 13. 24. 11. 12. 22.  0.  3. 23. 18.  1. 15. 25.  5.  4. 26. 21. 16. 27.  7.] 
12:[22. 12. 13.  2. 14. 17. 24. 19.  6. 11.  4. 16. 21. 26. 20.  0.  9. 15. 10.  8.  3.  5.  1. 25. 23. 27.  7. 18.] 
13:[13. 25.  6. 22. 12. 19. 17. 24. 11.  2. 20. 10.  9.  1. 23. 14. 15. 26. 16. 21.  4.  0.  5.  3.  8. 18. 27.  7.] 
14:[23.  0.  8.  3. 18.  5.  1. 20. 14.  2. 15.  4. 21. 16. 27.  7. 25. 26. 19.  6. 12. 22. 17. 24. 11.  9. 10. 13.] 
15:[15. 27.  7.  2. 26. 16. 21.  4. 12. 22. 20.  9. 10.  0.  3.  8. 18. 19.  5. 23.  1.  6. 17. 24. 11. 14. 25. 13.] 
16:[13. 26.  4. 16. 21.  2. 22. 12. 17. 24. 11. 20. 15.  8.  0. 10.  3.  9. 25. 19.  6.  1.  5. 14. 27.  7. 23. 18.] 
17:[26.  4. 16. 21.  2. 22. 12. 24. 17. 11. 20. 15.  3.  9. 10.  8. 13. 27.  7.  1.  5. 14. 19. 25.  6. 23. 18.  0.] 
18:[ 3. 18.  8.  0.  5. 19. 25.  6. 15. 14. 20.  2. 10.  9. 23.  1. 11. 22. 12. 24. 17. 13. 16. 21. 26.  4. 27.  7.] 
19:[ 6. 25. 19. 20.  9.  2. 10. 14. 23.  1. 12. 22.  8.  3. 18.  0. 15.  5. 17. 24. 11. 27.  7.  4. 26. 16. 21. 13.] 
20:[25. 19.  6. 20.  2. 23.  5. 22. 12.  8. 18.  3. 10.  0.  9.  1. 24. 17. 13. 14.  4. 26. 16. 21. 11. 15. 27.  7.] 
21:[26. 16. 21.  2.  4. 22. 12. 17. 24. 11. 20. 13. 15. 10.  9.  8. 27.  7. 25. 19.  6. 14.  1. 23.  5. 18.  0.  3.] 
22:[22. 12.  4. 16. 21. 26. 17. 24. 13. 11. 14. 15.  9. 10. 19.  6.  1. 27.  7.  5. 23. 25. 20.  2.  8.  0.  3. 18.] 
23:[19.  6. 20.  2. 14. 10.  9. 23.  1. 22. 12. 11.  5.  8.  3. 18.  0. 13. 15. 17. 24.  4. 16. 21. 26. 27.  7. 25.] 
24:[26. 16. 21.  2.  4. 22. 12. 17. 24. 11. 20. 13. 15. 10.  9.  8. 27.  7. 25. 19.  6. 14.  1. 23.  5. 18.  0.  3.] 
25:[ 5.  6. 19. 25. 17. 24. 14.  2. 13. 20. 22. 11.  9.  3. 18.  8.  0. 10. 23.  1. 15. 12.  4. 26. 16. 21. 27.  7.] 
26:[26.  4. 16. 21.  2. 22. 12. 24. 17. 11. 20. 15.  3.  9. 10.  8. 13. 27.  7.  1.  5. 14. 19. 25.  6. 23. 18.  0.] 
27:[15. 27.  7.  2. 26. 16. 21.  4. 12. 22. 20.  9. 10.  0.  3.  8. 18. 19.  5. 23.  1.  6. 17. 24. 11. 14. 25. 13.] 
POSCARS
EA234   2.476  6.391  2.456 90.00 60.28 89.97 Sym.group:  164
1.0
   2.4750260000000002   -0.0062980000000000    0.0572400000000000
   0.0189790000000000    6.3906120000000000    0.0264730000000000
   1.1678649999999999   -0.0125390000000000    2.1603850000000002
C S
2 2
direct
   0.5648450000000000    0.5029420000000000    0.8426000000000000 C
   0.2307140000000000    0.4300220000000000    0.5095570000000000 C
   0.2308010000000000    0.1483580000000000    0.5094280000000000 S
   0.5649220000000000    0.7846050000000000    0.8424650000000000 S
EA197   2.847  2.845  5.780 75.79 75.77 60.12 Sym.group:  166
1.0
   2.8470230000000001    0.0280920000000000    0.0087170000000000
   1.3929590000000001    2.4807440000000001    0.0406380000000000
   1.3965620000000001    0.7523430000000000    5.5580829999999999
B S
2 2
direct
   0.9827570000000000    0.6458840000000000    0.2853540000000000 B
   0.0785050000000000    0.7424670000000000    0.9946940000000000 B
   0.7925930000000000    0.4566900000000000    0.8509330000000001 S
   0.2686690000000000    0.9316610000000000    0.4291140000000000 S
EA114   2.436  2.439  5.169 77.55 76.80 60.13 Sym.group:  160
1.0
   2.4355069999999999    0.0326110000000000    0.0116820000000000
   1.1858379999999999    2.1292949999999999    0.0868090000000000
   1.1506099999999999    0.4304810000000000    5.0213619999999999
C Li
2 2
direct
   0.5081329999999999    0.2797530000000000    0.7069520000000000 C
   0.1531480000000000    0.9274030000000000    0.7711570000000000 C
   0.3870170000000000    0.1686560000000000    0.0696140000000000 Li
   0.9309630000000000    0.7045960000000000    0.4353600000000000 Li
EA12    2.446  2.445  4.951 90.04 90.14 60.01 Sym.group:  164
1.0
   1.2238709999999999    2.1174430000000002    0.0050860000000000
  -1.2220370000000000    2.1179109999999999    0.0011470000000000
  -0.0159580000000000   -0.0163780000000000    4.9512000000000000
C F
2 2
direct
   0.5732030000000000    0.5824680000000000    0.4103930000000000 C
   0.2392400000000000    0.2492650000000000    0.3130770000000000 C
   0.5750720000000000    0.5818719999999999    0.6815540000000000 F
   0.2371290000000000    0.2495140000000000    0.0419140000000000 F
EA161   4.663  3.307  3.307 90.00 90.00 90.00 Sym.group:  225
1.0
   4.6632980000000002   -0.0034580000000000    0.0014890000000000
   0.0022380000000000    3.3066650000000002   -0.0021100000000000
  -0.0009630000000000    0.0023220000000000    3.3070949999999999
Mg S
2 2
direct
   0.1267730000000000    0.7812550000000000    0.7745649999999999 Mg
   0.6280880000000000    0.2806070000000000    0.2750160000000000 Mg
   0.1280070000000000    0.2813220000000000    0.2745110000000000 S
   0.6270160000000000    0.7806980000000000    0.7749300000000000 S
EA173   2.433  2.443  5.092 77.10 103.54 119.80 Sym.group:  166
1.0
   2.4330129999999999   -0.0198750000000000   -0.0110710000000000
  -1.1964820000000000    2.1285799999999999    0.0752240000000000
  -1.1660999999999999    0.4751230000000000    4.9342170000000003
C F
2 2
direct
   0.4781290000000000    0.4069970000000000    0.9090840000000000 C
   0.1118670000000000    0.7708360000000000    0.8112710000000000 C
   0.5691130000000000    0.3207510000000000    0.1816320000000000 F
   0.0182270000000000    0.8540080000000000    0.5386480000000000 F
EA275   2.813  2.813  6.299 89.87 102.79 60.12 Sym.group:  166
1.0
   1.4122960000000000    2.4327350000000001    0.0061990000000000
  -1.4056450000000000    2.4363750000000000    0.0073130000000000
  -1.4058700000000000   -0.8123250000000000    6.0864279999999997
Be Cl
2 2
direct
   0.0196630000000000    0.5948790000000000    0.4055390000000000 Be
   0.5253679999999999    0.8440730000000000    0.6624949999999999 Be
   0.9806180000000000    0.1164900000000000    0.8455670000000000 Cl
   0.5644380000000000    0.3224570000000000    0.2224670000000000 Cl
EA147   2.996  2.999  5.178 73.37 73.35 60.38 Sym.group:  216
1.0
   1.4932460000000001   -2.5971039999999999    0.0180820000000000
   2.9985070000000000    0.0145310000000000    0.0061030000000000
   1.4761340000000001   -0.8287470000000000    4.8930449999999999
B P
2 2
direct
   0.9908850000000000    0.6463530000000000    0.3190910000000000 B
   0.4906340000000000    0.1463590000000000    0.8190930000000000 B
   0.3659650000000000    0.0219840000000000    0.1948480000000000 P
   0.8657210000000000    0.5219900000000000    0.6948470000000000 P
EA54    2.431  2.432  3.419 89.93 89.92 60.01 Sym.group:  164
1.0
   2.4311050000000001   -0.0018390000000000   -0.0004700000000000
   1.2170589999999999    2.1050010000000001   -0.0004580000000000
   0.0054850000000000    0.0025470000000000    3.4190719999999999
C H
2 2
direct
   0.3421560000000000    0.8341480000000000    0.8283880000000000 C
   0.6756470000000000    0.1676600000000000    0.6961030000000000 C
   0.6762980000000000    0.1681510000000000    0.3806000000000000 H
   0.3415220000000000    0.8336330000000000    0.1438910000000000 H
EA88    2.997  2.995  6.979 90.01 90.09 119.93 Sym.group:  164
1.0
   2.9968309999999998   -0.0235090000000000    0.0037260000000000
  -1.4738770000000001    2.6074269999999999    0.0030110000000000
  -0.0203500000000000   -0.0214480000000000    6.9790400000000004
Cl Mg
2 2
direct
   0.0072470000000000    0.9945030000000000    0.0901720000000000 Cl
   0.3412810000000000    0.6617450000000000    0.7858309999999999 Cl
   0.3416280000000000    0.6614900000000000    0.2944480000000000 Mg
   0.0067290000000000    0.9948920000000000    0.5815460000000000 Mg
EA272   2.821  2.821  5.546 89.92 90.16 119.84 Sym.group:  164
1.0
   2.8214020000000000    0.0030940000000000    0.0052530000000000
  -1.4062340000000000    2.4455480000000001    0.0005210000000000
  -0.0261630000000000   -0.0068980000000000    5.5460919999999998
F Mg
2 2
direct
   0.3251680000000000    0.6632720000000000    0.6423250000000000 F
   0.6577290000000000    0.3290550000000000    0.3590160000000000 F
   0.3229400000000000    0.6630130000000000    0.1933900000000000 Mg
   0.6598600000000000    0.3292440000000000    0.8079980000000000 Mg
EA123   2.535  2.527  3.977 89.99 90.07 119.86 Sym.group:  187
1.0
   2.5352350000000001   -0.0039460000000000    0.0074930000000000
  -1.2548630000000001    2.1937220000000002   -0.0008400000000000
  -0.0165430000000000   -0.0073010000000000    3.9769760000000001
Na Li
1 1
direct
   0.6553780000000000    0.8328730000000000    0.9985810000000001 Na
   0.3173680000000000    0.1660210000000000    0.4986180000000000 Li
EA5     2.791  2.792  3.569 89.82 89.86 60.04 Sym.group:  187
1.0
   1.4297830000000000    2.3968550000000000   -0.0448400000000000
  -1.3630290000000000    2.4357240000000000   -0.0493280000000000
  -0.0070970000000000    0.0812810000000000    3.5685330000000000
O Li
2 2
direct
   0.3330630000000000    0.0810250000000000    0.5309900000000000 O
   0.3322780000000000    0.0798410000000000    0.9545490000000000 O
   0.9994960000000001    0.7465440000000000    0.7427790000000000 Li
   0.6655300000000000    0.4143290000000000    0.2427620000000000 Li
EA7     3.625  3.625  3.332 90.00 90.00 90.00 Sym.group:  123
1.0
   3.6252330000000001   -0.0011210000000000    0.0003220000000000
   0.0011950000000000    3.6252190000000000    0.0016460000000000
  -0.0002880000000000   -0.0015150000000000    3.3316040000000000
Mg Li
2 2
direct
   0.6201150000000000    0.6232880000000000    0.6368300000000000 Mg
   0.1202830000000000    0.1232430000000000    0.6365030000000000 Mg
   0.1199110000000000    0.6231380000000000    0.1366970000000000 Li
   0.6202810000000000    0.1232470000000000    0.1366900000000000 Li
EA18    2.822  2.833  4.690 90.32 90.23 60.73 Sym.group:  164
1.0
   1.4439240000000000   -2.4244420000000000    0.0032630000000000
   2.8324150000000001    0.0742730000000000   -0.0098110000000000
  -0.0105710000000000    0.0217840000000000    4.6904250000000003
C P
2 2
direct
   0.9990000000000000    0.9942210000000000    0.3454370000000000 C
   0.9988210000000000    0.9991910000000001    0.6608760000000000 C
   0.3326470000000000    0.3291990000000000    0.1795880000000000 P
   0.6651750000000000    0.6642130000000001    0.8267250000000000 P
EA44    4.779  2.927  2.927 120.00 90.00 90.00 Sym.group:  186
1.0
   4.7790809999999997    0.0008700000000000   -0.0018400000000000
   0.0005610000000000    1.4653570000000000    2.5338599999999998
   0.0004210000000000   -2.9273020000000001    0.0022770000000000
C Si
2 2
direct
   0.6606140000000000    0.2257710000000000    0.0608910000000000 C
   0.1606130000000000    0.5590180000000000    0.7274750000000000 C
   0.5375470000000000    0.5591000000000000    0.7275160000000001 Si
   0.0375470000000000    0.2256490000000000    0.0608140000000000 Si
EA1     2.891  2.880  4.081 89.57 90.09 90.00 Sym.group:  225
1.0
   2.8911319999999998   -0.0003270000000000    0.0019110000000000
   0.0002030000000000    2.8802469999999998   -0.0082450000000000
  -0.0088840000000000    0.0424570000000000    4.0804640000000001
F Na
2 2
direct
   0.3711040000000000    0.8696680000000000    0.9639440000000000 F
   0.8750260000000000    0.3707220000000000    0.4635940000000000 F
   0.8712290000000000    0.3703310000000000    0.9633980000000000 Na
   0.3753950000000000    0.8713330000000000    0.4642500000000000 Na
EA119   2.508  2.508  4.329 89.99 89.99 60.01 Sym.group:  194
1.0
   1.2588120000000000   -2.1691220000000002    0.0047060000000000
   2.5082770000000001    0.0059160000000000    0.0021060000000000
  -0.0031460000000000    0.0062900000000000    4.3290970000000000
F Li
2 2
direct
   0.6648380000000000    0.6648790000000000    0.2534100000000000 F
   0.3314310000000000    0.3318450000000000    0.7534090000000000 F
   0.9980000000000000    0.9984980000000000    0.0034320000000000 Li
   0.9983980000000000    0.9984620000000000    0.5034570000000000 Li
EA42    2.373  2.438  5.375 90.00 89.98 118.99 Sym.group:  164
1.0
   2.3728449999999999    0.0017580000000000    0.0018850000000000
  -1.1829810000000001    2.1316980000000001    0.0027840000000000
  -0.0026280000000000   -0.0089390000000000    5.3747319999999998
B F
2 2
direct
   0.3318400000000000    0.6786630000000000    0.4160780000000000 B
   0.6593900000000000    0.3319520000000000    0.2351630000000000 B
   0.3325880000000000    0.6808870000000000    0.6559490000000000 F
   0.6586720000000000    0.3293930000000000    0.9952190000000000 F
EA83    2.354  2.335  5.556 90.14 102.13 119.49 Sym.group:  166
1.0
   2.3518390000000000   -0.0925950000000000    0.0066780000000000
  -1.0686279999999999    2.0757140000000001    0.0172670000000000
  -1.2107920000000001   -0.6831660000000001    5.3792720000000003
Be F
2 2
direct
   0.4774560000000000    0.3644900000000000    0.3385240000000000 Be
   0.0195150000000000    0.1386650000000000    0.6588619999999999 Be
   0.4619270000000000    0.8595840000000000    0.8206120000000000 F
   0.0351830000000000    0.6438820000000000    0.1767780000000000 F
EA162   2.786  5.246  2.786 89.97 60.01 89.97 Sym.group:  156
1.0
   2.7858489999999998    0.0005360000000000    0.0050360000000000
   0.0016580000000000    5.2455730000000003    0.0213140000000000
   1.3884850000000000   -0.0086630000000000    2.4157860000000002
Al B
2 2
direct
   0.6532000000000000    0.0453550000000000    0.6908510000000000 Al
   0.9858230000000000    0.4236990000000000    0.0255270000000000 Al
   0.9867130000000000    0.7988150000000001    0.0247820000000000 B
   0.3200040000000000    0.7423149999999999    0.3582820000000000 B
EA96    3.064  3.065  3.065 60.02 60.02 60.02 Sym.group:  225
1.0
   1.5412220000000001   -2.6484809999999999    0.0005390000000000
   3.0644819999999999    0.0113070000000000    0.0178740000000000
   1.5201570000000000   -0.8868710000000000    2.5093260000000002
Cl Li
1 1
direct
   0.2629950000000000    0.8232710000000000    0.1687850000000000 Cl
   0.7628950000000000    0.3232900000000000    0.6687460000000000 Li
EA111   3.064  3.065  4.052 89.99 90.03 60.00 Sym.group:  187
1.0
   3.0644469999999999    0.0054710000000000    0.0071540000000000
   1.5274850000000000    2.6566920000000001   -0.0020150000000000
  -0.0114100000000000    0.0102490000000000    4.0519959999999999
N Mg
2 2
direct
   0.9948500000000000    0.0043460000000000    0.8350550000000000 N
   0.9939829999999999    0.0049470000000000    0.3959230000000000 N
   0.3279030000000000    0.3378790000000000    0.1154070000000000 Mg
   0.6611650000000000    0.6712720000000000    0.6155530000000000 Mg
EA268   2.874  2.873  6.121 89.71 90.32 119.87 Sym.group:  164
1.0
   2.8744070000000002   -0.0061880000000000    0.0068930000000000
  -1.4253830000000001    2.4946869999999999   -0.0017290000000000
  -0.0491440000000000    0.0120510000000000    6.1205809999999996
Be Cl
2 2
direct
   0.9931480000000000    0.0035690000000000    0.1559510000000000 Be
   0.9977680000000000    0.0010590000000000    0.8496060000000000 Be
   0.3303930000000000    0.6685950000000001    0.6854789999999999 Cl
   0.6605470000000000    0.3360420000000000    0.3201440000000000 Cl
EA12    3.052  3.052  5.051 89.98 90.01 60.02 Sym.group:  194
1.0
   3.0516519999999998    0.0006860000000000   -0.0006070000000000
   1.5246480000000000    2.6440519999999998    0.0017880000000000
   0.0005290000000000   -0.0020950000000000    5.0506380000000002
Cl Li
2 2
direct
   0.3282430000000000    0.3356440000000000    0.2505880000000000 Cl
   0.6614650000000000    0.6687270000000000    0.7505940000000000 Cl
   0.9944100000000000    0.0025990000000000    0.0005910000000000 Li
   0.9952970000000000    0.0017800000000000    0.5005920000000000 Li
EA7     2.948  2.944  3.616 89.99 66.16 60.06 Sym.group:  166
1.0
   1.4841850000000001    2.5475240000000001    0.0100190000000000
  -1.4640850000000001    2.5535790000000000   -0.0250440000000000
   1.4244509999999999    0.8490500000000000    3.2129509999999999
B Li
2 2
direct
   0.8114250000000000    0.0247860000000000    0.4788280000000000 B
   0.4544910000000000    0.7026990000000000    0.5085790000000000 B
   0.3658470000000000    0.2473590000000000    0.1431600000000000 Li
   0.9000990000000000    0.4801040000000000    0.8442120000000000 Li
EA21    2.552  2.552  2.552 60.00 90.00 120.00 Sym.group:  225
1.0
   1.2773699999999999    1.2758929999999999   -1.8042149999999999
  -1.2757680000000000    1.2766130000000000    1.8047700000000000
   1.2766960000000001    1.2750390000000000    1.8053770000000000
F Li
1 1
direct
   0.7466190000000000    0.4931490000000000    0.7566740000000000 F
   0.2466160000000000    0.4931440000000000    0.2566920000000000 Li
EA157   2.927  2.927  5.064 106.78 73.22 119.98 Sym.group:  216
1.0
   2.9268130000000001   -0.0061000000000000    0.0118420000000000
  -1.4573590000000001    2.5381730000000000   -0.0117750000000000
   1.4405770000000000   -0.8361280000000000    4.7824660000000003
C Si
2 2
direct
   0.1811680000000000    0.8183610000000000    0.1865780000000000 C
   0.6810480000000000    0.3187240000000000    0.6865980000000000 C
   0.8062030000000000    0.1933240000000000    0.3113380000000000 Si
   0.3060940000000000    0.6936730000000000    0.8113290000000000 Si
