NUMBER OF TEMPLATES 28
COMPOSITION A 1 B
pairs , SPACEGROUPS 
[Li Na] , 187 
[Cl Li] , 225 
[Li Na] , 194 
[C P] , 164 
[N P] , 160 
[Al Na] , 141 
[N P] , 156 
[N Si] , 166 
[F Mg] , 164 
[Li O] , 187 
[H Na] , 225 
[C S] , 164 
[N Si] , 156 
[Al F] , 191 
[Al Li] , 123 
[F Li] , 225 
[B Li] , 166 
[Al Li] , 227 
[F Na] , 225 
[Cl Na] , 225 
[C S] , 166 
[F Li] , 194 
[Mg S] , 225 
[C Si] , 216 
[H Li] , 225 
[Al P] , 194 
[H Si] , 191 
[P Si] , 225 
RANKING VECTORS ENTHALPIES
0:[-714.89471654 -714.87634595 -714.8754269  -714.87438584 -714.87402147 -714.87187292 -714.87172554 -714.86780087 -714.86113831 -714.86019018 -714.84627586 -714.84402353 -714.82454406 -714.82362962 -714.82273264 -714.81622664 -714.80380802 -714.7918539  -714.78577186 -714.761666 -714.75114669 -714.7511232  -714.74664816 -714.74151977 -714.73970108 -714.73967956 -714.73962391 -714.27326381] 
1:[-318.96943266 -318.96924207 -318.96871684 -318.96866486 -318.96859921 -318.96859741 -318.96584808 -318.96562578 -318.95764585 -318.95665884 -318.71589016 -318.69515604 -318.69513849 -318.69227159 -318.62000917 -318.54468906 -318.47226102 -318.46501874 -318.35405491 -318.28277214 -318.25199865 -318.12007983 -317.98509565 -317.62327996 -317.16462238 -317.16401719 -316.77390102 -316.77345546] 
2:[-714.89471654 -714.87634595 -714.8754269  -714.87438584 -714.87402147 -714.87187292 -714.87172554 -714.86780087 -714.86113831 -714.86019018 -714.84627586 -714.84402353 -714.82454406 -714.82362962 -714.82273264 -714.81622664 -714.80380802 -714.7918539  -714.78577186 -714.761666 -714.75114669 -714.7511232  -714.74664816 -714.74151977 -714.73970108 -714.73967956 -714.73962391 -714.27326381] 
3:[-172.82623468 -172.82178607 -172.52566713 -172.49669306 -172.47902225 -172.39125899 -172.33467788 -172.33451609 -172.31737267 -172.31729582 -172.31729582 -172.31355114 -172.30518643 -172.28481529 -172.28357652 -172.28100326 -172.19579688 -172.17204067 -172.07862174 -172.06062284 -171.98377444 -171.97171284 -171.54090371 -171.53499691 -171.44527864 -171.1838748  -170.88535587 -170.80950224] 
4:[-232.31814929 -232.17857727 -231.91798716 -231.82183411 -231.75232969 -231.71860721 -231.3387678  -231.33320564 -231.27653858 -231.27588041 -231.2690489  -231.26656212 -231.26268428 -231.2624685  -231.26213699 -231.26213323 -231.24925007 -231.2360371  -231.22420956 -231.20934605 -231.18111668 -231.18042603 -230.75719425 -230.72359837 -230.66897692 -230.64122633 -230.41046652 -230.39473385] 
5:[-648.25883285 -648.25142361 -648.24614845 -648.10531982 -648.078219 -648.06917499 -648.06633418 -648.05357807 -648.05233361 -648.01633101 -647.99449864 -647.96553577 -647.95308166 -647.94864178 -647.92430688 -647.81501371 -647.81112938 -647.16369245 -647.04518242 -646.91566099 -646.91549564 -646.91418377 -646.91144758 -646.86437096 -646.86405858 -646.86402171 -646.86392519 -645.31613962] 
6:[-232.31814929 -232.17857727 -231.91798716 -231.82183411 -231.75232969 -231.71860721 -231.3387678  -231.33320564 -231.27653858 -231.27588041 -231.2690489  -231.26656212 -231.26268428 -231.2624685  -231.26213699 -231.26213323 -231.24925007 -231.2360371  -231.22420956 -231.20934605 -231.18111668 -231.18042603 -230.75719425 -230.72359837 -230.66897692 -230.64122633 -230.41046652 -230.39473385] 
7:[-196.19346551 -196.09648348 -196.04820212 -196.02268329 -195.99137173 -195.74436126 -195.73651151 -195.73108835 -195.72838296 -195.69699015 -195.47134496 -195.46753022 -195.44812536 -195.43635961 -195.41189504 -195.41176798 -195.41176798 -195.41025151 -195.39480035 -195.39426399 -194.9284022  -194.92721737 -194.74301736 -194.74267172 -194.51643358 -194.36310326 -194.32495337 -193.68234239] 
8:[-1140.74799411 -1140.58683006 -1140.58013092 -1140.54330587 -1140.37851512 -1140.23974822 -1140.23366869 -1140.18215969 -1140.16076149 -1140.15814528 -1140.13226976 -1140.12290083 -1140.12196492 -1140.12195497 -1140.11532312 -1140.11519889 -1140.10476538 -1140.10128343 -1140.05786373 -1140.01106425 -1139.83236176 -1139.83203267 -1139.8232711  -1139.72689476 -1139.48763103 -1139.27519401 -1138.97386497 -1138.96857511] 
9:[-321.00429075 -320.78991963 -320.76297936 -320.69429345 -320.68771693 -320.68570763 -320.60943827 -320.60896242 -320.60501066 -320.60448594 -320.57566427 -320.57559531 -320.575511   -320.57519664 -320.57510802 -320.57294526 -320.57107643 -320.48585982 -320.27602613 -320.27340006 -320.1952179  -320.19297331 -320.1570987  -320.14485277 -319.96957863 -319.88884823 -319.56012283 -319.55411889] 
10:[-626.95290051 -626.90020272 -626.90002274 -626.89968904 -626.89939226 -626.89938735 -626.89847944 -626.89801683 -626.89766359 -626.85300281 -626.84214916 -626.83923535 -626.83875978 -626.81595474 -626.68523511 -626.60918426 -626.58291026 -626.4992757  -626.4981476  -626.47846771 -626.43080986 -626.42896317 -626.42242684 -626.3322854  -626.28823594 -626.22821182 -625.65837619 -625.65772544] 
11:[-228.43642437 -228.33538186 -227.46091964 -227.46078125 -227.42877755 -227.41715558 -227.36584711 -227.36575694 -227.36575694 -227.36114822 -227.35699062 -227.34804649 -227.24959563 -227.22116091 -227.1706845 -227.16856707 -227.01801133 -227.0155494  -227.01260363 -226.99767258 -226.88950195 -226.74994809 -226.59875491 -226.58197211 -226.52506706 -226.27988461 -226.1149247  -226.11343394] 
12:[-196.19346551 -196.09648348 -196.04820212 -196.02268329 -195.99137173 -195.74436126 -195.73651151 -195.73108835 -195.72838296 -195.69699015 -195.47134496 -195.46753022 -195.44812536 -195.43635961 -195.41189504 -195.41176798 -195.41176798 -195.41025151 -195.39480035 -195.39426399 -194.9284022  -194.92721737 -194.74301736 -194.74267172 -194.51643358 -194.36310326 -194.32495337 -193.68234239] 
13:[-364.23876135 -364.23802846 -364.16027445 -364.07600408 -364.06796505 -364.04162296 -363.99321665 -363.94149114 -363.90140764 -363.87154709 -363.84265485 -363.77069696 -363.59820574 -363.59386696 -363.19475506 -363.17426171 -362.89163189 -362.85573918 -362.80480181 -362.72528073 -362.65010517 -362.64779396 -362.64261487 -362.64261114 -362.63741436 -362.62659057 -362.61990009 -362.60386893] 
14:[-125.93906097 -125.8439578  -125.83665695 -125.83212234 -125.77289761 -125.77287129 -125.77241356 -125.75012082 -125.73298376 -125.65715393 -125.64866084 -125.6014929  -125.59825465 -125.56979083 -125.50888268 -125.24533868 -125.23669897 -125.22379742 -125.06344168 -125.05414886 -125.04592183 -125.0458104  -125.02622108 -125.02605891 -125.02596236 -125.02596016 -125.00943655 -123.54598347] 
15:[-432.96044377 -432.9602602  -432.96020383 -432.96001184 -432.95994989 -432.95994256 -432.95994229 -432.95958656 -432.90908619 -432.90792424 -432.78909932 -432.78793924 -432.76541953 -432.75057293 -432.70052553 -432.66552708 -432.66430904 -432.60730029 -432.54987636 -432.3079571 -432.250384   -432.24608164 -432.07018265 -431.64384532 -431.43080177 -431.43056852 -429.92013564 -429.85711641] 
16:[-135.8643729  -135.85982877 -135.85970841 -135.49930234 -135.49640752 -135.48720687 -135.3120857  -135.08267845 -135.08216076 -135.01723158 -134.94480541 -134.92179638 -134.91987316 -134.90724364 -134.86158986 -134.81634855 -134.50067416 -134.48794426 -133.94134114 -133.92906949 -133.9290007  -133.91127694 -133.88913186 -133.87603264 -133.87596793 -133.87592128 -133.87591989 -132.60620206] 
17:[-125.93906097 -125.8439578  -125.83665695 -125.83212234 -125.77289761 -125.77287129 -125.77241356 -125.75012082 -125.73298376 -125.65715393 -125.64866084 -125.6014929  -125.59825465 -125.56979083 -125.50888268 -125.24533868 -125.23669897 -125.22379742 -125.06344168 -125.05414886 -125.04592183 -125.0458104  -125.02622108 -125.02605891 -125.02596236 -125.02596016 -125.00943655 -123.54598347] 
18:[-955.55806206 -955.45429523 -955.45417043 -955.45402021 -955.45395185 -955.45393931 -955.45340743 -955.45327696 -955.45312158 -955.40742886 -955.40102894 -955.38417417 -955.38365035 -955.35885908 -955.15110122 -955.03769601 -955.01340564 -954.94587239 -954.90408982 -954.90401231 -954.85049077 -954.85005198 -954.6486843  -954.59191618 -954.55743142 -953.78938722 -953.78910169 -952.32439208] 
19:[-841.6519411  -841.54592954 -841.54587974 -841.5458183  -841.54566506 -841.54566185 -841.54565675 -841.54509024 -841.54460164 -841.51116858 -841.50988939 -841.43722164 -841.43695678 -841.42277007 -841.17554369 -841.04377548 -841.01269534 -841.00330972 -840.92449802 -840.8930908 -840.8121037  -840.73376331 -840.55781371 -840.3143224  -839.79478934 -839.79444487 -839.46592807 -839.45597532] 
20:[-228.43642437 -228.33538186 -227.46091964 -227.46078125 -227.42877755 -227.41715558 -227.36584711 -227.36575694 -227.36575694 -227.36114822 -227.35699062 -227.34804649 -227.24959563 -227.22116091 -227.1706845 -227.16856707 -227.01801133 -227.0155494  -227.01260363 -226.99767258 -226.88950195 -226.74994809 -226.59875491 -226.58197211 -226.52506706 -226.27988461 -226.1149247  -226.11343394] 
21:[-432.96044377 -432.9602602  -432.96020383 -432.96001184 -432.95994989 -432.95994256 -432.95994229 -432.95958656 -432.90908619 -432.90792424 -432.78909932 -432.78793924 -432.76541953 -432.75057293 -432.70052553 -432.66552708 -432.66430904 -432.60730029 -432.54987636 -432.3079571 -432.250384   -432.24608164 -432.07018265 -431.64384532 -431.43080177 -431.43056852 -429.92013564 -429.85711641] 
22:[-954.74647592 -954.74463845 -954.74381982 -954.74337734 -954.74282932 -954.74281485 -954.73473844 -954.73399961 -954.70013071 -954.6989362 -954.36868686 -954.36027827 -954.35587936 -954.2449025  -954.11152354 -954.05180023 -953.95552219 -953.69967401 -953.69499511 -953.63352304 -953.46748682 -953.45672237 -953.33149254 -953.1292597  -952.94093574 -952.69433722 -952.6909609  -952.66769601] 
23:[-136.6800797  -136.53017604 -136.5260775  -136.5138824  -136.5136196 -136.51357499 -136.51357072 -136.48001143 -136.47994386 -136.44886757 -136.44705431 -136.42137477 -136.38403672 -136.33388179 -136.22026304 -136.20627251 -135.99339328 -135.82687635 -135.82276045 -135.78941344 -135.63722325 -135.24374671 -135.03494267 -135.02271149 -134.90076331 -134.87945094 -134.87767599 -134.19113666] 
24:[-104.52305936 -104.52285133 -104.52259201 -104.52256578 -104.52075166 -104.52057565 -104.51815025 -104.51800726 -104.45580401 -104.44908635 -104.41544638 -104.41489689 -104.36892466 -104.35098213 -104.33599343 -104.32701023 -104.29153948 -104.28953422 -104.27453946 -104.20534451 -104.10597243 -103.91132272 -103.85948252 -103.82132208 -103.61464383 -103.59911541 -103.19808602 -103.19170027] 
25:[-121.75056433 -121.74998379 -121.70626233 -121.70319169 -121.67545079 -121.6750488  -121.6749365  -121.67493357 -121.64190352 -121.64174465 -121.59990899 -121.54175455 -121.47499483 -121.45118725 -121.42010512 -121.39356258 -121.37841123 -121.37653614 -121.35909983 -121.34008222 -121.33723242 -121.31835644 -121.31311912 -121.30056951 -121.25463436 -121.16826407 -120.89978276 -120.79352039] 
26:[-62.47427056 -62.46681771 -62.44318742 -62.42732457 -62.42702457 -62.42531113 -62.41721762 -62.39514944 -62.39428638 -62.3900932 -62.38901819 -62.38503522 -62.37740209 -62.36420961 -62.35372526 -62.35162332 -62.34790136 -62.33378951 -62.33326344 -62.33060056 -62.32487406 -62.30820854 -62.29712072 -62.2949554  -62.27700626 -62.25825311 -62.13917078 -61.9942887 ] 
27:[-147.59063228 -147.59052563 -147.5767674  -147.57664081 -147.57657371 -147.57657138 -147.54762042 -147.54250755 -147.5272872  -147.52140209 -147.51183946 -147.47943115 -147.46943336 -147.46528582 -147.45504381 -147.44721031 -147.42421942 -147.37653416 -147.32585807 -147.32376939 -147.32336808 -147.28479027 -147.2830201  -147.25516619 -147.22296416 -147.22025262 -147.09032182 -146.63160764] 
RANKING VECTORS IDX
0:[ 8.  2.  3. 21. 25. 14.  0. 12.  7.  9.  6. 11.  5. 20. 16. 17.  4. 13. 26. 24. 22. 19. 15. 27. 10.  1. 18. 23.] 
1:[24. 15. 27. 10. 18.  1. 22. 19.  2.  9. 12. 21. 25.  0.  6. 14.  4.  8. 23. 16.  3.  7.  5. 17. 26. 13. 11. 20.] 
2:[ 8.  2.  3. 21. 25. 14.  0. 12.  7.  9.  6. 11.  5. 20. 16. 17.  4. 13. 26. 24. 22. 19. 15. 27. 10.  1. 18. 23.] 
3:[20. 11.  6. 12.  4.  3. 22. 19. 10.  1. 18. 27. 23. 16. 15. 24.  9.  2. 21. 25.  0.  8. 13. 26.  7. 14.  5. 17.] 
4:[ 6. 16.  8.  3. 12.  4. 26. 13. 22. 19. 25. 21. 27. 10. 18.  1. 15. 24.  0.  7.  2.  9. 14. 20. 23. 11.  5. 17.] 
5:[16.  5. 17.  8.  3. 21. 25.  0.  2. 14.  6. 20.  7. 11.  4. 13. 26. 12.  9. 22. 19. 24. 15. 27. 10.  1. 18. 23.] 
6:[ 6. 16.  8.  3. 12.  4. 26. 13. 22. 19. 25. 21. 27. 10. 18.  1. 15. 24.  0.  7.  2.  9. 14. 20. 23. 11.  5. 17.] 
7:[12.  3.  4. 16.  6. 23. 21. 25.  8.  0.  9. 24.  2. 15. 10.  1. 18. 27. 22. 19.  7. 14. 26. 13.  5. 20. 11. 17.] 
8:[ 8.  6.  3. 12.  4. 25. 21.  0.  2.  9. 22. 19. 18.  1. 15. 24. 27. 10. 23.  7. 14. 26. 13.  5. 16. 17. 20. 11.] 
9:[ 9. 14. 12.  3. 21. 25.  0.  2. 22. 19. 27. 10. 24. 18.  1.  4. 15.  6. 11.  8.  5. 20.  7. 16. 17. 23. 13. 26.] 
10:[14. 27. 24. 10. 18.  1. 22. 19. 15.  2.  9. 25. 21.  0. 12.  6.  4.  8. 11.  5. 16. 17. 20. 23.  3.  7. 13. 26.] 
11:[20. 11. 22. 19. 24. 15. 10.  1. 18. 27.  6. 16.  4.  8. 12.  3.  9. 25. 21.  2.  0.  7. 26. 13. 23. 14.  5. 17.] 
12:[12.  3.  4. 16.  6. 23. 21. 25.  8.  0.  9. 24.  2. 15. 10.  1. 18. 27. 22. 19.  7. 14. 26. 13.  5. 20. 11. 17.] 
13:[26. 13. 16. 12.  3.  8.  7.  4.  6.  0.  2. 21. 20. 11.  5. 14. 17.  9. 23. 25. 22. 15. 18.  1. 24. 27. 10. 19.] 
14:[14. 16.  5. 17.  9.  0.  2. 25. 21.  8. 11.  6.  4.  3.  7. 13. 20. 26. 15. 24. 22. 19. 27. 10. 18.  1. 12. 23.] 
15:[27. 24. 10. 15. 22. 18.  1. 19.  2.  9. 25. 21.  0. 12.  6.  8. 14.  4. 23.  3. 16.  7.  5. 17. 26. 13. 20. 11.] 
16:[16. 17.  5. 21. 25.  3. 14.  2.  0. 20.  6. 11.  8.  4. 12.  7. 13. 26.  9. 22. 19. 24. 15. 27. 10. 18.  1. 23.] 
17:[14. 16.  5. 17.  9.  0.  2. 25. 21.  8. 11.  6.  4.  3.  7. 13. 20. 26. 15. 24. 22. 19. 27. 10. 18.  1. 12. 23.] 
18:[14. 27. 24. 10. 15. 22. 18.  1. 19.  2.  9. 25. 21.  0. 12.  6.  4.  5. 11.  8. 16. 17.  3. 23.  7. 26. 13. 20.] 
19:[14. 27. 15. 24. 10. 18.  1. 22. 19.  2.  9. 25. 21.  0. 12.  6.  5.  4. 17. 16.  3.  8.  7. 23. 13. 26. 20. 11.] 
20:[20. 11. 22. 19. 24. 15. 10.  1. 18. 27.  6. 16.  4.  8. 12.  3.  9. 25. 21.  2.  0.  7. 26. 13. 23. 14.  5. 17.] 
21:[27. 24. 10. 15. 22. 18.  1. 19.  2.  9. 25. 21.  0. 12.  6.  8. 14.  4. 23.  3. 16.  7.  5. 17. 26. 13. 20. 11.] 
22:[24. 15. 27. 10. 18.  1. 22. 19. 25. 21.  2.  9.  0. 14.  6.  4.  8.  5. 12. 23. 16. 17.  7.  3. 20. 13. 26. 11.] 
23:[23. 24. 15. 27. 10. 18.  1. 22. 19.  9.  2. 12.  6.  8. 20. 11.  4. 21. 25.  0.  3.  7. 16. 14.  5. 13. 26. 17.] 
24:[24. 19. 15. 22. 27. 10. 18.  1.  9.  2. 21. 25.  0. 12. 14.  6.  8. 11.  4. 23. 20.  3.  7.  5. 16. 17. 26. 13.] 
25:[21. 25. 24. 15. 27. 10. 18.  1. 22. 19. 14.  4.  9.  2.  0.  5.  7.  3.  8.  6. 17. 13. 26. 16. 20. 11. 23. 12.] 
26:[13. 26. 20.  0.  8. 11. 16. 10. 18. 27.  2.  5.  9.  4. 19. 15. 25. 12. 21.  1.  7.  6. 24. 22. 14.  3. 23. 17.] 
27:[22. 19. 27. 10. 18.  1. 15. 24.  9. 13. 26. 21.  4. 25.  7. 14. 20.  5.  8. 16. 11.  6.  0.  2. 17. 12.  3. 23.] 
POSCARS
EA123   2.535  2.527  3.977 89.99 90.07 119.86 Sym.group:  187
1.0
   2.5352350000000001   -0.0039460000000000    0.0074930000000000
  -1.2548630000000001    2.1937220000000002   -0.0008400000000000
  -0.0165430000000000   -0.0073010000000000    3.9769760000000001
Na Li
1 1
direct
   0.6553780000000000    0.8328730000000000    0.9985810000000001 Na
   0.3173680000000000    0.1660210000000000    0.4986180000000000 Li
EA96    3.064  3.065  3.065 60.02 60.02 60.02 Sym.group:  225
1.0
   1.5412220000000001   -2.6484809999999999    0.0005390000000000
   3.0644819999999999    0.0113070000000000    0.0178740000000000
   1.5201570000000000   -0.8868710000000000    2.5093260000000002
Cl Li
1 1
direct
   0.2629950000000000    0.8232710000000000    0.1687850000000000 Cl
   0.7628950000000000    0.3232900000000000    0.6687460000000000 Li
EA105   2.477  2.478  8.283 89.47 90.44 119.82 Sym.group:  194
1.0
   1.2481599999999999   -2.1395260000000000   -0.0028470000000000
   1.2360940000000000    2.1478910000000000    0.0029720000000000
   0.0116030000000000    0.0694510000000000    8.2828850000000003
Na Li
2 2
direct
   0.3184730000000000    0.6603190000000000    0.2539640000000000 Na
   0.6474820000000000    0.3277020000000000    0.7538940000000000 Na
   0.9940530000000000    0.0029500000000000    0.0041030000000000 Li
   0.0000310000000000    0.0120860000000000    0.5037840000000000 Li
EA18    2.822  2.833  4.690 90.32 90.23 60.73 Sym.group:  164
1.0
   1.4439240000000000   -2.4244420000000000    0.0032630000000000
   2.8324150000000001    0.0742730000000000   -0.0098110000000000
  -0.0105710000000000    0.0217840000000000    4.6904250000000003
C P
2 2
direct
   0.9990000000000000    0.9942210000000000    0.3454370000000000 C
   0.9988210000000000    0.9991910000000001    0.6608760000000000 C
   0.3326470000000000    0.3291990000000000    0.1795880000000000 P
   0.6651750000000000    0.6642130000000001    0.8267250000000000 P
EA529   2.561  2.559  5.912 77.58 78.10 60.03 Sym.group:  160
1.0
   2.5607280000000001    0.0000380000000000   -0.0246500000000000
   1.2788020000000000    2.2168630000000000    0.0246440000000000
   1.2743110000000000    0.6686330000000000    5.7338550000000001
N P
2 2
direct
   0.9175040000000000    0.6682970000000000    0.0946340000000000 N
   0.4847860000000000    0.2216280000000000    0.4233240000000000 N
   0.2050600000000000    0.9493170000000000    0.2460650000000000 P
   0.3944400000000000    0.1169940000000000    0.7248840000000000 P
EA114   4.141  4.141  4.162 60.89 119.12 88.62 Sym.group:  141
1.0
   2.0541250000000000    3.5947680000000002    0.0624260000000000
  -2.0546489999999999    1.2305200000000001    3.3777879999999998
   0.0434070000000000   -2.4165770000000002    3.3888379999999998
Al Na
2 2
direct
   0.6281440000000000    0.2378450000000000    0.7580070000000000 Al
   0.3775850000000000    0.9872760000000000    0.2580290000000000 Al
   0.1281480000000000    0.7376060000000000    0.7579740000000000 Na
   0.8776800000000000    0.4874720000000000    0.2579760000000000 Na
EA425   2.563  5.731  2.563 89.91 60.01 89.85 Sym.group:  156
1.0
   2.5597379999999998   -0.1290680000000000   -0.0021870000000000
   0.3040150000000000    5.7228289999999999    0.0728260000000000
   1.2800199999999999   -0.0919950000000000    2.2183269999999999
N P
2 2
direct
   0.4598650000000000    0.4954110000000000    0.3764500000000000 N
   0.7946930000000000    0.1668690000000000    0.7101460000000001 N
   0.1272900000000000    0.3442880000000000    0.0432620000000000 P
   0.7970920000000000    0.8644730000000000    0.7107710000000000 P
EA184   2.628  2.628  5.549 76.48 89.99 60.00 Sym.group:  166
1.0
   2.6278120000000000   -0.0009680000000000   -0.0010900000000000
   1.3147050000000000    2.2752759999999999    0.0152080000000000
   0.0035370000000000    1.4601759999999999    5.3531079999999998
N Si
2 2
direct
   0.1769520000000000    0.4017870000000000    0.2829340000000000 N
   0.3939690000000000    0.9685220000000000    0.9215370000000001 N
   0.2838900000000000    0.1855700000000000    0.6022390000000000 Si
   0.7855080000000000    0.1851400000000000    0.1022340000000000 Si
EA272   2.821  2.821  5.546 89.92 90.16 119.84 Sym.group:  164
1.0
   2.8214020000000000    0.0030940000000000    0.0052530000000000
  -1.4062340000000000    2.4455480000000001    0.0005210000000000
  -0.0261630000000000   -0.0068980000000000    5.5460919999999998
F Mg
2 2
direct
   0.3251680000000000    0.6632720000000000    0.6423250000000000 F
   0.6577290000000000    0.3290550000000000    0.3590160000000000 F
   0.3229400000000000    0.6630130000000000    0.1933900000000000 Mg
   0.6598600000000000    0.3292440000000000    0.8079980000000000 Mg
EA5     2.791  2.792  3.569 89.82 89.86 60.04 Sym.group:  187
1.0
   1.4297830000000000    2.3968550000000000   -0.0448400000000000
  -1.3630290000000000    2.4357240000000000   -0.0493280000000000
  -0.0070970000000000    0.0812810000000000    3.5685330000000000
O Li
2 2
direct
   0.3330630000000000    0.0810250000000000    0.5309900000000000 O
   0.3322780000000000    0.0798410000000000    0.9545490000000000 O
   0.9994960000000001    0.7465440000000000    0.7427790000000000 Li
   0.6655300000000000    0.4143290000000000    0.2427620000000000 Li
EA9     2.754  2.763  3.898 89.91 90.24 90.00 Sym.group:  225
1.0
   2.7536130000000001    0.0003320000000000    0.0059160000000000
  -0.0002510000000000    2.7629459999999999   -0.0025380000000000
  -0.0248570000000000    0.0096260000000000    3.8976380000000002
H Na
2 2
direct
   0.3749810000000000    0.3733480000000000    0.1248950000000000 H
   0.8862890000000000    0.8732330000000000    0.6259860000000000 H
   0.8751960000000000    0.8737360000000000    0.1259200000000000 Na
   0.3859780000000000    0.3737420000000000    0.6251810000000000 Na
EA234   2.476  6.391  2.456 90.00 60.28 89.97 Sym.group:  164
1.0
   2.4750260000000002   -0.0062980000000000    0.0572400000000000
   0.0189790000000000    6.3906120000000000    0.0264730000000000
   1.1678649999999999   -0.0125390000000000    2.1603850000000002
C S
2 2
direct
   0.5648450000000000    0.5029420000000000    0.8426000000000000 C
   0.2307140000000000    0.4300220000000000    0.5095570000000000 C
   0.2308010000000000    0.1483580000000000    0.5094280000000000 S
   0.5649220000000000    0.7846050000000000    0.8424650000000000 S
EA255   2.808  7.269  2.809 89.99 119.98 90.01 Sym.group:  156
1.0
   1.4083650000000001   -0.0007640000000000    2.4297300000000002
   0.0079270000000000    7.2686140000000004   -0.0038130000000000
  -2.8088030000000002    0.0037370000000000    0.0056440000000000
N Si
3 3
direct
   0.5507530000000000    0.1724370000000000    0.9972450000000000 N
   0.8840190000000000    0.9074050000000000    0.6634409999999999 N
   0.8834540000000000    0.4380670000000000    0.6644550000000000 N
   0.8841000000000000    0.1756560000000000    0.6637750000000000 Si
   0.2167830000000000    0.5436650000000000    0.3309670000000000 Si
   0.5505630000000000    0.8060200000000000    0.9970550000000000 Si
EA38    2.493  4.344  3.535 90.06 90.01 89.98 Sym.group:  191
1.0
   2.4929779999999999    0.0120400000000000    0.0011120000000000
  -0.0193490000000000    4.3433999999999999    0.0228970000000000
  -0.0021150000000000   -0.0226460000000000    3.5351050000000002
Al F
2 2
direct
   0.1352800000000000    0.3769140000000000    0.3730740000000000 Al
   0.6352830000000000    0.8769150000000000    0.3735150000000000 Al
   0.6350260000000000    0.8773110000000000    0.8734630000000000 F
   0.1346930000000000    0.3773080000000000    0.8731260000000000 F
EA10    2.564  5.886  2.618 90.00 90.00 90.00 Sym.group:  123
1.0
   2.5467900000000001    0.2942280000000000   -0.0141000000000000
  -0.6755030000000000    5.8468320000000000    0.0418430000000000
   0.0165320000000000   -0.0169070000000000    2.6176940000000002
Al Li
2 2
direct
   0.7493430000000000    0.1230640000000000    0.2620230000000000 Al
   0.7493700000000000    0.6230850000000000    0.2621960000000000 Al
   0.2494330000000000    0.3732320000000000    0.7621880000000000 Li
   0.2493380000000000    0.8728780000000000    0.7620720000000000 Li
EA21    2.552  2.552  2.552 60.00 90.00 120.00 Sym.group:  225
1.0
   1.2773699999999999    1.2758929999999999   -1.8042149999999999
  -1.2757680000000000    1.2766130000000000    1.8047700000000000
   1.2766960000000001    1.2750390000000000    1.8053770000000000
F Li
1 1
direct
   0.7466190000000000    0.4931490000000000    0.7566740000000000 F
   0.2466160000000000    0.4931440000000000    0.2566920000000000 Li
EA7     2.948  2.944  3.616 89.99 66.16 60.06 Sym.group:  166
1.0
   1.4841850000000001    2.5475240000000001    0.0100190000000000
  -1.4640850000000001    2.5535790000000000   -0.0250440000000000
   1.4244509999999999    0.8490500000000000    3.2129509999999999
B Li
2 2
direct
   0.8114250000000000    0.0247860000000000    0.4788280000000000 B
   0.4544910000000000    0.7026990000000000    0.5085790000000000 B
   0.3658470000000000    0.2473590000000000    0.1431600000000000 Li
   0.9000990000000000    0.4801040000000000    0.8442120000000000 Li
EA115   3.872  3.872  3.872 90.03 119.99 119.98 Sym.group:  227
1.0
   0.0885970000000000   -2.2011989999999999   -3.1837399999999998
   1.8915800000000000    3.3775230000000001    0.0702230000000000
   1.8911380000000000   -1.1273070000000001    3.1854429999999998
Al Li
2 2
direct
   0.6172470000000000    0.8650330000000001    0.1149040000000000 Al
   0.1173490000000000    0.6150020000000000    0.3650230000000000 Al
   0.6173140000000000    0.3650650000000000    0.6149790000000001 Li
   0.1173030000000000    0.1150330000000000    0.8650220000000000 Li
EA1     2.891  2.880  4.081 89.57 90.09 90.00 Sym.group:  225
1.0
   2.8911319999999998   -0.0003270000000000    0.0019110000000000
   0.0002030000000000    2.8802469999999998   -0.0082450000000000
  -0.0088840000000000    0.0424570000000000    4.0804640000000001
F Na
2 2
direct
   0.3711040000000000    0.8696680000000000    0.9639440000000000 F
   0.8750260000000000    0.3707220000000000    0.4635940000000000 F
   0.8712290000000000    0.3703310000000000    0.9633980000000000 Na
   0.3753950000000000    0.8713330000000000    0.4642500000000000 Na
EA11    3.320  3.330  3.323 60.43 119.70 119.61 Sym.group:  225
1.0
   3.3203900000000002    0.0230500000000000   -0.0013930000000000
  -1.6563500000000000    1.6711760000000000    2.3568050000000000
  -1.6336679999999999   -1.6770050000000001    2.3577640000000000
Cl Na
1 1
direct
   0.4963550000000000    0.5034310000000000    0.4894050000000000 Cl
   0.9965030000000000    0.0034120000000000    0.9897200000000000 Na
EA249   2.454  6.556  2.485 100.79 119.58 90.04 Sym.group:  166
1.0
   1.2814310000000000   -0.1711160000000000    2.0857070000000002
   1.0717589999999999    6.4662269999999999   -0.1339620000000000
  -2.4832390000000002   -0.0587060000000000    0.0775350000000000
C S
2 2
direct
   0.3963970000000000    0.1809760000000000    0.8246200000000000 C
   0.7530120000000000    0.2541730000000000    0.5373910000000000 C
   0.3019730000000000    0.9008180000000000    0.6390050000000000 S
   0.8456930000000000    0.5343320000000000    0.7220100000000000 S
EA119   2.508  2.508  4.329 89.99 89.99 60.01 Sym.group:  194
1.0
   1.2588120000000000   -2.1691220000000002    0.0047060000000000
   2.5082770000000001    0.0059160000000000    0.0021060000000000
  -0.0031460000000000    0.0062900000000000    4.3290970000000000
F Li
2 2
direct
   0.6648380000000000    0.6648790000000000    0.2534100000000000 F
   0.3314310000000000    0.3318450000000000    0.7534090000000000 F
   0.9980000000000000    0.9984980000000000    0.0034320000000000 Li
   0.9983980000000000    0.9984620000000000    0.5034570000000000 Li
EA161   4.663  3.307  3.307 90.00 90.00 90.00 Sym.group:  225
1.0
   4.6632980000000002   -0.0034580000000000    0.0014890000000000
   0.0022380000000000    3.3066650000000002   -0.0021100000000000
  -0.0009630000000000    0.0023220000000000    3.3070949999999999
Mg S
2 2
direct
   0.1267730000000000    0.7812550000000000    0.7745649999999999 Mg
   0.6280880000000000    0.2806070000000000    0.2750160000000000 Mg
   0.1280070000000000    0.2813220000000000    0.2745110000000000 S
   0.6270160000000000    0.7806980000000000    0.7749300000000000 S
EA157   2.927  2.927  5.064 106.78 73.22 119.98 Sym.group:  216
1.0
   2.9268130000000001   -0.0061000000000000    0.0118420000000000
  -1.4573590000000001    2.5381730000000000   -0.0117750000000000
   1.4405770000000000   -0.8361280000000000    4.7824660000000003
C Si
2 2
direct
   0.1811680000000000    0.8183610000000000    0.1865780000000000 C
   0.6810480000000000    0.3187240000000000    0.6865980000000000 C
   0.8062030000000000    0.1933240000000000    0.3113380000000000 Si
   0.3060940000000000    0.6936730000000000    0.8113290000000000 Si
EA5     2.359  2.360  4.082 106.80 90.01 60.03 Sym.group:  225
1.0
   1.1935640000000001   -2.0350649999999999   -0.0041010000000000
   2.3600629999999998    0.0172160000000000    0.0214400000000000
  -1.2097329999999999   -0.7161810000000000    3.8327450000000001
H Li
2 2
direct
   0.6184950000000000    0.7575160000000000    0.3815790000000000 H
   0.1190320000000000    0.7566050000000000    0.8816970000000000 H
   0.8690400000000000    0.2571020000000000    0.6313450000000000 Li
   0.3686920000000000    0.2571480000000000    0.1312920000000000 Li
EA40    3.302  3.304  5.255 90.00 90.00 119.97 Sym.group:  194
1.0
   3.3019690000000002    0.0002330000000000   -0.0010690000000000
  -1.6505240000000001    2.8620000000000001   -0.0003000000000000
   0.0014970000000000    0.0013480000000000    5.2548159999999999
Al P
2 2
direct
   0.9987549999999999    0.0054590000000000    0.9985550000000000 Al
   0.9988020000000000    0.0054790000000000    0.4985540000000000 Al
   0.6655219999999999    0.3390830000000000    0.7485600000000000 P
   0.3320310000000000    0.6718530000000000    0.2485520000000000 P
EA52    3.213  2.318  2.318 120.00 89.99 90.01 Sym.group:  191
1.0
   3.2133159999999998    0.0024550000000000   -0.0044090000000000
  -0.0041960000000000    1.1843830000000000   -1.9923780000000000
   0.0022070000000000    1.1333370000000000    2.0218630000000002
H Si
1 1
direct
   0.3412390000000000    0.2445300000000000    0.9988190000000000 H
   0.8412180000000000    0.2504320000000000    0.0009270000000000 Si
EA21    3.181  3.224  3.224 119.21 119.52 60.48 Sym.group:  225
1.0
   3.1807430000000001    0.0060770000000000   -0.0043340000000000
   1.5832590000000000    2.8086280000000001    0.0022880000000000
  -1.5833900000000001   -0.9159920000000000    2.6552099999999998
P Si
1 1
direct
   0.9917700000000000    0.9975650000000000    0.0039190000000000 P
   0.4917320000000000    0.4975890000000000    0.5038930000000000 Si
