NUMBER OF TEMPLATES 41
COMPOSITION A 4 B
pairs , SPACEGROUPS 
[Al F] , 160 
[Li H] , 156 
[F Si] , 137 
[S Cl] , 123 
[Na H] , 221 
[Na C] , 87 
[F Si] , 121 
[Be Li] , 166 
[Na N] , 97 
[Mg Si] , 87 
[Al H] , 139 
[Mg Al] , 87 
[Li Na] , 87 
[O Li] , 140 
[O Li] , 127 
[Al O] , 156 
[Li P] , 166 
[Be H] , 87 
[Si Mg] , 123 
[Na B] , 87 
[F C] , 121 
[Mg C] , 221 
[B Na] , 139 
[Li O] , 141 
[P Si] , 129 
[Be F] , 139 
[Al N] , 164 
[O B] , 119 
[F Si] , 215 
[Mg H] , 121 
[P Mg] , 83 
[Al H] , 221 
[Al Cl] , 156 
[Mg S] , 87 
[O Mg] , 140 
[Be S] , 156 
[Be Al] , 139 
[Cl Si] , 215 
[P Na] , 166 
[S Mg] , 140 
[Be C] , 129 
RANKING VECTORS ENTHALPIES
0:[-181.39875653 -180.91385825 -180.79287189 -180.73199321 -180.69166599 -180.69007402 -180.62744363 -180.6103754  -180.60490133 -180.51595031 -180.48336653 -180.47108555 -180.4671149  -180.46605024 -180.45586213 -180.44465472 -180.43528943 -180.42741763 -180.42636169 -180.42413091 -180.41539664 -180.41506863 -180.40940905 -180.37138742 -180.36847603 -180.34773475 -180.34607656 -180.28395793 -180.19288899 -180.0925926 -180.09170419 -180.02304499 -180.01965067 -179.96224317 -179.94658021 -179.94536669 -179.93976308 -179.73651831 -179.71803799 -179.71656961 -179.48203845] 
1:[-157.19938387 -157.195806   -157.19534871 -157.19471829 -157.19387246 -157.1936821  -157.17610858 -157.17085292 -157.16450336 -157.16434372 -157.16358264 -157.16303067 -157.15509016 -157.15469259 -157.15457109 -157.15453929 -157.15272668 -157.14618433 -157.1378645  -157.13067478 -157.13015997 -157.10196679 -157.0966094  -157.08907496 -157.07979696 -157.07484635 -157.0613029  -157.03044892 -157.01024877 -157.00812883 -156.99415952 -156.99259521 -156.975928   -156.96719966 -156.96337362 -156.95845665 -156.94117877 -156.62748047 -156.60801537 -156.59865648 -156.22875586] 
2:[-557.89714093 -557.75967959 -557.75143297 -557.74805759 -557.74052562 -557.73997357 -557.71418719 -557.63765163 -557.60452519 -557.3550083 -557.348798   -557.31334706 -557.3076684  -557.30020338 -557.28863403 -557.28543718 -557.27892969 -557.21716372 -557.20258357 -557.12161764 -557.12092454 -557.09369466 -557.05176376 -557.01565004 -557.00729507 -556.99745812 -556.92739888 -556.8942567  -556.81397057 -556.13694023 -555.97152444 -555.40069561 -555.33259164 -555.21594281 -555.20628479 -555.17826683 -555.15152044 -555.07541583 -555.06800476 -554.89560844 -554.52981285] 
3:[-324.20437802 -324.19716156 -324.1963601  -324.17175841 -324.16172894 -324.15946361 -324.15129197 -324.15127624 -324.14788183 -324.14155848 -324.12368741 -324.12296506 -324.11832007 -324.11775029 -324.10639842 -324.07729422 -324.05999611 -324.01921423 -324.01098639 -324.00338702 -323.98304444 -323.96213925 -323.93247389 -323.90676679 -323.87217752 -323.82837658 -323.79757206 -323.79424397 -323.79020937 -323.7441928 -323.73446663 -323.64973245 -323.61626625 -323.58151929 -323.57222201 -323.51841334 -323.51326217 -323.23742564 -322.89237954 -322.83901176 -322.83345457] 
4:[-993.23577135 -993.22309455 -993.22003073 -993.22001018 -993.21908309 -993.21777782 -993.18724577 -993.18014151 -993.1761057  -993.175857 -993.17565923 -993.17561125 -993.1728794  -993.16799812 -993.1594671 -993.1586603  -993.1289285  -993.1284614  -993.12827662 -993.12726132 -993.12316444 -993.1218471  -993.11867012 -993.10639352 -993.08143588 -993.07357983 -993.05346488 -993.02855431 -993.01122769 -993.00807285 -992.99918254 -992.99199082 -992.97301844 -992.96158159 -992.9027635 -992.90255623 -992.73001311 -992.68722052 -992.59754832 -992.49449252 -992.36918648] 
5:[-1022.45121857 -1022.4458906  -1022.44454397 -1022.44282462 -1022.44127193 -1022.44089564 -1022.43609525 -1022.43006106 -1022.42111213 -1022.39194276 -1022.31743203 -1022.24643581 -1022.14206849 -1022.14115794 -1022.11811536 -1022.11252034 -1022.09988438 -1022.05190658 -1021.99778611 -1021.96102882 -1021.9573778  -1021.93752365 -1021.93104532 -1021.88769829 -1021.83036406 -1021.70130924 -1021.69957849 -1021.59635521 -1021.57510778 -1021.57420531 -1021.57305281 -1021.55722975 -1021.55691854 -1021.54128302 -1021.52598647 -1021.45205646 -1021.45007502 -1021.38859598 -1021.27826142 -1021.16998711 -1020.90220937] 
6:[-557.89714093 -557.75967959 -557.75143297 -557.74805759 -557.74052562 -557.73997357 -557.71418719 -557.63765163 -557.60452519 -557.3550083 -557.348798   -557.31334706 -557.3076684  -557.30020338 -557.28863403 -557.28543718 -557.27892969 -557.21716372 -557.20258357 -557.12161764 -557.12092454 -557.09369466 -557.05176376 -557.01565004 -557.00729507 -556.99745812 -556.92739888 -556.8942567  -556.81397057 -556.13694023 -555.97152444 -555.40069561 -555.33259164 -555.21594281 -555.20628479 -555.17826683 -555.15152044 -555.07541583 -555.06800476 -554.89560844 -554.52981285] 
7:[-340.48712376 -340.44094699 -340.41935654 -340.39451411 -340.39283913 -340.39148063 -340.39055438 -340.3842888  -340.38262782 -340.38176793 -340.36979112 -340.30100985 -340.28297567 -340.27769122 -340.27750901 -340.20125886 -340.14535152 -340.10219858 -340.02110477 -340.01053913 -339.96312079 -339.86943652 -339.86087369 -339.79179376 -339.78000038 -339.7394623  -339.73107295 -339.73103173 -339.71615042 -339.68982614 -339.6681379  -339.60377024 -339.5856894  -339.5454708  -339.48690712 -339.43891487 -339.28508247 -339.27890837 -338.99614625 -338.99430148 -338.99128626] 
8:[-1046.75883157 -1046.60987698 -1046.60905766 -1046.60873131 -1046.60846183 -1046.60840975 -1046.60652727 -1046.57905303 -1046.57904058 -1046.53571415 -1046.52899445 -1046.39255311 -1046.39231536 -1046.39025781 -1046.3884005  -1046.37366614 -1046.36385619 -1046.36301041 -1046.34192571 -1046.30592344 -1046.30085263 -1046.29503481 -1046.25131071 -1046.22256153 -1046.08648076 -1046.00693871 -1046.00646279 -1046.00599706 -1045.90165277 -1045.86332615 -1045.81336449 -1045.81335882 -1045.78349005 -1045.72975959 -1045.72367785 -1045.71545523 -1045.70255665 -1045.64212827 -1045.58653334 -1045.29096854 -1044.87089568] 
9:[-1310.56527407 -1310.56526182 -1310.56240239 -1310.55785626 -1310.55674908 -1310.5550338  -1310.53182088 -1310.53104061 -1310.49759968 -1310.48779974 -1310.46113752 -1310.42538866 -1310.42394659 -1310.42053948 -1310.39675407 -1310.30498072 -1310.24293686 -1310.19513612 -1310.1775764  -1310.14954745 -1310.11629996 -1310.11386837 -1310.11278622 -1310.10797949 -1310.08797123 -1310.04217256 -1310.03147534 -1310.02378325 -1310.02343057 -1310.01025213 -1309.97844886 -1309.77273847 -1309.77266814 -1309.7670909  -1309.33834956 -1309.33688223 -1309.33460004 -1309.33425536 -1309.32277473 -1309.31506331 -1308.88862944] 
10:[-50.32455149 -49.90328917 -49.89485361 -49.89439209 -49.89429857 -49.89296318 -49.8902329  -49.88698798 -49.88135099 -49.8774577 -49.85709029 -49.85039718 -49.84962465 -49.84369993 -49.84263306 -49.7901035  -49.78560075 -49.77410599 -49.77057669 -49.75343155 -49.74663839 -49.71627632 -49.67238127 -49.65179698 -49.65097529 -49.63911675 -49.63876165 -49.6277847  -49.62573485 -49.54867406 -49.52857109 -49.49039597 -49.44907061 -49.44480857 -49.4446559 -49.44453808 -49.27976098 -49.25072036 -49.09673828 -48.62114265 -48.60263926] 
11:[-1300.0226545  -1300.01953449 -1300.01868645 -1300.00912348 -1300.00905699 -1300.00445106 -1299.99144096 -1299.99098974 -1299.98921511 -1299.98320191 -1299.98192899 -1299.9804019 -1299.94314244 -1299.84985173 -1299.77971217 -1299.75334762 -1299.67373129 -1299.6529077  -1299.6099536  -1299.60533249 -1299.57564321 -1299.52611593 -1299.49556433 -1299.46075642 -1299.45845172 -1299.45125451 -1299.45012461 -1299.35080537 -1299.32355235 -1299.30573106 -1299.3029338  -1299.29894591 -1299.24722404 -1299.13282164 -1299.07078162 -1298.67836978 -1298.67472122 -1298.60438306 -1298.60154163 -1298.59880466 -1298.59803188] 
12:[-401.40685188 -401.34463    -401.3411571  -401.33857119 -401.31572142 -401.31205462 -401.29692021 -401.29630584 -401.28459587 -401.27968272 -401.25954783 -401.25614727 -401.2514738  -401.25001611 -401.2492058 -401.24844401 -401.24799547 -401.24048524 -401.23859502 -401.22495742 -401.21181585 -401.20372986 -401.20053454 -401.19895724 -401.16511867 -401.1490778  -401.13646654 -401.13327345 -401.12789397 -401.12254651 -401.10821823 -401.10410171 -401.08010685 -401.07551507 -401.06766774 -401.06431727 -401.05635157 -400.97663469 -400.68911797 -400.68137674 -400.68108403] 
13:[-395.52209765 -395.52030747 -395.5199099  -395.4844945  -395.25399147 -395.09018728 -395.07553818 -395.06375363 -395.02059374 -394.96675368 -394.76059912 -394.73277265 -394.6407773  -394.61252929 -394.61225968 -394.60196771 -394.5854132  -394.50083863 -394.46292427 -394.46205414 -394.45197304 -394.38548855 -394.33775171 -394.32152909 -394.28451716 -394.26165215 -394.25059065 -394.21886528 -394.18542368 -394.18251828 -394.14697405 -394.12483098 -394.06433036 -393.77254346 -393.63046999 -393.62485606 -393.57151464 -393.44930701 -393.41530642 -393.41510185 -393.41235844] 
14:[-395.52209765 -395.52030747 -395.5199099  -395.4844945  -395.25399147 -395.09018728 -395.07553818 -395.06375363 -395.02059374 -394.96675368 -394.76059912 -394.73277265 -394.6407773  -394.61252929 -394.61225968 -394.60196771 -394.5854132  -394.50083863 -394.46292427 -394.46205414 -394.45197304 -394.38548855 -394.33775171 -394.32152909 -394.28451716 -394.26165215 -394.25059065 -394.21886528 -394.18542368 -394.18251828 -394.14697405 -394.12483098 -394.06433036 -393.77254346 -393.63046999 -393.62485606 -393.57151464 -393.44930701 -393.41530642 -393.41510185 -393.41235844] 
15:[-137.03235476 -136.95345751 -136.9439749  -136.94074554 -136.93237449 -136.84177976 -136.77835837 -136.77419961 -136.75608468 -136.70143055 -136.69453463 -136.68955624 -136.68405962 -136.66746633 -136.65741846 -136.65712246 -136.52934711 -136.515195   -136.50606624 -136.50319994 -136.48971354 -136.47684392 -136.46776591 -136.44911573 -136.44708291 -136.43549979 -136.42754344 -136.42565906 -136.41433419 -136.37484469 -136.33289363 -136.16806431 -136.11348073 -136.06687817 -136.06549992 -136.06464707 -136.05815984 -135.91588919 -135.63984895 -135.41468746 -135.36974221] 
16:[-191.78804172 -191.77986424 -191.72682906 -191.72666701 -191.72632501 -191.72630656 -191.71505545 -191.67072381 -191.53180743 -191.46976196 -191.293283   -191.26176693 -191.24198815 -191.20136606 -191.17776363 -191.16019437 -191.15895285 -191.15576665 -191.15537415 -191.14645871 -191.12014641 -191.11690881 -191.1167403  -191.11427609 -191.03316453 -191.02207099 -191.01942217 -191.0131542  -190.99757992 -190.98754756 -190.93698882 -190.86831186 -190.85348846 -190.75877984 -190.69584094 -190.58744613 -190.55283033 -190.55196398 -190.54812463 -190.45996473 -190.45983507] 
17:[-304.75632584 -304.74463961 -304.64326077 -304.6415339  -304.61973673 -304.61056449 -304.60252566 -304.57427755 -304.55920627 -304.55506699 -304.5547588  -304.55029671 -304.54999222 -304.54577655 -304.53698166 -304.52153042 -304.51712005 -304.51649925 -304.51352907 -304.50313509 -304.49734594 -304.49276687 -304.47560027 -304.46885042 -304.46808703 -304.4679396  -304.4503644  -304.42915857 -304.40984134 -304.38285267 -304.32860795 -304.24996308 -304.23895791 -304.21154358 -304.2091221 -304.20872494 -303.96640816 -303.94232782 -303.8893421  -303.83569403 -303.67465746] 
18:[-411.72123148 -410.85511613 -410.75089621 -410.75084882 -410.74107186 -410.73584967 -410.73499674 -410.73047088 -410.72680359 -410.70035402 -410.68577533 -410.68326532 -410.63821416 -410.63457847 -410.63188994 -410.59992917 -410.59694126 -410.59155846 -410.55597105 -410.52997054 -410.50783254 -410.48235408 -410.40041702 -410.38891098 -410.37291383 -410.34973948 -410.31248613 -410.27916717 -410.24273517 -410.07651284 -409.94992386 -409.91788777 -409.90466908 -409.82204688 -409.78304375 -409.54812829 -409.53376132 -409.53298249 -408.47664983 -408.47625116 -408.47108334] 
19:[-1005.54602643 -1005.48924029 -1005.4859544  -1005.48575769 -1005.48506127 -1005.47141453 -1005.46126358 -1005.45037259 -1005.34298476 -1005.21829064 -1005.11646076 -1005.1109264 -1005.10898273 -1005.10717037 -1005.06387477 -1005.05970642 -1005.05350206 -1005.04967451 -1005.04663552 -1005.02653982 -1005.02605568 -1005.02590662 -1005.02486926 -1005.01481799 -1005.01062699 -1005.00725183 -1004.98246698 -1004.97783153 -1004.96647553 -1004.95976298 -1004.94993408 -1004.89966289 -1004.88543438 -1004.87149577 -1004.78745164 -1004.67067582 -1004.62332144 -1004.57184182 -1004.56780908 -1004.56689344 -1004.42636674] 
20:[-566.58976946 -566.586124   -566.58544613 -566.54989536 -566.54922738 -566.47010131 -566.37438985 -565.65354706 -565.53041348 -565.38073974 -565.31462236 -565.31459653 -565.09960577 -564.93492298 -564.68354116 -564.65978248 -564.65620674 -564.60026413 -564.43621917 -564.43307316 -564.43122239 -564.4166486  -564.35909995 -564.35905144 -564.33112763 -564.29701086 -564.26259521 -564.25085567 -564.22881722 -564.20121519 -564.17712352 -564.13757705 -564.13606884 -564.08699742 -564.07711575 -563.85925339 -563.82563805 -563.81916696 -563.75627911 -563.74709767 -563.5792354 ] 
21:[-1320.70808478 -1320.68447998 -1320.59261414 -1320.5685178 -1320.46074021 -1320.45788457 -1320.45622054 -1320.45507243 -1320.45492753 -1320.45464019 -1320.45196845 -1320.44941595 -1320.44725661 -1320.44655496 -1320.44639352 -1320.4462699 -1320.44542026 -1320.44262605 -1320.4349647  -1320.43254307 -1320.42161493 -1320.40008654 -1320.37457718 -1320.37360414 -1320.32600291 -1320.31573624 -1320.28996422 -1320.28986122 -1320.23481755 -1320.22326305 -1320.19021145 -1319.9311564 -1319.89231698 -1319.89049876 -1319.8066037  -1319.72702594 -1319.56658874 -1319.51480656 -1319.41843368 -1319.37283264 -1319.05643452] 
22:[-310.18075982 -309.85104554 -309.72661655 -309.69034875 -309.56744433 -309.44073884 -309.30981843 -309.3093364  -309.3062061  -309.30296785 -309.29627804 -309.29560916 -309.27104192 -309.26961915 -309.26387045 -309.18919059 -309.17648573 -309.15326052 -309.14197315 -309.10616771 -309.05323407 -309.03998471 -309.03227491 -309.00168654 -308.96448589 -308.94484891 -308.86336222 -308.84896157 -308.78289541 -308.77444109 -308.7198454  -308.71007617 -308.69824695 -308.64579524 -307.72097226 -307.69137311 -307.64925161 -307.11326299 -305.33316328 -305.33133855 -305.33114299] 
23:[-244.6497613  -244.59764561 -244.59744678 -244.5887072  -244.58595329 -244.58478696 -244.56328073 -244.56147055 -244.5304196  -244.42115944 -244.42014403 -244.41326636 -244.37760187 -244.36614464 -244.36524952 -244.36450469 -244.3414941  -244.33460828 -244.33019666 -244.32685522 -244.32603194 -244.32075496 -244.31668306 -244.31472455 -244.30768221 -244.30301115 -244.27260705 -244.26584225 -244.25839508 -244.18871114 -244.15500227 -244.14755907 -244.14672887 -244.11042206 -243.87881391 -243.84458054 -243.70223389 -243.68363221 -243.64130418 -243.23608677 -243.17281842] 
24:[-170.92307814 -169.58576487 -169.4565545  -169.44581375 -169.43555606 -169.36353402 -169.35268886 -169.35131687 -169.33961008 -169.33471609 -169.33115649 -169.32978361 -169.32911586 -169.32076369 -169.27860829 -169.25261128 -169.23473676 -169.22566311 -169.21981564 -169.20713793 -169.19974506 -169.1995309  -169.19702088 -169.1915867  -169.18506701 -169.18252507 -169.16959433 -169.15384839 -169.14601981 -169.12904781 -169.12600618 -169.11230082 -169.11106662 -169.10212276 -169.08730651 -168.96880154 -168.61476518 -168.61227064 -168.11000447 -168.10864015 -168.10364131] 
25:[-435.6984263  -435.68123824 -435.5638547  -435.51513203 -435.4731438 -435.4176696  -435.36065284 -435.33482745 -435.32978198 -435.2492584 -435.21724074 -435.21218607 -435.15641629 -435.13207443 -435.12864158 -435.1230893  -435.12021182 -435.11990148 -435.11990036 -435.11555735 -435.11452626 -435.07181138 -435.00212063 -434.9794649  -434.93435655 -434.91686492 -434.90793953 -434.8529555  -434.79954338 -434.63123604 -434.58075779 -434.55945096 -434.54387616 -434.54356774 -434.53934421 -434.49556422 -434.46395344 -434.46332685 -434.42197653 -434.34001901 -434.25584938] 
26:[-103.58730491 -103.5237773  -103.49967135 -103.41778983 -103.36894211 -103.30819628 -103.23018591 -103.2064436  -103.16921377 -103.16860138 -103.16187289 -103.11163141 -103.11154312 -103.10957004 -103.10466017 -103.09430587 -103.08942974 -103.08223114 -103.07467956 -103.03198989 -103.02558894 -103.02459951 -103.02223196 -102.93271295 -102.93126193 -102.90045544 -102.89286615 -102.89005229 -102.82620079 -102.75895252 -102.74514355 -102.74237362 -102.74211344 -102.70812461 -102.63932203 -102.59615354 -102.50686961 -102.37960347 -102.32053004 -101.83350213 -101.81236612] 
27:[-372.53879588 -371.80225671 -371.79750126 -371.79083716 -371.7709348 -371.74317339 -371.71737317 -371.71592432 -371.64493495 -371.61551089 -371.60981038 -371.57805177 -371.56526537 -371.55779716 -371.55686951 -371.55013331 -371.53675257 -371.53135915 -371.52093414 -371.49813495 -371.49615871 -371.48589459 -371.40811296 -371.40511803 -371.40432928 -371.38092166 -371.36873285 -371.36786213 -371.36726622 -371.32814606 -371.32693228 -371.29201426 -371.22487978 -371.20595678 -371.16364234 -371.03275668 -370.91200618 -370.87147171 -370.60570485 -370.50504987 -370.48441225] 
28:[-557.89714093 -557.75967959 -557.75143297 -557.74805759 -557.74052562 -557.73997357 -557.71418719 -557.63765163 -557.60452519 -557.3550083 -557.348798   -557.31334706 -557.3076684  -557.30020338 -557.28863403 -557.28543718 -557.27892969 -557.21716372 -557.20258357 -557.12161764 -557.12092454 -557.09369466 -557.05176376 -557.01565004 -557.00729507 -556.99745812 -556.92739888 -556.8942567  -556.81397057 -556.13694023 -555.97152444 -555.40069561 -555.33259164 -555.21594281 -555.20628479 -555.17826683 -555.15152044 -555.07541583 -555.06800476 -554.89560844 -554.52981285] 
29:[-1291.30737528 -1291.28887844 -1291.28883724 -1291.27443879 -1291.26944045 -1291.26919835 -1291.26582453 -1291.26132868 -1291.25310851 -1291.23130412 -1291.22380371 -1291.21673436 -1291.21530634 -1291.2138336  -1291.2112215  -1291.20834412 -1291.20678124 -1291.18974203 -1291.10650763 -1291.09432388 -1291.09022917 -1291.04491081 -1291.03793862 -1290.99728587 -1290.99668462 -1290.99545169 -1290.99486618 -1290.99266186 -1290.99119512 -1290.93876935 -1290.89495035 -1290.8949458 -1290.89443593 -1290.8702342  -1290.83478864 -1290.79885253 -1290.79399206 -1290.69613443 -1290.6343885  -1290.06365848 -1290.05859849] 
30:[-470.1840981  -469.57124978 -469.57055501 -469.55045735 -469.50374463 -469.41642278 -469.4160411  -469.39507329 -469.3786607  -469.37402632 -469.37333724 -469.35521419 -469.35084595 -469.34175989 -469.32538915 -469.30837471 -469.29942465 -469.29871737 -469.28158028 -469.25240026 -469.24502493 -469.23289455 -469.22756543 -469.20074869 -469.1999095 -469.1690987  -469.11654754 -469.07425064 -469.02881826 -469.02731823 -469.01689829 -468.96232585 -468.91360414 -468.82209877 -468.78021534 -468.71351133 -468.57804298 -468.56422884 -467.37669609 -467.3752121 -467.37152745] 
31:[-50.32455149 -49.90328917 -49.89485361 -49.89439209 -49.89429857 -49.89296318 -49.8902329  -49.88698798 -49.88135099 -49.8774577 -49.85709029 -49.85039718 -49.84962465 -49.84369993 -49.84263306 -49.7901035  -49.78560075 -49.77410599 -49.77057669 -49.75343155 -49.74663839 -49.71627632 -49.67238127 -49.65179698 -49.65097529 -49.63911675 -49.63876165 -49.6277847  -49.62573485 -49.54867406 -49.52857109 -49.49039597 -49.44907061 -49.44480857 -49.4446559 -49.44453808 -49.27976098 -49.25072036 -49.09673828 -48.62114265 -48.60263926] 
32:[-135.52325844 -135.33811561 -135.25184341 -135.25024714 -135.24321331 -135.07138735 -135.07112492 -135.06987402 -135.04791838 -135.02237279 -135.01817393 -135.01808791 -135.00836194 -135.00776831 -134.94799175 -134.94607594 -134.93962804 -134.89454805 -134.86995269 -134.86570654 -134.76696642 -134.64495679 -134.63465041 -134.6308718  -134.62483846 -134.62077773 -134.61983906 -134.57547089 -134.5453682  -134.47156902 -134.45005559 -134.42533447 -134.3224227  -134.30659488 -134.30448984 -134.26317725 -134.25644025 -134.189439   -133.78131913 -133.78068845 -133.77778549] 
33:[-1347.85263334 -1347.85263272 -1347.85063987 -1347.84772065 -1347.72647357 -1347.71096136 -1347.6798656  -1347.66698724 -1347.66457065 -1347.64596165 -1347.64482324 -1347.60623983 -1347.59941061 -1347.59787464 -1347.57637878 -1347.54732043 -1347.49810234 -1347.49422176 -1347.4895597  -1347.48010384 -1347.46259394 -1347.45408749 -1347.44904644 -1347.41822861 -1347.3916001  -1347.37714623 -1347.36379162 -1347.30642856 -1347.28754595 -1347.26811443 -1347.2680084  -1347.26172128 -1347.25863673 -1347.18474484 -1347.08608981 -1347.08403181 -1347.08216679 -1347.08073703 -1347.07458922 -1347.01354178 -1346.92656474] 
34:[-679.5476442  -679.54650614 -679.54569288 -679.47685351 -679.37014175 -679.24629173 -679.23016893 -679.14421689 -678.98085257 -678.90748868 -678.90560236 -678.90005405 -678.76492055 -678.76485851 -678.71899181 -678.71718518 -678.71249109 -678.6933379  -678.67133367 -678.6075412 -678.54467422 -678.5118381  -678.51006925 -678.49082001 -678.46948619 -678.46254072 -678.46052733 -678.3899739  -678.37989408 -678.3682117 -678.25064446 -678.22109208 -678.18798814 -678.09095164 -677.60611821 -677.60188916 -677.32066734 -677.32066461 -677.3120072  -677.21878488 -676.78724995] 
35:[-360.95772833 -360.80317111 -360.7900538  -360.78325002 -360.7809153 -360.78003742 -360.76495407 -360.71314319 -360.68693684 -360.68693187 -360.63590813 -360.63449952 -360.61753377 -360.60894341 -360.57179832 -360.5707528  -360.56161616 -360.5533515  -360.54729664 -360.54640064 -360.53997187 -360.51888758 -360.51482487 -360.50597702 -360.46973119 -360.44892516 -360.44473373 -360.4427572  -360.42558287 -360.40622134 -360.40139272 -360.35428602 -360.33435257 -360.29875078 -360.22754934 -360.22696033 -360.20770111 -360.07044252 -359.46979223 -359.46894252 -359.45635738] 
36:[-313.56195835 -313.43836968 -313.34037811 -313.32354151 -313.30799867 -313.30469679 -313.30174469 -313.29717175 -313.28482132 -313.27696767 -313.27384279 -313.27294455 -313.25709211 -313.2339848  -313.22682234 -313.2236462  -313.2158442  -313.21462946 -313.21442214 -313.20147425 -313.13714497 -313.04843777 -313.00481691 -312.86789202 -312.85858376 -312.76049251 -312.75632518 -312.7226893  -312.66615055 -312.57478849 -312.54744514 -312.47678188 -312.3710937  -312.36243656 -312.35468286 -312.03346394 -312.00149818 -311.99821366 -311.14055338 -311.14053726 -311.13783751] 
37:[-375.53122128 -375.52289886 -375.52288767 -375.51619773 -375.49951737 -375.49942705 -375.37684193 -375.34514607 -375.20846174 -375.11046912 -375.08718562 -375.08667457 -375.07338999 -375.01600544 -375.00624379 -375.00590453 -374.96025589 -374.95897897 -374.93524377 -374.93370332 -374.93202908 -374.92937696 -374.92532665 -374.84667671 -374.8339707 -374.745072   -374.67856138 -374.64866191 -374.63695898 -374.6144519 -374.60391742 -374.58753778 -374.553393   -374.53961195 -374.51096362 -374.50136007 -374.41052714 -374.40576348 -374.32770389 -374.2593612 -373.77311343] 
38:[-395.82656658 -395.03214973 -394.98980654 -394.9866048  -394.90106047 -394.89559499 -394.89119932 -394.89090011 -394.88635989 -394.88247126 -394.85533203 -394.8505596  -394.84535503 -394.82806558 -394.80409209 -394.79257235 -394.79149616 -394.78957851 -394.76892773 -394.7459687 -394.72802982 -394.72411833 -394.71856883 -394.70488413 -394.64463463 -394.62389048 -394.56221664 -394.56133502 -394.53144335 -394.52390383 -394.46191186 -394.33565553 -394.2800061  -394.27331291 -394.24948039 -394.0098026  -394.00450111 -393.90729781 -392.46792015 -392.45833418 -392.45762621] 
39:[-558.85494222 -558.84321417 -558.78234333 -558.77238656 -558.75427339 -558.73186496 -558.67310513 -558.66116819 -558.6537644  -558.6275269 -558.62300925 -558.60551594 -558.60249867 -558.60126529 -558.59118709 -558.58289047 -558.56778257 -558.56308644 -558.55969164 -558.55158827 -558.54758041 -558.54251514 -558.5359466  -558.53437457 -558.53159362 -558.39714485 -558.38831898 -558.36728876 -558.36539191 -558.32636896 -558.32252256 -558.3215557  -558.28801719 -558.22456296 -558.19496417 -557.88980929 -557.80362708 -557.79690709 -557.38499364 -557.384467 -557.37053297] 
40:[-334.33467871 -334.19810803 -334.17267626 -334.02550195 -334.01801855 -334.01685537 -334.01449465 -333.94431496 -333.90339891 -333.89102187 -333.87963085 -333.86806953 -333.8379655  -333.79387206 -333.78338683 -333.77892728 -333.75771432 -333.75756141 -333.75752346 -333.75439337 -333.75346221 -333.7358439  -333.72726473 -333.6744082  -333.65055623 -333.6505485  -333.64993579 -333.61652274 -333.57994042 -333.5791375 -333.57723288 -333.484507   -333.4705621  -333.41162376 -333.37193891 -333.35373759 -333.3503845  -333.27789694 -333.24984694 -333.19429607 -333.12341853] 
RANKING VECTORS IDX
0:[ 0. 32. 15. 38.  1. 26. 25. 17.  2. 29.  6.  7. 28. 37. 20. 12. 36.  9. 23. 11.  5. 33. 19. 35. 10. 16. 27.  8. 24.  4. 31. 40. 21. 30. 13. 39. 34. 14. 22. 18.  3.] 
1:[26.  1. 32. 12. 33.  2. 29.  8. 30. 10. 23. 40. 39. 14. 13. 34.  3.  6. 21. 31.  4. 16. 38. 35.  7. 24. 36. 15. 20. 27.  9. 11. 37. 28.  5. 19. 17. 18. 22. 25.  0.] 
2:[10.  2.  6. 23. 37. 28. 29. 20. 36.  8.  7. 38. 31. 11. 39. 21.  4. 34.  3. 14. 13. 33.  9. 17.  5. 19. 12. 30. 40. 16. 24.  0. 27. 15. 35. 18. 25.  1. 26. 22. 32.] 
3:[30.  5. 32.  2.  9. 11. 33. 12. 17.  3. 16.  1. 26. 35. 15. 27. 19. 38.  7. 18. 24. 36. 40. 25. 22. 39.  6. 20. 29. 34. 13. 14. 10. 37. 28. 23.  8.  0. 31. 21.  4.] 
4:[32.  1. 33. 11. 12. 26. 38. 30. 20.  6. 29. 23. 24.  8. 10. 40. 21. 13. 34. 39. 31.  4.  3.  7. 16. 36. 35. 15.  9.  5. 19. 27. 17.  2. 28. 37.  0. 25. 22. 18. 14.] 
5:[32. 38.  7. 33. 19.  5. 17.  9. 11. 16. 12.  2. 29. 20.  8.  6. 24. 23. 30. 10. 39. 40. 14. 36.  3.  1. 26. 27. 21. 31.  4. 37. 28. 18. 15. 34. 13. 35.  0. 22. 25.] 
6:[10.  2.  6. 23. 37. 28. 29. 20. 36.  8.  7. 38. 31. 11. 39. 21.  4. 34.  3. 14. 13. 33.  9. 17.  5. 19. 12. 30. 40. 16. 24.  0. 27. 15. 35. 18. 25.  1. 26. 22. 32.] 
7:[ 7. 33. 26.  9. 11. 38. 12. 16. 32. 15.  1. 17.  8.  5. 19.  2.  0. 36. 35. 25. 22. 27. 18. 14. 24. 40.  6. 20. 29. 39. 13. 23. 30. 10.  3. 34. 28. 37.  4. 21. 31.] 
8:[16. 33.  9.  5. 17. 19. 11. 12.  7. 38.  1. 29. 20. 40.  8. 39. 23. 26.  6. 36.  3.  2. 30. 10. 35. 31. 21.  4. 14. 24. 28. 37. 32. 18. 22. 13. 34. 27. 15.  0. 25.] 
9:[ 5. 19. 12. 17.  9. 11. 33. 16. 24.  7. 26. 38. 36. 32.  1. 15. 40.  8.  2. 35.  0.  6. 20. 29. 27. 23. 39. 30. 13. 34. 14. 18. 10.  3. 21. 31.  4. 37. 28. 25. 22.] 
10:[ 0. 24. 36.  1. 32. 21. 10. 31.  4. 26. 38. 29. 15. 23. 20.  2. 37.  6. 28. 17. 33. 12.  7.  9. 11.  5. 19.  8. 27. 40. 25. 35. 34. 39. 13. 16. 14. 30.  3. 22. 18.] 
11:[16.  9. 11.  5. 38.  7. 26. 32. 33. 12. 17. 24.  1. 15. 36.  0. 35.  2. 19.  8. 27. 40. 25. 30. 29. 20.  6. 22. 18. 34. 39. 23. 14. 10.  3. 37. 28. 13. 31.  4. 21.] 
12:[38.  0.  1. 26.  7. 12. 30. 16. 15. 32. 27. 33. 24.  5. 36.  9. 11. 23. 19. 17. 25. 29. 14.  8.  2. 18. 39. 34. 13. 20.  6. 22. 37. 28. 40.  3. 35. 10. 21. 31.  4.] 
13:[34. 39. 13. 14. 30. 23.  2.  8. 20. 29. 24. 18. 22.  9. 11. 12. 27. 16.  3. 19. 17. 40.  7.  5. 38. 36.  6. 35. 32.  1. 33. 26. 10. 15. 37. 28.  0. 25. 31. 21.  4.] 
14:[34. 39. 13. 14. 30. 23.  2.  8. 20. 29. 24. 18. 22.  9. 11. 12. 27. 16.  3. 19. 17. 40.  7.  5. 38. 36.  6. 35. 32.  1. 33. 26. 10. 15. 37. 28.  0. 25. 31. 21.  4.] 
15:[15. 26.  0. 32. 38.  1. 17. 23.  2. 10. 29. 20. 27.  6. 28. 37. 24.  5. 33. 19.  8.  7. 25. 31.  4. 11.  9. 21. 12. 35. 36. 40. 16. 39. 30. 34. 13. 14.  3. 18. 22.] 
16:[16.  7. 19.  5.  9. 11. 12. 33.  2. 17. 22. 24. 30.  8. 36. 29.  6. 40. 18. 20. 39. 34. 13. 23.  3. 26.  1. 10. 38. 14.  0. 27. 15. 32. 25. 35. 31.  4. 21. 37. 28.] 
17:[32. 17. 38. 15.  1. 26. 25.  8. 33.  9. 11.  5. 19. 23. 12.  0. 37. 28.  6. 20.  2. 10. 31. 21.  4. 29. 16.  7. 35. 24. 27. 40. 36. 39. 13. 34. 30. 14. 22. 18.  3.] 
18:[ 0. 38. 19.  5. 26.  9. 11.  7. 12. 32. 24. 33. 17.  1.  8. 16. 36.  2. 18. 30. 15. 22.  3. 40. 35. 27. 14. 25. 39. 13. 29. 20.  6. 34. 23. 37. 10. 28. 21.  4. 31.] 
19:[32.  7.  5. 19. 33.  9. 11. 16.  2. 30. 22. 20. 29.  8. 26.  1. 36. 23.  6. 39. 13. 34. 24. 14. 27. 17. 12. 40. 15. 10. 35. 18.  3. 38.  0. 37. 28. 21. 31.  4. 25.] 
20:[ 2. 29. 20. 37. 28.  6. 23. 10.  5. 17. 38.  7. 19. 36. 16.  4. 31. 21. 24. 39. 32.  0.  9. 12. 34.  8. 13.  3. 33. 14. 30. 25. 35. 11. 40. 15. 26.  1. 18. 22. 27.] 
21:[40. 23. 32. 36.  4. 31. 34. 39. 13. 10. 21. 20.  8. 11.  9. 33. 12. 19.  6. 24. 29.  5. 38. 14. 26.  7.  3.  1.  2. 16. 30. 15. 37. 28. 27. 35.  0. 25. 22. 18. 17.] 
22:[22. 18. 30. 26.  7. 16. 39. 36.  5. 34. 40.  8. 20.  6. 27. 29. 35. 17. 13.  3. 38.  9. 11.  2. 12. 33. 19. 32.  1. 14. 24. 25. 15.  0. 28. 37. 23. 10. 31. 21.  4.] 
23:[40.  3. 39. 38. 14. 23. 13. 34.  1. 35. 16. 36. 24. 11. 17.  2. 32. 33. 27. 26.  9.  7. 19. 12. 29.  8.  6.  5. 30. 10. 21. 31.  4. 20. 28. 37. 18. 15. 22.  0. 25.] 
24:[ 0. 24. 35. 26. 30. 16. 27. 38.  7. 39. 13. 34. 33. 12. 17. 14. 36.  2. 25. 19.  9. 11.  5. 32. 10.  3. 29. 15.  6.  1. 40.  8. 18. 22. 23. 20. 28. 37. 31.  4. 21.] 
25:[25. 32.  0. 15. 26.  1. 36. 17. 38. 24. 35. 23. 29.  6. 37. 20. 33. 11.  9. 12. 28.  2. 10.  8. 40.  7. 19. 16.  5. 18. 22. 30. 21.  4. 31. 14. 39. 34. 13.  3. 27.] 
26:[26. 38.  1. 32. 24. 15. 10. 17. 11.  2. 33. 21. 31. 12. 23. 20. 29.  8.  6.  0.  4. 28. 27. 40. 37.  9.  5. 19.  7. 36. 13. 34. 39. 30. 35. 14. 25.  3. 16. 18. 22.] 
27:[27.  5. 11.  9. 19. 15. 35. 40. 26. 38.  1. 16. 29. 37.  8.  2. 23. 24. 36. 28.  6. 20. 39. 13. 34. 30. 31. 21.  4.  3. 10. 14.  7. 25. 17. 32. 12. 33. 18.  0. 22.] 
28:[10.  2.  6. 23. 37. 28. 29. 20. 36.  8.  7. 38. 31. 11. 39. 21.  4. 34.  3. 14. 13. 33.  9. 17.  5. 19. 12. 30. 40. 16. 24.  0. 27. 15. 35. 18. 25.  1. 26. 22. 32.] 
29:[26.  1. 10.  4. 31. 24. 32. 36. 21. 38. 15. 29. 23.  6. 20.  2. 37. 28. 17. 12. 33.  8.  7. 11. 27. 19.  5.  9.  0. 40. 34. 13. 39. 35. 25. 14. 30. 16.  3. 22. 18.] 
30:[ 0. 30.  7. 38. 12. 24.  3. 26.  9. 11. 17.  8.  2. 33.  1. 39.  5. 19. 14. 16. 18. 32. 40. 13. 34. 36. 35. 22. 29. 20. 15. 27.  6. 23. 25. 10. 28. 37. 21.  4. 31.] 
31:[ 0. 24. 36.  1. 32. 21. 10. 31.  4. 26. 38. 29. 15. 23. 20.  2. 37.  6. 28. 17. 33. 12.  7.  9. 11.  5. 19.  8. 27. 40. 25. 35. 34. 39. 13. 16. 14. 30.  3. 22. 18.] 
32:[ 0. 32. 15.  1. 26. 36. 33. 38. 17. 25.  9. 11. 19.  5. 12. 16.  7. 27.  2. 35.  8. 29.  6. 20. 22. 18. 40. 10. 30. 24. 39. 14. 23. 37. 28. 13. 34.  3. 21. 31.  4.] 
33:[11.  9.  5. 33. 26.  8. 38.  1. 24.  7.  6. 20. 16. 29. 40. 23. 15. 39. 13. 34. 32. 14.  0. 17. 30. 35. 10.  2. 22.  3. 18. 27. 25. 36. 28. 37.  4. 31. 21. 19. 12.] 
34:[39. 34. 13. 14. 27.  8.  2. 30. 23. 20. 29.  6. 11. 17. 33.  9. 32. 16. 18.  7. 24. 40. 10. 22. 38. 12.  5. 36.  3.  1. 26. 19. 15. 35. 28. 37. 31.  4. 21.  0. 25.] 
35:[35.  0. 36. 40.  7. 38. 25. 24.  9. 11.  8. 15. 16. 22.  5. 19. 33. 18. 12. 32. 26. 14. 23.  2.  6. 37. 28. 29. 17. 20.  1.  3. 39. 30. 27. 13. 34. 10.  4. 21. 31.] 
36:[36. 16. 33.  9. 11.  2. 26. 32. 18.  1.  7. 35. 22.  8. 38. 12. 19. 17.  5. 40. 15. 14.  0. 25. 24.  6. 29.  3. 27. 20. 30. 39. 23. 13. 34. 10. 37. 28.  4. 21. 31.] 
37:[ 2. 20.  6. 29. 37. 28. 10. 23. 36. 17. 12. 11. 33.  7.  5. 19. 34. 13. 39.  9. 31.  8. 21. 24.  4. 40. 26.  0. 30.  1. 25. 14. 15. 16. 32.  3. 38. 35. 27. 18. 22.] 
38:[ 0. 30. 38.  7. 12. 26. 33.  9. 11.  2.  8.  3. 24.  1. 16. 19. 17. 27.  5. 39. 34. 18. 14. 13. 40. 36. 32. 22. 35. 15. 25. 29. 20. 23.  6. 28. 37. 10. 31.  4. 21.] 
39:[39. 24. 34. 30. 38. 13. 36.  8. 16. 26. 12.  9.  1. 14. 11. 18.  2. 22.  3. 19.  7.  5. 20. 33.  0. 35. 29. 40.  6. 10. 27. 17. 23. 32. 15. 25. 28. 37. 21.  4. 31.] 
40:[40. 36. 23.  8. 29.  6. 20. 39. 38. 13. 34. 16.  7.  0. 14.  3. 11. 33. 12. 19.  5. 26.  1.  9. 24. 10. 15. 35.  4. 21. 31. 32. 25. 30.  2. 17. 27. 28. 37. 22. 18.] 
POSCARS
EA185  10.066  2.539  2.539 60.02 82.79 89.93 Sym.group:  160
1.0
   9.7819699999999994   -1.0094700000000001    2.1490849999999999
   0.2775020000000000    2.5227640000000000   -0.0638550000000000
  -0.0095560000000000    1.3324530000000001    2.1612589999999998
Al F
4 1
direct
   0.6237220000000000    0.7491120000000000    0.6101750000000000 Al
   0.1949950000000000    0.6083420000000000    0.8950490000000000 Al
   0.4095080000000000    0.0123340000000000    0.0878830000000000 Al
   0.8400470000000000    0.4860150000000000    0.1349870000000000 Al
   0.0172060000000000    0.5494340000000000    0.0143740000000000 F
EA315   2.277  2.281  7.737 90.10 89.94 60.18 Sym.group:  156
1.0
   1.1708209999999999    1.9531010000000000    0.0048610000000000
  -1.1141479999999999    1.9903240000000000   -0.0134140000000000
  -0.0409490000000000    0.0143760000000000    7.7372899999999998
Li H
4 1
direct
   0.2574130000000000    0.0662880000000000    0.1285490000000000 Li
   0.9279830000000000    0.7324680000000000    0.3789400000000000 Li
   0.2589790000000000    0.0968620000000000    0.6272030000000000 Li
   0.5944970000000001    0.3954300000000000    0.8780620000000000 Li
   0.9255030000000000    0.7313480000000000    0.0034470000000000 H
EA46    4.771  4.771  3.489 90.02 89.99 90.01 Sym.group:  137
1.0
   4.7710330000000001    0.0033540000000000   -0.0065900000000000
  -0.0039930000000000    4.7706540000000004    0.0062380000000000
   0.0056510000000000   -0.0057640000000000    3.4892949999999998
F Si
8 2
direct
   0.4971600000000000    0.2376990000000000    0.2657710000000000 F
   0.9971860000000000    0.2566640000000000    0.2424330000000000 F
   0.9979270000000000    0.7370750000000000    0.2426030000000000 F
   0.4979050000000000    0.7572960000000000    0.2657630000000000 F
   0.7573980000000000    0.4970050000000000    0.7426260000000000 F
   0.2572010000000000    0.9975380000000000    0.7657990000000000 F
   0.7376320000000000    0.9969690000000000    0.7657140000000000 F
   0.2378350000000000    0.4975670000000000    0.7424290000000000 F
   0.9974660000000000    0.9969220000000000    0.5041660000000000 Si
   0.4975040000000000    0.4974170000000000    0.0041120000000000 Si
EA7     3.347  6.454  6.102 89.72 90.05 90.00 Sym.group:  123
1.0
   3.3473980000000001   -0.0000310000000000    0.0000330000000000
   0.0000470000000000    6.4537399999999998   -0.0002590000000000
  -0.0050190000000000    0.0301250000000000    6.1014530000000002
S Cl
8 2
direct
   0.5007850000000000    0.0024370000000000    0.3338450000000000 S
   0.0013400000000000    0.2529800000000000    0.3349790000000000 S
   0.5017280000000000    0.0000580000000000    0.6624650000000000 S
   0.0022140000000000    0.2496000000000000    0.6624090000000000 S
   0.5016980000000000    0.5024250000000000    0.3348910000000000 S
   0.0013060000000000    0.7526389999999999    0.3349990000000000 S
   0.5028400000000000    0.5000400000000000    0.6635130000000000 S
   0.0022470000000000    0.7499680000000000    0.6623740000000000 S
   0.9976060000000000    0.0005360000000000    0.9984720000000000 Cl
   0.0050680000000000    0.5007710000000000    0.9988950000000000 Cl
EA78    3.836  3.835  3.832 89.84 89.77 89.39 Sym.group:  221
1.0
   3.8355969999999999   -0.0107230000000000   -0.0183210000000000
   0.0512210000000000    3.8342470000000000   -0.0144550000000000
   0.0335100000000000    0.0248960000000000    3.8319700000000001
Na H
4 1
direct
   0.0017320000000000    0.4983190000000000    0.4981070000000000 Na
   0.4997510000000000    0.5006310000000000    0.9992010000000000 Na
   0.5008720000000000    0.9972220000000001    0.5001210000000000 Na
   0.9991430000000000    0.0008360000000000    0.9995900000000000 Na
   0.5023180000000000    0.4964970000000000    0.4997180000000000 H
EA36    3.808  4.161  4.158 78.18 116.98 116.93 Sym.group:   87
1.0
   3.8082189999999998    0.0174070000000000    0.0211950000000000
  -1.9009490000000000    3.7009750000000001   -0.0223680000000000
  -1.9074100000000000    0.0002350000000000    3.6949489999999998
Na C
4 1
direct
   0.4459780000000000    0.4515080000000000    0.6511830000000000 Na
   0.6639600000000000    0.1065660000000000    0.4336980000000000 Na
   0.2735020000000000    0.8876500000000001    0.8691370000000000 Na
   0.8365380000000000    0.6705690000000000    0.2153930000000000 Na
   0.0551300000000000    0.2791520000000000    0.0425160000000000 C
EA182   3.476  3.476  6.579 90.00 89.99 89.98 Sym.group:  121
1.0
   3.4762100000000000    0.0113320000000000   -0.0049050000000000
  -0.0102080000000000    3.4764590000000002    0.0017190000000000
   0.0103420000000000   -0.0032710000000000    6.5788289999999998
F Si
8 2
direct
   0.1410110000000000    0.1401490000000000    0.0709370000000000 F
   0.6407800000000000    0.6404270000000000    0.5710070000000000 F
   0.6614860000000000    0.1406210000000000    0.3304220000000000 F
   0.1612540000000000    0.6401900000000000    0.8304720000000000 F
   0.1407300000000000    0.6608980000000000    0.3304860000000000 F
   0.6408300000000000    0.1609710000000000    0.8305169999999999 F
   0.6615600000000000    0.6610680000000000    0.0709680000000000 F
   0.1616570000000000    0.1608440000000000    0.5709790000000000 F
   0.4011870000000000    0.4006900000000000    0.2005460000000000 Si
   0.9011360000000000    0.9007410000000000    0.7006590000000000 Si
EA73    3.266  3.283  3.839 65.50 114.02 118.88 Sym.group:  166
1.0
   3.2655820000000002    0.0040430000000000   -0.0077950000000000
  -1.5895319999999999    2.8725480000000001   -0.0271330000000000
  -1.5555619999999999    0.9906330000000000    3.3665010000000000
Be Li
4 1
direct
   0.5971370000000000    0.1978840000000000    0.4005350000000000 Be
   0.7906360000000000    0.0036600000000000    0.9823520000000000 Be
   0.3941470000000000    0.4010830000000000    0.7914500000000000 Be
   0.9936430000000001    0.8005540000000000    0.5913450000000000 Be
   0.1938470000000000    0.6007620000000000    0.1913810000000000 Li
EA4     4.181  4.201  4.180 111.82 71.33 72.28 Sym.group:   97
1.0
   4.1808090000000000    0.0584040000000000   -0.0092720000000000
   1.2222980000000001    4.0192500000000004   -0.0179570000000000
   1.3738740000000000   -2.0270999999999999    3.3881670000000002
Na N
4 1
direct
   0.1391960000000000    0.1289970000000000    0.1232200000000000 Na
   0.8568540000000000    0.7579910000000000    0.7659580000000000 Na
   0.4923190000000000    0.6328690000000000    0.2789670000000000 Na
   0.5066619999999999    0.2654890000000000    0.6290430000000000 Na
   0.0006690000000000    0.6981270000000001    0.1950580000000000 N
EA111   4.487  3.864  4.504 114.30 99.37 65.76 Sym.group:   87
1.0
   4.4860139999999999    0.0077580000000000    0.0972470000000000
   1.5807430000000000    3.5253760000000001   -0.0026260000000000
  -0.8192650000000000   -1.6606710000000000    4.1059409999999996
Mg Si
4 1
direct
   0.0185470000000000    0.1557900000000000    0.1549670000000000 Mg
   0.8049269999999999    0.5615910000000000    0.7502190000000000 Mg
   0.4003830000000000    0.3701880000000000    0.9622920000000000 Mg
   0.6139390000000000    0.9643220000000000    0.3671540000000000 Mg
   0.2094390000000000    0.7629580000000000    0.5586560000000000 Si
EA105   3.701  3.701  7.264 90.00 90.00 90.00 Sym.group:  139
1.0
   3.7010860000000001   -0.0000910000000000    0.0000480000000000
   0.0002270000000000    3.7010329999999998    0.0000080000000000
  -0.0001710000000000   -0.0000370000000000    7.2637980000000004
Al H
8 2
direct
   0.5570140000000000    0.9944940000000000    0.3868080000000000 Al
   0.0568770000000000    0.4945220000000000    0.8867930000000001 Al
   0.5569930000000000    0.9944870000000000    0.9000180000000000 Al
   0.0569180000000000    0.4945180000000000    0.4000030000000000 Al
   0.0576220000000000    0.9942920000000000    0.1434090000000000 Al
   0.0555230000000000    0.9946590000000000    0.6434050000000000 Al
   0.5562700000000000    0.4948280000000000    0.6434040000000000 Al
   0.5582990000000000    0.4943630000000000    0.1434090000000000 Al
   0.0601280000000000    0.4940660000000000    0.1433510000000000 H
   0.5535470000000000    0.9952670000000000    0.6434430000000000 H
EA9     3.833  4.552  4.600 100.57 65.39 114.89 Sym.group:   87
1.0
   3.8329819999999999   -0.0058770000000000    0.0062000000000000
  -1.9093890000000000    4.1325170000000000    0.0357210000000000
   1.9091089999999999   -0.0838400000000000    4.1846420000000002
Mg Al
4 1
direct
   0.7942320000000000    0.2011860000000000    0.7988790000000000 Mg
   0.3912060000000000    0.5934120000000001    0.9968740000000000 Mg
   0.9899050000000000    0.9958050000000001    0.2017910000000000 Mg
   0.1950850000000000    0.7986290000000000    0.5938830000000000 Mg
   0.5924509999999999    0.3971700000000000    0.3978550000000000 Al
EA228   5.873  5.882  2.788 90.39 89.54 89.74 Sym.group:   87
1.0
   5.8704530000000004   -0.0621560000000000   -0.1421000000000000
   0.0905210000000000    5.8805220000000000    0.0706030000000000
   0.0892560000000000   -0.0535800000000000    2.7864570000000000
Li Na
8 2
direct
   0.3083490000000000    0.1044710000000000    0.0031930000000000 Li
   0.8940840000000000    0.3131880000000000    0.9995340000000000 Li
   0.0986020000000000    0.6901659999999999    0.0057900000000000 Li
   0.6844370000000000    0.9002700000000000    0.0033100000000000 Li
   0.1842940000000000    0.3999820000000000    0.5033970000000000 Li
   0.5982070000000000    0.1902830000000000    0.5055660000000000 Li
   0.3945640000000000    0.8137350000000000    0.5009340000000000 Li
   0.8083110000000000    0.6043920000000000    0.5019080000000000 Li
   0.4966950000000000    0.5020210000000001    0.0023070000000000 Na
   0.9968420000000000    0.0015860000000000    0.5020790000000001 Na
EA84    4.387  4.389  4.550 61.18 118.81 89.97 Sym.group:  140
1.0
   4.3871750000000000   -0.0036040000000000    0.0326290000000000
   0.0058230000000000    4.3886760000000002    0.0069470000000000
  -2.2156840000000000    2.1911969999999998    3.3159610000000002
O Li
8 2
direct
   0.9089730000000000    0.9173740000000000    0.5057180000000000 O
   0.5694450000000000    0.5771940000000000    0.5055440000000000 O
   0.4088370000000000    0.0768910000000000    0.5056130000000000 O
   0.7548760000000000    0.3915270000000000    0.8766090000000000 O
   0.0694860000000000    0.4175270000000000    0.5056140000000000 O
   0.2549920000000000    0.2320310000000000    0.8766940000000000 O
   0.5943580000000001    0.8913740000000000    0.8767230000000000 O
   0.0943820000000000    0.7317040000000000    0.8767880000000000 O
   0.5820120000000000    0.4045690000000000    0.1913780000000000 Li
   0.0818190000000000    0.9043630000000000    0.1909020000000000 Li
EA19    4.353  4.354  3.423 89.96 89.99 90.00 Sym.group:  127
1.0
   4.3528650000000004   -0.0009170000000000    0.0030070000000000
   0.0008320000000000    4.3544229999999997    0.0123350000000000
  -0.0016480000000000   -0.0071870000000000    3.4228640000000001
O Li
8 2
direct
   0.1172140000000000    0.3835350000000000    0.9349340000000000 O
   0.4823190000000000    0.0181680000000000    0.5747920000000000 O
   0.1172210000000000    0.3837800000000000    0.5746869999999999 O
   0.4823450000000000    0.0180080000000000    0.9350360000000000 O
   0.9822480000000000    0.8835680000000000    0.9350619999999999 O
   0.6172360000000000    0.5183090000000000    0.5747920000000000 O
   0.6171190000000000    0.5179950000000000    0.9350070000000000 O
   0.9824040000000001    0.8837960000000000    0.5748470000000000 O
   0.7997450000000000    0.2010320000000000    0.2551780000000000 Li
   0.2996450000000000    0.7009040000000000    0.2546790000000000 Li
EA321   2.598 18.367  2.597 86.33 60.10 94.02 Sym.group:  156
1.0
   1.4340619999999999    0.1294040000000000    2.1630400000000001
  -1.7726880000000000   18.2223649999999999   -1.4618990000000001
  -1.1610480000000001    0.2398560000000000    2.3108870000000001
Al O
8 2
direct
   0.0879750000000000    0.9627650000000000    0.0917760000000000 Al
   0.4922260000000000    0.3522620000000000    0.6890710000000000 Al
   0.6341940000000000    0.8484130000000000    0.8783040000000000 Al
   0.0042610000000000    0.1962070000000000    0.5098500000000000 Al
   0.4083420000000000    0.6181360000000000    0.1104660000000000 Al
   0.5452710000000000    0.0784940000000000    0.3043490000000000 Al
   0.9310330000000000    0.4622050000000000    0.9269400000000000 Al
   0.8544440000000000    0.7339240000000000    0.3242650000000000 Al
   0.1064260000000000    0.2977790000000000    0.4051800000000000 O
   0.3165510000000000    0.5167850000000000    0.2109300000000000 O
EA167   7.698  3.569  3.569 60.04 76.69 90.15 Sym.group:  166
1.0
   6.8933340000000003   -1.7134700000000000    2.9682520000000001
  -0.8469590000000000    1.7844690000000001    2.9724499999999998
  -0.8100070000000000   -1.7864500000000001    2.9810819999999998
Li P
8 2
direct
   0.6318150000000000    0.1244380000000000    0.1214200000000000 Li
   0.3078160000000000    0.0179210000000000    0.3343850000000000 Li
   0.0349670000000000    0.9267720000000000    0.5165090000000000 Li
   0.4430200000000000    0.7289390000000000    0.9122740000000000 Li
   0.2541910000000000    0.3335170000000000    0.7030740000000000 Li
   0.5783990000000000    0.4400610000000000    0.4900330000000000 Li
   0.8511170000000000    0.5312270000000000    0.3078840000000000 Li
   0.9430750000000000    0.2289780000000000    0.9122010000000000 Li
   0.7400200000000000    0.8275060000000000    0.7157820000000000 P
   0.1460420000000000    0.6304760000000000    0.1086660000000000 P
EA409   2.163  3.730  3.716 94.57 73.47 106.63 Sym.group:   87
1.0
   2.1632810000000000   -0.0085370000000000    0.0180230000000000
  -1.0534710000000000    3.5781250000000000   -0.0148410000000000
   1.0275479999999999    0.0087280000000000    3.5710880000000000
Be H
4 1
direct
   0.4734490000000000    0.4550800000000000    0.2302470000000000 Be
   0.3027050000000000    0.8397019999999999    0.9544720000000000 Be
   0.1065800000000000    0.2823230000000000    0.7878810000000001 Be
   0.6696010000000000    0.0125650000000000    0.3969140000000000 Be
   0.3880700000000000    0.6474910000000000    0.5922430000000000 H
EA4     3.381  3.371  5.373 90.00 90.00 89.99 Sym.group:  123
1.0
   3.3808389999999999   -0.0056280000000000   -0.0030030000000000
   0.0064480000000000    3.3714000000000000    0.0017650000000000
   0.0045750000000000   -0.0029390000000000    5.3729820000000004
Si Mg
4 1
direct
   0.9007110000000000    0.6012610000000000    0.6070040000000000 Si
   0.9008610000000000    0.6012150000000001    0.1978920000000000 Si
   0.4008800000000000    0.6010970000000000    0.9024040000000000 Si
   0.9009140000000000    0.1011930000000000    0.9025650000000000 Si
   0.4008190000000000    0.1011450000000000    0.4018620000000000 Mg
EA234   3.813  4.300  4.261 78.46 116.17 116.00 Sym.group:   87
1.0
   3.8128630000000001    0.0056110000000000    0.0036970000000000
  -1.8907920000000000    3.8617059999999999   -0.0091480000000000
  -1.8826719999999999    0.0359090000000000    3.8218890000000001
Na B
4 1
direct
   0.1944000000000000    0.4284030000000000    0.0260680000000000 Na
   0.8028980000000000    0.2242340000000000    0.4511590000000000 Na
   0.6184300000000000    0.6505649999999999    0.6559110000000000 Na
   0.0084760000000000    0.8550590000000000    0.2299740000000000 Na
   0.4059670000000000    0.0394660000000000    0.8406750000000000 B
EA226   3.316  3.318  3.930 114.94 65.11 89.92 Sym.group:  121
1.0
   3.3164389999999999   -0.0037210000000000    0.0065160000000000
   0.0084730000000000    3.3176120000000000    0.0014730000000000
   1.6457740000000001   -1.6626230000000000    3.1581139999999999
F C
4 1
direct
   0.6059690000000000    0.1654450000000000    0.2723030000000000 F
   0.0596210000000000    0.6198140000000000    0.2730990000000000 F
   0.8204200000000000    0.4047630000000000    0.7516850000000000 F
   0.3658830000000000    0.8591500000000000    0.7511750000000000 F
   0.7129750000000000    0.5123040000000000    0.5120620000000000 C
EA30    3.934  3.934  3.934 89.99 90.01 90.01 Sym.group:  221
1.0
   3.9339700000000000   -0.0063210000000000   -0.0018010000000000
   0.0054810000000000    3.9339759999999999    0.0031300000000000
   0.0014510000000000   -0.0027200000000000    3.9339469999999999
Mg C
4 1
direct
   0.9967490000000000    0.6998190000000000    0.1972420000000000 Mg
   0.9968350000000000    0.1999600000000000    0.6954129999999999 Mg
   0.4965360000000000    0.1999700000000000    0.1974380000000000 Mg
   0.4965660000000000    0.6999590000000000    0.6974230000000000 Mg
   0.9965400000000000    0.1997940000000000    0.1951160000000000 C
EA56    4.304  2.892  2.893 90.01 70.55 109.46 Sym.group:  139
1.0
   2.4030309999999999   -2.3707500000000001    2.6695190000000002
   0.9654440000000000    2.7262569999999999   -0.0009930000000000
  -0.9526520000000001    0.3376910000000000    2.7104930000000000
B Na
4 1
direct
   0.0768190000000000    0.3722810000000000    0.0608150000000000 B
   0.3430420000000000    0.9981000000000000    0.9175820000000000 B
   0.6090820000000000    0.1404700000000000    0.2923660000000000 B
   0.3428740000000000    0.5146590000000000    0.4355900000000000 B
   0.8430190000000000    0.7564100000000000    0.6765740000000000 Na
EA110   4.494  4.508  4.493 107.86 67.38 72.14 Sym.group:  141
1.0
   4.4936590000000001   -0.0179890000000000    0.0713480000000000
   1.3990110000000000    4.2846209999999996    0.0575920000000000
   1.6621800000000000   -2.0413589999999999    3.6405080000000001
Li O
8 2
direct
   0.3224540000000000    0.1886530000000000    0.4920850000000000 Li
   0.6945150000000000    0.8132580000000000    0.4880430000000000 Li
   0.2574430000000000    0.6871790000000000    0.4251440000000000 Li
   0.2600190000000000    0.3127510000000000    0.0541870000000000 Li
   0.8856450000000000    0.1887960000000000    0.2958770000000000 Li
   0.8891550000000000    0.8131940000000000    0.9251230000000000 Li
   0.8239130000000000    0.3112840000000000    0.8571340000000000 Li
   0.4516810000000000    0.6882040000000000    0.8628670000000001 Li
   0.1985590000000000    0.0000480000000000    0.7996420000000000 O
   0.9477230000000000    0.5007750000000000    0.5505530000000000 O
EA167   3.195  3.204 11.238 90.03 89.95 89.99 Sym.group:  129
1.0
   3.1950590000000001   -0.0011590000000000    0.0479060000000000
   0.0007590000000000    3.2038600000000002    0.0464430000000000
  -0.1595170000000000   -0.1682510000000000   11.2360030000000002
P Si
8 2
direct
   0.0503000000000000    0.2709030000000000    0.3205930000000000 P
   0.5506070000000000    0.7706570000000000    0.5212820000000000 P
   0.0495560000000000    0.2699720000000000    0.5213670000000000 P
   0.5513050000000000    0.7715360000000000    0.3205120000000000 P
   0.0565150000000000    0.2756170000000000    0.1211930000000000 P
   0.5436210000000000    0.7653690000000000    0.7206820000000000 P
   0.0490380000000000    0.2696000000000000    0.9202810000000000 P
   0.5515300000000000    0.7719680000000000    0.9215950000000001 P
   0.5566030000000000    0.7755910000000000    0.1206940000000000 Si
   0.0435560000000000    0.2654180000000000    0.7211800000000000 Si
EA111   2.179  2.178  7.008 98.86 81.16 89.43 Sym.group:  139
1.0
   2.1794859999999998   -0.0013010000000000   -0.0023190000000000
   0.0230540000000000    2.1777970000000000   -0.0122470000000000
   1.0832550000000001   -1.0523130000000001    6.8434160000000004
Be F
4 1
direct
   0.2476840000000000    0.7147400000000000    0.1430060000000000 Be
   0.0585380000000000    0.9055420000000000    0.5227140000000000 Be
   0.4648060000000000    0.5001570000000000    0.7109790000000000 Be
   0.6538640000000000    0.3093430000000000    0.3313280000000000 Be
   0.3542190000000000    0.6070540000000000    0.9269920000000000 F
EA101   8.381  4.656  2.635 90.01 89.98 89.52 Sym.group:  164
1.0
   8.3796529999999994    0.0423130000000000   -0.1146980000000000
   0.0154230000000000    4.6561349999999999   -0.0183730000000000
   0.0371330000000000    0.0096710000000000    2.6342770000000000
Al N
8 2
direct
   0.0269860000000000    0.4105420000000000    0.4526660000000000 Al
   0.7860600000000000    0.0795450000000000    0.4526520000000000 Al
   0.5120050000000000    0.4155050000000000    0.4536530000000000 Al
   0.7860390000000000    0.5795400000000001    0.9526400000000000 Al
   0.2710730000000000    0.0845140000000000    0.4536090000000000 Al
   0.0269820000000000    0.9105100000000000    0.9526230000000000 Al
   0.5120060000000000    0.9155170000000000    0.9536360000000000 Al
   0.2710850000000000    0.5845180000000000    0.9536600000000000 Al
   0.6490250000000000    0.7475309999999999    0.4531330000000000 N
   0.6490290000000000    0.2475250000000000    0.9531510000000000 N
EA11    2.245  2.244  6.784 99.44 80.57 89.82 Sym.group:  119
1.0
   2.2443740000000001   -0.0034160000000000    0.0298890000000000
   0.0107450000000000    2.2440669999999998   -0.0346750000000000
   1.0213410000000001   -1.0151699999999999    6.6293620000000004
O B
4 1
direct
   0.6253570000000001    0.5203340000000000    0.9944590000000000 O
   0.8957670000000000    0.2501840000000000    0.4533460000000000 O
   0.9844880000000000    0.1612350000000000    0.2745760000000000 O
   0.2549830000000000    0.8902250000000000    0.7330710000000000 O
   0.1901670000000000    0.4553000000000000    0.8637580000000000 B
EA113   3.415  3.415  3.421 90.01 90.01 90.00 Sym.group:  215
1.0
   3.4147300000000000   -0.0024360000000000   -0.0050680000000000
   0.0023070000000000    3.4148550000000002   -0.0053160000000000
   0.0046400000000000    0.0046630000000000    3.4211839999999998
F Si
4 1
direct
   0.4309810000000000    0.5639340000000000    0.0290560000000000 F
   0.9507790000000000    0.0441110000000000    0.0289960000000000 F
   0.9505890000000000    0.5640940000000000    0.5488380000000000 F
   0.4308200000000000    0.0443330000000000    0.5484290000000001 F
   0.6910520000000000    0.3041530000000000    0.2888180000000000 Si
EA265   3.936  3.937  4.643 115.05 64.95 89.95 Sym.group:  121
1.0
   3.9359489999999999   -0.0176720000000000    0.0031050000000000
   0.0213020000000000    3.9371100000000001   -0.0051690000000000
   1.9544900000000001   -1.9720759999999999    3.7219289999999998
Mg H
4 1
direct
   0.2162550000000000    0.0595880000000000    0.8499610000000000 Mg
   0.7325540000000000    0.5759570000000001    0.8499400000000000 Mg
   0.4724070000000000    0.3196000000000000    0.3373590000000000 Mg
   0.9886720000000000    0.8032600000000000    0.3372440000000000 Mg
   0.6023269999999999    0.1899270000000000    0.5940110000000000 H
EA11    4.891  4.891  2.480 89.84 89.88 90.00 Sym.group:   83
1.0
   4.8906749999999999   -0.0082930000000000   -0.0020310000000000
   0.0086150000000000    4.8910200000000001   -0.0057490000000000
   0.0063080000000000    0.0099020000000000    2.4802759999999999
P Mg
4 1
direct
   0.1960810000000000    0.7937070000000001    0.8996499999999999 P
   0.7959900000000000    0.6045490000000000    0.8989800000000000 P
   0.0068890000000000    0.1937890000000000    0.9029140000000000 P
   0.6067970000000000    0.0046590000000000    0.9023430000000000 P
   0.4014020000000000    0.3992030000000000    0.4013080000000000 Mg
EA77    3.679  3.679  7.367 90.00 89.98 90.00 Sym.group:  221
1.0
   3.6789369999999999    0.0003520000000000    0.0033030000000000
  -0.0001770000000000    3.6790550000000000    0.0004980000000000
  -0.0043850000000000   -0.0005400000000000    7.3671069999999999
Al H
8 2
direct
   0.4736710000000000    0.1754160000000000    0.7065080000000000 Al
   0.4730530000000000    0.1750570000000000    0.2065090000000000 Al
   0.9736930000000000    0.6753830000000000    0.7065100000000000 Al
   0.9725000000000000    0.6752080000000000    0.2065090000000000 Al
   0.4733400000000000    0.6752510000000000    0.4565000000000000 Al
   0.4733160000000000    0.6753160000000000    0.9564990000000000 Al
   0.9733130000000000    0.1752450000000000    0.4565130000000000 Al
   0.9732890000000000    0.1753080000000000    0.9565080000000000 Al
   0.4707640000000000    0.6746020000000000    0.2064670000000000 H
   0.4733880000000000    0.6754100000000000    0.7064890000000000 H
EA138   2.664 20.036  2.662 90.01 60.02 90.02 Sym.group:  156
1.0
   1.3344750000000001    0.0025090000000000    2.3050860000000002
   0.0042840000000000   20.0355479999999986   -0.0343500000000000
  -1.3294800000000000    0.0038120000000000    2.3067370000000000
Al Cl
8 2
direct
   0.8962320000000000    0.1556440000000000    0.6280780000000000 Al
   0.5616360000000000    0.0516400000000000    0.2936040000000000 Al
   0.2303040000000000    0.2598490000000000    0.9624500000000000 Al
   0.8953470000000000    0.3646870000000000    0.6310440000000000 Al
   0.5599090000000000    0.8479960000000000    0.2931240000000000 Al
   0.8958040000000000    0.9489090000000000    0.6253690000000000 Al
   0.2248660000000000    0.5676960000000000    0.9632730000000000 Al
   0.5593250000000000    0.4675750000000000    0.2979270000000000 Al
   0.8902710000000000    0.6502329999999999    0.6298370000000000 Cl
   0.2264440000000000    0.7654220000000000    0.9594500000000000 Cl
EA26    6.686  6.731  2.913 89.99 89.99 90.41 Sym.group:   87
1.0
   6.6864390000000000    0.0081930000000000   -0.0061650000000000
  -0.0567960000000000    6.7310949999999998   -0.0118870000000000
   0.0029670000000000    0.0057520000000000    2.9126989999999999
Mg S
8 2
direct
   0.7218390000000000    0.0819990000000000    0.5463650000000000 Mg
   0.0831580000000000    0.2785000000000000    0.5462340000000000 Mg
   0.9194870000000001    0.7220600000000000    0.5461180000000000 Mg
   0.2810690000000000    0.9182620000000000    0.5462230000000000 Mg
   0.2221290000000000    0.5823680000000000    0.0462880000000000 Mg
   0.5837730000000000    0.7781560000000000    0.0464360000000000 Mg
   0.4189680000000000    0.2223850000000000    0.0464410000000000 Mg
   0.7806410000000000    0.4179460000000000    0.0464570000000000 Mg
   0.0017200000000000    0.0003120000000000    0.0461540000000000 S
   0.5015630000000000    0.5003420000000000    0.5464920000000000 S
EA105   4.619  4.675  4.619 60.41 90.00 119.59 Sym.group:  140
1.0
   4.6186720000000001   -0.0042250000000000    0.0022380000000000
  -2.3049960000000000    4.0676040000000002   -0.0419290000000000
   0.0009300000000000    2.6609090000000002    3.7749630000000001
O Mg
8 2
direct
   0.7468750000000000    0.8082780000000001    0.7534710000000000 O
   0.9395570000000000    0.1939290000000000    0.5607380000000000 O
   0.2555430000000000    0.1941590000000000    0.2448430000000000 O
   0.0628340000000000    0.8085250000000000    0.4375920000000000 O
   0.5627480000000000    0.8084340000000000    0.2534680000000000 O
   0.4396530000000000    0.1940090000000000    0.7448590000000000 O
   0.7555410000000000    0.1941450000000000    0.0606200000000000 O
   0.2469080000000000    0.8083040000000000    0.9377440000000000 O
   0.2512120000000000    0.5012110000000000    0.7491409999999999 Mg
   0.7512240000000000    0.5012920000000000    0.2491450000000000 Mg
EA288   3.130  3.120  9.687 90.05 89.61 119.78 Sym.group:  156
1.0
   3.1290030000000000   -0.0853560000000000   -0.0406910000000000
  -1.4752639999999999    2.7486679999999999   -0.0061660000000000
   0.1946040000000000    0.1163590000000000    9.6841650000000001
Be S
8 2
direct
   0.2693460000000000    0.3289540000000000    0.3379200000000000 Be
   0.6023730000000000    0.9950700000000000    0.4142130000000000 Be
   0.9349950000000000    0.6611390000000000    0.4691700000000000 Be
   0.6018050000000000    0.9933670000000000    0.6087780000000000 Be
   0.9351790000000000    0.6596780000000000    0.6834530000000000 Be
   0.2676420000000000    0.3271000000000000    0.5427280000000000 Be
   0.5995090000000000    0.9921730000000000    0.8100579999999999 Be
   0.9372060000000000    0.6738570000000000    0.0881300000000000 Be
   0.2706660000000000    0.3400400000000000    0.1451440000000000 S
   0.9325990000000000    0.6582740000000000    0.8889540000000000 S
EA28    8.373  2.980  3.037 90.21 100.30 100.13 Sym.group:  139
1.0
   8.3723270000000003    0.1214420000000000    0.0136060000000000
  -0.5665340000000000    2.9251499999999999   -0.0043170000000000
  -0.5461830000000000   -0.1124960000000000    2.9852390000000000
Be Al
8 2
direct
   0.8242730000000000    0.7262120000000000    0.0320330000000000 Be
   0.1741950000000000    0.4003790000000000    0.7065220000000000 Be
   0.6681250000000000    0.1483850000000000    0.9533590000000000 Be
   0.3292250000000000    0.4786510000000000    0.2837740000000000 Be
   0.6692450000000000    0.6479050000000000    0.4547530000000000 Be
   0.4992380000000000    0.0632810000000000    0.3692550000000000 Be
   0.3303440000000000    0.9781790000000000    0.7851420000000000 Be
   0.4992370000000000    0.5632750000000000    0.8692500000000000 Be
   0.8993110000000000    0.2633710000000000    0.5691480000000000 Al
   0.0991630000000000    0.8632530000000000    0.1694130000000000 Al
EA36    4.160  4.156  4.158 90.00 89.98 89.99 Sym.group:  215
1.0
   4.1597350000000004   -0.0031990000000000    0.0017860000000000
   0.0042630000000000    4.1564569999999996   -0.0004640000000000
  -0.0005550000000000    0.0002020000000000    4.1575920000000002
Cl Si
4 1
direct
   0.7635350000000000    0.7707190000000000    0.7675320000000000 Cl
   0.2269030000000000    0.2341380000000000    0.7669840000000000 Cl
   0.7640190000000000    0.2338390000000000    0.2308110000000000 Cl
   0.2273210000000000    0.7705600000000000    0.2300640000000000 Cl
   0.4954750000000000    0.5025300000000000    0.4988480000000000 Si
EA113   3.156  3.157  7.311 102.46 89.97 60.06 Sym.group:  166
1.0
   1.6377010000000001    2.6981780000000000   -0.0140840000000000
  -1.5213790000000000    2.7663259999999998   -0.0177360000000000
   1.5523190000000000   -0.9003750000000000    7.0871769999999996
P Na
4 1
direct
   0.5624160000000000    0.7021460000000000    0.4891300000000000 P
   0.2816390000000000    0.2627410000000000    0.3289050000000000 P
   0.8313460000000000    0.1645080000000000    0.6844970000000000 P
   0.1121990000000000    0.6036990000000000    0.8447230000000000 P
   0.6970810000000000    0.4327690000000000    0.0868090000000000 Na
EA32    5.597  5.720  5.716 92.44 60.73 60.71 Sym.group:  140
1.0
   5.5966969999999998    0.0260970000000000    0.0103540000000000
   2.7749560000000000    5.0021339999999999   -0.0278350000000000
   2.7941080000000000   -1.8021630000000000    4.6494580000000001
S Mg
8 2
direct
   0.0006740000000000    0.2926800000000000    0.0218450000000000 S
   0.0014110000000000    0.9761550000000000    0.7049190000000000 S
   0.6854960000000000    0.0227420000000000    0.2912060000000000 S
   0.3180170000000000    0.7061820000000000    0.9750070000000000 S
   0.0010080000000000    0.5225790000000000    0.7914130000000000 S
   0.0017350000000000    0.2062530000000000    0.4746960000000000 S
   0.6846670000000000    0.7926140000000000    0.5214010000000000 S
   0.3172320000000000    0.4760510000000000    0.2051820000000000 S
   0.5015540000000001    0.9993960000000000    0.9980520000000001 Mg
   0.5007680000000000    0.4994840000000000    0.4987070000000000 Mg
EA57    7.198  2.835  2.838 90.03 89.96 90.15 Sym.group:  129
1.0
   7.1975140000000000    0.0539930000000000   -0.0170470000000000
  -0.0289100000000000    2.8350469999999999    0.0069570000000000
   0.0089830000000000   -0.0084260000000000    2.8384610000000001
Be C
8 2
direct
   0.9186100000000000    0.1509510000000000    0.5839650000000000 Be
   0.1515360000000000    0.1512820000000000    0.0838930000000000 Be
   0.3518140000000000    0.1514490000000000    0.5834990000000000 Be
   0.6352610000000000    0.1514190000000000    0.5835600000000000 Be
   0.1189650000000000    0.6514400000000000    0.5839170000000000 Be
   0.9187360000000000    0.6511560000000000    0.0841000000000000 Be
   0.3519540000000000    0.6516910000000000    0.0835350000000000 Be
   0.6352560000000000    0.6510110000000000    0.0834080000000000 Be
   0.7742360000000000    0.1511880000000000    0.0837180000000000 C
   0.4963000000000000    0.6513120000000000    0.5835000000000000 C
