NUMBER OF TEMPLATES 46
COMPOSITION A 1 B
pairs , SPACEGROUPS 
[P Si] , 225 
[Al F] , 191 
[B Be] , 164 
[Li Mg] , 123 
[N P] , 160 
[B S] , 166 
[B P] , 216 
[Al N] , 186 
[C Cl] , 166 
[Al O] , 166 
[Be Cl] , 166 
[C Si] , 216 
[Cl Li] , 194 
[N O] , 160 
[Al P] , 194 
[Mg S] , 225 
[H Na] , 225 
[Al N] , 216 
[C S] , 164 
[Al Li] , 227 
[C P] , 164 
[C S] , 166 
[N P] , 156 
[B N] , 216 
[N Si] , 156 
[F Li] , 225 
[Be O] , 186 
[F Na] , 225 
[F Mg] , 164 
[Cl Na] , 225 
[B Li] , 166 
[N Si] , 166 
[Li O] , 187 
[C F] , 164 
[C Si] , 186 
[Al Na] , 141 
[C H] , 164 
[H Si] , 191 
[Cl Mg] , 164 
[Al B] , 166 
[Be S] , 119 
[Be Cl] , 164 
[F Li] , 194 
[S Si] , 166 
[Li N] , 187 
[Li Na] , 187 
RANKING VECTORS ENTHALPIES
0:[-147.59063228 -147.59052563 -147.5767674  -147.57664081 -147.57657371 -147.54762042 -147.52731337 -147.5272872  -147.52707095 -147.52140209 -147.51183946 -147.47943115 -147.46943336 -147.46528582 -147.46513857 -147.45504381 -147.44643762 -147.43488252 -147.42421942 -147.37653416 -147.37248007 -147.36389486 -147.32925409 -147.32585807 -147.32423382 -147.32376939 -147.32336808 -147.32023571 -147.31452894 -147.30387848 -147.29576473 -147.28479027 -147.2830201  -147.22296416 -147.22025262 -147.16256572 -147.09032182 -146.99316413 -146.94304123 -146.9408205 -146.92429442 -146.68160989 -146.63160764 -146.63160362 -146.63153197 -146.59995463] 
1:[-364.23876135 -364.23802846 -364.17279885 -364.17127917 -364.16890427 -364.16027445 -364.15838393 -364.07600408 -364.06796505 -364.05255801 -364.04989189 -364.04857679 -364.04506249 -364.04162296 -364.03668902 -364.02355082 -364.0158293  -363.99321665 -363.94196606 -363.94149114 -363.92973247 -363.90140764 -363.87154709 -363.77150188 -363.77069696 -363.59820574 -363.59484559 -363.59423454 -363.59386696 -363.19475506 -363.17407963 -362.89163189 -362.85573918 -362.85572642 -362.80480181 -362.80478903 -362.80454829 -362.80199396 -362.79816074 -362.72528073 -362.65010517 -362.64779396 -362.64261487 -362.62659057 -362.61990009 -362.60386893] 
2:[-227.63960071 -227.62667475 -227.62642273 -227.62609122 -227.62578313 -227.62529306 -227.58387103 -227.57734614 -227.57683368 -227.4174937 -227.24666945 -227.20470525 -227.16264217 -227.16119182 -227.15899068 -227.15485444 -227.14388359 -227.12669416 -227.10740491 -227.09305945 -227.05214673 -227.02625301 -227.02429604 -226.93989061 -226.88465031 -226.86725877 -226.86723232 -226.86365516 -226.80266491 -226.66253471 -226.64510143 -226.4826733  -226.48048455 -226.42547649 -226.42268712 -226.419151   -226.35938474 -226.35824826 -226.35781858 -226.32381253 -226.27826522 -226.27702211 -225.35365914 -225.35365592 -225.35346768 -225.33693507] 
3:[-901.54131758 -901.39793856 -901.38835728 -901.38825399 -901.38343007 -901.38339087 -901.38312056 -901.35670739 -901.35604312 -901.34265518 -901.32924789 -901.32891009 -901.32756686 -901.32646587 -901.31455239 -901.30746541 -901.30714057 -901.30151245 -901.29582462 -901.28864344 -901.27126506 -901.27039534 -901.24870606 -901.21238503 -901.2114962 -901.1995908  -901.1969086  -901.19338855 -901.18495636 -901.17624572 -901.16003977 -901.1598401  -901.15972092 -901.15900808 -901.15884404 -901.14433274 -901.13475909 -901.13163625 -901.13033788 -901.07393943 -901.06892919 -900.18099361 -899.86145296 -899.86143847 -899.8613385 -899.86017159] 
4:[-232.31814929 -232.23218966 -232.17857727 -232.04054282 -231.91798716 -231.91656804 -231.91334781 -231.82183411 -231.81918944 -231.75232969 -231.71860721 -231.7097187  -231.63381408 -231.63293347 -231.61583857 -231.35799593 -231.3387678  -231.33320564 -231.27653858 -231.27588041 -231.2690489  -231.26864883 -231.26656212 -231.26268428 -231.2624685 -231.26213699 -231.24925007 -231.22420956 -231.20934605 -231.19104626 -231.18042603 -231.16609638 -230.97750526 -230.8723048  -230.87049074 -230.76956667 -230.72359837 -230.69926257 -230.66897692 -230.66897635 -230.66890712 -230.66424565 -230.64246034 -230.64122633 -230.41046652 -230.39473385] 
5:[-187.02092719 -186.94242881 -186.58542887 -186.5756847  -186.57202853 -186.56977236 -186.56395446 -186.52295534 -186.51365259 -186.45937628 -186.43990065 -186.40838178 -186.40808454 -186.39893709 -186.39890402 -186.39510584 -186.38757956 -186.38215468 -186.37813809 -186.37621095 -186.37500036 -186.37255201 -186.36965879 -186.31338665 -186.3133838 -186.31319212 -186.26900166 -186.22135254 -186.22135242 -186.19989919 -186.19679911 -186.19568364 -186.18619913 -186.18548594 -186.18316511 -186.09963543 -186.06596202 -185.97721853 -185.939378   -185.78386431 -185.77673815 -185.65038498 -185.4608447  -185.32749641 -185.26978501 -185.06530035] 
6:[-131.33084122 -131.32871241 -131.32148721 -131.32001472 -131.3189339 -131.31879505 -131.31783314 -131.31255775 -131.31222001 -130.94189509 -130.93025461 -130.74634655 -130.73576221 -130.73328799 -130.73097716 -130.71520912 -130.70568253 -130.70567774 -130.70492631 -130.7022033 -130.68222344 -130.67705375 -130.67705083 -130.64611367 -130.64535314 -130.64456523 -130.64078383 -130.63002968 -130.61214955 -130.61065129 -130.58353175 -130.58140219 -130.54312249 -130.54258916 -130.54042185 -130.5270642  -130.44552954 -130.42192595 -130.2467499  -130.24235816 -130.14954169 -130.14057012 -130.03550208 -130.01971795 -129.86082404 -129.85402029] 
7:[-171.42082119 -171.41926819 -171.41899083 -171.41894892 -171.41165553 -171.41156543 -171.21263609 -171.21249144 -171.21239484 -171.07509916 -171.07509777 -171.07486113 -171.00394952 -171.00368641 -171.00363316 -170.97475691 -170.97395664 -170.9733948  -170.97322321 -170.97321585 -170.9729275  -170.97076768 -170.81782489 -170.74743274 -170.74505616 -170.74504782 -170.61288326 -170.48361754 -170.40882099 -169.93012292 -169.86649562 -169.84183206 -169.84150177 -169.83298724 -169.82515694 -169.79984101 -169.76359334 -169.14849613 -168.36054891 -168.31122503 -168.31077543 -168.31054515 -168.30970787 -168.02186496 -168.0195131 -167.87872935] 
8:[-301.09195054 -301.09194934 -301.01048401 -300.92843438 -300.87918812 -300.87913862 -300.87834739 -300.87809849 -300.87799018 -300.87660108 -300.8719584  -300.82222263 -300.18817286 -299.28931661 -299.24978961 -298.92374036 -298.90475099 -298.90455875 -298.90433887 -298.90412802 -298.87096138 -298.87071941 -298.86838827 -298.71257782 -298.68019633 -298.68015152 -298.66589092 -298.65654231 -298.64965024 -298.62844305 -298.62813421 -298.62693015 -298.61728611 -298.61505876 -298.58333953 -298.57306794 -298.43945129 -298.4104085  -298.40945831 -298.40602255 -298.14351655 -298.10506134 -297.69420137 -297.64020078 -297.64020077 -297.64016559] 
9:[-254.87313889 -254.86122199 -254.64312319 -254.63633892 -254.63045455 -254.44021169 -254.43340894 -254.38927973 -254.37552409 -254.37136384 -254.30300746 -254.28389728 -254.27990493 -254.27767118 -254.23488596 -254.22833403 -254.179317   -254.17844264 -253.95440565 -253.92869809 -253.9286016  -253.92652194 -253.88760722 -253.8875681  -253.88519372 -253.88478302 -253.87489188 -253.84392321 -253.6651164  -253.66438809 -253.66333183 -253.46222984 -253.4617     -253.46124071 -253.46116896 -253.45993946 -253.45740121 -253.09992375 -252.9170023  -252.9152524 -252.91048952 -251.87131601 -251.66854346 -251.66605852 -251.66584191 -251.63843157] 
10:[-409.43437692 -409.41838657 -409.41698223 -409.30067078 -409.28635918 -409.25933319 -409.25884211 -409.25746111 -409.25250457 -409.22723226 -409.09561985 -409.06871411 -409.02408488 -409.02352885 -408.97476533 -408.96897219 -408.94877887 -408.94556073 -408.86025657 -408.84901333 -408.84859224 -408.82921436 -408.82917136 -408.82533837 -408.82421021 -408.82413798 -408.82088232 -408.80491485 -408.80408106 -408.80304909 -408.77254068 -408.77021184 -408.74183026 -408.74051385 -408.73955369 -408.73878097 -408.44068439 -408.44068028 -408.44037947 -408.43435941 -408.36445426 -408.35766594 -408.29201159 -408.2859034  -408.10315122 -407.84731113] 
11:[-136.68756527 -136.68517466 -136.68241462 -136.68220471 -136.68092235 -136.68022208 -136.6800797  -136.68002434 -136.67746266 -136.5260775 -136.5138824  -136.5136196  -136.51357499 -136.48001143 -136.47994386 -136.44886757 -136.44886691 -136.42137477 -136.38403672 -136.33530591 -136.33410148 -136.33388179 -136.22026304 -136.20627251 -136.20272975 -136.20265074 -136.18150926 -136.0065814  -135.99339328 -135.92134817 -135.88949666 -135.88949594 -135.82687635 -135.82276045 -135.82266614 -135.78941344 -135.63722325 -135.24374671 -135.22115035 -135.03811027 -135.03494267 -135.01868216 -134.90076331 -134.87945094 -134.87767599 -134.19113666] 
12:[-318.96924207 -318.96871684 -318.96866486 -318.96859921 -318.96584808 -318.96562578 -318.95704273 -318.95665884 -318.71589016 -318.69515604 -318.69513849 -318.69473519 -318.69227159 -318.64215554 -318.62000917 -318.54459722 -318.47226102 -318.46507089 -318.4650621  -318.46505169 -318.46501874 -318.46501455 -318.46499758 -318.46498656 -318.42450214 -318.35669071 -318.35416226 -318.35405491 -318.35405257 -318.35402718 -318.28277214 -318.281784   -318.27701172 -318.25199865 -318.15489032 -318.12007983 -318.10928282 -318.03111699 -317.98509565 -317.66950454 -317.62327996 -317.16462238 -317.16401719 -316.77390102 -316.77349897 -316.77345546] 
13:[-361.88412447 -361.78006877 -361.77991794 -361.77968243 -361.76442553 -361.09937825 -360.95306201 -360.92058616 -360.87831647 -360.55285412 -360.54336066 -360.53888077 -360.48477509 -360.38205036 -360.37785796 -360.37665908 -360.37248269 -360.23663884 -360.23316427 -360.13045928 -360.13026708 -360.12932132 -360.07100083 -360.06043075 -360.0596659 -360.05966514 -360.0564745  -360.05647289 -360.05346533 -360.00752804 -359.96259409 -359.9616175  -359.93866366 -359.93866329 -359.89804801 -359.89277864 -359.89187941 -359.83248132 -359.8099403  -359.52294944 -359.52274226 -359.51862434 -359.51187513 -359.48774046 -359.43818747 -359.43188581] 
14:[-121.75056433 -121.74998379 -121.74957828 -121.70319169 -121.67545079 -121.6750488  -121.6749365  -121.64190352 -121.64174465 -121.59949221 -121.54175455 -121.51669463 -121.47506464 -121.47499483 -121.42010512 -121.39356258 -121.37841123 -121.37653614 -121.35985337 -121.35909983 -121.34008222 -121.33764011 -121.33723242 -121.32714872 -121.31835644 -121.31311912 -121.31217814 -121.30729314 -121.30134143 -121.30056951 -121.25463436 -121.23501907 -121.19934977 -121.16826407 -121.16701162 -121.16683186 -121.07441206 -120.91304946 -120.91264542 -120.9124384 -120.91217778 -120.91088807 -120.89978276 -120.89977654 -120.8996635 -120.79352039] 
15:[-954.74463845 -954.74381982 -954.74337734 -954.74282932 -954.73473844 -954.73399961 -954.70013071 -954.69918078 -954.6989362  -954.36191664 -954.36027827 -954.35587936 -954.24744465 -954.16805306 -954.11152354 -954.05180023 -953.95663476 -953.95650729 -953.95649958 -953.95556979 -953.95552219 -953.95299992 -953.83519036 -953.69967401 -953.69499511 -953.64168006 -953.63408109 -953.63357948 -953.63352304 -953.6334023 -953.55400419 -953.48408783 -953.46944088 -953.46748682 -953.4635878 -953.45672237 -953.33149254 -953.31708918 -953.2720745  -953.16149827 -953.1292597  -952.94093574 -952.69433722 -952.6909609  -952.66994142 -952.66769601] 
16:[-626.95895239 -626.90020272 -626.89968904 -626.89939226 -626.89847944 -626.89801683 -626.89766359 -626.84380272 -626.84214916 -626.83923535 -626.83875978 -626.83819653 -626.81595474 -626.73375392 -626.68523511 -626.60918426 -626.58291026 -626.50006284 -626.49986688 -626.4993921 -626.4993315  -626.4992757  -626.49905519 -626.49870588 -626.4981476 -626.49299443 -626.47846771 -626.44612398 -626.43143474 -626.4313691 -626.43080986 -626.42896317 -626.42352596 -626.42242684 -626.41907418 -626.37262097 -626.3322854  -626.33228198 -626.33224241 -626.33216884 -626.28823594 -626.23165691 -626.22821182 -626.22288803 -625.65837619 -625.65772544] 
17:[-171.42082119 -171.41926819 -171.41899083 -171.41894892 -171.41165553 -171.41156543 -171.21263609 -171.21249144 -171.21239484 -171.07509916 -171.07509777 -171.07486113 -171.00394952 -171.00368641 -171.00363316 -170.97475691 -170.97395664 -170.9733948  -170.97322321 -170.97321585 -170.9729275  -170.97076768 -170.81782489 -170.74743274 -170.74505616 -170.74504782 -170.61288326 -170.48361754 -170.40882099 -169.93012292 -169.86649562 -169.84183206 -169.84150177 -169.83298724 -169.82515694 -169.79984101 -169.76359334 -169.14849613 -168.36054891 -168.31122503 -168.31077543 -168.31054515 -168.30970787 -168.02186496 -168.0195131 -167.87872935] 
18:[-228.43642437 -228.33538186 -228.33476414 -228.05167503 -227.65437906 -227.62434112 -227.46091964 -227.46078125 -227.41715558 -227.41393908 -227.39539769 -227.36584711 -227.36575694 -227.36114822 -227.35699062 -227.34804649 -227.25285155 -227.24959563 -227.22673438 -227.22116091 -227.1996441  -227.1706845  -227.16856707 -227.15413717 -227.14940752 -227.14696958 -227.018015   -227.01801133 -227.0155494  -227.01536731 -227.01260363 -226.97427752 -226.94973054 -226.88950195 -226.75623358 -226.74994809 -226.69639758 -226.59875491 -226.58197211 -226.52750202 -226.52506706 -226.52490684 -226.50881071 -226.28346307 -226.1149247 -226.11343394] 
19:[-125.93425911 -125.84472347 -125.8439578  -125.83665695 -125.83212234 -125.77291305 -125.77289761 -125.77287129 -125.75012082 -125.75011248 -125.73298376 -125.68263156 -125.65715393 -125.6558159  -125.65480624 -125.64866084 -125.64806032 -125.6014929  -125.59825465 -125.56979083 -125.5480683  -125.54258702 -125.50888268 -125.50519636 -125.48043663 -125.46040854 -125.45673521 -125.32528498 -125.31437847 -125.24533868 -125.23669897 -125.22379742 -125.06344168 -125.04592183 -125.0458104 -125.02622108 -125.02605891 -125.02596236 -125.00943655 -124.2739807 -124.27196996 -124.26801284 -123.56731656 -123.54598347 -123.54598005 -123.54593641] 
20:[-172.86076232 -172.82623468 -172.82178607 -172.81744624 -172.81377203 -172.6253521  -172.52949818 -172.52566713 -172.49669306 -172.47902225 -172.39125899 -172.38986813 -172.35433212 -172.35015304 -172.34725275 -172.3460479  -172.33467788 -172.33451609 -172.31737267 -172.31731302 -172.31729582 -172.31355114 -172.3066467  -172.30518643 -172.305065 -172.28742973 -172.28481529 -172.28357652 -172.25667174 -172.23523076 -172.19579757 -172.19579688 -172.07862174 -172.06062284 -172.06049105 -171.98377444 -171.97558641 -171.97171284 -171.95696968 -171.54090371 -171.53499691 -171.44527864 -171.41509543 -171.18256856 -170.88535587 -170.80950224] 
21:[-228.43642437 -228.33538186 -228.33476414 -228.05167503 -227.65437906 -227.62434112 -227.46091964 -227.46078125 -227.41715558 -227.41393908 -227.39539769 -227.36584711 -227.36575694 -227.36114822 -227.35699062 -227.34804649 -227.25285155 -227.24959563 -227.22673438 -227.22116091 -227.1996441  -227.1706845  -227.16856707 -227.15413717 -227.14940752 -227.14696958 -227.018015   -227.01801133 -227.0155494  -227.01536731 -227.01260363 -226.97427752 -226.94973054 -226.88950195 -226.75623358 -226.74994809 -226.69639758 -226.59875491 -226.58197211 -226.52750202 -226.52506706 -226.52490684 -226.50881071 -226.28346307 -226.1149247 -226.11343394] 
22:[-232.31814929 -232.23218966 -232.17857727 -232.04054282 -231.91798716 -231.91656804 -231.91334781 -231.82183411 -231.81918944 -231.75232969 -231.71860721 -231.7097187  -231.63381408 -231.63293347 -231.61583857 -231.35799593 -231.3387678  -231.33320564 -231.27653858 -231.27588041 -231.2690489  -231.26864883 -231.26656212 -231.26268428 -231.2624685 -231.26213699 -231.24925007 -231.22420956 -231.20934605 -231.19104626 -231.18042603 -231.16609638 -230.97750526 -230.8723048  -230.87049074 -230.76956667 -230.72359837 -230.69926257 -230.66897692 -230.66897635 -230.66890712 -230.66424565 -230.64246034 -230.64122633 -230.41046652 -230.39473385] 
23:[-180.52731906 -180.52723124 -180.5256761  -180.52552052 -180.52546917 -180.50579788 -180.50572557 -180.50560995 -180.09384769 -180.09360002 -180.08898087 -180.084199   -180.06586174 -180.05867815 -180.05801735 -180.03708662 -180.00169864 -180.00165727 -179.99776052 -179.99221543 -179.75454064 -179.33535871 -178.93173103 -178.92488791 -178.92472705 -178.92392455 -178.90300743 -178.9029461  -178.9029216  -178.90279682 -178.90254015 -178.86883406 -178.83417799 -178.49008627 -178.39365474 -178.05781375 -178.05780803 -178.02781565 -177.79430882 -177.79386708 -177.57604486 -177.27817212 -177.25253863 -177.15193291 -176.74583096 -176.15412087] 
24:[-196.19346551 -196.09648348 -196.04820212 -196.02268329 -195.99137173 -195.97997259 -195.95636933 -195.90074861 -195.90015679 -195.89793851 -195.873909   -195.83592523 -195.77567899 -195.75746735 -195.74436126 -195.74433379 -195.7425992  -195.73651151 -195.73108835 -195.73094982 -195.72838296 -195.7268481  -195.7263829  -195.69699015 -195.68096467 -195.67549874 -195.47135386 -195.47134496 -195.43635961 -195.41189504 -195.41176798 -195.41025151 -195.39480035 -195.39426399 -194.9284022 -194.92483584 -194.92053614 -194.74301736 -194.74267172 -194.51643358 -194.36310326 -194.32495337 -194.32392753 -194.31964613 -194.16343237 -193.68234239] 
25:[-432.96044377 -432.96020383 -432.96001184 -432.95994989 -432.95994256 -432.95958656 -432.90805624 -432.90792424 -432.78909932 -432.78866407 -432.78793924 -432.76541953 -432.75057293 -432.71830185 -432.70052553 -432.66714746 -432.6670681  -432.66706275 -432.66660013 -432.6665441 -432.66563453 -432.66552708 -432.66437085 -432.66006321 -432.60730029 -432.54990304 -432.54988214 -432.54987636 -432.54987549 -432.54982677 -432.51364735 -432.38589551 -432.3079571  -432.25063311 -432.250384 -432.25015624 -432.24608164 -432.24482355 -432.11901423 -432.07018265 -431.68401493 -431.64384532 -431.43080177 -431.43056852 -429.92013564 -429.85711641] 
26:[-414.37251679 -414.37249339 -414.37190198 -414.37029717 -414.36984658 -414.36964902 -414.36951236 -414.36791578 -414.36681629 -414.19067394 -414.18438958 -414.18207648 -414.18082774 -414.17461939 -414.1469078 -414.14528405 -414.14521096 -414.14317887 -414.14180929 -414.14130886 -414.139643   -414.11774559 -414.08076076 -414.07958939 -414.07774786 -414.04021279 -414.03802741 -413.96233908 -413.96144578 -413.80853577 -413.75419511 -413.75135973 -413.6939492  -413.61425667 -413.61424446 -413.58734613 -413.38439082 -413.37779012 -412.81973128 -412.77946012 -412.39198616 -412.38958706 -411.15576391 -411.0458985  -410.9227007 -410.92193194] 
27:[-955.55901182 -955.45429523 -955.45402021 -955.45395185 -955.45393931 -955.45340743 -955.45312158 -955.40206655 -955.40102894 -955.38417417 -955.38365035 -955.38336686 -955.35885908 -955.19993619 -955.15110122 -955.03769601 -955.01340564 -954.94587239 -954.90519141 -954.90497733 -954.90496005 -954.90470397 -954.90461938 -954.90408982 -954.90401231 -954.90386509 -954.901292   -954.85425091 -954.85199837 -954.85049077 -954.85005198 -954.85001369 -954.8484334  -954.81095195 -954.70921108 -954.6486843  -954.59191618 -954.59191302 -954.59189224 -954.59186641 -954.55743142 -954.55595314 -954.42114569 -953.78938722 -953.78910169 -952.32439208] 
28:[-1140.74799411 -1140.74465249 -1140.74134008 -1140.72913642 -1140.72683316 -1140.70464306 -1140.6761157  -1140.58683006 -1140.58013092 -1140.55664107 -1140.54330587 -1140.53652207 -1140.37851512 -1140.24106688 -1140.23974822 -1140.23366869 -1140.20674065 -1140.20621854 -1140.20559411 -1140.18215969 -1140.15870632 -1140.15814528 -1140.13226976 -1140.12290083 -1140.12196492 -1140.11532312 -1140.10976871 -1140.10476538 -1140.10128343 -1140.07957727 -1140.07001478 -1140.05786373 -1140.05785609 -1140.05646686 -1140.02842914 -1140.01106425 -1139.83261514 -1139.83203267 -1139.8232711  -1139.72689476 -1139.48763103 -1139.27519401 -1138.97386497 -1138.97141415 -1138.96857511 -1138.96756484] 
29:[-841.65251376 -841.65073401 -841.54592954 -841.54587974 -841.54566506 -841.54566185 -841.54509024 -841.54460164 -841.51008765 -841.50988939 -841.43722164 -841.43695678 -841.43488931 -841.42277007 -841.23670374 -841.17554369 -841.04377548 -841.01269534 -841.00330972 -840.92513485 -840.9246147  -840.92449802 -840.8933381  -840.8930908  -840.82512142 -840.8121037  -840.73376331 -840.73374007 -840.73298311 -840.73278876 -840.72802565 -840.72732921 -840.72696857 -840.72685849 -840.6569699 -840.55781371 -840.42541476 -840.31436448 -840.3143224  -840.31424627 -840.31421339 -840.25540065 -839.79478934 -839.79444487 -839.46592807 -839.45597532] 
30:[-135.92404684 -135.91859688 -135.90449089 -135.90444801 -135.8643729 -135.85982877 -135.85970841 -135.49930234 -135.49640752 -135.49623006 -135.48720687 -135.31063835 -135.08216076 -135.03529021 -135.01723158 -134.94480541 -134.93986762 -134.92587482 -134.92328817 -134.92179638 -134.91987316 -134.91820684 -134.90724364 -134.86158986 -134.84948132 -134.81722197 -134.81634855 -134.81535741 -134.80314713 -134.77905893 -134.50067416 -134.48794426 -133.94134114 -133.94131362 -133.92906949 -133.9290007  -133.88913186 -133.87603264 -133.87596793 -133.87592128 -133.37501602 -133.37284185 -132.64263239 -132.60620206 -132.60620093 -132.60618046] 
31:[-196.19346551 -196.09648348 -196.04820212 -196.02268329 -195.99137173 -195.97997259 -195.95636933 -195.90074861 -195.90015679 -195.89793851 -195.873909   -195.83592523 -195.77567899 -195.75746735 -195.74436126 -195.74433379 -195.7425992  -195.73651151 -195.73108835 -195.73094982 -195.72838296 -195.7268481  -195.7263829  -195.69699015 -195.68096467 -195.67549874 -195.47135386 -195.47134496 -195.43635961 -195.41189504 -195.41176798 -195.41025151 -195.39480035 -195.39426399 -194.9284022 -194.92483584 -194.92053614 -194.74301736 -194.74267172 -194.51643358 -194.36310326 -194.32495337 -194.32392753 -194.31964613 -194.16343237 -193.68234239] 
32:[-321.00429075 -321.00414578 -320.7897556  -320.78293383 -320.78279574 -320.76297936 -320.73655012 -320.69429345 -320.68771693 -320.68570763 -320.68546238 -320.66858968 -320.60943827 -320.60501066 -320.60448594 -320.57566427 -320.57559531 -320.57519664 -320.57294526 -320.57107643 -320.48585982 -320.27602613 -320.27540085 -320.27378945 -320.27375607 -320.27343937 -320.27340006 -320.27336064 -320.27315641 -320.2726839 -320.25376705 -320.21973682 -320.1952179  -320.19297331 -320.18039055 -320.1570987  -320.14485277 -320.14240124 -320.06649752 -319.96957863 -319.89202835 -319.88884823 -319.88884686 -319.88882544 -319.56012283 -319.55411889] 
33:[-414.63788139 -414.63787073 -414.63776585 -414.63689335 -414.63687678 -414.63677306 -414.63515618 -414.63223226 -413.5360151  -413.53391368 -413.53262398 -413.44504688 -413.04455582 -413.00238142 -412.98631974 -412.98629188 -412.6864538  -412.68271915 -412.68224282 -412.64029641 -412.11494111 -412.10154079 -412.09755505 -412.07403349 -412.0733707 -412.0596928  -411.87125345 -411.86626658 -411.66722141 -411.49054576 -411.49000792 -411.48894935 -411.45598762 -411.43481517 -411.43184028 -411.42763968 -410.8304831  -410.83047597 -410.8263844  -410.82613454 -410.82612547 -410.82612211 -410.15539372 -410.15539351 -410.15539052 -410.1546732 ] 
34:[-136.68756527 -136.68517466 -136.68241462 -136.68220471 -136.68092235 -136.68022208 -136.6800797  -136.68002434 -136.67746266 -136.5260775 -136.5138824  -136.5136196  -136.51357499 -136.48001143 -136.47994386 -136.44886757 -136.44886691 -136.42137477 -136.38403672 -136.33530591 -136.33410148 -136.33388179 -136.22026304 -136.20627251 -136.20272975 -136.20265074 -136.18150926 -136.0065814  -135.99339328 -135.92134817 -135.88949666 -135.88949594 -135.82687635 -135.82276045 -135.82266614 -135.78941344 -135.63722325 -135.24374671 -135.22115035 -135.03811027 -135.03494267 -135.01868216 -134.90076331 -134.87945094 -134.87767599 -134.19113666] 
35:[-648.25883285 -648.25142361 -648.24614845 -648.24593125 -648.21872607 -648.10770895 -648.10531982 -648.07941453 -648.078219   -648.0770429 -648.06917499 -648.06633418 -648.05357807 -648.01826235 -647.99632087 -647.99529706 -647.99449864 -647.96553577 -647.95637308 -647.95308166 -647.94864178 -647.94555824 -647.94267738 -647.93914883 -647.93714758 -647.92430688 -647.9230797  -647.86487753 -647.81501371 -647.81112938 -647.49194248 -647.16369245 -647.04518242 -647.04510997 -646.91566099 -646.91549564 -646.91144758 -646.86437096 -646.86405858 -646.86392519 -645.85193336 -645.84718121 -645.35096235 -645.31613962 -645.31609007 -645.31606421] 
36:[-88.37504288 -88.37498626 -88.37362139 -88.37308147 -88.36963553 -88.36086138 -88.3605551  -88.35997309 -88.35482105 -88.34283934 -88.34258814 -87.95717818 -87.67129334 -87.06490829 -86.98828392 -86.87123576 -86.72998022 -86.72348534 -86.7205056  -86.63551958 -86.63521654 -86.63371122 -86.58797965 -86.58301606 -86.57464465 -86.46249673 -86.45521429 -86.42280705 -86.19317813 -86.19247183 -86.16203644 -85.88137277 -85.88129756 -85.83177494 -85.81342776 -85.78716924 -85.71809612 -85.71809611 -85.71761251 -85.69717286 -85.67774118 -85.67749902 -85.6760759  -85.66500538 -85.66179662 -85.62148054] 
37:[-62.48794351 -62.48247069 -62.47427056 -62.46681771 -62.45081246 -62.44318742 -62.43302688 -62.43107021 -62.43035103 -62.42732457 -62.42702457 -62.42531113 -62.42504293 -62.41721762 -62.41439122 -62.40455529 -62.39514944 -62.39428638 -62.3900932  -62.38503522 -62.38346916 -62.37740857 -62.37740209 -62.37580848 -62.36420961 -62.3541385  -62.35372526 -62.35315401 -62.35306033 -62.35162332 -62.34790136 -62.34789948 -62.33378951 -62.33326344 -62.32487406 -62.32081153 -62.30820854 -62.2949554  -62.25825311 -62.24674419 -62.22233827 -62.13917078 -62.13897042 -62.1355837  -62.08907854 -61.9942887 ] 
38:[-1026.78714109 -1026.7844991  -1026.78278696 -1026.78209065 -1026.78153913 -1026.77907424 -1026.77799209 -1026.69837038 -1026.68431719 -1026.6838052  -1026.68197528 -1026.67347937 -1026.64317583 -1026.60705033 -1026.60240044 -1026.59990006 -1026.5918916  -1026.58203551 -1026.30856304 -1026.30821077 -1026.30812563 -1026.30778578 -1026.22636523 -1026.22513855 -1026.19249304 -1026.19199196 -1026.19148768 -1026.17948077 -1026.17742635 -1026.1445542  -1026.07559645 -1026.07535601 -1026.04311032 -1025.88195229 -1025.88014191 -1025.80053133 -1025.76310369 -1025.7621025  -1025.75592493 -1025.75001984 -1025.74611604 -1025.50371683 -1025.50206188 -1025.4887595 -1025.48869936 -1025.48866666] 
39:[-68.5776475  -68.56072536 -68.48687261 -68.31664888 -68.30853017 -68.26310036 -68.2627722  -68.24949968 -68.2420162  -68.24065064 -68.24045428 -68.24039934 -68.2398192  -68.07554463 -67.98755173 -67.98620959 -67.97498454 -67.86089081 -67.82940296 -67.79948273 -67.72343961 -67.71760399 -67.68749234 -67.68689514 -67.68539033 -67.68493807 -67.66313075 -67.58600542 -67.58031111 -67.4058535 -67.3894852  -67.38493824 -67.35606862 -67.23676171 -67.21378533 -67.21147387 -67.20347084 -67.19731319 -67.10756289 -67.07716704 -66.62129238 -66.60899552 -66.52469629 -66.52062856 -66.5206249 -66.5205588 ] 
40:[-337.14753937 -337.14667518 -337.14530887 -337.14530342 -337.14479129 -337.14433945 -337.13767332 -337.13729757 -337.13669346 -337.13003911 -337.12970586 -337.12898457 -337.07521421 -337.06489338 -337.06396473 -337.06339698 -337.04393497 -337.04239465 -337.03864745 -337.03539446 -337.02653756 -337.02482945 -337.02429451 -337.02351594 -337.015913 -336.90174842 -336.60497552 -336.5996438  -336.57254281 -336.57174624 -336.56965965 -336.51623738 -336.48490473 -336.47536603 -336.42000011 -336.31763041 -336.28977152 -336.25671849 -336.2003373  -336.0910905 -336.07116071 -336.06018433 -335.86401352 -335.83906444 -335.81280788 -335.74258182] 
41:[-409.43437692 -409.41838657 -409.41698223 -409.30067078 -409.28635918 -409.25933319 -409.25884211 -409.25746111 -409.25250457 -409.22723226 -409.09561985 -409.06871411 -409.02408488 -409.02352885 -408.97476533 -408.96897219 -408.94877887 -408.94556073 -408.86025657 -408.84901333 -408.84859224 -408.82921436 -408.82917136 -408.82533837 -408.82421021 -408.82413798 -408.82088232 -408.80491485 -408.80408106 -408.80304909 -408.77254068 -408.77021184 -408.74183026 -408.74051385 -408.73955369 -408.73878097 -408.44068439 -408.44068028 -408.44037947 -408.43435941 -408.36445426 -408.35766594 -408.29201159 -408.2859034  -408.10315122 -407.84731113] 
42:[-432.96044377 -432.96020383 -432.96001184 -432.95994989 -432.95994256 -432.95958656 -432.90805624 -432.90792424 -432.78909932 -432.78866407 -432.78793924 -432.76541953 -432.75057293 -432.71830185 -432.70052553 -432.66714746 -432.6670681  -432.66706275 -432.66660013 -432.6665441 -432.66563453 -432.66552708 -432.66437085 -432.66006321 -432.60730029 -432.54990304 -432.54988214 -432.54987636 -432.54987549 -432.54982677 -432.51364735 -432.38589551 -432.3079571  -432.25063311 -432.250384 -432.25015624 -432.24608164 -432.24482355 -432.11901423 -432.07018265 -431.68401493 -431.64384532 -431.43080177 -431.43056852 -429.92013564 -429.85711641] 
43:[-203.46023722 -203.45362754 -203.45085605 -203.38022156 -203.37682343 -203.37219651 -203.35697305 -203.29602124 -203.29574886 -203.29384947 -203.28183307 -203.27037709 -203.27021636 -203.27011859 -203.26651806 -203.26585116 -203.26539913 -203.26343303 -203.26134505 -203.261345 -203.25785522 -203.2568669  -203.20770227 -203.17735272 -203.16890732 -203.08149876 -203.05099762 -203.04730453 -203.0445242  -203.04139592 -203.0037952  -203.00274381 -203.00263289 -202.99722558 -202.99287005 -202.98431538 -202.97419773 -202.92952007 -202.9235102  -202.92301533 -202.92197979 -202.47413465 -201.91833907 -201.91833597 -201.91826479 -201.90915354] 
44:[-237.00077914 -237.00076687 -236.7707081  -236.66811787 -236.6394628 -236.58110628 -236.45471104 -236.20627926 -236.20612867 -236.19125753 -236.16151049 -236.15367043 -236.11452232 -236.11070559 -236.10145456 -236.0997106  -235.93364298 -235.84232211 -235.80075873 -235.78944145 -235.78815875 -235.7375521  -235.73629961 -235.73456815 -235.7325767 -235.72951147 -235.69657215 -235.68860416 -235.68845081 -235.68836314 -235.66698317 -235.66539535 -235.62416583 -235.57581643 -235.54608046 -235.5038941  -235.38480941 -235.38477104 -235.3800719  -235.27645731 -235.27041153 -235.17445173 -234.7624073  -234.7476656  -234.74766486 -234.74764292] 
45:[-714.89471654 -714.88975234 -714.8870512  -714.88009087 -714.87995155 -714.87779571 -714.8754269  -714.87438584 -714.87402147 -714.87372238 -714.87321123 -714.87307607 -714.87172554 -714.86780087 -714.86171089 -714.86113831 -714.86019018 -714.84627586 -714.84402353 -714.84262143 -714.84134057 -714.83496935 -714.83129637 -714.82507914 -714.82454406 -714.82362962 -714.82273264 -714.82158553 -714.81996624 -714.81649886 -714.81622664 -714.80380802 -714.7918539  -714.78577186 -714.77449631 -714.77169443 -714.75114669 -714.7511232  -714.74664816 -714.74151977 -714.73970108 -714.73962391 -714.27392308 -714.27326381 -714.27325177 -714.26993487] 
RANKING VECTORS IDX
0:[15. 29.  0. 16. 27. 25. 44. 32. 40.  1. 37. 42.  4. 14. 12. 31.  3.  9. 21. 35. 10. 43.  2. 28.  8. 30. 18. 33. 39. 38. 13. 22. 45. 19. 24. 41. 20.  5.  7. 34. 26. 36. 11.  6. 17. 23.] 
1:[37.  1. 10. 43. 39. 30.  8. 24. 20. 26. 34. 13.  7. 28.  2. 38.  9. 31.  5.  4. 41. 22. 45. 12. 42. 21. 33. 36. 18. 35.  3. 19. 32. 44. 11.  6. 17. 40. 23. 14. 15. 25. 27.  0. 16. 29.] 
2:[ 8.  2. 18. 33. 36. 28. 42. 14. 12.  3. 20. 35. 10. 43. 30. 39. 45. 24. 41. 21. 38. 22.  5. 19. 31. 32. 44. 13.  4. 40.  9.  1. 37.  7. 26. 34.  0. 16. 27. 25. 15. 29. 11.  6. 17. 23.] 
3:[ 3. 43. 19. 39. 30. 35. 10. 44. 32.  8. 42. 14. 12. 45. 28.  2. 38.  5. 40.  4. 24. 22. 41. 20.  9. 34. 26. 13. 25. 31.  0. 16. 27. 15. 29. 21. 18. 33. 36. 37.  1.  7. 11.  6. 17. 23.] 
4:[22. 10. 30. 41. 28.  2. 38. 20. 43. 24.  4.  5. 34. 26. 13. 40. 37.  1. 15. 29. 14. 12. 42.  0. 16. 27. 25. 45. 31.  9. 32. 44. 36. 39.  7.  3. 21.  8. 11.  6. 17. 23. 33. 18. 35. 19.] 
5:[41.  5. 24. 30. 21. 22.  8. 40. 10. 43.  4. 33. 18. 27.  0. 16. 29. 15. 20. 34.  7. 25. 26. 11.  6. 17. 23. 44. 32. 42. 12. 14. 38.  2. 28. 36. 45. 31.  9. 37.  1. 39.  3. 13. 35. 19.] 
6:[13. 40. 23. 11. 34. 26.  7.  6. 17. 41. 22. 20. 38. 28.  2.  4. 27.  0. 25. 16. 24. 32. 44. 29. 10. 43. 15.  5. 21.  8. 33. 36. 12. 14. 42. 18.  1. 37. 31.  9. 30. 39. 35.  3. 45. 19.] 
7:[25.  0. 16. 27. 15. 29. 42. 12. 14.  2. 28. 38. 34. 26.  7. 13. 23. 40. 11.  6. 17. 22.  4. 24. 44. 32. 45.  5. 43. 20. 41. 39. 10. 30. 31.  9.  3. 35.  8. 18. 33. 36. 21.  1. 37. 19.] 
8:[43. 10. 39.  8. 36. 33. 28.  2. 38. 18. 20. 21. 24. 41.  5. 22.  0. 16. 27. 25. 15. 29. 13.  4. 44. 32.  1. 37. 31. 14. 12. 42. 30.  9. 40. 45.  3. 26. 34.  7. 19. 35. 23. 11.  6. 17.] 
9:[ 9. 31. 22. 24.  4. 43.  8. 10. 39. 30.  5. 28. 38.  2. 20. 41. 44. 32. 13. 34.  7. 26. 11.  6. 17. 23. 40. 45. 14. 12. 42. 16. 27.  0. 15. 29. 25.  3. 37.  1. 35. 19. 36. 33. 18. 21.] 
10:[ 8. 10. 43. 24. 20. 28.  2. 38. 41.  5. 31.  9. 44. 32. 22.  4. 40. 45. 36. 33. 18.  3. 21. 13. 34.  7. 26. 14. 42. 12. 15. 29.  0. 16. 27. 25. 11.  6. 17. 23.  1. 37. 30. 39. 35. 19.] 
11:[13. 23. 34.  7. 40. 26. 11.  6. 17. 25.  0. 16. 27. 15. 29. 32. 44. 24. 22. 38.  2. 28. 21. 18. 33. 36. 41.  5.  4.  8. 10. 43. 42. 14. 12. 45. 20. 31.  9. 39. 30.  3. 35.  1. 37. 19.] 
12:[25.  0. 16. 27. 15. 29. 44. 32. 24. 42. 14. 12. 45. 40. 22.  3.  4. 34. 26.  7. 28. 38.  2. 36. 43. 13. 23. 11.  6. 17. 30. 39. 10. 20.  5. 31.  9. 41. 35.  8. 19. 37.  1. 18. 33. 21.] 
13:[13. 18. 33. 36. 21. 41.  4. 22. 24. 31.  8.  9.  5. 30. 39. 43. 10.  1. 37.  2. 38. 28. 25. 40. 16. 27. 15. 29.  0. 20. 34. 26. 44. 32. 42. 12. 14. 45.  7. 11.  6. 23. 17.  3. 35. 19.] 
14:[42. 14. 12. 25.  0. 16. 27. 15. 29.  3.  4.  9. 44. 32. 45. 35. 31. 20. 10. 28. 22. 39. 19. 38.  1. 37. 43.  5.  8. 30. 21. 13. 41. 18. 33. 36.  2. 40. 26. 34.  7. 23. 11.  6. 17. 24.] 
15:[25.  0. 16. 27. 15. 29. 14. 12. 42. 44. 32. 45.  3. 40. 22.  4. 34.  7. 26.  2. 28. 36.  5. 35. 24. 13. 23.  6. 11. 17. 43. 10. 39. 30.  8. 19. 31.  9. 41. 38. 20. 21.  1. 37. 33. 18.] 
16:[ 3.  0. 16. 27. 15. 29. 25. 44. 32. 14. 42. 12. 45. 40. 24. 22.  4. 34.  7. 36.  2. 28. 33. 26. 18. 38. 35. 43.  8. 39. 30. 19.  5. 21. 10. 13. 11.  6. 23. 17. 20.  9. 31. 41.  1. 37.] 
17:[25.  0. 16. 27. 15. 29. 42. 12. 14.  2. 28. 38. 34. 26.  7. 13. 23. 40. 11.  6. 17. 22.  4. 24. 44. 32. 45.  5. 43. 20. 41. 39. 10. 30. 31.  9.  3. 35.  8. 18. 33. 36. 21.  1. 37. 19.] 
18:[21. 18. 33.  8.  5. 41. 15. 29. 25. 10. 43. 16. 27.  0. 22. 30. 39.  4. 38. 28. 40. 24. 20. 34.  7.  2. 44. 32. 14. 12. 42. 26. 13. 45.  9. 31. 36. 37.  1. 17. 11.  6. 23.  3. 35. 19.] 
19:[ 3.  8. 30. 35. 19. 44. 32. 45. 14. 12. 42. 39. 28.  2. 33. 18. 38. 22.  4. 20. 10. 43. 31. 41.  9. 13.  5. 40. 36.  1. 21. 37. 25. 15. 29.  0. 16. 27. 24.  7. 26. 34. 23. 11.  6. 17.] 
20:[41. 21. 18. 36. 33.  5.  8. 22. 24.  4. 20. 39.  7. 26. 34. 13. 15. 29. 16. 40. 27.  0. 17. 11.  6. 23. 30. 25.  2. 10. 44. 32. 42. 14. 12. 45. 38. 28. 43.  1. 37. 31.  9.  3. 35. 19.] 
21:[21. 18. 33.  8.  5. 41. 15. 29. 25. 10. 43. 16. 27.  0. 22. 30. 39.  4. 38. 28. 40. 24. 20. 34.  7.  2. 44. 32. 14. 12. 42. 26. 13. 45.  9. 31. 36. 37.  1. 17. 11.  6. 23.  3. 35. 19.] 
22:[22. 10. 30. 41. 28.  2. 38. 20. 43. 24.  4.  5. 34. 26. 13. 40. 37.  1. 15. 29. 14. 12. 42.  0. 16. 27. 25. 45. 31.  9. 32. 44. 36. 39.  7.  3. 21.  8. 11.  6. 17. 23. 33. 18. 35. 19.] 
23:[40. 23. 17. 11.  6. 26.  7. 34. 28. 38.  2. 22. 41.  5.  4. 24. 10. 39. 30. 43.  8. 20. 25. 16. 27.  0. 42. 15. 29. 14. 12. 31.  9. 35. 37. 44. 32. 45. 33. 36.  1. 21. 18. 13.  3. 19.] 
24:[24. 20.  4. 30. 22. 39. 10. 34.  7. 26. 13. 41. 40. 23. 11.  6. 17. 42. 14. 12. 28. 38.  2. 45. 43.  5. 44. 32. 25. 16. 27.  0. 15. 29. 31.  9.  3. 37.  1. 35. 21. 18. 33. 36.  8. 19.] 
25:[ 0. 16. 25. 15. 27. 29. 44. 32. 14. 12. 42. 45. 24. 40. 22. 34. 26.  7. 33.  2. 38. 28. 36.  3.  4. 13. 23. 11.  6. 17. 43.  5. 20. 39. 30. 10. 31.  9. 41. 35.  8. 19. 37.  1. 21. 18.] 
26:[34. 26.  7. 13. 23. 11.  6. 17. 40. 22. 33. 28.  2. 38.  0. 25. 16. 27. 15.  4. 29. 24. 14. 42. 12.  5. 30.  8. 43. 41. 10. 39. 20. 44. 32. 45. 31.  9. 35.  3. 37.  1. 21. 19. 36. 18.] 
27:[ 3.  0. 16. 25. 15. 27. 29. 44. 32. 14. 42. 12. 45. 40. 24. 22.  4. 35. 34.  7. 26. 36.  2. 18. 28. 33. 38. 43.  8. 30. 19. 10. 39.  5. 13. 20. 11. 17. 23.  6. 31.  9. 41. 37.  1. 21.] 
28:[28.  2. 38. 43.  8. 10. 39. 22. 20.  5. 24. 41.  4. 12. 14. 42. 26. 13. 34. 45. 44. 32. 15. 29. 27. 25.  7.  0. 16. 23. 40. 11.  6. 17.  9. 31.  3. 37.  1. 35. 30. 19. 21. 36. 18. 33.] 
29:[ 9.  3.  0. 25. 16. 27. 15. 29. 44. 32. 14. 42. 12. 45. 40. 24. 22. 35.  4. 10.  8. 19. 39. 30. 43. 20. 28.  2. 36. 38.  7. 34. 26. 33. 13. 31. 41. 23. 11.  6. 17.  5.  1. 37. 21. 18.] 
30:[ 8. 39. 43. 10. 30. 19. 35. 42. 14. 12. 20.  3. 45. 40. 21. 22. 38. 33. 36. 18. 28.  2.  4. 24. 41.  5. 31. 34. 13.  9.  1. 37. 32. 44. 15. 29. 25.  0. 16. 27. 26.  7. 23. 11.  6. 17.] 
31:[24. 20.  4. 30. 22. 39. 10. 34.  7. 26. 13. 41. 40. 23. 11.  6. 17. 42. 14. 12. 28. 38.  2. 45. 43.  5. 44. 32. 25. 16. 27.  0. 15. 29. 31.  9.  3. 37.  1. 35. 21. 18. 33. 36.  8. 19.] 
32:[32. 44.  3.  8. 43. 24. 40. 20. 42. 14. 12. 10. 45. 15. 29.  0. 16. 27.  4. 25. 22. 18. 38.  7. 34.  2. 28. 36. 33. 26. 13.  9. 35. 21.  5. 31. 30. 39. 41. 19. 23. 11.  6. 17.  1. 37.] 
33:[28.  2. 38. 33. 36. 18. 21. 30. 10. 43.  8. 20. 39. 24. 14. 12. 34.  7. 26. 13.  9.  4. 22.  1. 37. 31.  5. 41.  3. 44. 32. 45. 42. 35. 40. 19. 15. 29. 25.  0. 16. 27. 11.  6. 17. 23.] 
34:[13. 23. 34.  7. 40. 26. 11.  6. 17. 25.  0. 16. 27. 15. 29. 32. 44. 24. 22. 38.  2. 28. 21. 18. 33. 36. 41.  5.  4.  8. 10. 43. 42. 14. 12. 45. 20. 31.  9. 39. 30.  3. 35.  1. 37. 19.] 
35:[30. 35. 19. 39.  8.  2. 28. 38. 20. 12. 42. 14. 45.  3. 10. 43. 22. 21. 36. 31. 18. 33. 41. 13. 34.  4.  5.  9.  1. 37. 40. 24. 32. 44. 15. 29. 25.  0. 16. 27.  7. 26. 23. 11.  6. 17.] 
36:[36. 33. 18. 28.  2.  8. 38. 10. 39. 21. 43. 20. 24. 41. 30.  4. 14. 42. 12.  1. 37.  5. 34. 26. 13. 35. 31. 19. 22.  3.  9. 32. 44. 40.  7. 45.  6. 11. 17. 23. 27.  0. 16. 29. 15. 25.] 
37:[43. 10.  1. 37. 41. 21.  2. 36. 38. 45. 28. 18. 33. 30. 39.  8. 16. 27.  0. 35. 13. 44. 32.  5.  4. 26. 29. 34.  7. 25. 14. 12. 24. 42. 31. 40. 22. 15. 20.  9.  3. 11.  6. 17. 23. 19.] 
38:[39. 30. 43. 28. 10.  2. 38. 45.  3. 42. 14. 12. 22.  4. 24. 41.  5. 20. 13. 26. 34.  7. 15. 29.  0. 16. 27. 25. 31.  9. 44. 32. 35.  8. 19. 21.  1. 37. 18. 33. 36. 40. 23. 11.  6. 17.] 
39:[30. 39. 10. 41. 43. 32. 44. 36. 33. 28.  2. 18. 38.  5. 12. 14. 42.  3. 24. 20. 15. 29.  0. 16. 25. 27. 45.  4. 22. 40. 21. 35.  8. 13. 34.  7. 26. 31.  9. 19.  1. 37. 23. 11.  6. 17.] 
40:[23. 40. 11.  6. 17. 13. 34. 26.  7. 42. 14. 12. 25.  0. 16. 27. 15. 29.  5. 22. 33. 28.  2. 38.  4. 24. 41. 45. 44. 32. 10.  8. 20. 43. 39. 21. 31.  9.  3. 36. 18. 35. 37.  1. 30. 19.] 
41:[ 8. 10. 43. 24. 20. 28.  2. 38. 41.  5. 31.  9. 44. 32. 22.  4. 40. 45. 36. 33. 18.  3. 21. 13. 34.  7. 26. 14. 42. 12. 15. 29.  0. 16. 27. 25. 11.  6. 17. 23.  1. 37. 30. 39. 35. 19.] 
42:[ 0. 16. 25. 15. 27. 29. 44. 32. 14. 12. 42. 45. 24. 40. 22. 34. 26.  7. 33.  2. 38. 28. 36.  3.  4. 13. 23. 11.  6. 17. 43.  5. 20. 39. 30. 10. 31.  9. 41. 35.  8. 19. 37.  1. 21. 18.] 
43:[10. 30. 39. 28.  2. 38.  8. 15. 29. 43. 21.  0. 16. 27. 42. 14. 12. 25. 44. 32. 45.  3. 41. 24. 22. 20. 40. 37.  5.  1. 33. 18. 36. 31. 13.  4.  9. 26. 19. 34. 35.  7. 11.  6. 17. 23.] 
44:[32. 44. 43. 20. 24.  8.  3. 14. 12. 42. 45. 40. 39. 30. 21. 10. 35.  4. 19. 13. 22. 38. 18. 28.  2. 33. 25.  0. 16. 27. 15. 29. 41.  5.  9. 36. 34.  7. 26. 37.  1. 31. 23. 11.  6. 17.] 
45:[28. 38. 36.  8.  2. 10. 20. 42. 14. 43.  3. 12. 45. 24. 44. 31. 32. 22. 18. 33. 41.  5. 34. 13. 35. 21. 30. 26.  7. 39. 19.  4.  1. 37. 40.  9. 15. 29. 25.  0. 16. 27. 23. 11.  6. 17.] 
POSCARS
EA21    3.181  3.224  3.224 119.21 119.52 60.48 Sym.group:  225
1.0
   3.1807430000000001    0.0060770000000000   -0.0043340000000000
   1.5832590000000000    2.8086280000000001    0.0022880000000000
  -1.5833900000000001   -0.9159920000000000    2.6552099999999998
P Si
1 1
direct
   0.9917700000000000    0.9975650000000000    0.0039190000000000 P
   0.4917320000000000    0.4975890000000000    0.5038930000000000 Si
EA38    2.493  4.344  3.535 90.06 90.01 89.98 Sym.group:  191
1.0
   2.4929779999999999    0.0120400000000000    0.0011120000000000
  -0.0193490000000000    4.3433999999999999    0.0228970000000000
  -0.0021150000000000   -0.0226460000000000    3.5351050000000002
Al F
2 2
direct
   0.1352800000000000    0.3769140000000000    0.3730740000000000 Al
   0.6352830000000000    0.8769150000000000    0.3735150000000000 Al
   0.6350260000000000    0.8773110000000000    0.8734630000000000 F
   0.1346930000000000    0.3773080000000000    0.8731260000000000 F
EA245   2.766  2.767  3.637 90.04 90.12 61.32 Sym.group:  164
1.0
   2.7660790000000000   -0.0258580000000000   -0.0020680000000000
   1.3504849999999999    2.4147609999999999   -0.0082960000000000
  -0.0049130000000000    0.0122750000000000    3.6371820000000001
B Be
2 2
direct
   0.0054240000000000    0.9968560000000000    0.3645330000000000 B
   0.6704410000000000    0.6611390000000000    0.1543400000000000 B
   0.0075860000000000    0.9983230000000000    0.8967300000000000 Be
   0.6683190000000000    0.6596810000000000    0.6221790000000000 Be
EA7     3.625  3.625  3.332 90.00 90.00 90.00 Sym.group:  123
1.0
   3.6252330000000001   -0.0011210000000000    0.0003220000000000
   0.0011950000000000    3.6252190000000000    0.0016460000000000
  -0.0002880000000000   -0.0015150000000000    3.3316040000000000
Mg Li
2 2
direct
   0.6201150000000000    0.6232880000000000    0.6368300000000000 Mg
   0.1202830000000000    0.1232430000000000    0.6365030000000000 Mg
   0.1199110000000000    0.6231380000000000    0.1366970000000000 Li
   0.6202810000000000    0.1232470000000000    0.1366900000000000 Li
EA529   2.561  2.559  5.912 77.58 78.10 60.03 Sym.group:  160
1.0
   2.5607280000000001    0.0000380000000000   -0.0246500000000000
   1.2788020000000000    2.2168630000000000    0.0246440000000000
   1.2743110000000000    0.6686330000000000    5.7338550000000001
N P
2 2
direct
   0.9175040000000000    0.6682970000000000    0.0946340000000000 N
   0.4847860000000000    0.2216280000000000    0.4233240000000000 N
   0.2050600000000000    0.9493170000000000    0.2460650000000000 P
   0.3944400000000000    0.1169940000000000    0.7248840000000000 P
EA197   2.847  2.845  5.780 75.79 75.77 60.12 Sym.group:  166
1.0
   2.8470230000000001    0.0280920000000000    0.0087170000000000
   1.3929590000000001    2.4807440000000001    0.0406380000000000
   1.3965620000000001    0.7523430000000000    5.5580829999999999
B S
2 2
direct
   0.9827570000000000    0.6458840000000000    0.2853540000000000 B
   0.0785050000000000    0.7424670000000000    0.9946940000000000 B
   0.7925930000000000    0.4566900000000000    0.8509330000000001 S
   0.2686690000000000    0.9316610000000000    0.4291140000000000 S
EA147   2.996  2.999  5.178 73.37 73.35 60.38 Sym.group:  216
1.0
   1.4932460000000001   -2.5971039999999999    0.0180820000000000
   2.9985070000000000    0.0145310000000000    0.0061030000000000
   1.4761340000000001   -0.8287470000000000    4.8930449999999999
B P
2 2
direct
   0.9908850000000000    0.6463530000000000    0.3190910000000000 B
   0.4906340000000000    0.1463590000000000    0.8190930000000000 B
   0.3659650000000000    0.0219840000000000    0.1948480000000000 P
   0.8657210000000000    0.5219900000000000    0.6948470000000000 P
EA307   2.968  2.968  4.637 90.00 90.00 60.00 Sym.group:  186
1.0
   2.9680460000000002    0.0000440000000000    0.0000690000000000
   1.4838750000000001    2.5703659999999999   -0.0000850000000000
  -0.0001050000000000    0.0002080000000000    4.6365189999999998
Al N
2 2
direct
   0.3404440000000000    0.3333520000000000    0.1944030000000000 Al
   0.6736060000000000    0.6667860000000000    0.6944030000000000 Al
   0.6737930000000000    0.6666800000000001    0.3048440000000000 N
   0.3402560000000000    0.3334590000000000    0.8048440000000000 N
EA104   2.393  7.779  2.394 90.76 62.10 81.30 Sym.group:  166
1.0
   2.3920650000000001    0.0650340000000000    0.0412650000000000
   0.9647100000000000    7.7172099999999997    0.1542300000000000
   1.0897640000000000   -0.2104310000000000    2.1206930000000002
C Cl
2 2
direct
   0.9111640000000000    0.3648850000000000    0.1786930000000000 C
   0.5753700000000000    0.3649480000000000    0.8429700000000000 C
   0.0196780000000000    0.6956360000000000    0.6201170000000000 Cl
   0.4567960000000000    0.0341320000000000    0.3925650000000000 Cl
EA16    2.634  2.632  5.796 77.11 89.87 119.64 Sym.group:  166
1.0
   2.5643349999999998   -0.5950740000000000    0.0862310000000000
  -0.7559740000000000    2.5187360000000001    0.1038400000000000
   0.0878040000000000    1.1436679999999999    5.6817510000000002
Al O
2 2
direct
   0.8713770000000000    0.2547800000000000    0.2520090000000000 Al
   0.3712730000000000    0.2545730000000000    0.7520200000000000 Al
   0.9803200000000000    0.4741660000000000    0.9259300000000000 O
   0.7625100000000000    0.0352760000000000    0.5780880000000000 O
EA275   2.813  2.813  6.299 89.87 102.79 60.12 Sym.group:  166
1.0
   1.4122960000000000    2.4327350000000001    0.0061990000000000
  -1.4056450000000000    2.4363750000000000    0.0073130000000000
  -1.4058700000000000   -0.8123250000000000    6.0864279999999997
Be Cl
2 2
direct
   0.0196630000000000    0.5948790000000000    0.4055390000000000 Be
   0.5253679999999999    0.8440730000000000    0.6624949999999999 Be
   0.9806180000000000    0.1164900000000000    0.8455670000000000 Cl
   0.5644380000000000    0.3224570000000000    0.2224670000000000 Cl
EA157   2.927  2.927  5.064 106.78 73.22 119.98 Sym.group:  216
1.0
   2.9268130000000001   -0.0061000000000000    0.0118420000000000
  -1.4573590000000001    2.5381730000000000   -0.0117750000000000
   1.4405770000000000   -0.8361280000000000    4.7824660000000003
C Si
2 2
direct
   0.1811680000000000    0.8183610000000000    0.1865780000000000 C
   0.6810480000000000    0.3187240000000000    0.6865980000000000 C
   0.8062030000000000    0.1933240000000000    0.3113380000000000 Si
   0.3060940000000000    0.6936730000000000    0.8113290000000000 Si
EA12    3.052  3.052  5.051 89.98 90.01 60.02 Sym.group:  194
1.0
   3.0516519999999998    0.0006860000000000   -0.0006070000000000
   1.5246480000000000    2.6440519999999998    0.0017880000000000
   0.0005290000000000   -0.0020950000000000    5.0506380000000002
Cl Li
2 2
direct
   0.3282430000000000    0.3356440000000000    0.2505880000000000 Cl
   0.6614650000000000    0.6687270000000000    0.7505940000000000 Cl
   0.9944100000000000    0.0025990000000000    0.0005910000000000 Li
   0.9952970000000000    0.0017800000000000    0.5005920000000000 Li
EA37    2.292  2.292  6.496 80.22 99.77 119.46 Sym.group:  160
1.0
   2.2919470000000000    0.0024120000000000   -0.0190910000000000
  -1.1291789999999999    1.9945290000000000    0.0090090000000000
  -1.0500389999999999    0.6442890000000000    6.3776999999999999
O N
2 2
direct
   0.2241560000000000    0.7810360000000000    0.1617740000000000 O
   0.7211400000000000    0.2779780000000000    0.6617980000000000 O
   0.2821760000000000    0.7230350000000000    0.3399740000000000 N
   0.7791709999999999    0.2199780000000000    0.8400069999999999 N
EA40    3.302  3.304  5.255 90.00 90.00 119.97 Sym.group:  194
1.0
   3.3019690000000002    0.0002330000000000   -0.0010690000000000
  -1.6505240000000001    2.8620000000000001   -0.0003000000000000
   0.0014970000000000    0.0013480000000000    5.2548159999999999
Al P
2 2
direct
   0.9987549999999999    0.0054590000000000    0.9985550000000000 Al
   0.9988020000000000    0.0054790000000000    0.4985540000000000 Al
   0.6655219999999999    0.3390830000000000    0.7485600000000000 P
   0.3320310000000000    0.6718530000000000    0.2485520000000000 P
EA161   4.663  3.307  3.307 90.00 90.00 90.00 Sym.group:  225
1.0
   4.6632980000000002   -0.0034580000000000    0.0014890000000000
   0.0022380000000000    3.3066650000000002   -0.0021100000000000
  -0.0009630000000000    0.0023220000000000    3.3070949999999999
Mg S
2 2
direct
   0.1267730000000000    0.7812550000000000    0.7745649999999999 Mg
   0.6280880000000000    0.2806070000000000    0.2750160000000000 Mg
   0.1280070000000000    0.2813220000000000    0.2745110000000000 S
   0.6270160000000000    0.7806980000000000    0.7749300000000000 S
EA9     2.754  2.763  3.898 89.91 90.24 90.00 Sym.group:  225
1.0
   2.7536130000000001    0.0003320000000000    0.0059160000000000
  -0.0002510000000000    2.7629459999999999   -0.0025380000000000
  -0.0248570000000000    0.0096260000000000    3.8976380000000002
H Na
2 2
direct
   0.3749810000000000    0.3733480000000000    0.1248950000000000 H
   0.8862890000000000    0.8732330000000000    0.6259860000000000 H
   0.8751960000000000    0.8737360000000000    0.1259200000000000 Na
   0.3859780000000000    0.3737420000000000    0.6251810000000000 Na
EA56    2.928  2.929  2.928 90.03 60.02 60.01 Sym.group:  216
1.0
   0.0455560000000000    1.6759340000000000    2.4007429999999998
  -1.4371959999999999    2.5516440000000000    0.0313810000000000
  -1.4453450000000001   -0.8452490000000000    2.4025780000000001
Al N
1 1
direct
   0.6233730000000000    0.5289710000000000    0.0214460000000000 Al
   0.1234450000000000    0.2789120000000000    0.2714300000000000 N
EA234   2.476  6.391  2.456 90.00 60.28 89.97 Sym.group:  164
1.0
   2.4750260000000002   -0.0062980000000000    0.0572400000000000
   0.0189790000000000    6.3906120000000000    0.0264730000000000
   1.1678649999999999   -0.0125390000000000    2.1603850000000002
C S
2 2
direct
   0.5648450000000000    0.5029420000000000    0.8426000000000000 C
   0.2307140000000000    0.4300220000000000    0.5095570000000000 C
   0.2308010000000000    0.1483580000000000    0.5094280000000000 S
   0.5649220000000000    0.7846050000000000    0.8424650000000000 S
EA115   3.872  3.872  3.872 90.03 119.99 119.98 Sym.group:  227
1.0
   0.0885970000000000   -2.2011989999999999   -3.1837399999999998
   1.8915800000000000    3.3775230000000001    0.0702230000000000
   1.8911380000000000   -1.1273070000000001    3.1854429999999998
Al Li
2 2
direct
   0.6172470000000000    0.8650330000000001    0.1149040000000000 Al
   0.1173490000000000    0.6150020000000000    0.3650230000000000 Al
   0.6173140000000000    0.3650650000000000    0.6149790000000001 Li
   0.1173030000000000    0.1150330000000000    0.8650220000000000 Li
EA18    2.822  2.833  4.690 90.32 90.23 60.73 Sym.group:  164
1.0
   1.4439240000000000   -2.4244420000000000    0.0032630000000000
   2.8324150000000001    0.0742730000000000   -0.0098110000000000
  -0.0105710000000000    0.0217840000000000    4.6904250000000003
C P
2 2
direct
   0.9990000000000000    0.9942210000000000    0.3454370000000000 C
   0.9988210000000000    0.9991910000000001    0.6608760000000000 C
   0.3326470000000000    0.3291990000000000    0.1795880000000000 P
   0.6651750000000000    0.6642130000000001    0.8267250000000000 P
EA249   2.454  6.556  2.485 100.79 119.58 90.04 Sym.group:  166
1.0
   1.2814310000000000   -0.1711160000000000    2.0857070000000002
   1.0717589999999999    6.4662269999999999   -0.1339620000000000
  -2.4832390000000002   -0.0587060000000000    0.0775350000000000
C S
2 2
direct
   0.3963970000000000    0.1809760000000000    0.8246200000000000 C
   0.7530120000000000    0.2541730000000000    0.5373910000000000 C
   0.3019730000000000    0.9008180000000000    0.6390050000000000 S
   0.8456930000000000    0.5343320000000000    0.7220100000000000 S
EA425   2.563  5.731  2.563 89.91 60.01 89.85 Sym.group:  156
1.0
   2.5597379999999998   -0.1290680000000000   -0.0021870000000000
   0.3040150000000000    5.7228289999999999    0.0728260000000000
   1.2800199999999999   -0.0919950000000000    2.2183269999999999
N P
2 2
direct
   0.4598650000000000    0.4954110000000000    0.3764500000000000 N
   0.7946930000000000    0.1668690000000000    0.7101460000000001 N
   0.1272900000000000    0.3442880000000000    0.0432620000000000 P
   0.7970920000000000    0.8644730000000000    0.7107710000000000 P
EA97    4.276  2.469  2.469 119.97 73.24 106.76 Sym.group:  216
1.0
   4.2761579999999997    0.0215250000000000    0.0394400000000000
  -0.7002260000000000    1.2684359999999999   -1.9996860000000001
   0.6871410000000000    1.2016739999999999    2.0448279999999999
N B
2 2
direct
   0.6083840000000000    0.6889510000000000    0.8151490000000000 N
   0.1083840000000000    0.1885460000000000    0.3157960000000000 N
   0.9834430000000000    0.8135540000000000    0.6908970000000000 B
   0.4834420000000000    0.3139750000000000    0.1902190000000000 B
EA255   2.808  7.269  2.809 89.99 119.98 90.01 Sym.group:  156
1.0
   1.4083650000000001   -0.0007640000000000    2.4297300000000002
   0.0079270000000000    7.2686140000000004   -0.0038130000000000
  -2.8088030000000002    0.0037370000000000    0.0056440000000000
N Si
3 3
direct
   0.5507530000000000    0.1724370000000000    0.9972450000000000 N
   0.8840190000000000    0.9074050000000000    0.6634409999999999 N
   0.8834540000000000    0.4380670000000000    0.6644550000000000 N
   0.8841000000000000    0.1756560000000000    0.6637750000000000 Si
   0.2167830000000000    0.5436650000000000    0.3309670000000000 Si
   0.5505630000000000    0.8060200000000000    0.9970550000000000 Si
EA21    2.552  2.552  2.552 60.00 90.00 120.00 Sym.group:  225
1.0
   1.2773699999999999    1.2758929999999999   -1.8042149999999999
  -1.2757680000000000    1.2766130000000000    1.8047700000000000
   1.2766960000000001    1.2750390000000000    1.8053770000000000
F Li
1 1
direct
   0.7466190000000000    0.4931490000000000    0.7566740000000000 F
   0.2466160000000000    0.4931440000000000    0.2566920000000000 Li
EA9     2.558  2.558  4.154 90.00 90.00 120.00 Sym.group:  186
1.0
   1.2797879999999999   -2.2145630000000001    0.0001290000000000
   1.2780560000000001    2.2155209999999999   -0.0019060000000000
   0.0026940000000000    0.0021730000000000    4.1543720000000004
O Be
2 2
direct
   0.3187550000000000    0.6586500000000000    0.1303500000000000 O
   0.6521370000000000    0.3252110000000000    0.6303460000000000 O
   0.6520600000000000    0.3252690000000000    0.0078250000000000 Be
   0.3187180000000000    0.6585320000000000    0.5077120000000001 Be
EA1     2.891  2.880  4.081 89.57 90.09 90.00 Sym.group:  225
1.0
   2.8911319999999998   -0.0003270000000000    0.0019110000000000
   0.0002030000000000    2.8802469999999998   -0.0082450000000000
  -0.0088840000000000    0.0424570000000000    4.0804640000000001
F Na
2 2
direct
   0.3711040000000000    0.8696680000000000    0.9639440000000000 F
   0.8750260000000000    0.3707220000000000    0.4635940000000000 F
   0.8712290000000000    0.3703310000000000    0.9633980000000000 Na
   0.3753950000000000    0.8713330000000000    0.4642500000000000 Na
EA272   2.821  2.821  5.546 89.92 90.16 119.84 Sym.group:  164
1.0
   2.8214020000000000    0.0030940000000000    0.0052530000000000
  -1.4062340000000000    2.4455480000000001    0.0005210000000000
  -0.0261630000000000   -0.0068980000000000    5.5460919999999998
F Mg
2 2
direct
   0.3251680000000000    0.6632720000000000    0.6423250000000000 F
   0.6577290000000000    0.3290550000000000    0.3590160000000000 F
   0.3229400000000000    0.6630130000000000    0.1933900000000000 Mg
   0.6598600000000000    0.3292440000000000    0.8079980000000000 Mg
EA11    3.320  3.330  3.323 60.43 119.70 119.61 Sym.group:  225
1.0
   3.3203900000000002    0.0230500000000000   -0.0013930000000000
  -1.6563500000000000    1.6711760000000000    2.3568050000000000
  -1.6336679999999999   -1.6770050000000001    2.3577640000000000
Cl Na
1 1
direct
   0.4963550000000000    0.5034310000000000    0.4894050000000000 Cl
   0.9965030000000000    0.0034120000000000    0.9897200000000000 Na
EA7     2.948  2.944  3.616 89.99 66.16 60.06 Sym.group:  166
1.0
   1.4841850000000001    2.5475240000000001    0.0100190000000000
  -1.4640850000000001    2.5535790000000000   -0.0250440000000000
   1.4244509999999999    0.8490500000000000    3.2129509999999999
B Li
2 2
direct
   0.8114250000000000    0.0247860000000000    0.4788280000000000 B
   0.4544910000000000    0.7026990000000000    0.5085790000000000 B
   0.3658470000000000    0.2473590000000000    0.1431600000000000 Li
   0.9000990000000000    0.4801040000000000    0.8442120000000000 Li
EA184   2.628  2.628  5.549 76.48 89.99 60.00 Sym.group:  166
1.0
   2.6278120000000000   -0.0009680000000000   -0.0010900000000000
   1.3147050000000000    2.2752759999999999    0.0152080000000000
   0.0035370000000000    1.4601759999999999    5.3531079999999998
N Si
2 2
direct
   0.1769520000000000    0.4017870000000000    0.2829340000000000 N
   0.3939690000000000    0.9685220000000000    0.9215370000000001 N
   0.2838900000000000    0.1855700000000000    0.6022390000000000 Si
   0.7855080000000000    0.1851400000000000    0.1022340000000000 Si
EA5     2.791  2.792  3.569 89.82 89.86 60.04 Sym.group:  187
1.0
   1.4297830000000000    2.3968550000000000   -0.0448400000000000
  -1.3630290000000000    2.4357240000000000   -0.0493280000000000
  -0.0070970000000000    0.0812810000000000    3.5685330000000000
O Li
2 2
direct
   0.3330630000000000    0.0810250000000000    0.5309900000000000 O
   0.3322780000000000    0.0798410000000000    0.9545490000000000 O
   0.9994960000000001    0.7465440000000000    0.7427790000000000 Li
   0.6655300000000000    0.4143290000000000    0.2427620000000000 Li
EA12    2.446  2.445  4.951 90.04 90.14 60.01 Sym.group:  164
1.0
   1.2238709999999999    2.1174430000000002    0.0050860000000000
  -1.2220370000000000    2.1179109999999999    0.0011470000000000
  -0.0159580000000000   -0.0163780000000000    4.9512000000000000
C F
2 2
direct
   0.5732030000000000    0.5824680000000000    0.4103930000000000 C
   0.2392400000000000    0.2492650000000000    0.3130770000000000 C
   0.5750720000000000    0.5818719999999999    0.6815540000000000 F
   0.2371290000000000    0.2495140000000000    0.0419140000000000 F
EA44    4.779  2.927  2.927 120.00 90.00 90.00 Sym.group:  186
1.0
   4.7790809999999997    0.0008700000000000   -0.0018400000000000
   0.0005610000000000    1.4653570000000000    2.5338599999999998
   0.0004210000000000   -2.9273020000000001    0.0022770000000000
C Si
2 2
direct
   0.6606140000000000    0.2257710000000000    0.0608910000000000 C
   0.1606130000000000    0.5590180000000000    0.7274750000000000 C
   0.5375470000000000    0.5591000000000000    0.7275160000000001 Si
   0.0375470000000000    0.2256490000000000    0.0608140000000000 Si
EA114   4.141  4.141  4.162 60.89 119.12 88.62 Sym.group:  141
1.0
   2.0541250000000000    3.5947680000000002    0.0624260000000000
  -2.0546489999999999    1.2305200000000001    3.3777879999999998
   0.0434070000000000   -2.4165770000000002    3.3888379999999998
Al Na
2 2
direct
   0.6281440000000000    0.2378450000000000    0.7580070000000000 Al
   0.3775850000000000    0.9872760000000000    0.2580290000000000 Al
   0.1281480000000000    0.7376060000000000    0.7579740000000000 Na
   0.8776800000000000    0.4874720000000000    0.2579760000000000 Na
EA54    2.431  2.432  3.419 89.93 89.92 60.01 Sym.group:  164
1.0
   2.4311050000000001   -0.0018390000000000   -0.0004700000000000
   1.2170589999999999    2.1050010000000001   -0.0004580000000000
   0.0054850000000000    0.0025470000000000    3.4190719999999999
C H
2 2
direct
   0.3421560000000000    0.8341480000000000    0.8283880000000000 C
   0.6756470000000000    0.1676600000000000    0.6961030000000000 C
   0.6762980000000000    0.1681510000000000    0.3806000000000000 H
   0.3415220000000000    0.8336330000000000    0.1438910000000000 H
EA52    3.213  2.318  2.318 120.00 89.99 90.01 Sym.group:  191
1.0
   3.2133159999999998    0.0024550000000000   -0.0044090000000000
  -0.0041960000000000    1.1843830000000000   -1.9923780000000000
   0.0022070000000000    1.1333370000000000    2.0218630000000002
H Si
1 1
direct
   0.3412390000000000    0.2445300000000000    0.9988190000000000 H
   0.8412180000000000    0.2504320000000000    0.0009270000000000 Si
EA88    2.997  2.995  6.979 90.01 90.09 119.93 Sym.group:  164
1.0
   2.9968309999999998   -0.0235090000000000    0.0037260000000000
  -1.4738770000000001    2.6074269999999999    0.0030110000000000
  -0.0203500000000000   -0.0214480000000000    6.9790400000000004
Cl Mg
2 2
direct
   0.0072470000000000    0.9945030000000000    0.0901720000000000 Cl
   0.3412810000000000    0.6617450000000000    0.7858309999999999 Cl
   0.3416280000000000    0.6614900000000000    0.2944480000000000 Mg
   0.0067290000000000    0.9948920000000000    0.5815460000000000 Mg
EA73    2.789  5.243  2.809 91.06 60.23 105.42 Sym.group:  166
1.0
   1.3985540000000001   -0.3513360000000000    2.3871799999999999
  -1.4309570000000000    5.0436110000000003   -0.0478810000000000
  -1.4091160000000000   -0.4309690000000000    2.3911660000000001
Al B
2 2
direct
   0.8150870000000000    0.2544920000000000    0.2685300000000000 Al
   0.4180680000000000    0.6509380000000000    0.4598690000000000 Al
   0.2867430000000000    0.9585540000000000    0.0297150000000000 B
   0.9464220000000000    0.9468760000000001    0.6986730000000000 B
EA231   4.336  3.143  3.143 90.00 89.99 90.00 Sym.group:  119
1.0
   4.3364339999999997    0.0001780000000000   -0.0005190000000000
  -0.0000800000000000    3.1427200000000002    0.0032470000000000
   0.0009940000000000   -0.0031540000000000    3.1431719999999999
Be S
2 2
direct
   0.1191090000000000    0.0092710000000000    0.2522740000000000 Be
   0.6191480000000000    0.5094050000000000    0.7523470000000000 Be
   0.3691760000000000    0.5092680000000001    0.2524190000000000 S
   0.8691770000000000    0.0093890000000000    0.7523570000000001 S
EA268   2.874  2.873  6.121 89.71 90.32 119.87 Sym.group:  164
1.0
   2.8744070000000002   -0.0061880000000000    0.0068930000000000
  -1.4253830000000001    2.4946869999999999   -0.0017290000000000
  -0.0491440000000000    0.0120510000000000    6.1205809999999996
Be Cl
2 2
direct
   0.9931480000000000    0.0035690000000000    0.1559510000000000 Be
   0.9977680000000000    0.0010590000000000    0.8496060000000000 Be
   0.3303930000000000    0.6685950000000001    0.6854789999999999 Cl
   0.6605470000000000    0.3360420000000000    0.3201440000000000 Cl
EA119   2.508  2.508  4.329 89.99 89.99 60.01 Sym.group:  194
1.0
   1.2588120000000000   -2.1691220000000002    0.0047060000000000
   2.5082770000000001    0.0059160000000000    0.0021060000000000
  -0.0031460000000000    0.0062900000000000    4.3290970000000000
F Li
2 2
direct
   0.6648380000000000    0.6648790000000000    0.2534100000000000 F
   0.3314310000000000    0.3318450000000000    0.7534090000000000 F
   0.9980000000000000    0.9984980000000000    0.0034320000000000 Li
   0.9983980000000000    0.9984620000000000    0.5034570000000000 Li
EA237   3.077  3.077  6.387 103.80 103.81 60.08 Sym.group:  166
1.0
   1.5414200000000000    2.6636389999999999    0.0010510000000000
  -1.5398769999999999    2.6643400000000002   -0.0072570000000000
  -0.0179460000000000   -1.7529170000000001    6.1412370000000003
S Si
2 2
direct
   0.8843330000000000    0.1459110000000000    0.9263890000000000 S
   0.1010140000000000    0.3622070000000000    0.5762550000000000 S
   0.7013260000000000    0.9626040000000000    0.3776210000000000 Si
   0.2840180000000000    0.5455179999999999    0.1250220000000000 Si
EA95    2.819  2.835  3.702 89.97 89.92 119.80 Sym.group:  187
1.0
   2.8190840000000001   -0.0028790000000000   -0.0080200000000000
  -1.4061539999999999    2.4614129999999999   -0.0040410000000000
   0.0159180000000000    0.0177750000000000    3.7024219999999999
N Li
2 2
direct
   0.1551770000000000    0.8194080000000000    0.0768000000000000 N
   0.1540580000000000    0.8185680000000000    0.4189950000000000 N
   0.4866310000000000    0.4827560000000000    0.2473230000000000 Li
   0.8219990000000000    0.1529250000000000    0.7472940000000000 Li
EA123   2.535  2.527  3.977 89.99 90.07 119.86 Sym.group:  187
1.0
   2.5352350000000001   -0.0039460000000000    0.0074930000000000
  -1.2548630000000001    2.1937220000000002   -0.0008400000000000
  -0.0165430000000000   -0.0073010000000000    3.9769760000000001
Na Li
1 1
direct
   0.6553780000000000    0.8328730000000000    0.9985810000000001 Na
   0.3173680000000000    0.1660210000000000    0.4986180000000000 Li
