NUMBER OF TEMPLATES 27
COMPOSITION A 2 B
pairs , SPACEGROUPS 
[Na B] , 191 
[Li Al] , 191 
[Na P] , 191 
[Mg Na] , 164 
[C B] , 164 
[Be Na] , 164 
[Be O] , 156 
[Li F] , 164 
[B Si] , 166 
[B O] , 189 
[Al F] , 187 
[Al Li] , 155 
[N O] , 160 
[Li Si] , 191 
[N B] , 160 
[Si Mg] , 227 
[Be Si] , 216 
[N Mg] , 194 
[C Li] , 191 
[Be N] , 166 
[Al Mg] , 164 
[P C] , 166 
[H Be] , 136 
[Na Al] , 191 
[Al Si] , 164 
[Si F] , 191 
[N Li] , 194 
RANKING VECTORS ENTHALPIES
0:[-851.01162241 -850.85163531 -850.78256581 -850.78246279 -850.78182526 -850.76594838 -850.76329227 -850.76257652 -850.76144712 -850.71013676 -850.4783835  -850.37016633 -850.23423341 -850.1877066  -850.18439704 -850.17498863 -850.17377849 -850.1040976  -850.07525861 -850.06129483 -850.03947253 -849.99656355 -849.93519111 -849.91170674 -849.88016311 -849.78441628 -849.54434797] 
1:[-148.21006124 -148.20991157 -148.20912592 -148.20608663 -148.20605697 -148.19980215 -148.12094159 -148.05402198 -147.94679503 -147.93024283 -147.92670067 -147.92632441 -147.9253198  -147.92329145 -147.92038179 -147.89412817 -147.87703491 -147.87635469 -147.80531107 -147.7521892 -147.74585362 -147.62871311 -147.60108438 -147.57242917 -147.19359104 -146.7852993  -146.6245009 ] 
2:[-887.461413   -887.45878978 -887.4587083  -887.45868431 -887.45866857 -887.44181873 -887.39173498 -887.00517808 -886.89518395 -886.84546526 -886.84331591 -886.7379059  -886.73789356 -886.73775279 -886.73508179 -886.72488332 -886.72180549 -886.70121235 -886.53238759 -886.45224291 -886.44904251 -886.38527313 -886.32834758 -886.31253503 -885.88821022 -885.76588793 -885.53010315] 
3:[-1486.03710304 -1486.02996369 -1486.02878805 -1486.02295354 -1486.01995589 -1485.97342894 -1485.968878   -1485.90917085 -1485.89524663 -1485.88012277 -1485.88003449 -1485.87940971 -1485.87923199 -1485.87816423 -1485.87720534 -1485.8660601 -1485.85697883 -1485.7562427  -1485.74105147 -1485.70422349 -1485.70029786 -1485.65353189 -1485.58653843 -1484.99645207 -1484.89872759 -1484.77115876 -1484.6748537 ] 
4:[-133.77816461 -133.20802089 -132.79452818 -132.75015127 -132.72775277 -132.72246271 -132.70849232 -132.4377733  -132.43620167 -132.38882925 -132.20787005 -132.13903391 -132.09960689 -132.01327233 -131.85564988 -131.60886234 -131.5126168  -131.50693913 -131.50642787 -131.49788176 -131.49734855 -131.26490815 -131.26117742 -131.2395111  -130.97819938 -130.82773089 -130.2403377 ] 
5:[-663.77330602 -663.77289791 -663.77200916 -663.76550345 -663.74947756 -663.72870629 -663.71844565 -663.68251877 -663.64615581 -663.63606396 -663.61034145 -663.49911405 -663.49705455 -663.48508338 -663.48408027 -663.48407929 -663.48369383 -663.48369279 -663.48281201 -663.43943723 -663.43639919 -663.39195056 -663.29552027 -662.96624592 -662.96117414 -662.51923811 -661.81096896] 
6:[-401.49782199 -401.48124197 -401.45891404 -401.39884521 -401.39859543 -401.39565124 -401.38115503 -401.27602959 -401.18985272 -401.18895582 -401.11609914 -400.97525972 -400.85715949 -400.8294106  -400.69696334 -400.4680935  -400.44283343 -400.11793196 -399.90620815 -399.56455809 -399.28388954 -398.91480383 -398.91387494 -398.91356704 -398.9132726 -398.91063187 -398.90696084] 
7:[-352.62581516 -352.61232384 -352.56137345 -352.55627561 -352.55546771 -352.55386873 -352.52787854 -352.52404448 -352.52168921 -352.42796854 -352.32444046 -352.31837955 -352.23060172 -352.16051473 -352.09792461 -351.89380454 -351.67298353 -351.64799799 -351.62613529 -351.49172689 -351.45842271 -351.4584036  -351.45824971 -351.4569848  -351.45698159 -351.45609821 -351.20917566] 
8:[-88.85989472 -88.82488636 -88.82488602 -88.82416912 -88.82016777 -88.7622944  -88.69643003 -88.69642855 -88.69013925 -88.68955043 -88.6873187  -88.68731866 -88.6294108  -88.59777217 -88.5897409 -88.54024778 -88.4957402  -88.46184386 -88.3729779  -88.2931559 -88.14740621 -88.14698615 -88.1426606  -88.13567016 -88.08815634 -87.7523131  -87.67220114] 
9:[-201.35775697 -200.98091473 -200.88815052 -200.8076623  -200.58160159 -200.54869635 -200.26195256 -200.14566485 -200.14549322 -200.14203093 -200.10347678 -200.08966422 -199.91732766 -199.85119572 -199.54024065 -199.53631782 -199.48623632 -199.45609605 -199.10319091 -199.08809919 -199.08601748 -199.07612994 -198.92181344 -198.89529635 -198.81570635 -198.69130855 -198.42094327] 
10:[-262.30181315 -262.29508112 -262.16416077 -262.09196194 -262.06207235 -262.03883682 -262.03300982 -262.03252204 -262.01279703 -262.00573652 -261.95484936 -261.83200543 -261.81639832 -261.81553346 -261.72821608 -261.62612149 -261.56594323 -261.50441726 -261.32901167 -261.03992412 -261.03990199 -261.03780638 -261.03134849 -261.03133765 -261.02894543 -260.60235441 -260.27218009] 
11:[-103.40291503 -103.39928875 -103.39659862 -103.39239917 -103.37907288 -103.37204918 -103.28857162 -103.22899901 -103.19144796 -103.18190201 -103.18142958 -103.1504105  -103.14687148 -103.14687045 -103.14517134 -103.14382354 -103.13852027 -103.12801231 -103.05440157 -103.00302874 -102.92028705 -102.89403439 -102.87183134 -102.78084458 -102.58000563 -102.57024454 -101.87093431] 
12:[-334.22766496 -333.75921396 -333.19499758 -333.17514846 -332.97561841 -332.91313788 -332.8851902  -332.88433042 -332.75581492 -332.72277398 -332.58345975 -332.57204716 -332.49904874 -332.49888501 -332.38826868 -332.31879913 -332.15595069 -332.0054764  -331.85471008 -331.79870268 -331.78859172 -331.7828234  -331.77833084 -331.77437583 -331.77286327 -331.63316458 -331.42349367] 
13:[-165.94004803 -165.94002742 -165.93996806 -165.93897808 -165.93339673 -165.93336312 -165.93055023 -165.74105212 -165.56241217 -165.53123527 -165.52984565 -165.52131365 -165.51353513 -165.48923132 -165.48690932 -165.4856458  -165.42439156 -165.39898734 -165.35599443 -165.34501853 -165.29961799 -165.25090799 -165.06642653 -165.05365737 -164.98086927 -164.70234705 -164.20770603] 
14:[-212.92133075 -212.66558713 -212.5794464  -212.57943709 -211.86159407 -211.85652275 -211.73394435 -211.63089771 -211.46696283 -211.42951175 -211.42811394 -211.41709443 -211.41701958 -211.35537228 -211.26145394 -210.86740068 -210.69572425 -210.33586605 -210.21854859 -209.86036129 -209.85768486 -209.85073721 -209.84957888 -209.84906447 -209.5407598 -209.25570147 -208.74159177] 
15:[-610.9329445  -610.93288463 -610.93286181 -610.92811135 -610.92811042 -610.91582329 -610.91574729 -610.80356567 -610.78214283 -610.75441264 -610.75310635 -610.7431431  -610.69730727 -610.68720711 -610.53537084 -610.51047081 -610.47380005 -610.46458338 -610.36223429 -610.2907543 -610.25864622 -610.19738139 -610.18895151 -610.16685628 -610.13321947 -609.4427196  -608.99432129] 
16:[-288.4028955  -288.23715661 -288.22641951 -288.22636059 -288.22043964 -288.21947263 -288.21786728 -288.21590407 -288.21582859 -288.21556312 -288.20976435 -288.20971344 -288.20673887 -288.2017872  -288.20123237 -288.07783412 -288.00546331 -288.00139616 -287.92973271 -287.92763977 -287.92452344 -287.92083423 -287.89430616 -287.86414472 -287.5435808 -287.28428944 -287.15899228] 
17:[-724.00210613 -724.00161597 -723.73807818 -723.59352988 -722.98252362 -722.91039602 -722.90640688 -722.87107321 -722.8550305  -722.83555334 -722.8233949  -722.8146544  -722.81461213 -722.81453475 -722.81041137 -722.80906819 -722.7975312  -722.77668795 -722.62307988 -722.61880947 -722.34715105 -722.33706816 -722.24288471 -722.07890004 -721.94177727 -721.85868956 -721.30726708] 
18:[-172.48064249 -172.47710333 -172.47695624 -172.47438226 -172.35654632 -172.13166058 -172.11987564 -172.10486982 -172.08201187 -171.0814415 -171.07667749 -171.07634742 -171.07521065 -171.0747842  -171.07478345 -171.0278465  -170.8871991  -170.85316612 -170.84685839 -170.79084635 -170.77668032 -170.72071434 -170.49115439 -170.43469172 -170.29849182 -170.21116703 -169.37097065] 
19:[-345.66708372 -345.46955079 -345.43869335 -345.40093061 -345.3651411 -345.35539285 -345.35417207 -345.35321255 -345.34826982 -345.25103665 -345.24748595 -345.24439965 -345.00406068 -344.74483749 -344.49106389 -344.36046919 -344.11355736 -344.07277685 -343.99248812 -343.79762071 -343.7285452  -343.31296923 -343.28728482 -343.2713071  -343.27000606 -343.26946438 -342.36938713] 
20:[-575.94643027 -575.93050087 -575.92387592 -575.91879362 -575.91357268 -575.88309797 -575.87556555 -575.87533474 -575.86958448 -575.86955774 -575.86807955 -575.86787064 -575.85552087 -575.73478676 -575.68891814 -575.68365747 -575.67447346 -575.52681448 -575.51316479 -575.41762215 -575.29522193 -575.2684333  -575.19604876 -575.15750867 -575.13795983 -574.26366581 -574.03972354] 
21:[-176.53387528 -176.49994885 -176.27417843 -176.21765736 -176.14698295 -176.07856343 -176.07574333 -176.05797677 -176.0578151  -175.9870373 -175.96317331 -175.87474984 -175.8522385  -175.77853052 -175.77463922 -175.68384981 -175.54367105 -175.38421669 -175.33980459 -175.21004242 -175.21004034 -175.20637323 -175.20383102 -175.19495162 -175.19495015 -175.06486928 -174.39589875] 
22:[-135.58725891 -135.5871286  -135.57886655 -135.56436097 -135.5614858 -135.5554856  -135.52247648 -135.52239883 -135.33303297 -135.31999381 -135.30653516 -135.28451391 -135.20958923 -135.17044666 -135.16629773 -135.14120269 -135.07448359 -135.06827884 -135.06436405 -135.05514119 -135.04157481 -135.02566333 -135.00459491 -135.00459356 -134.93973894 -134.91385833 -134.81493997] 
23:[-844.63991581 -844.63989696 -844.62940761 -844.62916667 -844.62850544 -844.6268907  -844.61434189 -844.55044901 -844.54923382 -844.54808338 -844.54401722 -844.5430752  -844.54235512 -844.5370838  -844.5215489 -844.51907628 -844.48229767 -844.47886331 -844.45431639 -844.44003833 -844.37119923 -844.36630898 -844.17813749 -844.13163799 -843.56500403 -843.35160568 -843.16903956] 
24:[-76.170497   -76.16865859 -76.16104438 -76.15993343 -76.10762079 -76.06759734 -75.9446937  -75.93125108 -75.91963134 -75.86851915 -75.86841608 -75.85905121 -75.85387992 -75.84343721 -75.84335065 -75.83398535 -75.79869975 -75.7930341  -75.72866422 -75.71446784 -75.66794687 -75.62679958 -75.62044947 -75.52625496 -75.35938746 -74.75974221 -74.71116003] 
25:[-296.81313839 -296.79462269 -296.64965271 -296.63824133 -296.61876945 -296.45866545 -296.38231677 -296.38115665 -296.3718803  -296.3633372 -296.33845004 -296.3306266  -296.32153564 -296.32125183 -296.31335309 -296.19219996 -296.19213681 -296.18447279 -296.18446037 -296.18017909 -296.17910161 -296.0923571  -296.06042402 -295.81229947 -295.67559549 -295.60495584 -295.46207184] 
26:[-251.27292163 -251.27195007 -250.86613968 -250.83773774 -250.5899253 -250.56519261 -250.19159731 -250.07371249 -250.06027921 -250.05788988 -250.05646606 -249.93510176 -249.92382408 -249.92327289 -249.92027211 -249.89660147 -249.64936552 -249.61499395 -249.61376736 -249.60911972 -249.60315322 -249.5493431  -249.51848588 -249.40097809 -249.37115355 -249.34120081 -249.03606509] 
RANKING VECTORS IDX
0:[21. 14. 13. 20.  1.  0. 18. 23.  2.  4. 11. 19. 12.  5.  7. 24.  3. 15. 22. 26.  6. 17. 25. 10.  8. 16.  9.] 
1:[20.  2. 23. 13.  1.  0. 15. 11. 12.  8. 24.  5.  3. 14.  7. 19. 26. 17. 21.  6. 18.  4. 10. 25. 16. 22.  9.] 
2:[ 2. 13. 23. 20.  1.  0. 18. 21. 11. 14. 12.  3.  7. 24. 15. 17.  5. 26.  6.  8. 16. 19. 10. 25.  4. 22.  9.] 
3:[20. 24.  5.  8.  3. 11.  6. 10.  4.  0. 23. 13. 18.  1.  2. 17. 26. 25. 21. 19. 15. 12.  7. 16. 14. 22.  9.] 
4:[ 4. 21. 14.  6. 26. 17.  9. 24.  3.  7. 18. 19.  8. 12. 25. 22. 20. 23.  2. 13.  1. 11.  0. 10. 16.  5. 15.] 
5:[ 5.  8.  3. 24.  7.  6. 10. 20. 15. 11.  4. 14. 21. 18.  1. 13. 23.  2.  0. 26. 17. 25. 19.  9. 12. 16. 22.] 
6:[ 6.  7. 19.  3. 24.  5. 20.  8. 26. 17. 14. 21. 22. 11.  9. 10. 12. 25. 15.  4. 16. 18. 13.  1.  2. 23.  0.] 
7:[19.  7.  8.  5. 24. 20.  3. 26. 17. 14.  4. 22.  6. 21. 12. 11. 10.  9. 25. 16.  2. 23.  0. 13.  1. 18. 15.] 
8:[ 8. 20.  5. 24.  3. 14. 23.  2. 18.  0. 13.  1.  7. 19.  6. 21. 11.  4. 12.  9. 10. 15. 26. 17. 16. 25. 22.] 
9:[ 9. 21. 10. 14.  7.  6. 25. 24.  3.  5. 19.  4. 11.  8. 26. 17. 20. 12. 18.  1. 13.  2. 23.  0. 15. 16. 22.] 
10:[21. 10.  6. 14. 25. 24.  5.  3.  7. 19.  8. 26. 17.  4. 20. 11.  9. 12. 22.  2. 23.  0. 13.  1. 18. 15. 16.] 
11:[20. 11.  3. 24.  5.  7. 21.  4.  6. 17. 26.  0.  2. 23. 13.  1. 18. 14. 19. 10.  8. 12. 15. 25. 16. 22.  9.] 
12:[12.  6. 17. 26.  5. 14.  8.  4. 24.  3. 10. 21.  7. 25. 19. 11.  9. 18.  1.  0. 13. 20. 23.  2. 22. 16. 15.] 
13:[20.  2.  0. 23. 13.  1. 18. 11. 15.  3. 24.  5.  8. 17. 26.  7. 12. 14.  4. 19.  6. 21. 10. 25. 16. 22.  9.] 
14:[14. 21. 17. 26.  9. 19.  6. 12.  7.  3. 24. 20.  5. 22.  8.  4. 11. 25. 10. 23.  2.  0. 13.  1. 16. 18. 15.] 
15:[20. 13.  1.  2. 23.  0. 18. 15. 11. 24.  3.  5. 17. 26.  7. 21.  6. 12.  8. 19. 10. 25. 14. 16.  4.  9. 22.] 
16:[15. 11. 12.  7.  0. 18.  5. 20.  2. 23.  1. 13. 24. 16.  3.  6. 21. 14.  4. 26. 17. 19. 10.  8. 25.  9. 22.] 
17:[26. 17. 12. 22. 25.  7. 19. 20. 24.  3. 14.  2. 23.  0. 18. 13. 21.  1.  8. 11.  5. 16. 15.  6.  9.  4. 10.] 
18:[ 3. 18.  5. 24.  8. 21.  6. 14.  4. 20.  2. 23.  0. 13.  1. 12. 15. 26. 17. 16. 11.  7.  9. 22. 19. 25. 10.] 
19:[19. 14. 22.  6.  8.  3.  5. 24. 20. 17. 26.  7. 12. 21. 11.  9. 10. 16.  4. 15. 25. 18.  0. 13.  2. 23.  1.] 
20:[11. 24.  5.  3.  8. 20. 13. 18.  2. 23.  0.  1. 15.  7. 17. 26.  6. 21. 10.  4. 25. 19. 14. 12. 16.  9. 22.] 
21:[21.  4.  6. 14.  7. 24.  3. 20. 19.  8.  9. 12. 11. 26. 17. 25. 10. 22.  5.  2. 23. 18.  0. 13.  1. 16. 15.] 
22:[20.  3.  8.  5. 24. 22. 26. 17. 14.  6. 12. 19. 21.  7. 11. 25.  2.  4.  0. 18. 23. 16.  1. 13. 15.  9. 10.] 
23:[13.  1.  2. 23. 20.  0. 18.  8. 11.  5.  7.  3. 24. 26. 17. 21. 14. 15.  6. 19. 10. 25. 12.  4. 16. 22.  9.] 
24:[ 3. 24.  5.  7. 11. 20.  6. 17. 26.  2. 23.  4.  0. 13.  1. 18. 21. 10. 12. 14. 15. 19. 25.  8. 16.  9. 22.] 
25:[10. 25.  4. 14.  6. 21. 26. 20.  7. 17. 19. 24.  8.  5.  3.  2. 23. 13.  1.  0. 18. 12. 11.  9. 15. 16. 22.] 
26:[26. 17. 22. 12. 25. 14. 11.  8. 24.  3.  5.  6.  1. 18.  2.  7.  4. 23. 13. 20.  0. 19. 15. 16. 21.  9. 10.] 
POSCARS
EA11    3.954  3.949  2.137 90.00 90.00 119.91 Sym.group:  191
1.0
   3.9536419999999999   -0.0050200000000000    0.0025890000000000
  -1.9646290000000000    3.4252150000000001   -0.0010560000000000
  -0.0014310000000000   -0.0000350000000000    2.1366869999999998
Na B
2 1
direct
   0.3191000000000000    0.6585060000000000    0.8244250000000000 Na
   0.6521230000000000    0.3251110000000000    0.8271440000000000 Na
   0.9856290000000000    0.9918160000000000    0.3264240000000000 B
EA205   3.692  2.378  3.684 90.08 60.63 90.07 Sym.group:  191
1.0
   3.6722120000000000    0.1490450000000000    0.3531230000000000
  -0.1051370000000000    2.3744369999999999    0.0598420000000000
   1.4936080000000000   -0.0237550000000000    3.3678469999999998
Li Al
2 1
direct
   0.6533660000000000    0.8247890000000000    0.7165230000000000 Li
   0.3212570000000000    0.8248650000000000    0.3840470000000000 Li
   0.9873120000000000    0.3248080000000000    0.0502860000000000 Al
EA169   4.059  4.711  4.751 116.81 64.72 115.32 Sym.group:  191
1.0
   4.0581360000000002   -0.0862700000000000   -0.0105380000000000
  -1.9235920000000000    4.2999340000000004    0.0208420000000000
   2.0081540000000002   -1.4684790000000001    4.0470899999999999
Na P
4 2
direct
   0.7507180000000000    0.4194010000000000    0.9151840000000000 Na
   0.7492290000000000    0.9190850000000000    0.4154590000000000 Na
   0.0837500000000000    0.2515290000000000    0.0818270000000000 Na
   0.0823180000000000    0.7512529999999999    0.5820200000000000 Na
   0.4168180000000000    0.8357750000000000    0.9991210000000000 P
   0.4160130000000000    0.3350330000000000    0.4985030000000000 P
EA45    2.654  2.653  6.757 90.06 89.82 119.94 Sym.group:  164
1.0
   2.6535030000000002   -0.0020020000000000   -0.0001750000000000
  -1.3221480000000001    2.2998230000000000   -0.0000800000000000
   0.0222630000000000    0.0043180000000000    6.7570769999999998
Mg Na
2 1
direct
   0.3478080000000000    0.3296290000000000    0.1550550000000000 Mg
   0.6755250000000000    0.9927930000000000    0.4791620000000000 Mg
   0.0057790000000000    0.6636500000000000    0.8170180000000000 Na
EA133   6.525  2.430  2.430 119.90 89.91 90.07 Sym.group:  164
1.0
   6.5212760000000003    0.1361610000000000   -0.1691890000000000
  -0.0555420000000000    2.4279700000000002   -0.0713110000000000
   0.0832380000000000   -1.1476599999999999    2.1406049999999999
C B
4 2
direct
   0.0575180000000000    0.1685500000000000    0.0687550000000000 C
   0.8270000000000000    0.1679550000000000    0.0699420000000000 C
   0.1337590000000000    0.8348010000000000    0.4027020000000000 C
   0.7507580000000000    0.5017210000000000    0.7360100000000001 C
   0.3680180000000000    0.8350780000000000    0.4025920000000000 B
   0.5165000000000000    0.5017130000000000    0.7364620000000000 B
EA51    2.188  2.188  5.972 90.22 89.67 119.93 Sym.group:  164
1.0
   2.1879900000000001   -0.0076470000000000    0.0018420000000000
  -1.0849240000000000    1.8999870000000001   -0.0015950000000000
   0.0292190000000000   -0.0049000000000000    5.9719040000000003
Be Na
2 1
direct
   0.6642650000000000    0.6673140000000000    0.1995130000000000 Be
   0.9937110000000000    0.3343270000000000    0.4673260000000000 Be
   0.3320110000000000    0.0014090000000000    0.8331960000000000 Na
EA120   3.780  2.415  2.416 60.02 89.95 89.96 Sym.group:  156
1.0
   3.7801680000000002   -0.0048080000000000    0.0097010000000000
   0.0045870000000000    2.4149929999999999   -0.0060700000000000
  -0.0018750000000000    1.2122590000000000    2.0894080000000002
Be O
2 1
direct
   0.2547660000000000    0.0867840000000000    0.1593570000000000 Be
   0.6817360000000000    0.4191790000000000    0.4931180000000000 Be
   0.0896110000000000    0.4202190000000000    0.4931610000000000 O
EA119   2.428  2.430  8.228 90.66 89.69 119.95 Sym.group:  164
1.0
   2.4275869999999999    0.0083930000000000    0.0036710000000000
  -1.2204649999999999    2.1016170000000001   -0.0004920000000000
   0.0318000000000000   -0.0888400000000000    8.2274510000000003
Li F
4 2
direct
   0.3402420000000000    0.6727370000000000    0.5363160000000000 Li
   0.6687000000000000    0.3199710000000000    0.7728030000000000 Li
   0.0023600000000000    0.0061590000000000    0.2998380000000000 Li
   0.3353360000000000    0.6627130000000000    0.0363190000000000 Li
   0.0020130000000000    0.9908480000000000    0.9037940000000000 F
   0.6687920000000001    0.3346540000000000    0.1688510000000000 F
EA356   3.610  2.759  2.770 119.43 111.61 67.59 Sym.group:  166
1.0
   3.5596440000000000    0.5586900000000000    0.2167380000000000
   0.6879000000000000    1.5748169999999999    2.1588310000000002
  -0.6409720000000000   -2.6635650000000002    0.4076150000000000
B Si
2 1
direct
   0.5939310000000000    0.9777500000000000    0.8591340000000000 B
   0.4106600000000000    0.3733300000000000    0.4616530000000000 B
   0.0022230000000000    0.1758300000000000    0.6604170000000000 Si
EA13    4.040  4.040  2.484 90.00 89.99 120.00 Sym.group:  189
1.0
   4.0395149999999997   -0.0006620000000000    0.0028050000000000
  -2.0191110000000001    3.4988310000000000   -0.0005280000000000
  -0.0013510000000000   -0.0004930000000000    2.4843660000000001
B O
4 2
direct
   0.9965260000000000    0.9947460000000000    0.9994350000000000 B
   0.9965070000000000    0.2791460000000000    0.4994770000000000 B
   0.2809440000000000    0.9947370000000000    0.4992420000000000 B
   0.7121300000000000    0.7103610000000000    0.4995940000000000 B
   0.3298670000000000    0.6614210000000000    0.4995670000000000 O
   0.6631990000000000    0.3280790000000000    0.4992720000000000 O
EA330  11.415  2.522  2.522 60.02 89.97 90.02 Sym.group:  187
1.0
  11.4146859999999997   -0.0000130000000000   -0.0038610000000000
  -0.0003210000000000    1.2623780000000000    2.1833990000000001
   0.0022490000000000   -1.2603400000000000    2.1845170000000000
Al F
4 2
direct
   0.2933500000000000    0.3053070000000000    0.9160239999999999 Al
   0.7933570000000000    0.9790680000000000    0.5791240000000000 Al
   0.6031290000000000    0.3097230000000000    0.9165300000000000 Al
   0.9835810000000000    0.3149590000000000    0.9101900000000001 Al
   0.1388780000000000    0.3012400000000000    0.9157350000000000 F
   0.4478170000000000    0.3102180000000000    0.9110590000000000 F
EA150   4.299  4.300  4.777 63.32 63.31 60.05 Sym.group:  155
1.0
   4.2992970000000001    0.0083500000000000    0.0025360000000000
   2.1394660000000001    3.7301720000000000    0.0004900000000000
   2.1403390000000000    1.2443050000000000    4.0848040000000001
Al Li
4 2
direct
   0.0352760000000000    0.8617240000000000    0.2463610000000000 Al
   0.2049710000000000    0.3628750000000000    0.7476520000000000 Al
   0.5338050000000000    0.6920080000000000    0.7445090000000000 Al
   0.8613170000000000    0.0355760000000000    0.7463109999999999 Al
   0.7021670000000000    0.5312610000000000    0.2403010000000000 Li
   0.3658670000000000    0.1950160000000000    0.2514690000000000 Li
EA41    2.852  2.837  2.849 86.10 86.12 93.92 Sym.group:  160
1.0
   2.8520029999999998   -0.0015010000000000    0.0217260000000000
  -0.1924640000000000    2.8307199999999999   -0.0134330000000000
   0.1711230000000000    0.2194400000000000    2.8358140000000001
N O
2 1
direct
   0.1152700000000000    0.7649350000000000    0.0272890000000000 N
   0.8701680000000001    0.5211730000000000    0.2720110000000000 N
   0.6148169999999999    0.2663370000000000    0.5271880000000000 O
EA3     2.238  3.689  3.689 119.99 89.97 90.02 Sym.group:  191
1.0
   2.2377980000000002    0.0023890000000000   -0.0144990000000000
  -0.0053580000000000    3.6891600000000002   -0.0492520000000000
   0.0246410000000000   -1.8009980000000001    3.2192419999999999
Li Si
2 1
direct
   0.9869100000000000    0.6677149999999999    0.6619230000000000 Li
   0.0184500000000000    0.3345510000000000    0.9949150000000000 Li
   0.5024340000000000    0.0011410000000000    0.3284310000000000 Si
EA194   2.461  2.462  7.863 81.08 90.00 119.98 Sym.group:  160
1.0
   2.4611459999999998   -0.0028400000000000    0.0104920000000000
  -1.2275290000000001    2.1338620000000001    0.0062310000000000
  -0.0308620000000000    1.3659170000000000    7.7438330000000004
N B
4 2
direct
   0.3174410000000000    0.9532720000000000    0.9239570000000000 N
   0.2690000000000000    0.8566940000000000    0.0655210000000000 N
   0.5117000000000000    0.3369480000000000    0.3420030000000000 N
   0.7433060000000000    0.7984770000000000    0.6487760000000000 N
   0.8433659999999999    0.0000180000000000    0.3472970000000000 B
   0.4071740000000000    0.1260470000000000    0.6574230000000000 B
EA70    4.635  4.635  4.635 60.01 90.00 60.01 Sym.group:  227
1.0
  -0.0004930000000000    2.6765900000000000   -3.7836900000000000
  -2.3191320000000002   -1.3367920000000000   -3.7834070000000000
  -4.6351110000000002    0.0016310000000000    0.0021080000000000
Si Mg
4 2
direct
   0.0812260000000000    0.3330870000000000    0.7498570000000000 Si
   0.0813060000000000    0.8329680000000000    0.7503620000000000 Si
   0.0813040000000000    0.8332330000000000    0.2502930000000000 Si
   0.5812760000000000    0.3330160000000000    0.7505900000000000 Si
   0.7060550000000000    0.5832450000000000    0.1250730000000000 Mg
   0.4565270000000000    0.0832780000000000    0.3751040000000000 Mg
EA87    3.259  3.262  4.800 90.00 90.00 90.02 Sym.group:  216
1.0
   3.2589910000000000    0.0060430000000000    0.0105240000000000
  -0.0072080000000000    3.2618909999999999   -0.0027240000000000
  -0.0153590000000000    0.0038780000000000    4.7995640000000002
Be Si
4 2
direct
   0.9953040000000000    0.5055120000000000    0.7497310000000000 Be
   0.4953100000000000    0.0055240000000000    0.2497090000000000 Be
   0.9953700000000000    0.0055030000000000    0.9996100000000000 Be
   0.4953940000000000    0.5054820000000000    0.4996110000000000 Be
   0.9954280000000000    0.5055390000000000    0.2494980000000000 Si
   0.4953990000000000    0.0055100000000000    0.7495370000000000 Si
EA16    2.735  2.738  7.377 90.00 90.00 60.11 Sym.group:  194
1.0
   2.7346240000000002    0.0007270000000000   -0.0017130000000000
   1.3637280000000001    2.3742749999999999   -0.0006100000000000
   0.0047750000000000   -0.0007220000000000    7.3772510000000002
N Mg
4 2
direct
   0.6695160000000000    0.6618140000000000    0.1650350000000000 N
   0.6700930000000000    0.6617090000000000    0.3306820000000000 N
   0.3364490000000000    0.3308240000000000    0.6650470000000001 N
   0.3362880000000000    0.3310100000000000    0.8306730000000000 N
   0.0026770000000000    0.9965780000000000    0.9979130000000000 Mg
   0.0032910000000000    0.9963379999999999    0.4979130000000000 Mg
EA38    2.495  3.975  3.922 113.71 71.48 108.18 Sym.group:  191
1.0
   2.4931030000000001   -0.0840380000000000    0.0333730000000000
  -1.1140239999999999    3.8137110000000001    0.1071380000000000
   1.1529460000000000   -1.4047050000000001    3.4759120000000001
C Li
4 2
direct
   0.8565570000000000    0.5159680000000000    0.5146700000000000 C
   0.8611890000000000    0.1876500000000000    0.1761520000000000 C
   0.3612230000000000    0.6877060000000000    0.6761040000000000 C
   0.3564670000000000    0.0159050000000000    0.0147330000000000 C
   0.1099120000000000    0.1018780000000000    0.5954410000000000 Li
   0.6077840000000000    0.6017140000000000    0.0953630000000000 Li
EA111   2.639  2.640  5.887 102.90 90.07 119.92 Sym.group:  166
1.0
   2.6388360000000000    0.0208150000000000   -0.0267680000000000
  -1.3344360000000000    2.2775050000000001    0.0282890000000000
   0.0626870000000000   -1.5570400000000000    5.6769360000000004
Be N
4 2
direct
   0.4241150000000000    0.9366590000000000    0.3736920000000000 Be
   0.1830550000000000    0.4505770000000000    0.6459760000000000 Be
   0.6662010000000000    0.4228590000000000    0.1014260000000000 Be
   0.9245540000000000    0.9366290000000000    0.8737160000000000 Be
   0.8224460000000000    0.7299260000000000    0.5644150000000000 N
   0.0268590000000000    0.1435270000000000    0.1830240000000000 N
EA39    4.188  4.188  2.465 90.00 90.00 119.99 Sym.group:  164
1.0
   4.1873459999999998   -0.0735090000000000    0.0372440000000000
  -2.0293350000000001    3.6638690000000000   -0.0106340000000000
  -0.0220450000000000   -0.0048510000000000    2.4646110000000001
Al Mg
2 1
direct
   0.1512130000000000    0.0379630000000000    0.9054210000000000 Al
   0.4849510000000000    0.7045840000000000    0.5940380000000000 Al
   0.8181560000000000    0.3713890000000000    0.2504430000000000 Mg
EA153   7.562  2.949  2.949 60.00 101.10 101.10 Sym.group:  166
1.0
   7.5599660000000002   -0.1381710000000000   -0.0767490000000000
  -0.5143600000000000    2.9037899999999999    0.0420390000000000
  -0.5167220000000000    1.3689100000000001    2.5605889999999998
P C
4 2
direct
   0.0522110000000000    0.7552830000000000    0.9768540000000000 P
   0.4362060000000000    0.5499000000000001    0.7712340000000000 P
   0.2205550000000000    0.1436890000000000    0.3651540000000000 P
   0.8365570000000000    0.3490680000000000    0.5707700000000000 P
   0.5365930000000000    0.9161859999999999    0.1375190000000000 C
   0.7361700000000000    0.9827820000000000    0.2044840000000000 C
EA191   3.350  2.127  3.353 89.89 89.76 89.90 Sym.group:  136
1.0
   3.3484340000000001   -0.0546290000000000   -0.0920510000000000
   0.0374730000000000    2.1261610000000002   -0.0304130000000000
   0.1070420000000000    0.0525330000000000    3.3505110000000000
H Be
4 2
direct
   0.4256740000000000    0.8862910000000001    0.0236870000000000 H
   0.9250500000000000    0.3861660000000000    0.9219150000000000 H
   0.0229610000000000    0.8861420000000000    0.4225470000000000 H
   0.5222570000000000    0.3876010000000000    0.5231280000000000 H
   0.7235940000000000    0.8872080000000000    0.7223250000000000 Be
   0.2236310000000000    0.3860260000000000    0.2224480000000000 Be
EA23    4.826  4.970  4.322 64.34 89.83 118.91 Sym.group:  191
1.0
   4.8244080000000000   -0.0773670000000000   -0.0893280000000000
  -2.3326259999999999    4.3884449999999999    0.0144290000000000
   0.1167360000000000    2.1696149999999998    3.7363390000000001
Na Al
4 2
direct
   0.1682030000000000    0.6630300000000000    0.6722270000000000 Na
   0.0018910000000000    0.3306540000000000    0.3384650000000000 Na
   0.5019760000000000    0.3304970000000000    0.3391620000000000 Na
   0.6682770000000000    0.6628039999999999    0.6729940000000000 Na
   0.0856370000000000    0.9968100000000000    0.0059390000000000 Al
   0.5855080000000000    0.9964810000000000    0.0058500000000000 Al
EA137   5.855  4.445  2.659 90.00 90.01 89.87 Sym.group:  164
1.0
   5.8546279999999999   -0.0035110000000000   -0.0078290000000000
   0.0128370000000000    4.4449519999999998   -0.0020550000000000
   0.0032690000000000    0.0011070000000000    2.6591570000000000
Al Si
4 2
direct
   0.7553190000000000    0.7851990000000000    0.8993650000000000 Al
   0.7553190000000000    0.2851970000000000    0.3993060000000000 Al
   0.4081560000000000    0.4492510000000000    0.8988180000000000 Al
   0.4081560000000000    0.9492500000000000    0.3987580000000000 Al
   0.0817350000000000    0.6171020000000000    0.3981780000000000 Si
   0.0817360000000000    0.1171010000000000    0.8980320000000001 Si
EA54    2.353  2.391  5.936 89.84 89.61 119.02 Sym.group:  191
1.0
   2.3514100000000000    0.0899650000000000   -0.0270880000000000
  -1.2391859999999999    2.0449430000000000    0.0079000000000000
   0.1067810000000000    0.0607580000000000    5.9345280000000002
Si F
2 1
direct
   0.4690650000000000    0.4215720000000000    0.8999740000000001 Si
   0.4832110000000000    0.4325940000000000    0.2936560000000000 Si
   0.4756970000000000    0.4258910000000000    0.5968270000000000 F
EA198   2.464  2.463  7.405 90.03 90.02 60.03 Sym.group:  194
1.0
   2.4637349999999998   -0.0001120000000000   -0.0000020000000000
   1.2306930000000000    2.1339649999999999    0.0001630000000000
  -0.0026470000000000   -0.0035630000000000    7.4054580000000003
N Li
4 2
direct
   0.6633250000000001    0.6742060000000000    0.1689210000000000 N
   0.6628590000000000    0.6748130000000000    0.3239060000000000 N
   0.3305730000000000    0.3415670000000000    0.6689270000000000 N
   0.3312350000000000    0.3417330000000000    0.8238990000000000 N
   0.9982940000000000    0.0075700000000000    0.9964130000000000 Li
   0.9957260000000000    0.0086390000000000    0.4964130000000000 Li
