NUMBER OF TEMPLATES 18
COMPOSITION A 2 B
pairs , SPACEGROUPS 
[Be C] , 225 
[Na Li] , 164 
[Li S] , 225 
[Na Mg] , 191 
[Li Cl] , 166 
[C H] , 166 
[B C] , 160 
[Li Al] , 191 
[Si Mg] , 227 
[Al Mg] , 164 
[Al Si] , 164 
[Li B] , 164 
[Al Li] , 155 
[Li O] , 225 
[Li H] , 164 
[H S] , 224 
[Al Mg] , 1164 
[Li Si] , 191 
RANKING VECTORS ENTHALPIES
0:[-305.97894955 -305.97719513 -305.97550844 -305.44376481 -305.22703007 -305.1386965  -304.71197999 -304.70565554 -304.69254248 -304.68956154 -304.54791971 -304.53843284 -304.39522142 -304.23953902 -304.08907966 -303.97882084 -303.95020299 -303.95012827] 
1:[-889.09959092 -889.09867496 -889.09262021 -889.08891053 -889.07724632 -889.07218172 -889.06628008 -889.05991442 -889.04835125 -889.04814971 -889.04727626 -889.02695883 -889.02671608 -888.90330833 -888.59500591 -888.59467455 -888.57029848 -888.20934241] 
2:[-228.45634003 -228.45599043 -228.45522833 -228.40484238 -228.31634524 -228.30608603 -228.28467608 -228.28452872 -228.26834516 -228.2656012 -228.24313512 -228.24313479 -228.24280322 -227.87457046 -227.75546329 -227.41242617 -226.99027394 -226.74873866] 
3:[-1361.7564066  -1361.75480682 -1361.75468779 -1361.74742066 -1361.730999   -1361.73097388 -1361.73070032 -1361.72925074 -1361.72904481 -1361.72139269 -1361.71946208 -1361.7031704 -1361.65778523 -1361.52681197 -1360.79616732 -1360.79540862 -1360.78994296 -1359.63434275] 
4:[-276.69050604 -276.44150785 -276.43102744 -276.4257666  -276.3399303 -276.31138425 -276.3112699  -276.31109111 -276.28200548 -276.28199691 -276.28171006 -276.2017404  -276.18762434 -275.99187243 -275.91821914 -275.91364456 -275.91364376 -275.08336713] 
5:[-112.91670198 -112.89966494 -112.89296854 -111.81893145 -111.80426892 -111.75595312 -111.73613887 -111.73167138 -111.17855414 -110.64849132 -110.578199   -110.26784902 -110.26319155 -110.26313497 -109.9002872 -109.86100277 -109.70826357 -109.37651272] 
6:[-105.73604623 -105.46885086 -105.14752092 -105.14749101 -105.13919243 -104.98766072 -104.77945007 -104.59114533 -104.46073594 -104.42131586 -104.20598284 -104.13588903 -104.11563285 -104.11562097 -103.93114888 -103.93114796 -103.93094602 -103.41743833] 
7:[-148.21006124 -148.20608663 -148.20605697 -148.19645994 -148.14339111 -148.14332484 -148.12094159 -148.05402198 -147.92670067 -147.92435435 -147.92282251 -147.91216554 -147.72742554 -147.72126413 -146.97330764 -146.96876477 -146.96847725 -145.42453549] 
8:[-610.9329445  -610.93288463 -610.93286181 -610.92420565 -610.80356567 -610.78214283 -610.75441264 -610.75049316 -610.74146241 -610.71227556 -610.52552043 -610.31639791 -610.28786439 -610.04615777 -609.9644989 -609.94784759 -609.94711654 -606.85694477] 
9:[-575.94643027 -575.93427825 -575.93050087 -575.92569347 -575.88309797 -575.87589627 -575.87556555 -575.86787064 -575.86675755 -575.85552087 -575.75187808 -575.69683433 -575.24682935 -575.17187088 -574.88811997 -574.88466702 -574.88448387 -572.10491738] 
10:[-76.16865859 -76.16752046 -76.16589962 -76.10762079 -76.06759734 -76.03414158 -76.03316133 -75.92806662 -75.8480772  -75.84343721 -75.84335065 -75.66794687 -75.65566448 -75.63133568 -75.49350216 -75.47814663 -75.47756626 -73.1259814 ] 
11:[-154.76581277 -154.76304167 -154.71985238 -154.71368691 -154.71364977 -154.70884534 -154.66358193 -154.43195602 -154.32612312 -154.10026774 -154.09984093 -154.09650715 -153.88131739 -153.86963254 -153.46373548 -153.44810212 -153.44783982 -152.34058134] 
12:[-103.40291503 -103.39928875 -103.39239917 -103.38063207 -103.3798321 -103.37555658 -103.34522205 -103.33950166 -103.14534787 -103.14517134 -103.14382354 -103.08172611 -102.98277947 -102.93534205 -102.93374855 -102.91871902 -102.87183134 -101.10702877] 
13:[-279.57530963 -279.57511676 -279.57494811 -279.5311207  -279.35822688 -279.27873846 -279.26124879 -279.26089498 -279.26054708 -279.2604545 -279.25335547 -279.22876933 -279.12150667 -279.00186486 -279.00185226 -279.00184491 -278.51416362 -277.83080207] 
14:[-133.7759752  -133.77484606 -133.77426244 -133.77370797 -133.76016937 -133.75415461 -133.72860203 -133.69166781 -133.68837983 -133.68664554 -133.60492421 -133.5751134  -133.32952138 -133.26554533 -132.96409083 -132.96055676 -132.96055603 -132.34829399] 
15:[-108.09618731 -108.09189082 -107.99087177 -107.96246341 -107.91595336 -107.88248808 -107.77702537 -107.76230341 -107.72967124 -107.72608508 -107.72343441 -107.71361799 -107.71349628 -107.71050525 -107.41070207 -107.41041871 -107.41041562 -107.25178192] 
16:[-575.94643027 -575.93427825 -575.93050087 -575.92569347 -575.88309797 -575.87589627 -575.87556555 -575.86787064 -575.86675755 -575.85552087 -575.75187808 -575.69683433 -575.24682935 -575.17187088 -574.88811997 -574.88466702 -574.88448387 -572.10491738] 
17:[-165.94004803 -165.93339673 -165.93336312 -165.92364125 -165.74105212 -165.71251117 -165.70121629 -165.56241217 -165.53305182 -165.53229728 -165.52984565 -165.46917951 -165.45709604 -165.01908987 -164.76114476 -164.76083515 -164.76043582 -162.89021777] 
RANKING VECTORS IDX
0:[13.  2.  0. 16.  4.  9.  5. 14. 10.  1. 15. 12.  6. 11.  8.  3. 17.  7.] 
1:[10.  1.  4. 14. 12.  9. 11. 16. 17.  7.  3.  5.  6.  8.  0. 13.  2. 15.] 
2:[ 0. 13.  2.  6. 11. 16. 14.  9. 10. 12.  7. 17.  3.  4.  8.  1.  5. 15.] 
3:[ 1. 14. 10.  4.  3. 17.  7. 12.  9. 16. 11.  8.  6.  5.  0. 13.  2. 15.] 
4:[ 4. 16. 11.  5.  9. 14. 10.  1.  2.  0. 13.  6. 12.  8.  3. 17.  7. 15.] 
5:[ 5. 16. 11. 10. 14.  3.  7. 17.  6.  9.  4.  2.  0. 13.  8. 12.  1. 15.] 
6:[ 6.  5. 10.  1. 14.  4. 11. 15.  9. 12. 16.  2.  0. 13. 17.  7.  3.  8.] 
7:[ 9. 17.  7.  3. 11. 16.  8. 12. 10. 14.  1.  4.  6.  5.  2.  0. 13. 15.] 
8:[ 9. 17.  7.  3.  8. 12. 10.  1. 14. 16. 11.  4.  6.  5. 13.  2.  0. 15.] 
9:[12.  1. 10. 14.  9. 16. 17.  7.  3.  8.  6. 11.  4.  5. 13.  2.  0. 15.] 
10:[10.  1. 14. 12.  9. 16. 11.  6.  3. 17.  7.  8.  5.  4.  2.  0. 13. 15.] 
11:[11. 16.  3. 17.  7.  9.  6. 12.  4.  1. 14. 10.  8.  5.  2.  0. 13. 15.] 
12:[ 9. 12. 10. 14.  1.  4. 11. 16.  3. 17.  7.  6.  5.  0. 13.  2.  8. 15.] 
13:[ 0.  2. 13.  5.  6. 16. 14.  9. 10.  1. 12. 11.  4.  7. 17.  3. 15.  8.] 
14:[ 9. 14.  1. 10. 11. 16.  4.  2.  0. 13.  6.  5. 15. 12.  3. 17.  7.  8.] 
15:[12. 15. 16.  5.  6. 11.  1.  4. 14.  0.  9. 13.  2. 10.  3. 17.  7.  8.] 
16:[12.  1. 10. 14.  9. 16. 17.  7.  3.  8.  6. 11.  4.  5. 13.  2.  0. 15.] 
17:[ 9. 17.  7.  3. 12. 16. 11.  8.  1. 14. 10.  4.  5.  6.  2.  0. 13. 15.] 
POSCARS
EA106   2.884  2.884  4.990 106.75 106.75 60.03 Sym.group:  225
1.0
   2.8833560000000000    0.0218490000000000   -0.0445210000000000
   1.4212780000000000    2.5088870000000001   -0.0440710000000000
  -1.3588800000000001   -0.7998189999999999    4.7339089999999997
Be C
4 2
direct
   0.3590910000000000    0.2910700000000000    0.0081400000000000 Be
   0.8595110000000000    0.7909480000000000    0.5081120000000000 Be
   0.1096250000000000    0.0410430000000000    0.2582580000000000 Be
   0.6092170000000000    0.5411460000000000    0.7582860000000000 Be
   0.4845840000000000    0.4160010000000000    0.3831870000000000 C
   0.9841310000000000    0.9161000000000000    0.8831840000000000 C
EA144   2.588  2.565  6.125 90.29 90.44 61.58 Sym.group:  164
1.0
   2.5874169999999999    0.0593180000000000   -0.0063500000000000
   1.1688030000000000    2.2837239999999999   -0.0101980000000000
  -0.0326880000000000    0.0094320000000000    6.1245110000000000
Na Li
2 1
direct
   0.3270970000000000    0.9863110000000000    0.8235930000000000 Na
   0.9786980000000000    0.6498610000000000    0.1951210000000000 Na
   0.6544540000000000    0.3195020000000000    0.5093760000000001 Li
EA11    3.427  3.431  3.430 90.36 60.24 60.28 Sym.group:  225
1.0
   3.4266120000000000   -0.0317030000000000   -0.0424470000000000
   1.7281290000000000    2.9634230000000001   -0.0160090000000000
   1.7277460000000000   -1.0175829999999999    2.7829730000000001
Li S
2 1
direct
   0.4931640000000000    0.2465900000000000    0.7460900000000000 Li
   0.4935140000000000    0.7451000000000000    0.2467130000000000 Li
   0.9934809999999999    0.9956820000000000    0.9965830000000000 S
EA101   4.180  4.179  2.721 89.98 90.00 60.06 Sym.group:  191
1.0
   4.1797649999999997    0.0279380000000000    0.0059540000000000
   2.0619459999999998    3.6353819999999999    0.0041520000000000
  -0.0038960000000000   -0.0000370000000000    2.7208060000000001
Na Mg
2 1
direct
   0.7541830000000000    0.1782980000000000    0.7399900000000000 Na
   0.0875720000000000    0.5113799999999999    0.7390460000000000 Na
   0.4208390000000000    0.8448700000000000    0.2396090000000000 Mg
EA336   3.045  7.279  3.026 101.88 119.23 78.02 Sym.group:  166
1.0
   3.0249340000000000    0.0433080000000000   -0.3473540000000000
   1.3960330000000001    7.1409180000000001   -0.1976450000000000
  -1.1645770000000000   -0.3305440000000000    2.7735150000000002
Li Cl
4 2
direct
   0.1821380000000000    0.2939250000000000    0.8247260000000000 Li
   0.7586370000000000    0.6209560000000000    0.2687180000000000 Li
   0.4704010000000000    0.4574310000000000    0.5465390000000000 Li
   0.9703900000000000    0.9574420000000000    0.0469170000000000 Li
   0.5740310000000000    0.1352850000000000    0.4385020000000000 Cl
   0.3667520000000000    0.7795930000000000    0.6550990000000000 Cl
EA212   2.440  2.440  5.571 90.01 102.64 120.00 Sym.group:  166
1.0
   2.4392849999999999   -0.0288540000000000    0.0207810000000000
  -1.1944930000000000    2.1270989999999999   -0.0157260000000000
  -1.2733449999999999   -0.6758780000000000    5.3813849999999999
C H
4 2
direct
   0.1917260000000000    0.8676440000000000    0.2230850000000000 C
   0.3783170000000000    0.9604640000000000    0.5025030000000000 C
   0.7994750000000000    0.1716290000000000    0.1349180000000000 C
   0.7706320000000000    0.6565080000000000    0.5907210000000001 C
   0.6670070000000000    0.1047540000000000    0.9354640000000000 H
   0.9031800000000000    0.7233660000000000    0.7901250000000000 H
EA213   6.084  2.563  2.626 119.20 78.61 102.15 Sym.group:  160
1.0
   5.5675910000000002   -2.4535469999999999   -0.0432730000000000
   0.0051660000000000    1.3101870000000000    2.2022339999999998
  -0.5634500000000000   -2.5650879999999998    0.0365680000000000
B C
4 2
direct
   0.6410660000000000    0.3430510000000000    0.4965240000000000 B
   0.2916090000000000    0.8893540000000000    0.9409870000000000 B
   0.9527710000000000    0.4515110000000000    0.4035290000000000 B
   0.8193670000000000    0.0758240000000000    0.7848360000000000 B
   0.2040520000000000    0.5339429999999999    0.3170030000000000 C
   0.5611720000000000    0.9855010000000000    0.8610500000000000 C
EA205   3.692  2.378  3.684 90.08 60.63 90.07 Sym.group:  191
1.0
   3.6722120000000000    0.1490450000000000    0.3531230000000000
  -0.1051370000000000    2.3744369999999999    0.0598420000000000
   1.4936080000000000   -0.0237550000000000    3.3678469999999998
Li Al
2 1
direct
   0.6533660000000000    0.8247890000000000    0.7165230000000000 Li
   0.3212570000000000    0.8248650000000000    0.3840470000000000 Li
   0.9873120000000000    0.3248080000000000    0.0502860000000000 Al
EA70    4.635  4.635  4.635 60.01 90.00 60.01 Sym.group:  227
1.0
  -0.0004930000000000    2.6765900000000000   -3.7836900000000000
  -2.3191320000000002   -1.3367920000000000   -3.7834070000000000
  -4.6351110000000002    0.0016310000000000    0.0021080000000000
Si Mg
4 2
direct
   0.0812260000000000    0.3330870000000000    0.7498570000000000 Si
   0.0813060000000000    0.8329680000000000    0.7503620000000000 Si
   0.0813040000000000    0.8332330000000000    0.2502930000000000 Si
   0.5812760000000000    0.3330160000000000    0.7505900000000000 Si
   0.7060550000000000    0.5832450000000000    0.1250730000000000 Mg
   0.4565270000000000    0.0832780000000000    0.3751040000000000 Mg
EA39    4.188  4.188  2.465 90.00 90.00 119.99 Sym.group:  164
1.0
   4.1873459999999998   -0.0735090000000000    0.0372440000000000
  -2.0293350000000001    3.6638690000000000   -0.0106340000000000
  -0.0220450000000000   -0.0048510000000000    2.4646110000000001
Al Mg
2 1
direct
   0.1512130000000000    0.0379630000000000    0.9054210000000000 Al
   0.4849510000000000    0.7045840000000000    0.5940380000000000 Al
   0.8181560000000000    0.3713890000000000    0.2504430000000000 Mg
EA137   5.855  4.445  2.659 90.00 90.01 89.87 Sym.group:  164
1.0
   5.8546279999999999   -0.0035110000000000   -0.0078290000000000
   0.0128370000000000    4.4449519999999998   -0.0020550000000000
   0.0032690000000000    0.0011070000000000    2.6591570000000000
Al Si
4 2
direct
   0.7553190000000000    0.7851990000000000    0.8993650000000000 Al
   0.7553190000000000    0.2851970000000000    0.3993060000000000 Al
   0.4081560000000000    0.4492510000000000    0.8988180000000000 Al
   0.4081560000000000    0.9492500000000000    0.3987580000000000 Al
   0.0817350000000000    0.6171020000000000    0.3981780000000000 Si
   0.0817360000000000    0.1171010000000000    0.8980320000000001 Si
EA159   3.005  4.958  3.003 90.33 60.33 90.06 Sym.group:  164
1.0
   3.0038040000000001    0.0794550000000000    0.0041180000000000
  -0.1361460000000000    4.9538320000000002    0.1546900000000000
   1.4845910000000000   -0.0581280000000000    2.6093030000000002
Li B
4 2
direct
   0.6598800000000000    0.3844180000000000    0.7470540000000000 Li
   0.9964850000000000    0.7966030000000000    0.0789650000000000 Li
   0.3181630000000000    0.5457200000000000    0.4170910000000000 Li
   0.6547670000000000    0.9579090000000000    0.7490030000000000 Li
   0.9988750000000000    0.2021890000000000    0.0762570000000000 B
   0.3157730000000000    0.1401380000000000    0.4197990000000000 B
EA150   4.299  4.300  4.777 63.32 63.31 60.05 Sym.group:  155
1.0
   4.2992970000000001    0.0083500000000000    0.0025360000000000
   2.1394660000000001    3.7301720000000000    0.0004900000000000
   2.1403390000000000    1.2443050000000000    4.0848040000000001
Al Li
4 2
direct
   0.0352760000000000    0.8617240000000000    0.2463610000000000 Al
   0.2049710000000000    0.3628750000000000    0.7476520000000000 Al
   0.5338050000000000    0.6920080000000000    0.7445090000000000 Al
   0.8613170000000000    0.0355760000000000    0.7463109999999999 Al
   0.7021670000000000    0.5312610000000000    0.2403010000000000 Li
   0.3658670000000000    0.1950160000000000    0.2514690000000000 Li
EA5     2.930  4.139  2.929 90.00 90.00 90.00 Sym.group:  225
1.0
   2.9296359999999999   -0.0001030000000000    0.0004110000000000
   0.0001720000000000    4.1391260000000001   -0.0000350000000000
  -0.0005410000000000    0.0000810000000000    2.9289740000000002
Li O
4 2
direct
   0.0034140000000000    0.2482700000000000    0.9175470000000000 Li
   0.5034220000000000    0.2478550000000000    0.4175690000000000 Li
   0.0033170000000000    0.7483440000000000    0.9170250000000000 Li
   0.5033480000000000    0.7477790000000000    0.4170190000000000 Li
   0.0033690000000000    0.9980720000000000    0.4172120000000000 O
   0.5033440000000000    0.4980520000000000    0.9172250000000000 O
EA169   2.257  2.263  3.997 89.87 90.05 60.39 Sym.group:  164
1.0
   2.2572359999999998   -0.0215040000000000    0.0110190000000000
   1.1366350000000001    1.9566300000000001    0.0029910000000000
  -0.0226790000000000    0.0175530000000000    3.9967709999999999
Li H
2 1
direct
   0.3386260000000000    0.9968200000000000    0.5780540000000000 Li
   0.6717959999999999    0.3330950000000000    0.0749370000000000 Li
   0.0053550000000000    0.6648140000000000    0.8264540000000000 H
EA39    3.469  3.452  3.449 89.98 90.02 90.05 Sym.group:  224
1.0
   3.4685589999999999    0.0170140000000000    0.0090690000000000
  -0.0197140000000000    3.4517449999999998   -0.0015360000000000
  -0.0102770000000000    0.0028630000000000    3.4491070000000001
H S
4 2
direct
   0.4984280000000000    0.0047170000000000    0.0021610000000000 H
   0.0097970000000000    0.4906150000000000    0.9968230000000000 H
   0.9883110000000001    0.9979440000000001    0.5040350000000000 H
   0.4995720000000000    0.5118690000000000    0.4957120000000000 H
   0.2493610000000000    0.2497720000000000    0.2526540000000000 S
   0.7488380000000000    0.7497630000000000    0.7531140000000000 S
EA181   4.142  4.990  4.146 89.61 60.27 89.66 Sym.group:  164
1.0
   4.1376720000000002   -0.1754930000000000    0.0372820000000000
   0.2428940000000000    4.9776210000000001   -0.2624390000000000
   2.0304250000000001    0.1195780000000000    3.6130030000000000
Al Mg
4 2
direct
   0.6610260000000000    0.0830970000000000    0.3756130000000000 Al
   0.3274250000000000    0.9171270000000000    0.0418690000000000 Al
   0.9944730000000001    0.2488480000000000    0.7090220000000000 Al
   0.9942170000000000    0.7511470000000000    0.7084580000000000 Al
   0.3278670000000000    0.4160040000000000    0.0422580000000000 Mg
   0.6612100000000000    0.5842039999999999    0.3753210000000000 Mg
EA3     2.238  3.689  3.689 119.99 89.97 90.02 Sym.group:  191
1.0
   2.2377980000000002    0.0023890000000000   -0.0144990000000000
  -0.0053580000000000    3.6891600000000002   -0.0492520000000000
   0.0246410000000000   -1.8009980000000001    3.2192419999999999
Li Si
2 1
direct
   0.9869100000000000    0.6677149999999999    0.6619230000000000 Li
   0.0184500000000000    0.3345510000000000    0.9949150000000000 Li
   0.5024340000000000    0.0011410000000000    0.3284310000000000 Si
