NUMBER OF TEMPLATES 46
COMPOSITION A 1 B
COUPLES , SPACEGROUPS 
[Li O] , 187 
[Be F] , 166 
[N Si] , 156 
[Al O] , 166 
[N Si] , 166 
[N P] , 131 
[Al P] , 119 
[Mg P] , 123 
[C Si] , 216 
[P Si] , 225 
[Na S] , 123 
[Be O] , 186 
[Na Si] , 123 
[C Cl] , 166 
[F Na] , 225 
[Al B] , 166 
[H P] , 129 
[F Mg] , 164 
[Be S] , 119 
[Cl Mg] , 164 
[S Si] , 166 
[Al Si] , 141 
[Al F] , 191 
[Al N] , 216 
[Be Cl] , 166 
[B Be] , 164 
[Mg N] , 187 
[Li N] , 139 
[C P] , 164 
[Li Si] , 123 
[C F] , 164 
[H Na] , 225 
[Mg Na] , 123 
[Cl P] , 129 
[Cl O] , 139 
[C Li] , 160 
[Al S] , 139 
[Li Na] , 194 
[B N] , 216 
[Li Mg] , 123 
[B S] , 166 
[Mg O] , 225 
[F Li] , 225 
[Al Li] , 227 
[Al Na] , 141 
[H Li] , 225 
RANKING VECTORS ENTHALPIES
0:[-321.00449168 -321.00429099 -320.91786672 -320.91599977 -320.90994856 -320.78384709 -320.7831044  -320.78001868 -320.77867695 -320.76112865 -320.73390785 -320.72649591 -320.72104789 -320.6942934  -320.69314106 -320.67078603 -320.6699034  -320.61525046 -320.60785457 -320.5768399 -320.57607473 -320.57566425 -320.57559528 -320.57558866 -320.57551071 -320.57519663 -320.56847824 -320.38226098 -320.37471124 -320.27343932 -320.27340008 -320.27314385 -320.27268393 -320.23202028 -320.19417243 -320.12334622 -320.12332874 -320.09644648 -320.04304193 -319.98635922 -319.94382133 -319.89202831 -319.88884822 -319.88882542 -319.88881848 -319.56012278] 
1:[-523.49671933 -523.47383656 -523.43817544 -523.31225096 -523.30855383 -523.30029243 -523.22535532 -523.19714813 -523.18347848 -523.0417946 -523.0062731  -522.92142008 -522.90204361 -522.63194148 -522.6104874 -522.5713726  -522.56692041 -522.43793888 -522.41260434 -522.13142341 -522.12793802 -522.04012837 -522.03676178 -522.03074313 -521.99071689 -521.85349846 -521.81512382 -521.74076985 -521.30318368 -521.20252404 -520.96720431 -520.93290595 -520.87001022 -520.75765487 -520.69291586 -520.63544705 -520.42317738 -520.06061616 -520.01023096 -519.89101156 -519.02290251 -518.82485697 -518.51724296 -518.49643566 -517.89715575 -517.43499948] 
2:[-196.43126486 -196.4177055  -196.2306459  -196.14954085 -196.09648368 -196.02326249 -196.00960651 -195.8878151  -195.77002831 -195.75746734 -195.7443613  -195.74259917 -195.74122681 -195.71858825 -195.71171589 -195.70178133 -195.69500235 -195.60473389 -195.51750049 -195.46486385 -195.45274454 -195.43269891 -195.41025158 -195.34814883 -195.33615311 -195.33510712 -195.22472656 -195.22094321 -195.14931201 -195.01200033 -194.97067272 -194.95323764 -194.94739492 -194.94495514 -194.82576516 -194.74267171 -194.39117636 -194.32392748 -194.32382477 -194.31878436 -193.93871512 -193.76781882 -193.4395024  -193.08827293 -193.01883049 -193.00906376] 
3:[-254.86414442 -254.86369052 -254.63633891 -254.60455863 -254.43037281 -254.37698454 -254.37325495 -254.37243654 -254.36943506 -254.30731679 -254.30290756 -254.27890228 -254.23014242 -254.22343774 -254.17298515 -254.08217802 -254.03174425 -253.99511341 -253.93915007 -253.90944756 -253.88760721 -253.8851937  -253.88478375 -253.88358147 -253.88151244 -253.7830269  -253.65781827 -253.46124079 -253.43599504 -253.38760706 -253.37273713 -253.37184657 -253.34302109 -253.22198873 -253.09134951 -252.99579996 -252.9152524  -252.40675205 -252.37254043 -251.78630389 -251.66605843 -251.63577284 -251.09675833 -251.05934456 -250.82381929 -250.80972223] 
4:[-196.43126486 -196.4177055  -196.2306459  -196.14954085 -196.09648368 -196.02326249 -196.00960651 -195.8878151  -195.77002831 -195.75746734 -195.7443613  -195.74259917 -195.74122681 -195.71858825 -195.71171589 -195.70178133 -195.69500235 -195.60473389 -195.51750049 -195.46486385 -195.45274454 -195.43269891 -195.41025158 -195.34814883 -195.33615311 -195.33510712 -195.22472656 -195.22094321 -195.14931201 -195.01200033 -194.97067272 -194.95323764 -194.94739492 -194.94495514 -194.82576516 -194.74267171 -194.39117636 -194.32392748 -194.32382477 -194.31878436 -193.93871512 -193.76781882 -193.4395024  -193.08827293 -193.01883049 -193.00906376] 
5:[-232.1766009  -232.1490793  -232.04284995 -231.90187068 -231.89213924 -231.87275156 -231.8061958  -231.80432298 -231.79269627 -231.72017398 -231.697849   -231.61167373 -231.60320325 -231.55106013 -231.37766847 -231.33320564 -231.24016606 -231.22195363 -231.21922536 -231.2109477 -231.19179637 -231.09087594 -231.08868889 -231.04049852 -231.0181357 -231.01795481 -230.94778018 -230.84003017 -230.79980445 -230.66000376 -230.65849848 -230.64246104 -230.63772053 -230.62673332 -230.5612808 -230.51154326 -230.50968863 -230.28968171 -229.78343377 -229.73120377 -229.47408674 -229.21761439 -229.097456   -228.87485208 -228.6043708 -228.0884732 ] 
6:[-121.70770061 -121.70579334 -121.70458234 -121.70319169 -121.67545079 -121.67536336 -121.67503124 -121.67502559 -121.61488092 -121.60734196 -121.59948982 -121.59903992 -121.5967212  -121.59332267 -121.54287405 -121.51669463 -121.47495948 -121.47169043 -121.45199708 -121.40651872 -121.40137318 -121.39399637 -121.37841124 -121.3765276  -121.35985344 -121.3589833  -121.35812347 -121.34062257 -121.33763874 -121.33723243 -121.32709896 -121.3234001  -121.31835644 -121.31217812 -121.30589226 -121.23741508 -121.16818043 -121.16072223 -121.07440893 -120.91265108 -120.91097942 -120.91089036 -120.90888895 -120.90872586 -120.90867615 -120.79262946] 
7:[-897.80747709 -897.77835887 -897.67645044 -897.67151394 -897.65179809 -897.63144007 -897.60064786 -897.59605155 -897.52782661 -897.49005829 -897.4683898  -897.43873446 -897.43224487 -897.43155991 -897.43121283 -897.43111902 -897.42003228 -897.41404336 -897.38142719 -897.34534443 -897.31922654 -897.31484336 -897.31429965 -897.31398571 -897.29808056 -897.29673599 -897.28714651 -897.2829821  -897.23372901 -897.2229272 -897.22026597 -897.21786505 -897.11723893 -897.10241516 -897.09164563 -896.96330463 -896.93513753 -896.9140362  -896.82443468 -896.81943817 -896.55210996 -895.92982133 -895.92961706 -895.92955022 -895.91825724 -895.85631192] 
8:[-136.68517462 -136.68066265 -136.68022209 -136.68007397 -136.6774621 -136.67609418 -136.52289509 -136.51387129 -136.50050561 -136.49945441 -136.49629722 -136.49433247 -136.46401917 -136.42137473 -136.40829825 -136.35926477 -136.31500278 -136.30340539 -136.2027304  -136.19839366 -136.1661798  -136.03676031 -135.97988245 -135.9332432  -135.92607778 -135.83790584 -135.82261602 -135.63722327 -135.57335448 -135.48410817 -135.46750786 -135.3657645  -135.24594696 -135.2353936  -135.23132084 -135.14779885 -134.97940397 -134.87945093 -134.80455864 -134.78376076 -134.63075059 -134.62621338 -134.60149291 -134.46822943 -134.40185996 -133.97342538] 
9:[-147.57676725 -147.57664117 -147.57663376 -147.57657371 -147.54762042 -147.54250827 -147.53226892 -147.53187422 -147.52728724 -147.52140207 -147.49888362 -147.49445936 -147.48997497 -147.45471175 -147.4464376 -147.44172425 -147.44156585 -147.41898103 -147.41400783 -147.39884515 -147.37653415 -147.37503106 -147.3619956  -147.3491361  -147.33709854 -147.32925407 -147.32793139 -147.325858   -147.32079093 -147.31190711 -147.30717707 -147.30352105 -147.30196539 -147.25516607 -147.25383913 -147.24530744 -147.22033457 -147.2195308  -147.11572683 -147.11006683 -147.09032163 -146.92429436 -146.63160781 -146.63153214 -146.63151685 -146.59995463] 
10:[-767.90345201 -767.90285374 -767.89837716 -767.87871626 -767.86483197 -767.8048869  -767.75265253 -767.65232679 -767.55900092 -767.55153878 -767.54983649 -767.54960709 -767.49738143 -767.44918117 -767.44892635 -767.4389789  -767.43110973 -767.42809775 -767.38763136 -767.35567065 -767.3101882  -767.30994723 -767.23647184 -767.19374402 -767.18763659 -767.0947935  -767.0809565  -767.08041168 -767.04306925 -767.04145215 -767.04117409 -767.04116228 -767.04115873 -767.03997627 -766.69218542 -766.68909654 -766.67555133 -766.64773607 -766.62608937 -766.62577031 -766.62339231 -766.19520892 -765.56185286 -765.56181892 -765.56171937 -765.55830528] 
11:[-414.37249337 -414.36984657 -414.369649   -414.36856187 -414.36791566 -414.36657994 -414.18439025 -414.14836183 -414.14791763 -414.1468991 -414.13721245 -414.12985065 -414.11898814 -414.10336093 -414.09811031 -414.09326199 -414.06653035 -414.0414044  -413.95782964 -413.95333423 -413.76944407 -413.75657029 -413.71925245 -413.71129024 -413.69174409 -413.68714644 -413.68080798 -413.58358477 -413.38616942 -413.37775305 -413.37390814 -413.34856374 -413.24998949 -413.06484565 -412.83772582 -412.7783149  -412.58238716 -412.52248129 -412.37509989 -411.4954337 -411.36170047 -411.16761314 -410.96494922 -410.50214553 -410.43419385 -409.65470442] 
12:[-674.55567405 -674.5188244  -674.518465   -674.51426048 -674.47694447 -674.42376527 -674.42008419 -674.4096096  -674.40467178 -674.34858409 -674.34795534 -674.3111127  -674.30752534 -674.28380218 -674.25930457 -674.23658321 -674.22620123 -674.21811506 -674.21405646 -674.18207928 -674.14471542 -674.14194233 -674.13229202 -674.11474525 -674.11401647 -674.023306   -673.97123851 -673.97015332 -673.93825293 -673.79602471 -673.75727571 -673.48794465 -673.47651863 -673.40982727 -673.40751878 -672.96827794 -672.96413762 -672.96382442 -672.96379904 -672.96379089 -672.95493627 -671.93113673 -671.29800611 -671.29793921 -671.29789337 -671.2786801 ] 
13:[-300.93849135 -300.92143263 -300.87913933 -300.87408385 -300.85659697 -300.84684947 -300.76521007 -300.72260927 -300.57729286 -300.52645886 -300.31953102 -300.14715446 -300.06627485 -300.06084838 -299.91283062 -299.57222619 -299.28003412 -299.26943234 -298.89254878 -298.83798231 -298.80756663 -298.79966688 -298.78010617 -298.70882468 -298.66566402 -298.63112076 -298.62258082 -298.54526762 -298.49974366 -298.42165896 -298.40241462 -298.2812244  -298.28093207 -298.27921059 -297.90166118 -297.87727923 -297.68143968 -297.67576901 -297.6225031  -297.5972099 -297.59029116 -297.58860352 -297.41423772 -297.26576192 -297.24866362 -296.94748217] 
14:[-955.47352943 -955.45487638 -955.45453315 -955.45429517 -955.45417039 -955.45402139 -955.45398542 -955.45395196 -955.45340597 -955.45082212 -955.44072365 -955.43792298 -955.38917443 -955.34324849 -955.31505237 -955.27628206 -955.20335392 -955.16238168 -955.16205958 -955.1522411 -955.15124052 -955.08725833 -954.90559994 -954.90496086 -954.9046193 -954.90401235 -954.86222073 -954.8542591  -954.85108172 -954.84502714 -954.82364956 -954.81812137 -954.81002014 -954.79917383 -954.75472793 -954.74339145 -954.73172135 -954.64868422 -954.59191614 -954.59191297 -954.59189221 -954.59189093 -954.55771749 -954.55770108 -953.7891016 -953.77083169] 
15:[-68.57711805 -68.57454835 -68.57166305 -68.39264147 -68.34581818 -68.2686956  -68.26310155 -68.24344291 -68.24065062 -68.24045492 -68.23981931 -68.15749835 -68.15449794 -68.10850903 -67.86635144 -67.85842554 -67.85617474 -67.85264925 -67.84881279 -67.84661698 -67.84123599 -67.83893594 -67.82940493 -67.82272615 -67.79956766 -67.76306902 -67.70684769 -67.68749237 -67.68689513 -67.68675777 -67.68539033 -67.68493807 -67.60068255 -67.55424182 -67.39016777 -67.354809   -67.22324672 -67.21094802 -67.20958804 -67.20347171 -67.06804599 -66.62129238 -66.52469681 -66.52062858 -66.52055878 -66.52052067] 
16:[-99.34202416 -99.26861444 -99.1824063  -99.1791548  -99.14714538 -99.11945507 -99.0424271  -99.04181651 -99.01326801 -98.97668876 -98.95591004 -98.94749713 -98.94658249 -98.94073088 -98.92051693 -98.90391959 -98.89988089 -98.89646079 -98.89390695 -98.89339375 -98.87778945 -98.87349924 -98.86256164 -98.85670371 -98.84676807 -98.84368606 -98.84235922 -98.83557108 -98.80205918 -98.80180894 -98.79373339 -98.79042699 -98.78202849 -98.75581621 -98.73291136 -98.70761073 -98.70632776 -98.7044278  -98.69996446 -98.68260752 -98.68050749 -98.66002794 -98.55664507 -98.54645447 -98.53778524 -98.53186574] 
17:[-1140.88456732 -1140.88409618 -1140.7479942  -1140.72778107 -1140.72409521 -1140.7173906  -1140.71617199 -1140.62964996 -1140.61933156 -1140.61274883 -1140.5767905  -1140.55610416 -1140.5433059  -1140.42558959 -1140.19724006 -1140.10080913 -1140.09758553 -1140.07957725 -1140.07587109 -1140.05786369 -1140.05670335 -1140.05646694 -1140.05460306 -1140.04761666 -1140.01931246 -1140.01578822 -1140.00170217 -1139.96703928 -1139.92909334 -1139.87778572 -1139.83111682 -1139.82327105 -1139.61739024 -1139.59567498 -1139.56150916 -1139.55598777 -1139.46650074 -1138.97487583 -1138.97264239 -1138.55880446 -1138.39148909 -1137.51769033 -1137.39869313 -1137.35151431 -1136.89848389 -1136.5456544 ] 
18:[-337.14753937 -337.14565581 -337.14530887 -337.14479128 -337.14430509 -337.13729832 -337.08214768 -337.07568456 -337.06489231 -337.06044259 -337.04132581 -337.03900169 -337.02653763 -337.02053675 -336.97343656 -336.96921672 -336.94910639 -336.90174991 -336.86626778 -336.66782308 -336.59716801 -336.58693288 -336.56198504 -336.51988901 -336.50137945 -336.48490447 -336.45447163 -336.40823743 -336.34890318 -336.25798525 -336.25768043 -336.20453834 -336.19625345 -336.16409358 -336.16331792 -335.93262281 -335.83906442 -335.83266903 -335.75371814 -335.71477579 -335.39897011 -335.27864041 -335.17003226 -335.1458055  -334.72331762 -333.95311766] 
19:[-1026.85584083 -1026.85471761 -1026.79116144 -1026.79041917 -1026.78787343 -1026.78209061 -1026.77799531 -1026.74319567 -1026.68439178 -1026.64051657 -1026.63281348 -1026.61358284 -1026.60285891 -1026.60126831 -1026.58203535 -1026.47462445 -1026.40497153 -1026.34801758 -1026.32677505 -1026.31882906 -1026.26142569 -1026.25427244 -1026.19254451 -1026.19199731 -1026.18930006 -1026.18299185 -1026.18136515 -1026.17948161 -1026.17872765 -1026.1745701  -1026.07111216 -1026.03948262 -1026.03434579 -1025.93046671 -1025.76310353 -1025.75597816 -1025.61187333 -1025.60860407 -1025.50491137 -1025.50206189 -1025.48875948 -1025.48866788 -1025.48861568 -1025.28873457 -1025.12272504 -1023.90994573] 
20:[-203.46924601 -203.46567366 -203.45827667 -203.39821982 -203.38022668 -203.37682334 -203.37219703 -203.36940683 -203.34354801 -203.34076432 -203.27972365 -203.27037705 -203.27021639 -203.27011859 -203.26717488 -203.26343306 -203.26211051 -203.26007607 -203.25868334 -203.2568669 -203.25490942 -203.25338032 -203.25329373 -203.22427443 -203.22402004 -203.17735265 -203.17426386 -203.08149869 -203.05480797 -203.04139651 -203.02174124 -203.01649784 -203.00416859 -202.96892215 -202.96837602 -202.96825287 -202.92952089 -202.92351055 -202.92159554 -202.70541965 -202.70432507 -202.68142809 -201.91833912 -201.91826479 -201.91824222 -201.90915353] 
21:[-84.8739     -84.87198638 -84.87089146 -84.86300385 -84.8607049 -84.85888932 -84.8578762  -84.85117088 -84.82803034 -84.8191087 -84.79907579 -84.77947956 -84.77619315 -84.77172941 -84.76414206 -84.75767709 -84.7549332  -84.71768591 -84.68544079 -84.68281222 -84.66174602 -84.61809887 -84.61711974 -84.57563794 -84.55645168 -84.43497147 -84.37836586 -84.36363953 -84.27053398 -84.26438889 -84.22117304 -84.21749817 -84.18866607 -84.18190584 -84.17006805 -84.16077074 -84.16045145 -84.16041942 -84.1602971  -84.13258729 -83.60391998 -83.2354009  -82.80233351 -82.80226156 -82.80222462 -82.79865461] 
22:[-364.23802851 -364.17988467 -364.17384238 -364.13066319 -364.12566884 -363.95783114 -363.93601121 -363.91379174 -363.90812715 -363.90384908 -363.88688104 -363.86155271 -363.80252703 -363.70826354 -363.68203915 -363.64915487 -363.60161702 -363.59484556 -363.51096635 -362.99185413 -362.92512445 -362.92005815 -362.79308421 -362.79188995 -362.7512319 -362.74850186 -362.72699082 -362.58902816 -362.52238801 -362.3120763 -362.17339934 -362.15618408 -361.88862886 -361.82985336 -361.81167902 -361.67615389 -361.47031864 -361.41197444 -361.17573365 -361.09695486 -360.83151468 -360.76075687 -360.59870545 -360.14385786 -359.96992895 -359.02309644] 
23:[-171.42220353 -171.42211968 -171.41926822 -171.41918348 -171.41380383 -171.41335598 -171.41139983 -171.26451094 -171.06366116 -171.06141492 -171.00368722 -170.97395663 -170.97322321 -170.97310149 -170.97292766 -170.97270129 -170.89254097 -170.77199277 -170.747433   -170.68829931 -170.6254059  -170.61441627 -170.60215737 -170.48820262 -170.44235248 -170.40926169 -170.37666938 -170.01995414 -169.96007688 -169.93012287 -169.84171101 -169.82936024 -169.82810903 -169.82705915 -169.80807142 -169.74837608 -169.51203978 -169.48455405 -169.25087369 -169.08003164 -168.85104519 -168.84178227 -168.31077551 -168.18080824 -168.02186521 -167.56900745] 
24:[-409.44191553 -409.44013157 -409.43969017 -409.38167286 -409.30067993 -409.28055307 -409.25470299 -409.25234528 -409.21658655 -409.12417063 -409.10122377 -409.09819087 -409.03570391 -409.0155071  -408.87423278 -408.86268605 -408.84901331 -408.82100954 -408.79904626 -408.77394333 -408.77262555 -408.74183024 -408.73911769 -408.727467   -408.71753712 -408.71029637 -408.69348724 -408.63773877 -408.62688389 -408.4506057 -408.44068436 -408.44037946 -408.44008085 -408.43435967 -408.43163806 -408.36445439 -408.30309435 -408.22446018 -408.13137526 -407.98263608 -407.6186221  -407.28972178 -407.26159937 -406.98198053 -406.7366135 -405.75050445] 
25:[-227.62762143 -227.62643532 -227.62529302 -227.39513464 -227.37261655 -227.34240341 -227.25847143 -227.25808245 -227.25625558 -227.24667012 -227.22620076 -227.22289178 -227.19839358 -227.15330138 -227.1504471 -227.1279306  -227.11948513 -227.11929205 -227.11867468 -227.08532201 -227.04593611 -227.03560063 -227.01673478 -226.97489236 -226.95149222 -226.85535558 -226.84580474 -226.83969407 -226.83117632 -226.81247838 -226.75172617 -226.53160341 -226.48268191 -226.48164396 -226.42268711 -226.35495705 -226.35471692 -226.35266274 -226.31834711 -226.31428877 -226.31424646 -226.17171705 -225.35365948 -225.35346767 -225.35326012 -225.33693506] 
26:[-946.23362459 -946.22204436 -946.05969158 -946.00371762 -946.00300296 -946.00282785 -946.00278351 -946.00224209 -945.99966588 -945.99667198 -945.99412077 -945.98061639 -945.95472804 -945.90218298 -945.87135279 -945.71737484 -945.66831699 -945.6575178  -945.65423626 -945.60241894 -945.57863084 -945.48096515 -945.47619298 -945.46481881 -945.30398509 -945.28319827 -945.20033559 -945.13881231 -945.11240513 -945.10499722 -944.98415348 -944.98388888 -944.98380866 -944.97975795 -944.97825097 -944.91826588 -944.79385042 -944.79311518 -944.55934186 -944.44634023 -944.39621854 -944.23721087 -944.08289748 -943.74971667 -943.60482649 -942.27292265] 
27:[-237.17184595 -237.16858388 -237.16053352 -237.00136176 -237.00077959 -236.668118   -236.64001348 -236.55195076 -236.46664089 -236.45815572 -236.45558461 -236.45350946 -236.4430367  -236.43489183 -236.41386624 -236.19763012 -236.15134198 -236.11363101 -236.10525507 -236.02489696 -235.95929271 -235.92494467 -235.9153255  -235.91421361 -235.79429385 -235.7345757  -235.73408276 -235.73285682 -235.73257669 -235.70012821 -235.69498925 -235.68860412 -235.68845106 -235.68843553 -235.68836356 -235.65564187 -235.62710376 -235.61934125 -235.61239614 -235.3800719 -235.27041151 -235.16421883 -234.76240729 -234.74766559 -234.74764291 -234.74762551] 
28:[-172.81914611 -172.81377226 -172.7107693  -172.44063333 -172.39770963 -172.39125895 -172.34088054 -172.31573374 -172.31355112 -172.30518643 -172.30418602 -172.29901188 -172.29641586 -172.29437644 -172.28742972 -172.27038521 -172.26496762 -172.25718158 -172.24832119 -172.22901818 -172.22894122 -172.20625799 -172.19383192 -172.18546344 -172.15038828 -172.0797315  -172.07690043 -171.98247018 -171.95406899 -171.88549107 -171.8686182  -171.71755043 -171.55561925 -171.54090391 -171.52892323 -171.4436438  -171.4345863  -171.09572525 -170.82649186 -170.80842561 -170.74414005 -170.62720798 -170.48943971 -170.43565463 -170.37218208 -170.15704929] 
29:[-152.25879782 -152.25348919 -152.24969624 -152.24322402 -152.23898799 -152.17837902 -152.14823406 -152.14403485 -152.03203546 -152.01766528 -152.01744297 -152.00351543 -151.99474632 -151.97232913 -151.94379279 -151.9378458  -151.88710954 -151.87637056 -151.80864059 -151.77807882 -151.77544158 -151.72757366 -151.72687927 -151.71706857 -151.71578772 -151.71346062 -151.66197292 -151.6599144  -151.53812472 -151.52734477 -151.41116864 -151.39443324 -151.37933002 -151.29162946 -151.15998135 -151.15989619 -151.15989349 -151.15986493 -151.1592057  -151.14522099 -150.8731938  -150.59987813 -149.70147916 -149.69955789 -149.69954697 -149.66735072] 
30:[-414.63689508 -413.79995655 -413.39685438 -413.12923914 -412.92654628 -412.67539207 -412.40512154 -412.24841407 -411.90286273 -411.68916342 -411.67833338 -411.66319194 -411.63408847 -411.48159814 -411.43975233 -411.38645346 -411.31037495 -410.80859246 -410.67536677 -410.65030378 -410.30241043 -410.15504948 -409.98546073 -409.93776095 -409.65908855 -409.10803481 -408.9370653  -408.84544913 -408.15688899 -407.76408293 -407.58888545 -406.88681657 -406.72130397 -406.47037631 -406.36546707 -406.32082862 -406.16752369 -405.3428152  -404.78627308 -404.20177685 -404.18265651 -403.84149844 -402.41593214 -402.07223228 -401.55037617 -398.47271513] 
31:[-626.95868882 -626.95803993 -626.95506617 -626.90031146 -626.90020401 -626.90002184 -626.89969042 -626.89926578 -626.8976637  -626.88396646 -626.86341324 -626.83770809 -626.80228027 -626.75911072 -626.75854361 -626.72732013 -626.7202528  -626.68523639 -626.66410261 -626.61799283 -626.60784073 -626.49993397 -626.49745275 -626.49346915 -626.44489755 -626.42865706 -626.42261005 -626.40296486 -626.39250578 -626.37838868 -626.33228537 -626.33224239 -626.33216878 -626.33212721 -626.32348415 -626.30978814 -626.28823824 -626.27549203 -626.249022   -626.23175023 -626.2316768  -626.17748324 -626.13965882 -626.05016449 -625.65837617 -624.9743449 ] 
32:[-1423.91823396 -1423.89900068 -1423.89810702 -1423.89570448 -1423.89293882 -1423.87816732 -1423.87719355 -1423.87682973 -1423.84730358 -1423.84381204 -1423.83955036 -1423.83749275 -1423.83615613 -1423.83517723 -1423.81477297 -1423.80430279 -1423.79726065 -1423.79558892 -1423.79435338 -1423.78776898 -1423.78588745 -1423.78510667 -1423.78508447 -1423.78383059 -1423.78109118 -1423.77312528 -1423.77071715 -1423.75657597 -1423.72764086 -1423.66583406 -1423.5961777  -1423.56427234 -1423.41150665 -1423.40654056 -1423.26888458 -1423.26335951 -1423.26317064 -1423.26314738 -1423.26283965 -1423.25143826 -1423.09045443 -1423.06271159 -1422.01560778 -1422.01548541 -1422.01544498 -1421.99930157] 
33:[-312.45672729 -312.4564335  -312.45195116 -312.45110695 -312.45087875 -312.31734104 -312.27165647 -312.26632667 -312.25804296 -312.25608558 -312.25590086 -312.23099379 -312.21743013 -312.20672177 -312.18142405 -312.17570119 -312.15007502 -312.08643481 -312.08000385 -312.06792366 -312.01968461 -311.97429486 -311.9574342  -311.8801751  -311.83933192 -311.83932615 -311.83278864 -311.81016403 -311.8073894  -311.80413454 -311.79877636 -311.76536152 -311.54253257 -311.44972106 -311.44766991 -311.30549699 -311.29004811 -311.27423261 -311.27267694 -311.27136293 -311.26898982 -310.42013136 -309.88578231 -309.88564807 -309.88557239 -309.86795122] 
34:[-442.64553737 -442.55377578 -442.42402094 -442.35855075 -442.34829556 -442.10984856 -442.10202802 -442.09949414 -442.08304718 -442.04520243 -441.95356491 -441.89039087 -441.76805331 -441.74240419 -441.72065652 -441.68439277 -441.65323128 -441.6315468  -441.47096115 -441.24673436 -441.14580433 -441.05860194 -441.02196136 -440.98763052 -440.9733886 -440.93014911 -440.77758064 -440.75069759 -440.73533015 -440.69277707 -440.55850986 -440.51449993 -440.48311528 -440.41492646 -440.35571622 -440.29438483 -439.97651538 -439.89518088 -439.45061046 -439.29317864 -439.2215918  -439.20052344 -438.44232945 -438.3572011  -438.14603086 -437.95839355] 
35:[-177.51322915 -177.51264229 -177.511493   -177.50503121 -177.50497244 -177.46665812 -177.45668309 -177.4542112  -177.45414877 -177.45374848 -177.41827418 -177.13998997 -177.13782998 -177.04758662 -176.88109015 -176.82218902 -176.82071057 -176.81520264 -176.80557812 -176.79241821 -176.77302022 -176.59813105 -176.59811143 -176.4554305  -176.45373622 -176.35082844 -176.26934612 -176.13696323 -176.13487155 -175.99747741 -175.88701698 -175.88696547 -175.51936238 -175.51762577 -175.50472487 -175.50466222 -175.50249258 -175.49963613 -175.49815131 -175.49790576 -175.43146468 -175.09183237 -174.37375825 -174.3737299  -174.37372125 -174.34129028] 
36:[-177.84569649 -177.84047066 -177.81490141 -177.79125015 -177.78478309 -177.78357692 -177.78298739 -177.78232581 -177.78032317 -177.77796654 -177.77765664 -177.77599103 -177.71370985 -177.70993637 -177.69430795 -177.69391855 -177.69388981 -177.69029132 -177.68695302 -177.51223264 -177.51164913 -177.50951009 -177.50916858 -177.50689952 -177.4811587 -177.48048955 -177.47684902 -177.4316524  -177.41923622 -177.37460841 -177.37166914 -177.36917    -177.33567628 -177.30367465 -177.23876195 -177.19885485 -177.17812945 -177.15294374 -177.14779588 -176.97134583 -176.90604597 -176.83470864 -176.72144267 -176.71039918 -176.71027767 -176.71022718] 
37:[-714.89881572 -714.89833322 -714.89832525 -714.89825476 -714.89591284 -714.89138387 -714.88975231 -714.87995246 -714.87881418 -714.8757521 -714.87496859 -714.87491515 -714.87385588 -714.8736588  -714.8732111 -714.87287085 -714.86633061 -714.86283154 -714.85962325 -714.84287976 -714.83969537 -714.83479243 -714.82742876 -714.82717769 -714.82680186 -714.82454405 -714.82453856 -714.82309618 -714.8175253  -714.80432884 -714.7951225  -714.79195079 -714.77984647 -714.76166639 -714.76066842 -714.74664812 -714.73979328 -714.73970092 -714.73969699 -714.73962401 -714.72921006 -714.72702907 -714.27421219 -714.2735377  -714.27353384 -714.27353238] 
38:[-180.52773936 -180.52723143 -180.52552056 -180.52309504 -180.51920169 -180.50221959 -180.07935334 -180.06476975 -180.06352052 -180.02599874 -180.00215755 -179.98804424 -179.96412066 -179.90890602 -179.83443519 -179.79928646 -179.76652104 -178.92392483 -178.90665912 -178.86820782 -178.86220797 -178.85539758 -178.84445229 -178.83490801 -178.74130446 -178.72382082 -178.59312098 -178.54958809 -178.54242827 -178.41771299 -178.15802527 -177.81960347 -177.79430888 -177.59935589 -177.57604494 -177.55315537 -177.24672313 -176.5653405  -176.45803238 -176.28085365 -175.92188999 -175.90591312 -175.85173613 -175.79962052 -175.39299654 -175.2946508 ] 
39:[-901.54827979 -901.54233099 -901.5352448  -901.53213504 -901.48890571 -901.48146692 -901.47881447 -901.47876978 -901.46811111 -901.38835726 -901.3839682  -901.38339113 -901.34666566 -901.34284905 -901.34091105 -901.32691401 -901.31455106 -901.30712908 -901.28217828 -901.27796799 -901.2707809  -901.24692329 -901.24227569 -901.23855122 -901.21261885 -901.20362778 -901.19825138 -901.19040883 -901.18586105 -901.18495633 -901.18421459 -901.17919503 -901.16067734 -901.16003973 -901.15987243 -901.15984649 -901.15972091 -901.14719062 -901.13737901 -901.06892913 -901.05577337 -901.01711666 -899.86165083 -899.86133846 -899.86131953 -899.85566735] 
40:[-187.00243723 -186.58672295 -186.58542891 -186.57783535 -186.57702443 -186.56952602 -186.5202284  -186.51869296 -186.49152018 -186.40838583 -186.39890402 -186.39510584 -186.39436866 -186.38645452 -186.3792928 -186.37813821 -186.372552   -186.36965878 -186.36092322 -186.35829953 -186.3419405  -186.31338666 -186.31319214 -186.31305305 -186.26900214 -186.20150202 -186.18473847 -186.1831651  -186.17920056 -186.16345367 -186.1115148  -185.9908526  -185.98641875 -185.90897798 -185.90292657 -185.77673814 -185.72861174 -185.59769109 -185.45165169 -185.40682056 -185.40510345 -185.37679483 -185.32228315 -185.21636193 -185.02892106 -184.89228801] 
41:[-1031.63862737 -1031.63831796 -1031.63800214 -1031.63788386 -1031.63721412 -1031.63669937 -1031.6348322  -1031.61608974 -1031.51127668 -1031.22932873 -1031.17361708 -1031.17304898 -1031.16703887 -1031.15844488 -1031.13643133 -1031.12333381 -1031.01583672 -1030.99785002 -1030.99699163 -1030.95681052 -1030.89396175 -1030.8938881  -1030.89376554 -1030.89371639 -1030.77305528 -1030.70007615 -1030.65982991 -1030.61694118 -1030.60941423 -1030.51493963 -1030.5092279  -1030.41007704 -1030.40984108 -1030.16538875 -1030.16436332 -1030.15969776 -1030.1507112  -1030.08116011 -1029.90493896 -1029.40387417 -1029.10690043 -1028.81904663 -1028.60220941 -1028.47958808 -1028.43087423 -1028.23493409] 
42:[-432.96088492 -432.96056619 -432.96044376 -432.96026018 -432.9602038 -432.96018218 -432.95998862 -432.95703348 -432.92998564 -432.89661048 -432.85561219 -432.75057273 -432.71954586 -432.66745599 -432.66706852 -432.66654477 -432.66552708 -432.66373149 -432.65060555 -432.6499256 -432.59858111 -432.55510697 -432.54988285 -432.54987643 -432.54982675 -432.54981439 -432.52799479 -432.51364981 -432.50856589 -432.49284908 -432.47065683 -432.38590624 -432.35594646 -432.3079572  -432.27529185 -432.25110725 -432.24998607 -432.24702612 -432.24626103 -432.24625119 -432.06549142 -431.80412837 -431.49779208 -431.43056849 -431.36174915 -430.95419871] 
43:[-125.95137581 -125.94218317 -125.93883234 -125.93788061 -125.93425911 -125.91963966 -125.87222126 -125.87028272 -125.83665695 -125.83401042 -125.83212229 -125.81035013 -125.75788322 -125.70860927 -125.66801897 -125.66483343 -125.65715592 -125.65371506 -125.64806065 -125.63241192 -125.62740487 -125.62246374 -125.61311576 -125.61029252 -125.56979087 -125.5073617  -125.50547651 -125.49512133 -125.48621481 -125.4852294 -125.43674964 -125.34122676 -125.24876726 -125.2227951  -125.06344168 -125.05414869 -125.02622136 -125.02605892 -125.02603916 -125.02596236 -125.00994595 -124.27197025 -123.56497793 -123.54598493 -123.54593641 -123.54592664] 
44:[-648.26162382 -648.25394613 -648.25142358 -648.24614847 -648.22706975 -648.1107869  -648.10532349 -648.08903803 -648.0871302  -648.0794156 -648.07654617 -648.07046855 -648.06917379 -648.05850138 -648.04773479 -648.04628644 -648.01352778 -648.00050539 -647.99986469 -647.99797981 -647.99176269 -647.96864724 -647.96059522 -647.94109993 -647.93330247 -647.93291799 -647.81501481 -647.72702604 -647.72065353 -647.4942613 -647.17494303 -647.1748551  -647.16341862 -647.0523563  -647.04518252 -646.91197379 -646.91144748 -646.86437077 -646.86416045 -646.86413697 -646.86392527 -645.85015633 -645.35096246 -645.31613963 -645.31606464 -645.31606234] 
45:[-104.52341802 -104.52321493 -104.52305904 -104.522592   -104.52083151 -104.52057566 -104.5204967  -104.51967149 -104.50940601 -104.45590985 -104.45583892 -104.42352132 -104.36299269 -104.35098215 -104.33477983 -104.29309911 -104.29294422 -104.29181289 -104.29153969 -104.28271391 -104.26916852 -104.25330871 -104.24839154 -104.23881788 -104.22939075 -104.2266563  -104.20565066 -104.2053446  -104.20530966 -104.20530382 -104.19521211 -104.12170096 -104.11203964 -104.0961593  -104.05900766 -104.03247491 -103.98751284 -103.9313093  -103.91215195 -103.90998581 -103.87120547 -103.87101848 -103.62672605 -103.61007101 -103.56085961 -103.19170025] 
RANKING VECTORS IDX
0:[26.  0. 36. 27. 34. 20.  7. 10. 29.  2.  6. 39. 35. 28. 12.  1. 24. 21. 32. 16. 33.  9. 31. 41. 45. 14. 42.  5. 13. 25. 17. 30. 11. 19. 40.  4.  3. 15. 37. 44. 43. 38.  8. 23. 18. 22.] 
1:[ 1. 20. 24. 40. 17. 28.  4.  3.  2. 13. 34. 19. 15. 36. 30.  5. 22. 33. 16. 38.  8.  6. 11. 23. 18. 25. 35.  9. 39. 45. 31. 27. 41. 21. 26. 42.  7. 14. 12.  0. 44. 29. 32. 10. 37. 43.] 
2:[34. 36.  2. 27. 28.  1. 24. 11.  6. 38.  8. 23. 18. 17. 40. 20. 33. 19. 35. 16. 25. 45.  9. 31. 41. 42. 14. 26.  5.  0. 21.  3.  4. 15.  7. 22. 10. 30. 29. 13. 39. 12. 32. 44. 43. 37.] 
3:[ 4.  3.  2. 36. 20.  1. 33. 16. 24. 40. 15. 17. 28. 27. 19.  5. 25. 34. 35. 11.  8. 23. 38. 18.  6. 13. 26.  9. 45. 31. 41.  0. 42. 14. 21.  7. 22. 10. 29. 39. 30. 12. 32. 43. 44. 37.] 
4:[34. 36.  2. 27. 28.  1. 24. 11.  6. 38.  8. 23. 18. 17. 40. 20. 33. 19. 35. 16. 25. 45.  9. 31. 41. 42. 14. 26.  5.  0. 21.  3.  4. 15.  7. 22. 10. 30. 29. 13. 39. 12. 32. 44. 43. 37.] 
5:[ 1. 24. 15. 20.  2. 17. 13. 28. 40. 19. 34.  4. 36. 11. 35. 22.  9.  3. 25. 16.  6.  5. 45. 31. 27. 41. 42. 33. 14.  8. 38. 30. 23. 18. 26.  7. 21.  0. 10. 29. 43. 39. 44. 12. 32. 37.] 
6:[33. 45. 16. 42.  9. 14. 31. 41.  7. 10. 39. 12. 32. 29. 21.  3.  0. 26. 37. 36. 27. 44.  4. 28. 24. 17.  1. 34. 15. 43. 19. 35. 22. 20. 40.  5. 30. 13. 25. 11.  6. 38.  8. 23. 18.  2.] 
7:[21.  7. 29. 10. 26.  0. 16. 33.  6. 36. 13. 27.  9. 31. 41. 45. 42. 14. 12. 43.  1. 24. 34. 20. 19. 39. 17. 15. 35.  4.  5.  3. 40.  2. 44. 32. 28. 30. 22. 25. 11.  8. 23. 18. 38. 37.] 
8:[38.  6. 11.  8. 23. 18. 45.  9. 42. 31. 41. 35. 14.  2. 26.  0. 17. 25. 30. 19. 15. 40. 34. 36. 20.  5. 27. 28. 13.  1. 24. 21. 37.  3.  4. 33.  7. 22. 10. 29. 16. 39. 12. 32. 44. 43.] 
9:[ 9. 31. 41. 14. 42. 45.  6. 26.  0. 22. 36. 27. 13. 32. 39. 10.  7. 24.  1. 20. 44. 35.  5. 33. 16. 25. 15. 17. 30.  3.  4. 21. 19. 37. 29. 12.  2. 43. 34. 40. 28. 11.  8. 23. 18. 38.] 
10:[10. 29.  7. 39. 12. 32.  6. 21. 26.  0. 36. 27. 13. 20. 15. 35. 24. 34. 43. 44. 33. 16. 28.  5. 37.  2.  3.  4. 45.  9. 31. 14. 41. 42. 22. 40.  1. 19. 17. 25. 30. 11.  8. 23. 18. 38.] 
11:[11. 38.  8.  6. 23. 18. 30. 16. 33.  9. 17. 45.  2. 31. 25. 41. 42. 40. 14. 20. 34.  1. 24. 36. 28. 19. 35. 15.  4.  3.  5. 13. 26. 27.  0. 12.  7. 21. 22. 10. 29. 32. 44. 39. 37. 43.] 
12:[ 7. 12. 29. 10. 32. 39. 20. 15. 13. 16. 33. 21. 43. 44. 34. 24. 19.  1. 40. 28. 37.  5. 35.  4.  3. 30. 25. 17. 22.  6.  2.  0. 26. 36. 27. 45.  9. 14. 31. 41. 42. 11.  8. 18. 23. 38.] 
13:[13.  1. 30. 20. 24. 17. 19. 28. 15. 25. 35.  2. 33. 16. 34. 36. 40. 27.  9. 45. 31. 41. 42. 14. 22.  4.  3.  5.  6. 26. 21. 11.  7.  0. 10. 29. 38. 43.  8. 23. 39. 18. 44. 12. 32. 37.] 
14:[10. 16. 33.  9. 45. 31. 41. 42. 14.  7. 29. 35. 26.  0. 21. 39.  6. 36. 34. 27.  2. 12. 30. 11. 25. 17. 32. 20.  1. 13. 24. 43. 40. 15.  5. 19. 44. 28.  8. 23. 38. 18.  4.  3. 22. 37.] 
15:[24.  1. 15. 35. 20. 26.  0. 30. 17. 25. 19. 36. 27. 40.  7. 10. 33. 21. 16. 29. 39. 12.  2. 32. 28. 34. 45.  9. 31. 41. 42. 14. 13. 37.  6. 44.  3.  4.  5. 11. 43. 22. 38.  8. 23. 18.] 
16:[34. 33. 16. 15. 13. 30. 22. 11.  1. 27. 36. 35.  7. 20.  5.  4.  3. 19. 10. 29. 21.  2. 17. 25. 39. 32. 40. 12. 37. 28.  6. 43. 44. 24. 26. 45.  0.  9. 42. 31. 41. 14. 38. 18.  8. 23.] 
17:[16. 33. 17. 20. 34.  1. 24. 36. 19. 15. 28. 40.  2. 25. 13.  9. 11. 38.  6.  8. 45. 23. 18. 35.  4.  3.  5. 31. 41. 42. 32. 22. 27. 14. 21.  7. 26.  0. 30. 29. 10. 43. 12. 37. 39. 44.] 
18:[38.  6.  8. 23. 18. 11. 33. 45.  9. 40. 41. 42. 30. 17. 14. 31. 25.  2. 19. 36. 24.  1. 15. 20. 35. 28. 27. 26. 13.  4.  3.  0.  5.  7. 21. 34. 22. 16. 10. 29. 43. 39. 44. 12. 32. 37.] 
19:[33. 16. 20. 24.  1. 17. 19. 15.  7. 34. 35. 36. 40.  2. 28. 27. 10. 21. 29. 25. 13. 11.  9. 31. 41.  4.  3. 42. 45. 14. 26.  5.  0. 39. 22. 30. 12. 43.  6. 38.  8. 23. 18. 44. 32. 37.] 
20:[24. 15.  1. 35. 17. 25. 19. 20. 27. 36. 13.  9. 31. 14. 41. 42. 10. 45.  7. 39. 26. 29.  0. 32. 37.  2. 40. 28.  6. 22. 33. 16. 30.  4.  3. 21. 11. 43. 44. 12. 34.  5.  8. 23. 18. 38.] 
21:[ 7. 44. 21. 32. 12. 39. 10. 29. 37.  1. 35. 16. 24. 33. 17. 19. 20. 13. 43. 15. 34. 40.  3.  4. 30.  5. 22.  6. 26.  0. 36. 27.  2. 45. 42.  9. 31. 41. 14. 25. 28. 11.  8. 23. 18. 38.] 
22:[22. 13.  1. 24. 20.  2. 33.  4. 28. 17.  3. 40. 16. 15.  5. 19. 34. 30. 11. 25. 36. 35.  8. 38.  6. 23. 18. 21.  9. 26.  7. 45. 31.  0. 41. 42. 27. 44. 14. 29. 32. 10. 37. 43. 12. 39.] 
23:[16. 33.  9. 14. 31. 41. 42. 45. 25. 17. 11. 38.  8.  6. 23. 18. 19. 35.  2. 26. 34. 36.  0. 40. 27. 20. 13. 21.  5. 28.  1. 24.  3.  4. 15.  7. 10. 29. 39. 12. 37. 32. 30. 44. 22. 43.] 
24:[ 1. 24. 20. 15.  2. 28. 17. 40. 19. 36.  3.  4. 35.  5. 33. 27. 30. 13. 11.  7. 25.  9. 26. 45. 31. 41. 42. 34. 14.  6.  8. 23. 18. 38.  0. 22. 21. 10. 29. 16. 39. 12. 43. 44. 32. 37.] 
25:[25. 30. 17.  7. 29. 10. 21. 33. 16. 28. 12. 36. 20. 24.  1.  2. 35. 39. 40. 15. 19. 13.  5. 32. 34. 26.  0. 43.  4.  3. 44.  6. 27. 22. 11.  9. 31. 41. 14. 45. 42. 37.  8. 23. 18. 38.] 
26:[ 0. 26.  2.  9. 16. 31. 45. 41. 33. 42. 36. 14. 27.  7. 20.  6. 21. 10. 34. 29. 28. 11. 25. 17.  1. 24. 39.  5. 40. 13.  8. 18. 23. 38. 19. 12.  3.  4. 15. 32. 30. 35. 43. 44. 22. 37.] 
27:[27. 36. 34. 26.  0. 28.  2. 13. 24.  7. 29. 10. 12. 39. 32. 21.  6. 15.  1.  5. 37. 44. 16. 33. 43. 17.  3. 19. 25. 42. 45.  9. 31. 41. 14. 30. 40. 20. 35. 11. 22.  4. 38.  8. 23. 18.] 
28:[30. 20. 40.  2. 36. 28. 11.  6.  9.  8. 13. 23. 18.  1. 38. 24. 31. 41. 45. 15. 27. 42. 14. 25. 34. 26. 33.  0. 17. 35. 19.  5. 16. 22. 21.  4.  3.  7. 10. 29. 37. 39. 43. 44. 32. 12.] 
29:[10. 39. 32. 29. 12.  7. 35. 21. 37. 16. 33. 43. 44. 34. 15. 27. 24.  1. 28. 20. 19. 13. 40.  3.  4.  5. 25. 17. 36.  6. 22.  0. 26.  2.  9. 31. 41. 14. 42. 45. 30. 11.  8. 23. 18. 38.] 
30:[30. 13. 16. 33.  1. 17. 28. 20.  2. 12. 24. 32. 22. 37. 44. 34. 39. 14. 40. 31.  4.  5.  3. 15. 25. 36. 19. 11.  9. 38.  8. 21.  6. 23. 35. 10. 18.  7. 41. 42. 26. 27. 29.  0. 43. 45.] 
31:[39. 29.  7. 33.  9. 45. 31. 41. 42. 14. 16. 35. 26. 21. 10.  6.  0.  2. 36. 34. 27. 11. 25. 17. 20. 13. 40. 24. 15.  5.  8. 38. 23. 18. 43. 12. 28. 19. 30.  4.  3. 44.  1. 32. 22. 37.] 
32:[ 1. 19. 20. 24. 17. 33. 28. 16. 37.  2. 43. 15. 21. 44. 30. 13.  4.  3. 34. 12. 11. 29. 10.  7. 32. 39. 40. 35. 22. 25.  5.  6. 27. 36. 42.  9. 31. 41. 14. 45.  0. 26.  8. 23. 18. 38.] 
33:[16. 33. 24.  1. 15. 35. 30. 34. 19. 20. 17.  2. 25. 21. 44. 43. 40.  3.  4. 22. 28. 13.  5. 37. 29.  7. 10. 36. 12. 39. 27. 32.  6. 26.  0. 42. 45.  9. 41. 31. 14. 11.  8. 23. 18. 38.] 
34:[34. 16. 30. 22. 33.  4. 11. 28. 13.  3.  5.  1.  9. 20.  2. 24. 36. 40. 17. 45. 15.  6. 31. 21. 19. 41.  7. 42. 38.  8. 26. 25. 23. 18. 27. 14. 35.  0. 29. 10. 32. 43. 12. 44. 37. 39.] 
35:[30. 17. 19. 25. 35. 20. 24.  1. 15. 13. 28. 36. 27. 40.  7. 12. 29. 10. 32. 39.  2. 16. 33. 21.  6.  5. 44. 37. 43. 34.  4.  3. 42. 45.  9. 41.  0. 26. 31. 14. 22. 11.  8. 23. 18. 38.] 
36:[26.  0. 37. 10. 12. 39. 29. 13.  7. 36. 27. 32. 33. 45.  9. 31. 41. 14. 42. 24.  6.  2. 15.  1.  4.  3. 20. 35. 21. 17. 25. 19. 34. 28. 40.  5. 11. 22. 44. 30. 43. 16. 38.  8. 23. 18.] 
37:[ 1. 20. 24. 33. 17. 35. 19. 25. 28.  7. 37. 12. 10. 32. 39. 29.  2. 34. 26. 30. 40. 21.  0. 11.  4. 44. 15.  3. 43.  5. 13. 22.  6. 45. 16. 42.  9. 31. 41. 14. 27. 36. 38.  8. 23. 18.] 
38:[23. 38.  8.  6. 18. 11. 35. 40. 17.  2.  1. 20. 24. 28. 19. 15. 25.  9. 45. 31.  4. 41.  3. 42. 14. 16. 34.  5. 36. 13. 27. 26. 30.  0. 22. 33. 21.  7. 44. 37. 10. 29. 12. 32. 39. 43.] 
39:[10. 29.  7. 39. 12. 33. 16. 21. 32. 43. 15. 44. 20.  1. 24. 35. 17. 19.  6. 37.  2. 40. 26. 25. 28.  3.  4. 11. 27. 42. 36. 45. 34.  9. 31. 41. 14.  0. 30. 22. 13.  5.  8. 23. 18. 38.] 
40:[40. 24.  2. 15.  1. 20. 13.  6. 33. 30.  9. 31. 41. 14. 45. 28. 42. 11. 36. 35. 27.  8. 23. 18. 38. 26.  0. 17. 19. 25.  5.  4.  3. 21. 37. 22. 16. 34.  7. 29. 10. 39. 32. 44. 43. 12.] 
41:[16. 33.  9. 45. 31. 41. 42. 14. 35. 26. 30. 11. 25. 17.  2.  6.  0. 34. 36.  7. 38.  8. 23. 18. 27. 19. 40. 21. 20. 10.  5. 13. 29.  3.  4.  1. 24. 28. 39. 12. 37. 32. 43. 15. 22. 44.] 
42:[16. 33.  9. 45. 31. 41. 42. 14. 35. 26.  0.  2.  6. 30. 11. 25. 17.  7. 34. 36. 27. 19. 38.  8. 23. 18. 21. 20. 10.  5. 29. 40. 13. 28. 39.  1. 24. 15.  4.  3. 12. 32. 43. 22. 44. 37.] 
43:[29. 10.  7. 12. 39. 32. 33. 16. 44. 13. 43. 21. 37. 26. 30. 15. 17. 35. 19.  0. 24.  1. 25. 20. 28. 34. 36. 40.  3.  4. 27.  6. 22.  5. 42. 45.  9. 31. 41. 14.  2. 11. 38.  8. 23. 18.] 
44:[15. 21. 44. 43. 13. 30. 17. 24.  1. 19. 28. 33. 16. 20. 35. 34. 10. 12. 29.  7. 32. 37. 39. 40.  3.  4. 22. 25.  5.  6. 36. 27.  2. 26.  0. 45. 42.  9. 31. 41. 14. 11. 38.  8. 23. 18.] 
45:[ 9. 16. 45. 42. 14. 31. 41. 33. 35. 26. 37.  0.  6.  2.  7. 25. 11. 30. 17. 10. 29. 19. 36. 34. 27. 21. 38.  8. 23. 18. 39. 12. 40. 20.  5. 32. 13.  1. 28. 24.  3.  4. 15. 44. 43. 22.] 
POSCARS
EA93    2.791  2.792  3.569 89.82 89.86 60.04 Sym.group:  187
1.0
   1.4297830000000000    2.3968550000000000   -0.0448400000000000
  -1.3630290000000000    2.4357240000000000   -0.0493280000000000
  -0.0070970000000000    0.0812810000000000    3.5685330000000000
O Li
2 2
direct
   0.3330630000000000    0.0810250000000000    0.5309900000000000 O
   0.3322780000000000    0.0798410000000000    0.9545490000000000 O
   0.9994960000000001    0.7465440000000000    0.7427790000000000 Li
   0.6655300000000000    0.4143290000000000    0.2427620000000000 Li
EA198   2.354  2.335  5.556 90.14 102.13 119.49 Sym.group:  166
1.0
   2.3518390000000000   -0.0925950000000000    0.0066780000000000
  -1.0686279999999999    2.0757140000000001    0.0172670000000000
  -1.2107920000000001   -0.6831660000000001    5.3792720000000003
Be F
2 2
direct
   0.4774560000000000    0.3644900000000000    0.3385240000000000 Be
   0.0195150000000000    0.1386650000000000    0.6588619999999999 Be
   0.4619270000000000    0.8595840000000000    0.8206120000000000 F
   0.0351830000000000    0.6438820000000000    0.1767780000000000 F
EA144   2.808  7.269  2.809 89.99 119.98 90.01 Sym.group:  156
1.0
   1.4083650000000001   -0.0007640000000000    2.4297300000000002
   0.0079270000000000    7.2686140000000004   -0.0038130000000000
  -2.8088030000000002    0.0037370000000000    0.0056440000000000
N Si
3 3
direct
   0.5507530000000000    0.1724370000000000    0.9972450000000000 N
   0.8840190000000000    0.9074050000000000    0.6634409999999999 N
   0.8834540000000000    0.4380670000000000    0.6644550000000000 N
   0.8841000000000000    0.1756560000000000    0.6637750000000000 Si
   0.2167830000000000    0.5436650000000000    0.3309670000000000 Si
   0.5505630000000000    0.8060200000000000    0.9970550000000000 Si
EA48    2.634  2.632  5.796 77.11 89.87 119.64 Sym.group:  166
1.0
   2.5643349999999998   -0.5950740000000000    0.0862310000000000
  -0.7559740000000000    2.5187360000000001    0.1038400000000000
   0.0878040000000000    1.1436679999999999    5.6817510000000002
Al O
2 2
direct
   0.8713770000000000    0.2547800000000000    0.2520090000000000 Al
   0.3712730000000000    0.2545730000000000    0.7520200000000000 Al
   0.9803200000000000    0.4741660000000000    0.9259300000000000 O
   0.7625100000000000    0.0352760000000000    0.5780880000000000 O
EA235   2.628  2.628  5.549 76.48 89.99 60.00 Sym.group:  166
1.0
   2.6278120000000000   -0.0009680000000000   -0.0010900000000000
   1.3147050000000000    2.2752759999999999    0.0152080000000000
   0.0035370000000000    1.4601759999999999    5.3531079999999998
N Si
2 2
direct
   0.1769520000000000    0.4017870000000000    0.2829340000000000 N
   0.3939690000000000    0.9685220000000000    0.9215370000000001 N
   0.2838900000000000    0.1855700000000000    0.6022390000000000 Si
   0.7855080000000000    0.1851400000000000    0.1022340000000000 Si
EA457   2.538  4.866  2.529 89.78 90.08 90.74 Sym.group:  131
1.0
   2.5343619999999998   -0.0775900000000000   -0.1045540000000000
   0.0872620000000000    4.8646839999999996    0.0205710000000000
   0.1004480000000000   -0.0026590000000000    2.5265949999999999
N P
2 2
direct
   0.3688340000000000    0.2693370000000000    0.7484910000000000 N
   0.3826040000000000    0.7683140000000001    0.7478790000000000 N
   0.3758940000000000    0.5188230000000000    0.2481900000000000 P
   0.8756720000000000    0.0188370000000000    0.7481139999999999 P
EA214   3.493  3.464  3.472 91.80 61.23 61.33 Sym.group:  119
1.0
   1.8080670000000001    1.7579300000000000    2.4169309999999999
  -1.7402470000000001    1.7872239999999999    2.4034540000000000
   1.7278490000000000   -1.7883880000000001    2.4233560000000001
Al P
1 1
direct
   0.0352910000000000    0.9606620000000000    0.7620120000000000 Al
   0.5339140000000000    0.7110330000000000    0.0127900000000000 P
EA135   2.761  3.165  2.761 90.01 90.06 90.05 Sym.group:  123
1.0
   2.7611260000000000   -0.0058660000000000    0.0104370000000000
   0.0041570000000000    3.1652330000000002   -0.0010700000000000
  -0.0132800000000000    0.0004560000000000    2.7611740000000000
Mg P
1 1
direct
   0.4719270000000000    0.5237270000000001    0.5175190000000000 Mg
   0.9723230000000000    0.0236670000000000    0.0171820000000000 P
EA157   2.927  2.927  5.064 106.78 73.22 119.98 Sym.group:  216
1.0
   2.9268130000000001   -0.0061000000000000    0.0118420000000000
  -1.4573590000000001    2.5381730000000000   -0.0117750000000000
   1.4405770000000000   -0.8361280000000000    4.7824660000000003
C Si
2 2
direct
   0.1811680000000000    0.8183610000000000    0.1865780000000000 C
   0.6810480000000000    0.3187240000000000    0.6865980000000000 C
   0.8062030000000000    0.1933240000000000    0.3113380000000000 Si
   0.3060940000000000    0.6936730000000000    0.8113290000000000 Si
EA182   3.181  3.224  3.224 60.78 60.47 60.47 Sym.group:  225
1.0
   3.1813530000000001    0.0116720000000000    0.0087330000000000
   1.5789050000000000    2.8113579999999998    0.0020290000000000
   1.5785540000000000    0.9170280000000000    2.6577500000000001
P Si
1 1
direct
   0.4913050000000000    0.5098330000000000    0.9828950000000000 P
   0.9915280000000000    0.0096490000000000    0.4830910000000000 Si
EA120   2.598  2.598  7.015 89.99 90.00 90.12 Sym.group:  123
1.0
   2.5977730000000001    0.0045990000000000    0.0007530000000000
  -0.0099900000000000    2.5976319999999999   -0.0048070000000000
  -0.0022590000000000    0.0136650000000000    7.0149210000000002
Na S
2 2
direct
   0.2562920000000000    0.7504700000000000    0.2723070000000000 Na
   0.2587670000000000    0.7522600000000000    0.7722890000000000 Na
   0.7580800000000000    0.2533620000000000    0.0222570000000000 S
   0.7573110000000000    0.2499810000000000    0.5222440000000000 S
EA108   2.558  2.558  4.154 90.00 90.00 120.00 Sym.group:  186
1.0
   1.2797879999999999   -2.2145630000000001    0.0001290000000000
   1.2780560000000001    2.2155209999999999   -0.0019060000000000
   0.0026940000000000    0.0021730000000000    4.1543720000000004
O Be
2 2
direct
   0.3187550000000000    0.6586500000000000    0.1303500000000000 O
   0.6521370000000000    0.3252110000000000    0.6303460000000000 O
   0.6520600000000000    0.3252690000000000    0.0078250000000000 Be
   0.3187180000000000    0.6585320000000000    0.5077120000000001 Be
EA51    4.796  2.354  4.879 90.01 119.41 90.00 Sym.group:  123
1.0
   4.7943530000000001    0.0034510000000000   -0.1058000000000000
  -0.0016520000000000    2.3544399999999999   -0.0011250000000000
  -2.3010370000000000   -0.0006120000000000    4.3019639999999999
Na Si
2 2
direct
   0.7457680000000000    0.7559950000000000    0.7465190000000000 Na
   0.2459260000000000    0.7541940000000000    0.7466760000000000 Na
   0.2460550000000000    0.2547740000000000    0.2466200000000000 Si
   0.7464430000000000    0.2548220000000000    0.2467900000000000 Si
EA124   2.393  7.779  2.394 90.76 62.10 81.30 Sym.group:  166
1.0
   2.3920650000000001    0.0650340000000000    0.0412650000000000
   0.9647100000000000    7.7172099999999997    0.1542300000000000
   1.0897640000000000   -0.2104310000000000    2.1206930000000002
C Cl
2 2
direct
   0.9111640000000000    0.3648850000000000    0.1786930000000000 C
   0.5753700000000000    0.3649480000000000    0.8429700000000000 C
   0.0196780000000000    0.6956360000000000    0.6201170000000000 Cl
   0.4567960000000000    0.0341320000000000    0.3925650000000000 Cl
EA1     2.891  2.880  4.081 89.57 90.09 90.00 Sym.group:  225
1.0
   2.8911319999999998   -0.0003270000000000    0.0019110000000000
   0.0002030000000000    2.8802469999999998   -0.0082450000000000
  -0.0088840000000000    0.0424570000000000    4.0804640000000001
F Na
2 2
direct
   0.3711040000000000    0.8696680000000000    0.9639440000000000 F
   0.8750260000000000    0.3707220000000000    0.4635940000000000 F
   0.8712290000000000    0.3703310000000000    0.9633980000000000 Na
   0.3753950000000000    0.8713330000000000    0.4642500000000000 Na
EA205   2.789  5.243  2.809 88.93 119.76 105.42 Sym.group:  166
1.0
   2.7891360000000001   -0.0053640000000000   -0.0157190000000000
  -1.3982969999999999    4.5407539999999997   -2.2170500000000000
  -1.3797759999999999    0.7695419999999999    2.3221750000000001
Al B
2 2
direct
   0.1959890000000000    0.3017650000000000    0.3714220000000000 Al
   0.7985520000000000    0.6982220000000000    0.1800950000000000 Al
   0.6672940000000001    0.0059190000000000    0.6102450000000000 B
   0.3268700000000000    0.9941050000000000    0.9412670000000000 B
EA77    3.047  3.111  3.202 89.76 90.52 90.00 Sym.group:  129
1.0
   3.0467860000000000   -0.0000550000000000    0.0033390000000000
  -0.0000940000000000    3.1108709999999999   -0.0101860000000000
  -0.0328360000000000    0.0237280000000000    3.2015600000000002
H P
2 2
direct
   0.2426430000000000    0.7489150000000000    0.5106240000000000 H
   0.7460620000000000    0.2478020000000000    0.4908810000000000 H
   0.2442380000000000    0.7486159999999999    0.9688870000000001 P
   0.7444740000000000    0.2483850000000000    0.0326210000000000 P
EA272   2.821  2.821  5.546 89.92 90.16 119.84 Sym.group:  164
1.0
   2.8214020000000000    0.0030940000000000    0.0052530000000000
  -1.4062340000000000    2.4455480000000001    0.0005210000000000
  -0.0261630000000000   -0.0068980000000000    5.5460919999999998
F Mg
2 2
direct
   0.3251680000000000    0.6632720000000000    0.6423250000000000 F
   0.6577290000000000    0.3290550000000000    0.3590160000000000 F
   0.3229400000000000    0.6630130000000000    0.1933900000000000 Mg
   0.6598600000000000    0.3292440000000000    0.8079980000000000 Mg
EA231   4.336  3.143  3.143 90.00 89.99 90.00 Sym.group:  119
1.0
   4.3364339999999997    0.0001780000000000   -0.0005190000000000
  -0.0000800000000000    3.1427200000000002    0.0032470000000000
   0.0009940000000000   -0.0031540000000000    3.1431719999999999
Be S
2 2
direct
   0.1191090000000000    0.0092710000000000    0.2522740000000000 Be
   0.6191480000000000    0.5094050000000000    0.7523470000000000 Be
   0.3691760000000000    0.5092680000000001    0.2524190000000000 S
   0.8691770000000000    0.0093890000000000    0.7523570000000001 S
EA88    2.997  2.995  6.979 90.01 90.09 119.93 Sym.group:  164
1.0
   2.9968309999999998   -0.0235090000000000    0.0037260000000000
  -1.4738770000000001    2.6074269999999999    0.0030110000000000
  -0.0203500000000000   -0.0214480000000000    6.9790400000000004
Cl Mg
2 2
direct
   0.0072470000000000    0.9945030000000000    0.0901720000000000 Cl
   0.3412810000000000    0.6617450000000000    0.7858309999999999 Cl
   0.3416280000000000    0.6614900000000000    0.2944480000000000 Mg
   0.0067290000000000    0.9948920000000000    0.5815460000000000 Mg
EA199   3.077  3.077  6.387 103.80 103.81 60.08 Sym.group:  166
1.0
   1.5414200000000000    2.6636389999999999    0.0010510000000000
  -1.5398769999999999    2.6643400000000002   -0.0072570000000000
  -0.0179460000000000   -1.7529170000000001    6.1412370000000003
S Si
2 2
direct
   0.8843330000000000    0.1459110000000000    0.9263890000000000 S
   0.1010140000000000    0.3622070000000000    0.5762550000000000 S
   0.7013260000000000    0.9626040000000000    0.3776210000000000 Si
   0.2840180000000000    0.5455179999999999    0.1250220000000000 Si
EA51    3.535  3.538  4.372 66.13 113.84 89.99 Sym.group:  141
1.0
   3.5016240000000001    0.4839560000000000   -0.0003920000000000
  -0.4839390000000000    3.5051120000000000    0.0003880000000000
  -1.9923460000000000    1.5102000000000000    3.5864750000000001
Al Si
2 2
direct
   0.7532250000000000    0.7507960000000000    0.4994310000000000 Al
   0.0030600000000000    0.0009340000000000    0.9991090000000000 Al
   0.5033750000000000    0.5006130000000000    0.9997300000000000 Si
   0.2529090000000000    0.2511170000000000    0.4988110000000000 Si
EA156   2.493  4.344  3.535 90.06 90.01 89.98 Sym.group:  191
1.0
   2.4929779999999999    0.0120400000000000    0.0011120000000000
  -0.0193490000000000    4.3433999999999999    0.0228970000000000
  -0.0021150000000000   -0.0226460000000000    3.5351050000000002
Al F
2 2
direct
   0.1352800000000000    0.3769140000000000    0.3730740000000000 Al
   0.6352830000000000    0.8769150000000000    0.3735150000000000 Al
   0.6350260000000000    0.8773110000000000    0.8734630000000000 F
   0.1346930000000000    0.3773080000000000    0.8731260000000000 F
EA175   2.928  2.928  2.928 60.02 89.96 119.98 Sym.group:  216
1.0
   2.9283079999999999   -0.0114070000000000   -0.0187120000000000
  -1.4704999999999999    1.4676689999999999   -2.0634500000000000
   0.0132160000000000    2.9282189999999999   -0.0031990000000000
Al N
1 1
direct
   0.9587840000000000    0.4899040000000000    0.7365390000000001 Al
   0.2088120000000000    0.9899010000000000    0.9865159999999999 N
EA275   2.813  2.813  6.299 89.87 102.79 60.12 Sym.group:  166
1.0
   1.4122960000000000    2.4327350000000001    0.0061990000000000
  -1.4056450000000000    2.4363750000000000    0.0073130000000000
  -1.4058700000000000   -0.8123250000000000    6.0864279999999997
Be Cl
2 2
direct
   0.0196630000000000    0.5948790000000000    0.4055390000000000 Be
   0.5253679999999999    0.8440730000000000    0.6624949999999999 Be
   0.9806180000000000    0.1164900000000000    0.8455670000000000 Cl
   0.5644380000000000    0.3224570000000000    0.2224670000000000 Cl
EA245   2.766  2.767  3.637 90.04 90.12 61.32 Sym.group:  164
1.0
   2.7660790000000000   -0.0258580000000000   -0.0020680000000000
   1.3504849999999999    2.4147609999999999   -0.0082960000000000
  -0.0049130000000000    0.0122750000000000    3.6371820000000001
B Be
2 2
direct
   0.0054240000000000    0.9968560000000000    0.3645330000000000 B
   0.6704410000000000    0.6611390000000000    0.1543400000000000 B
   0.0075860000000000    0.9983230000000000    0.8967300000000000 Be
   0.6683190000000000    0.6596810000000000    0.6221790000000000 Be
EA76    3.064  3.065  4.052 89.99 90.03 60.00 Sym.group:  187
1.0
   3.0644469999999999    0.0054710000000000    0.0071540000000000
   1.5274850000000000    2.6566920000000001   -0.0020150000000000
  -0.0114100000000000    0.0102490000000000    4.0519959999999999
N Mg
2 2
direct
   0.9948500000000000    0.0043460000000000    0.8350550000000000 N
   0.9939829999999999    0.0049470000000000    0.3959230000000000 N
   0.3279030000000000    0.3378790000000000    0.1154070000000000 Mg
   0.6611650000000000    0.6712720000000000    0.6155530000000000 Mg
EA114   2.546  2.586  4.018 108.38 72.25 89.09 Sym.group:  139
1.0
   2.5375939999999999   -0.1679290000000000    0.1117830000000000
   0.2128880000000000    2.5775969999999999   -0.0226080000000000
   0.9802280000000000   -1.3202320000000001    3.6662240000000001
N Li
2 2
direct
   0.1015080000000000    0.9211620000000000    0.8257960000000000 N
   0.9305960000000000    0.0943010000000000    0.1707700000000000 N
   0.6756560000000000    0.3464750000000000    0.6766320000000000 Li
   0.3564550000000000    0.6689889999999999    0.3199300000000000 Li
EA18    2.822  2.833  4.690 90.32 90.23 60.73 Sym.group:  164
1.0
   1.4439240000000000   -2.4244420000000000    0.0032630000000000
   2.8324150000000001    0.0742730000000000   -0.0098110000000000
  -0.0105710000000000    0.0217840000000000    4.6904250000000003
C P
2 2
direct
   0.9990000000000000    0.9942210000000000    0.3454370000000000 C
   0.9988210000000000    0.9991910000000001    0.6608760000000000 C
   0.3326470000000000    0.3291990000000000    0.1795880000000000 P
   0.6651750000000000    0.6642130000000001    0.8267250000000000 P
EA33    4.692  2.282  3.531 90.01 90.04 90.00 Sym.group:  123
1.0
   4.6914879999999997    0.0012920000000000   -0.0139000000000000
  -0.0006550000000000    2.2824710000000001   -0.0032430000000000
   0.0082610000000000    0.0045600000000000    3.5308790000000001
Li Si
2 2
direct
   0.2887400000000000    0.7046690000000000    0.8414420000000000 Li
   0.7887400000000000    0.7044020000000000    0.8414890000000000 Li
   0.5387830000000000    0.2046500000000000    0.3414680000000000 Si
   0.0387830000000000    0.2044340000000000    0.3414640000000000 Si
EA47    2.446  2.445  4.951 90.04 90.14 60.01 Sym.group:  164
1.0
   1.2238709999999999    2.1174430000000002    0.0050860000000000
  -1.2220370000000000    2.1179109999999999    0.0011470000000000
  -0.0159580000000000   -0.0163780000000000    4.9512000000000000
C F
2 2
direct
   0.5732030000000000    0.5824680000000000    0.4103930000000000 C
   0.2392400000000000    0.2492650000000000    0.3130770000000000 C
   0.5750720000000000    0.5818719999999999    0.6815540000000000 F
   0.2371290000000000    0.2495140000000000    0.0419140000000000 F
EA156   2.761  2.756  3.897 89.94 90.13 90.02 Sym.group:  225
1.0
   2.7607290000000000   -0.0049660000000000    0.0207880000000000
   0.0038400000000000    2.7555499999999999   -0.0069250000000000
  -0.0380960000000000    0.0141010000000000    3.8972289999999998
H Na
2 2
direct
   0.8945090000000000    0.3726910000000000    0.3756670000000000 H
   0.3929730000000000    0.8746310000000000    0.8756320000000000 H
   0.3948390000000000    0.8724850000000000    0.3758810000000000 Na
   0.8932120000000000    0.3745410000000000    0.8756930000000001 Na
EA8     3.716  3.714  4.013 89.99 89.98 90.02 Sym.group:  123
1.0
   3.7163780000000002   -0.0053910000000000    0.0154880000000000
   0.0039180000000000    3.7143590000000000    0.0157850000000000
  -0.0152380000000000   -0.0163190000000000    4.0129180000000000
Na Mg
2 2
direct
   0.3733960000000000    0.8768629999999999    0.9967110000000000 Na
   0.8733960000000000    0.3768490000000000    0.9966699999999999 Na
   0.3732840000000000    0.3770070000000000    0.4963710000000000 Mg
   0.8732600000000000    0.8769950000000000    0.4963460000000000 Mg
EA156   5.647  3.102  3.101 90.00 90.03 90.01 Sym.group:  129
1.0
   5.6474359999999999   -0.0058580000000000    0.0235360000000000
   0.0028310000000000    3.1019470000000000   -0.0016190000000000
  -0.0143380000000000    0.0016730000000000    3.1010089999999999
Cl P
2 2
direct
   0.0491200000000000    0.8893030000000000    0.6548640000000000 Cl
   0.3445530000000000    0.3894800000000000    0.1569170000000000 Cl
   0.6991170000000000    0.8893890000000000    0.6615680000000000 P
   0.6945690000000000    0.3892620000000000    0.1612970000000000 P
EA310   2.306  7.972  2.308 81.82 89.62 98.27 Sym.group:  139
1.0
   2.3061609999999999   -0.0346520000000000   -0.0060650000000000
  -1.0270500000000000    7.5629739999999996    2.3034640000000000
   0.0161510000000000   -0.3465170000000000    2.2814480000000001
Cl O
2 2
direct
   0.5634230000000000    0.1035520000000000    0.6642510000000000 Cl
   0.9118120000000000    0.7966740000000000    0.3194190000000000 Cl
   0.1997520000000000    0.3735880000000000    0.0297060000000000 O
   0.2769270000000000    0.5266230000000000    0.9541190000000001 O
EA114   2.436  2.439  5.169 77.55 76.80 60.13 Sym.group:  160
1.0
   2.4355069999999999    0.0326110000000000    0.0116820000000000
   1.1858379999999999    2.1292949999999999    0.0868090000000000
   1.1506099999999999    0.4304810000000000    5.0213619999999999
C Li
2 2
direct
   0.5081329999999999    0.2797530000000000    0.7069520000000000 C
   0.1531480000000000    0.9274030000000000    0.7711570000000000 C
   0.3870170000000000    0.1686560000000000    0.0696140000000000 Li
   0.9309630000000000    0.7045960000000000    0.4353600000000000 Li
EA232   3.267  5.262  3.275 72.09 89.92 72.14 Sym.group:  139
1.0
   3.2572770000000002   -0.2366790000000000   -0.0918090000000000
   1.9823670000000000    3.8341449999999999    3.0104280000000001
   0.0149660000000000   -1.0586789999999999    3.0996350000000001
Al S
2 2
direct
   0.8955780000000000    0.9574260000000000    0.0383110000000000 Al
   0.6404490000000000    0.4558070000000000    0.7833750000000000 Al
   0.1248000000000000    0.4889460000000000    0.2676990000000000 S
   0.4112270000000000    0.9242870000000000    0.5539870000000000 S
EA105   2.477  2.478  8.283 89.47 90.44 119.82 Sym.group:  194
1.0
   1.2481599999999999   -2.1395260000000000   -0.0028470000000000
   1.2360940000000000    2.1478910000000000    0.0029720000000000
   0.0116030000000000    0.0694510000000000    8.2828850000000003
Na Li
2 2
direct
   0.3184730000000000    0.6603190000000000    0.2539640000000000 Na
   0.6474820000000000    0.3277020000000000    0.7538940000000000 Na
   0.9940530000000000    0.0029500000000000    0.0041030000000000 Li
   0.0000310000000000    0.0120860000000000    0.5037840000000000 Li
EA97    4.276  2.469  2.469 119.97 73.24 106.76 Sym.group:  216
1.0
   4.2761579999999997    0.0215250000000000    0.0394400000000000
  -0.7002260000000000    1.2684359999999999   -1.9996860000000001
   0.6871410000000000    1.2016739999999999    2.0448279999999999
N B
2 2
direct
   0.6083840000000000    0.6889510000000000    0.8151490000000000 N
   0.1083840000000000    0.1885460000000000    0.3157960000000000 N
   0.9834430000000000    0.8135540000000000    0.6908970000000000 B
   0.4834420000000000    0.3139750000000000    0.1902190000000000 B
EA63    3.625  3.625  3.332 90.00 90.00 90.00 Sym.group:  123
1.0
   3.6252330000000001   -0.0011210000000000    0.0003220000000000
   0.0011950000000000    3.6252190000000000    0.0016460000000000
  -0.0002880000000000   -0.0015150000000000    3.3316040000000000
Mg Li
2 2
direct
   0.6201150000000000    0.6232880000000000    0.6368300000000000 Mg
   0.1202830000000000    0.1232430000000000    0.6365030000000000 Mg
   0.1199110000000000    0.6231380000000000    0.1366970000000000 Li
   0.6202810000000000    0.1232470000000000    0.1366900000000000 Li
EA197   2.847  2.845  5.780 75.79 75.77 60.12 Sym.group:  166
1.0
   2.8470230000000001    0.0280920000000000    0.0087170000000000
   1.3929590000000001    2.4807440000000001    0.0406380000000000
   1.3965620000000001    0.7523430000000000    5.5580829999999999
B S
2 2
direct
   0.9827570000000000    0.6458840000000000    0.2853540000000000 B
   0.0785050000000000    0.7424670000000000    0.9946940000000000 B
   0.7925930000000000    0.4566900000000000    0.8509330000000001 S
   0.2686690000000000    0.9316610000000000    0.4291140000000000 S
EA74    2.797  2.797  2.797 60.00 120.00 90.00 Sym.group:  225
1.0
   2.7970839999999999   -0.0019080000000000   -0.0005040000000000
   0.0019740000000000    2.7972070000000002    0.0004340000000000
  -1.3971169999999999    1.3991499999999999    1.9785990000000000
O Mg
1 1
direct
   0.6095090000000000    0.4019480000000000    0.1968680000000000 O
   0.1094800000000000    0.9018730000000000    0.1968580000000000 Mg
EA64    2.552  2.552  2.552 60.00 90.00 120.00 Sym.group:  225
1.0
   1.2773699999999999    1.2758929999999999   -1.8042149999999999
  -1.2757680000000000    1.2766130000000000    1.8047700000000000
   1.2766960000000001    1.2750390000000000    1.8053770000000000
F Li
1 1
direct
   0.7466190000000000    0.4931490000000000    0.7566740000000000 F
   0.2466160000000000    0.4931440000000000    0.2566920000000000 Li
EA115   3.872  3.872  3.872 90.03 119.99 119.98 Sym.group:  227
1.0
   0.0885970000000000   -2.2011989999999999   -3.1837399999999998
   1.8915800000000000    3.3775230000000001    0.0702230000000000
   1.8911380000000000   -1.1273070000000001    3.1854429999999998
Al Li
2 2
direct
   0.6172470000000000    0.8650330000000001    0.1149040000000000 Al
   0.1173490000000000    0.6150020000000000    0.3650230000000000 Al
   0.6173140000000000    0.3650650000000000    0.6149790000000001 Li
   0.1173030000000000    0.1150330000000000    0.8650220000000000 Li
EA114   4.141  4.141  4.162 60.89 119.12 88.62 Sym.group:  141
1.0
   2.0541250000000000    3.5947680000000002    0.0624260000000000
  -2.0546489999999999    1.2305200000000001    3.3777879999999998
   0.0434070000000000   -2.4165770000000002    3.3888379999999998
Al Na
2 2
direct
   0.6281440000000000    0.2378450000000000    0.7580070000000000 Al
   0.3775850000000000    0.9872760000000000    0.2580290000000000 Al
   0.1281480000000000    0.7376060000000000    0.7579740000000000 Na
   0.8776800000000000    0.4874720000000000    0.2579760000000000 Na
EA113   2.360  2.360  4.081 106.78 73.21 119.97 Sym.group:  225
1.0
   2.3602720000000001    0.0020770000000000   -0.0010210000000000
  -1.1810490000000000    2.0436510000000001    0.0050520000000000
   1.1814220000000000   -0.6875540000000000    3.8457870000000001
H Li
2 2
direct
   0.1205890000000000    0.8663100000000000    0.3798940000000000 H
   0.6210740000000000    0.3665310000000000    0.8797660000000000 H
   0.3708270000000000    0.6159630000000000    0.6298610000000000 Li
   0.8707279999999999    0.1165150000000000    0.1298110000000000 Li
