NUMBER OF TEMPLATES 25
COMPOSITION A 3 B
pairs , SPACEGROUPS 
[B F] , 164 
[P Na] , 191 
[Al C] , 166 
[Al Si] , 123 
[P Si] , 139 
[Be Cl] , 129 
[Mg P] , 221 
[Si Li] , 191 
[P F] , 129 
[Li P] , 225 
[Na H] , 164 
[Be B] , 160 
[N B] , 187 
[Al Li] , 139 
[Li O] , 164 
[N Al] , 123 
[Si Al] , 160 
[F Si] , 139 
[Be Li] , 139 
[Be Si] , 167 
[Si S] , 229 
[Li Cl] , 160 
[Li H] , 162 
[P S] , 164 
[C H] , 166 
RANKING VECTORS ENTHALPIES
0:[-225.47088201 -225.40322081 -225.04333758 -224.72219433 -224.66745763 -224.58195563 -224.57633823 -224.55536658 -224.52300834 -224.39702415 -224.38421261 -224.31981523 -224.28591206 -224.20889001 -224.13140698 -224.04904821 -223.94438773 -223.47837069 -223.47545402 -223.47313334 -223.47058853 -223.4284741  -223.08372021 -222.51128244 -222.19379309] 
1:[-447.99221712 -447.95384147 -447.65125191 -447.65039924 -447.62145042 -447.6050917  -447.602827   -447.60185436 -447.59697926 -447.57121692 -447.51442523 -447.48672677 -447.48016751 -447.46372663 -447.45208775 -447.35339872 -447.35036568 -447.25664196 -447.23699684 -447.21593273 -447.20862133 -447.10699268 -446.99190159 -446.50039492 -445.47234437] 
2:[-84.56038126 -84.55907048 -84.48868733 -84.47448147 -84.47044216 -84.4423336  -84.42685207 -84.40027871 -84.39358808 -84.37665263 -84.23960539 -84.23040464 -84.20486689 -83.93850152 -83.84774204 -83.73904683 -83.72494119 -83.60114786 -83.59323558 -83.55475368 -83.42632047 -83.24101155 -82.9345663  -82.90507525 -82.90286381] 
3:[-71.84434806 -71.83542287 -71.83516678 -71.83497242 -71.82664462 -71.82313211 -71.78840387 -71.77893721 -71.69902476 -71.6987805 -71.69397095 -71.68432085 -71.63891549 -71.63254007 -71.47265271 -71.47218577 -71.43483648 -71.42340924 -71.39271198 -71.15801631 -71.00083169 -70.90269565 -70.84656368 -70.36323014 -69.86959925] 
4:[-165.9482788  -165.92932441 -165.92153769 -165.91889146 -165.88886599 -165.83154384 -165.80552971 -165.80116137 -165.78434431 -165.66526893 -165.6613072  -165.66014748 -165.65870608 -165.62657229 -165.61828759 -165.60378284 -165.56675894 -165.53697399 -165.52846566 -165.50377257 -165.48597979 -165.46585389 -165.45716007 -164.79413671 -164.51807202] 
5:[-393.32126511 -393.01417819 -392.86379293 -392.70181951 -392.69803355 -392.66017123 -392.55421264 -392.54175721 -392.47832567 -392.45552418 -392.41301014 -392.34339878 -392.34317807 -392.31533285 -392.31504861 -392.28537937 -392.24673647 -392.1405329  -392.04614829 -392.03458589 -392.02614969 -391.98675785 -391.94645369 -391.50688901 -391.32438342] 
6:[-1254.308421   -1254.3010051  -1254.29995424 -1254.22332897 -1254.22322727 -1254.09874731 -1254.08171083 -1254.04471844 -1253.94670538 -1253.93936815 -1253.9371128  -1253.92333987 -1253.79922118 -1253.7587601  -1253.75297275 -1253.69379801 -1253.6818126  -1253.61094039 -1253.54114221 -1253.29960549 -1253.27558609 -1253.2189292  -1253.20408573 -1252.82292577 -1252.73722672] 
7:[-131.55051525 -131.54189835 -131.54164487 -131.54101834 -131.51861484 -131.49241316 -131.48139531 -131.45356275 -131.44640985 -131.4252505 -131.40282804 -131.36259938 -131.36170488 -131.35307079 -131.34034369 -131.30866261 -131.1315468  -131.12557304 -131.09816283 -130.88519441 -130.87226152 -130.75911407 -130.63489491 -130.4734114  -130.09666627] 
8:[-305.20733256 -304.85620043 -304.85525435 -304.82027007 -304.79018742 -304.78657452 -304.74507993 -304.7442443  -304.71711961 -304.69650946 -304.65279923 -304.59502731 -304.55809985 -304.5426617  -304.54192963 -304.54043372 -304.52316927 -304.52184231 -304.49776292 -304.39299662 -304.34049083 -304.1869811  -304.15217866 -304.00392284 -303.19246956] 
9:[-191.65773773 -191.65465725 -191.63557078 -191.632182   -191.55808325 -191.39179836 -191.38170868 -191.26449446 -191.26285227 -191.26280865 -191.12874182 -191.12265249 -190.97662187 -190.87607516 -190.7087614 -190.69485128 -190.67780533 -190.66522727 -190.65439983 -190.64693182 -190.64449375 -190.53004018 -190.51249479 -190.22122935 -189.76167226] 
10:[-932.19725423 -932.14648832 -932.14635096 -932.11681704 -932.09497941 -932.08248418 -932.02101788 -932.01773011 -931.99581836 -931.99330841 -931.96067042 -931.94912787 -931.80617056 -931.8059014  -931.80519436 -931.7752945  -931.75714723 -931.73233918 -931.73204001 -931.72474892 -931.69673524 -931.55775625 -931.54739272 -931.54185448 -931.17293512] 
11:[-302.45051633 -302.44175964 -302.43676798 -302.42808574 -302.41904762 -302.38102397 -302.35845276 -302.35013227 -302.30707594 -302.27122087 -302.26456913 -302.244009   -302.17083121 -302.16083596 -302.13163791 -302.09543145 -302.00480403 -301.99812568 -301.85935647 -301.85828879 -301.76722078 -301.68899901 -301.64290759 -301.17167031 -301.14086673] 
12:[-229.34998479 -228.9663785  -228.9368183  -228.91862065 -228.54732397 -228.46279778 -228.27780879 -228.17553994 -227.95493994 -227.95192117 -227.92590229 -227.92277275 -227.74950819 -227.73914355 -227.70001386 -227.62415154 -227.56626366 -227.23595016 -226.56706104 -226.55777195 -226.30068515 -226.24539761 -226.24322453 -226.24073238 -225.93921843] 
13:[-92.29051173 -92.28336024 -92.28317136 -92.28287616 -92.26248038 -92.25967695 -92.24541177 -92.22797068 -92.20779364 -92.19873863 -92.19109252 -92.16896161 -92.09516469 -92.08515413 -91.9974804 -91.89924987 -91.86981372 -91.85494699 -91.63107963 -91.61433233 -91.58102874 -91.46201256 -91.24625878 -91.07722246 -91.04945523] 
14:[-257.71689256 -257.71687484 -257.63788417 -257.62247773 -257.4839141 -257.47894925 -257.44445818 -257.44441999 -257.41755496 -257.34106455 -257.31496163 -257.26916238 -257.25179152 -257.22634098 -257.191722 -257.10138963 -257.09859282 -257.01189953 -256.94653355 -256.87369514 -256.86309249 -256.6752193  -256.52210313 -256.52177164 -255.33126595] 
15:[-224.85882361 -224.75540966 -224.35986502 -224.33042107 -224.0854397 -224.0554215  -223.98004283 -223.93318527 -223.92201209 -223.61065565 -223.59949875 -223.59074558 -223.57593769 -223.55650933 -223.38566623 -223.29042459 -223.17879112 -223.16883911 -223.11864645 -223.06978514 -222.9903809  -222.98818179 -222.9716115  -222.90437628 -222.88817505] 
16:[-97.90141301 -97.85376751 -97.85363967 -97.85347955 -97.84715539 -97.84606423 -97.82718542 -97.8058708  -97.79708025 -97.79679648 -97.77488879 -97.77028703 -97.76811866 -97.72476286 -97.72024133 -97.70189571 -97.67527273 -97.59421179 -97.56998828 -97.35660258 -97.30511512 -97.30219867 -97.28700981 -96.5553285  -95.76269241] 
17:[-529.75976727 -528.97617561 -528.94625036 -528.93710918 -528.91139238 -528.83104865 -528.75664811 -528.73132924 -528.72800546 -528.70001235 -528.54998512 -528.47412186 -528.47068913 -528.46369259 -528.44820608 -528.42330588 -528.4224701  -528.22127201 -528.17327803 -527.69755265 -527.67248332 -527.67140671 -527.63155431 -527.63145362 -526.66129297] 
18:[-331.24896552 -331.22479064 -331.22125539 -331.21617435 -331.20508735 -331.15088199 -331.14653929 -331.14552758 -331.12496498 -331.11934129 -331.10980541 -331.08225998 -331.06227946 -331.06158562 -331.00061402 -330.85969074 -330.83430721 -330.83104616 -330.68919893 -330.67252078 -330.63496978 -330.13698369 -330.12485203 -329.47287689 -329.37469703] 
19:[-310.64377266 -310.52355618 -310.52041016 -310.51623216 -310.51137669 -310.49746669 -310.47714521 -310.4400104  -310.43200502 -310.3875225 -310.36390651 -310.34940889 -310.33476132 -310.32332295 -310.3062705 -310.29705453 -310.26266468 -310.23283647 -310.22058432 -310.12424158 -309.7395694  -309.59435859 -309.53818706 -309.5204835  -308.38271782] 
20:[-156.97386582 -156.96351243 -156.94315237 -156.94123487 -156.91583915 -156.90929507 -156.90475567 -156.89595817 -156.8912681  -156.87805312 -156.86356414 -156.83993931 -156.83807405 -156.80456288 -156.76938534 -156.76626017 -156.76572305 -156.75694595 -156.75682822 -156.70255811 -156.70122338 -156.67941437 -156.65566516 -155.71678192 -155.54855154] 
21:[-255.66746238 -255.64788616 -255.64785307 -255.64619286 -255.55484182 -255.54316038 -255.4566572  -255.45355218 -255.44356912 -255.43362877 -255.43308489 -255.38935899 -255.31213204 -255.29084327 -255.27494547 -255.21616619 -255.20009954 -255.09830084 -255.03068938 -254.96935676 -254.96383205 -254.89562081 -254.85319419 -254.83656194 -254.52067703] 
22:[-148.414627   -148.40096984 -148.39371651 -148.39088182 -148.38625663 -148.38061097 -148.3670464  -148.35513595 -148.35290319 -148.34812838 -148.32099819 -148.30468661 -148.25632865 -148.24508615 -148.24355924 -148.17964418 -147.9489671  -147.94887035 -147.94117482 -147.82541148 -147.71806268 -147.7125989  -147.70149303 -147.66101752 -147.64354411] 
23:[-212.0730089  -212.07044307 -212.0589643  -212.05626085 -212.05343517 -212.05216509 -212.04647991 -212.04162034 -211.91234407 -211.87211485 -211.8494037  -211.84278847 -211.75802782 -211.71182139 -211.70305436 -211.68339578 -211.68277065 -211.65853614 -211.63753129 -211.61300873 -211.60292599 -211.46361238 -211.42563166 -210.69548724 -210.58972079] 
24:[-125.19792927 -125.14859834 -124.99963258 -124.60101131 -124.18676393 -124.05108046 -123.81107287 -123.74718322 -123.45267814 -123.01684509 -122.84166874 -122.7756678  -122.74081618 -122.72644675 -122.72068473 -122.71899423 -122.64600797 -122.63663583 -122.30092518 -122.02710044 -121.83437994 -121.8326739  -121.82440824 -121.8192215  -121.76800363] 
RANKING VECTORS IDX
0:[ 0. 24.  8. 23.  2. 19. 14. 16. 20. 11.  5. 17. 21.  4. 22. 10.  3.  7. 18.  1.  9. 13.  6. 12. 15.] 
1:[ 7.  1. 16.  3.  6.  8.  2. 23.  5. 19. 10. 11. 13. 14. 18. 17.  9.  4.  0. 21. 22. 20. 24. 12. 15.] 
2:[ 8. 22. 23.  2. 14. 10.  4. 21. 11.  0. 19.  5. 24. 15. 17. 13. 18.  3. 16.  6. 12.  9. 20.  7.  1.] 
3:[13.  3. 16.  6. 18.  5. 10.  2.  8. 19. 21.  9. 11.  0. 22. 14.  7.  1. 23. 24.  4. 17. 20. 12. 15.] 
4:[16.  2. 20.  4. 17. 23.  8. 21. 14.  3. 11. 13. 18.  7.  9.  1. 24.  5. 22. 10.  0.  6. 19. 12. 15.] 
5:[ 5.  8.  0. 21. 23.  2. 24. 10.  4. 22. 14. 19. 16.  1.  7. 13.  3. 18. 20. 11.  6. 17.  9. 12. 15.] 
6:[16.  3.  6. 13. 18.  5.  2. 19.  9.  8. 11. 10. 23.  7.  1. 22. 21.  0.  4. 14. 24. 17. 20. 12. 15.] 
7:[13.  3. 16.  6. 18.  7.  5.  1. 21.  2. 11. 19.  8. 10.  9. 23. 22.  0. 14. 17.  4. 20. 24. 12. 15.] 
8:[ 8.  7.  1. 23. 11.  9. 13. 18.  0. 21. 16.  5. 14.  3. 24.  6. 10.  2. 17. 19.  4. 20. 22. 12. 15.] 
9:[11.  9. 18. 13. 19. 14. 23.  6. 16.  3.  7.  1.  5. 20. 10.  2. 22. 21.  8. 12.  4. 17. 24.  0. 15.] 
10:[ 5. 10.  8.  2. 22.  4. 23. 14. 15. 11. 17. 19.  3.  6. 16. 12. 24. 18. 13.  9. 21. 20.  7.  1.  0.] 
11:[11. 19.  3. 16.  6. 14. 13. 18.  5. 22. 10.  8. 23.  9.  2.  0. 21. 17.  7.  1. 12.  4. 24. 20. 15.] 
12:[12. 23. 11. 14. 15. 17. 22.  5. 16. 21.  4. 20. 24.  2.  8. 10. 19.  0.  7.  1.  3. 13. 18.  9.  6.] 
13:[ 8. 16.  3.  6.  5. 21. 13. 18.  9. 10. 23. 11. 19.  2.  0. 22.  7.  1. 14. 17.  4. 24. 20. 12. 15.] 
14:[23. 14. 17. 24. 10. 22.  3.  6. 16. 11.  5.  2. 19. 12. 21. 13. 18. 15.  4.  8.  9. 20.  1.  7.  0.] 
15:[ 8. 15.  5. 12. 20. 16. 11. 17.  4. 10.  2. 23. 21. 14. 22. 19.  3. 13.  0.  6. 24.  1.  7.  9. 18.] 
16:[ 2. 16.  3.  6. 13. 18.  5. 10.  7.  1.  8.  9. 23. 21. 19. 11.  0. 24. 22. 14. 20. 17.  4. 12. 15.] 
17:[17. 16. 11.  5.  4. 22. 14. 23. 21. 19.  2.  3.  6.  9. 18. 15. 13. 20. 12. 24. 10.  8.  7.  1.  0.] 
18:[ 2. 13. 18. 11.  9.  3.  8. 10.  5. 23.  0. 19. 16.  6. 22. 24.  7.  1. 14. 21. 17. 20.  4. 15. 12.] 
19:[ 8.  6.  3. 13. 16.  5. 19. 10. 23.  0. 24.  9.  2.  1.  7. 21. 11. 18. 22. 14. 17. 12.  4. 20. 15.] 
20:[23. 20. 10.  2. 17.  0. 21. 13. 24.  4. 11.  5. 18. 14. 16.  9. 22.  3.  6.  8. 19.  7.  1. 12. 15.] 
21:[ 5.  3.  6. 16. 21. 10. 23. 14.  8. 18. 13. 11.  2. 22.  4. 19. 24. 17.  9.  1.  7. 15. 12. 20.  0.] 
22:[10. 22.  8.  5. 21.  2.  4. 23. 15. 14. 19. 11.  0. 17. 24. 12.  3.  6. 16. 13. 20.  9.  7. 18.  1.] 
23:[17. 20.  4. 16. 11. 23.  2.  8. 19. 21. 10. 14.  9. 24. 18. 13.  3.  7.  1.  0.  5. 22.  6. 12. 15.] 
24:[24.  0. 14. 23. 22. 21.  8. 11.  4. 17.  2. 16. 20.  1.  7.  5. 10. 12. 15. 19. 13. 18.  3.  9.  6.] 
POSCARS
EA305   2.664  2.663  8.355 89.97 89.97 60.01 Sym.group:  164
1.0
   2.6639260000000000   -0.0003200000000000   -0.0025270000000000
   1.3312330000000001    2.3064499999999999   -0.0011720000000000
   0.0115810000000000    0.0030820000000000    8.3544920000000005
B F
6 2
direct
   0.2007370000000000    0.1660160000000000    0.7932810000000000 B
   0.8692550000000000    0.8322900000000000    0.6801440000000000 B
   0.2030480000000000    0.1658360000000000    0.5904550000000000 B
   0.8668600000000000    0.8327020000000001    0.8829669999999999 B
   0.8697210000000000    0.8331060000000000    0.4905710000000000 B
   0.2000360000000000    0.1658390000000000    0.9828360000000000 B
   0.2019460000000000    0.1654020000000000    0.1383110000000000 F
   0.8680330000000001    0.8331760000000000    0.3351170000000000 F
EA78    4.526  4.526  2.584 90.03 89.94 120.00 Sym.group:  191
1.0
   4.5262710000000004    0.0057160000000000    0.0080270000000000
  -2.2680570000000002    3.9170410000000002   -0.0050100000000000
  -0.0020650000000000    0.0003320000000000    2.5836489999999999
P Na
3 1
direct
   0.5022240000000000    0.9998580000000000    0.7494200000000000 P
   0.0021860000000000    0.4997720000000000    0.7515100000000000 P
   0.0022110000000000    0.9997400000000000    0.7494260000000000 P
   0.5021330000000001    0.4999180000000000    0.2511170000000000 Na
EA307   2.812  2.804  6.326 90.00 77.18 60.11 Sym.group:  166
1.0
   1.4198620000000000    2.4268190000000001    0.0097690000000000
  -1.3923970000000001    2.4333499999999999   -0.0076820000000000
   1.3675029999999999    0.8014350000000000    6.1245019999999997
Al C
3 1
direct
   0.4916770000000000    0.8797350000000000    0.9824349999999999 Al
   0.9377890000000000    0.6575450000000000    0.3130020000000000 Al
   0.0444150000000000    0.1039860000000000    0.6518770000000000 Al
   0.4910790000000000    0.3808070000000000    0.4824420000000000 C
EA198   3.656  3.657  3.458 90.00 90.00 90.00 Sym.group:  123
1.0
   3.6553079999999998    0.0008300000000000   -0.0552610000000000
  -0.0007190000000000    3.6573180000000001    0.0090670000000000
   0.0522590000000000   -0.0086020000000000    3.4578419999999999
Al Si
3 1
direct
   0.3193290000000000    0.4019020000000000    0.8863200000000000 Al
   0.8192900000000000    0.4020560000000000    0.3863060000000000 Al
   0.3192610000000000    0.9019900000000000    0.3863200000000000 Al
   0.8193150000000000    0.9017750000000000    0.8863060000000000 Si
EA254   8.979  3.208  3.208 90.00 90.00 90.00 Sym.group:  139
1.0
   8.9778990000000007   -0.0210800000000000    0.1612760000000000
   0.0075610000000000    3.2084350000000001    0.0078890000000000
  -0.0574200000000000   -0.0076740000000000    3.2078350000000002
P Si
6 2
direct
   0.9959240000000000    0.0006480000000000    0.6254990000000000 P
   0.9981870000000000    0.5007260000000000    0.1264080000000000 P
   0.4981660000000000    0.0007590000000000    0.6267880000000000 P
   0.7470720000000000    0.5003520000000000    0.1226110000000000 P
   0.2470370000000000    0.0005580000000000    0.6270460000000000 P
   0.4959460000000000    0.5007290000000000    0.1277360000000000 P
   0.2470680000000000    0.5005550000000000    0.1269450000000000 Si
   0.7470440000000000    0.0003620000000000    0.6228669999999999 Si
EA219   2.852  2.982  7.726 90.02 89.83 89.99 Sym.group:  129
1.0
   2.8521420000000002    0.0016230000000000   -0.0367690000000000
  -0.0010410000000000    2.9821219999999999    0.0043180000000000
   0.1220830000000000   -0.0136820000000000    7.7250930000000002
Be Cl
6 2
direct
   0.8723040000000000    0.7484800000000000    0.1366030000000000 Be
   0.8737510000000001    0.2485270000000000    0.9417920000000000 Be
   0.8708350000000000    0.2484660000000000    0.3062960000000000 Be
   0.3708680000000000    0.7484740000000000    0.3103850000000000 Be
   0.3724110000000000    0.2485140000000000    0.1156390000000000 Be
   0.3736830000000000    0.7483900000000000    0.9460270000000000 Be
   0.8708830000000000    0.7456130000000000    0.7453030000000000 Cl
   0.3708740000000000    0.2448870000000000    0.5067150000000000 Cl
EA19    5.190  5.189  5.190 119.97 60.04 89.95 Sym.group:  221
1.0
   5.1893539999999998   -0.0423180000000000   -0.0031950000000000
   0.0471190000000000    5.1891299999999996   -0.0029890000000000
   2.5733250000000001   -2.6140300000000001    3.6718590000000000
Mg P
6 2
direct
   0.9984520000000000    0.3714420000000000    0.4981880000000000 Mg
   0.5000090000000000    0.3734500000000000    0.4949120000000000 Mg
   0.4991900000000000    0.8721160000000000    0.9970240000000000 Mg
   0.0022810000000000    0.3732850000000000    0.9971470000000000 Mg
   0.0014490000000000    0.8719430000000000    0.4991510000000000 Mg
   0.5029770000000000    0.8740580000000000    0.4960820000000000 Mg
   0.0007020000000000    0.8727680000000000    0.9971210000000000 P
   0.5007670000000000    0.3727000000000000    0.9970230000000000 P
EA107   4.643  4.643  4.599 90.04 89.99 60.00 Sym.group:  191
1.0
   2.3216230000000002    4.0206679999999997   -0.0014180000000000
  -2.3211919999999999    4.0209050000000000    0.0060600000000000
   0.0109400000000000   -0.0039540000000000    4.5993810000000002
Si Li
6 2
direct
   0.5024630000000000    0.4977590000000000    0.2502180000000000 Si
   0.5019000000000000    0.9971460000000000    0.7511510000000000 Si
   0.0024770000000000    0.4977390000000000    0.2500210000000000 Si
   0.5023300000000001    0.4969330000000000    0.7502180000000001 Si
   0.5025539999999999    0.9977360000000000    0.2511640000000000 Si
   0.0021060000000000    0.4971010000000000    0.7500240000000000 Si
   0.0020040000000000    0.9970880000000000    0.0005670000000000 Li
   0.0028110000000000    0.9967800000000000    0.5005520000000000 Li
EA30    3.144  3.142  8.398 90.00 90.02 90.00 Sym.group:  129
1.0
   3.1436099999999998    0.0003610000000000    0.0006840000000000
  -0.0003830000000000    3.1424930000000000   -0.0022080000000000
  -0.0049950000000000    0.0062330000000000    8.3981119999999994
P F
6 2
direct
   0.0025110000000000    0.2526560000000000    0.3849900000000000 P
   0.5026520000000000    0.7526240000000000    0.4036780000000000 P
   0.0007810000000000    0.2531300000000000    0.8513640000000000 P
   0.5008460000000000    0.7531409999999999    0.8700630000000000 P
   0.0016140000000000    0.2527730000000000    0.1281950000000000 P
   0.5017160000000001    0.7527390000000000    0.1268600000000000 P
   0.0011080000000000    0.2532120000000000    0.6590730000000000 F
   0.5012980000000000    0.7531430000000000    0.5959650000000000 F
EA163   3.598  3.598  6.216 106.77 106.77 60.09 Sym.group:  225
1.0
   3.5982870000000000   -0.0027330000000000    0.0006900000000000
   1.7967310000000001    3.1173790000000001   -0.0156590000000000
  -1.7952450000000000   -1.0057640000000001    5.8656170000000003
Li P
6 2
direct
   0.9406740000000000    0.5619459999999999    0.5638590000000000 Li
   0.5654480000000000    0.1868380000000000    0.4383540000000000 Li
   0.4406010000000000    0.0618760000000000    0.0637170000000000 Li
   0.8158360000000000    0.4372040000000000    0.1892540000000000 Li
   0.0654270000000000    0.6867560000000000    0.9384520000000000 Li
   0.3157530000000000    0.9371200000000000    0.6891530000000000 Li
   0.1906520000000000    0.8120450000000000    0.3138150000000000 P
   0.6905900000000000    0.3119320000000000    0.8138010000000000 P
EA43    2.670  2.639  6.865 90.33 89.74 119.52 Sym.group:  164
1.0
   1.4526889999999999   -2.2407970000000001    0.0049070000000000
   1.2194680000000000    2.3401369999999999    0.0040710000000000
  -0.0288820000000000   -0.0410790000000000    6.8647250000000000
Na H
3 1
direct
   0.6943530000000000    0.2231150000000000    0.1750140000000000 Na
   0.3755450000000000    0.5579390000000000    0.8223100000000000 Na
   0.0363030000000000    0.8894339999999999    0.4987130000000000 Na
   0.0347670000000000    0.8907020000000000    0.9986790000000000 H
EA251   3.525  4.651  3.030 90.03 89.98 100.86 Sym.group:  160
1.0
   3.5222050000000000   -0.1509430000000000   -0.0044320000000000
  -0.6801199999999999    4.6005640000000003    0.0098840000000000
   0.0044280000000000   -0.0072790000000000    3.0296379999999998
Be B
6 2
direct
   0.2774630000000000    0.1126740000000000    0.9903520000000000 Be
   0.7774740000000000    0.6126730000000000    0.4903710000000000 Be
   0.6986550000000000    0.9030899999999999    0.9903490000000000 Be
   0.1986610000000000    0.4030940000000000    0.4903460000000000 Be
   0.1471910000000000    0.6788170000000000    0.9903570000000000 Be
   0.6471900000000000    0.1788140000000000    0.4903450000000000 Be
   0.8720010000000000    0.3174090000000000    0.9904130000000000 B
   0.3720140000000000    0.8174010000000000    0.4904200000000000 B
EA301   2.469  2.469  5.438 90.03 89.21 119.99 Sym.group:  187
1.0
   1.2351710000000000   -2.1378849999999998    0.0008290000000000
   1.2343860000000000    2.1382580000000000   -0.0010090000000000
   0.0731500000000000   -0.0424050000000000    5.4378320000000002
N B
3 1
direct
   0.2811560000000000    0.7461880000000000    0.0963260000000000 N
   0.6069750000000000    0.4074460000000000    0.4953130000000000 N
   0.2643370000000000    0.7404430000000000    0.8958500000000000 N
   0.9403899999999999    0.0740740000000000    0.4952310000000000 B
EA177   4.251  4.252  5.159 90.00 90.00 75.05 Sym.group:  139
1.0
   4.2154579999999999    0.5472930000000000   -0.0052450000000000
   0.5589560000000000    4.2148469999999998    0.0066010000000000
   0.0078940000000000   -0.0094680000000000    5.1587009999999998
Al Li
6 2
direct
   0.0010910000000000    0.4990050000000000    0.7501610000000000 Al
   0.0011200000000000    0.4990300000000000    0.2504570000000000 Al
   0.5013290000000000    0.9987460000000000    0.7504430000000000 Al
   0.5013069999999999    0.9987150000000000    0.2501470000000000 Al
   0.5013890000000000    0.4983640000000000    0.0002660000000000 Al
   0.0010260000000000    0.9993800000000000    0.5003410000000000 Al
   0.5003830000000000    0.4998140000000000    0.4999400000000000 Li
   0.0020690000000000    0.9979560000000000    0.0006490000000000 Li
EA1     2.916  2.915  7.106 89.98 90.02 119.98 Sym.group:  164
1.0
   1.4623340000000000   -2.5226600000000001    0.0014090000000000
   1.4541970000000000    2.5268380000000001   -0.0016330000000000
   0.0004350000000000    0.0075920000000000    7.1064179999999997
Li O
6 2
direct
   0.6699640000000000    0.9604210000000000    0.1676180000000000 Li
   0.0035520000000000    0.6270070000000000    0.0086470000000000 Li
   0.3364680000000000    0.2936960000000000    0.8397130000000000 Li
   0.3359180000000000    0.2939730000000000    0.3415060000000000 Li
   0.6691660000000000    0.9605629999999999    0.6694080000000000 Li
   0.0022710000000000    0.6273800000000000    0.5005140000000000 Li
   0.6700790000000000    0.9603640000000000    0.9220110000000000 O
   0.3356900000000000    0.2939890000000000    0.5870980000000000 O
EA82    2.575  2.610  4.900 90.44 90.73 90.00 Sym.group:  123
1.0
   2.5752860000000002   -0.0004130000000000    0.0039580000000000
   0.0004330000000000    2.6095799999999998   -0.0000060000000000
  -0.0700260000000000   -0.0377300000000000    4.8991009999999999
N Al
3 1
direct
   0.8702320000000000    0.8723020000000000    0.9903480000000000 N
   0.3720030000000000    0.3745410000000000    0.3772520000000000 N
   0.8736429999999999    0.8746610000000000    0.7641310000000000 N
   0.8720030000000000    0.8745570000000000    0.3772450000000000 Al
EA41    3.627  3.629  3.629 99.11 80.97 80.98 Sym.group:  160
1.0
   3.6270259999999999    0.0014270000000000    0.0012190000000000
   0.5674890000000000    3.5843349999999998    0.0012870000000000
   0.5689570000000000   -0.6731830000000000    3.5207269999999999
Si Al
3 1
direct
   0.3711660000000000    0.1538180000000000    0.5700539999999999 Si
   0.8188900000000000    0.1577790000000000    0.0203730000000000 Si
   0.3703620000000000    0.7074470000000000    0.0167630000000000 Si
   0.8887870000000000    0.6420270000000000    0.5054900000000000 Al
EA49    3.429  3.428  5.892 73.75 106.55 89.69 Sym.group:  139
1.0
   3.4286680000000000   -0.0290100000000000   -0.0190210000000000
   0.0478230000000000    3.4277579999999999    0.0508410000000000
  -1.6349940000000001    1.5913090000000001    5.4320709999999996
F Si
6 2
direct
   0.4572150000000000    0.9223990000000000    0.1505830000000000 F
   0.9617780000000000    0.4160390000000000    0.1563520000000000 F
   0.6030219999999999    0.2810480000000000    0.4418350000000000 F
   0.1003910000000000    0.7761920000000000    0.4417150000000000 F
   0.8159900000000000    0.0573970000000000    0.8651460000000000 F
   0.3186350000000000    0.5622070000000000    0.8652590000000000 F
   0.1057130000000000    0.2734180000000000    0.4472950000000000 Si
   0.3133020000000000    0.0649530000000000    0.8597010000000000 Si
EA18    3.248  3.248  3.339 61.02 61.03 89.82 Sym.group:  139
1.0
   3.2480790000000002    0.0045190000000000   -0.0058990000000000
   0.0058190000000000    3.2482050000000000   -0.0068860000000000
   1.6198720000000000    1.6200829999999999    2.4296650000000000
Be Li
3 1
direct
   0.9642360000000000    0.4716470000000000    0.0702960000000000 Be
   0.4635920000000000    0.9720680000000000    0.0704490000000000 Be
   0.7139160000000000    0.7218610000000000    0.5703680000000000 Be
   0.2139200000000000    0.2218540000000000    0.5703730000000000 Li
EA107   3.921  3.916  3.942 91.52 88.12 89.70 Sym.group:  167
1.0
   3.9211309999999999    0.0096320000000000    0.0290110000000000
   0.0110440000000000    3.9160710000000001   -0.0256880000000000
   0.1000800000000000   -0.0790570000000000    3.9401850000000000
Be Si
6 2
direct
   0.0579140000000000    0.6891710000000000    0.4310540000000000 Be
   0.3114250000000000    0.4353290000000000    0.9532119999999999 Be
   0.5734570000000000    0.9488100000000000    0.6908540000000000 Be
   0.5494760000000000    0.9296690000000000    0.1909450000000000 Be
   0.0649000000000000    0.1891100000000000    0.4512660000000000 Be
   0.8114830000000000    0.4424430000000000    0.9281880000000000 Be
   0.5614180000000000    0.4392110000000000    0.4407580000000000 Si
   0.0614520000000000    0.9389420000000001    0.9410880000000000 Si
EA83    3.974  3.974  3.974 109.47 70.53 70.53 Sym.group:  229
1.0
   1.3223830000000001    3.7479019999999998   -0.0005040000000000
  -1.3267840000000000    1.8723420000000000   -3.2447080000000001
  -1.3255159999999999    1.8727529999999999    3.2449590000000001
Si S
3 1
direct
   0.0021250000000000    0.4959550000000000    0.4931330000000000 Si
   0.5021080000000000    0.9959620000000000    0.4931560000000000 Si
   0.5021910000000001    0.4958970000000000    0.9931390000000000 Si
   0.0021730000000000    0.9958590000000000    0.9931750000000000 S
EA172   2.988  2.994  9.528 98.94 90.39 118.82 Sym.group:  160
1.0
   2.9793430000000001   -0.2293830000000000   -0.0157910000000000
  -1.2378499999999999    2.7263480000000002    0.0031160000000000
  -0.1473770000000000   -1.7040360000000001    9.3730480000000007
Li Cl
6 2
direct
   0.4741630000000000    0.2503150000000000    0.1499850000000000 Li
   0.8792660000000000    0.0808770000000000    0.3839260000000000 Li
   0.1782560000000000    0.6744430000000000    0.2776130000000000 Li
   0.5830200000000000    0.4938540000000000    0.4997930000000000 Li
   0.9705310000000000    0.2370420000000000    0.6329210000000000 Li
   0.3842710000000000    0.0814710000000000    0.8892500000000000 Li
   0.6743500000000000    0.6559199999999999    0.7539630000000000 Cl
   0.0952890000000000    0.5085960000000000    0.0274240000000000 Cl
EA33    3.961  3.961  3.868 89.97 89.62 60.01 Sym.group:  162
1.0
   3.9607239999999999    0.0001430000000000   -0.0028020000000000
   1.9795590000000001    3.4305530000000002   -0.0018280000000000
   0.0285870000000000   -0.0124190000000000    3.8680219999999998
Li H
6 2
direct
   0.3347190000000000    0.0052410000000000    0.2498340000000000 Li
   0.6604650000000000    0.3421820000000000    0.2491500000000000 Li
   0.9979330000000000    0.6679550000000000    0.2493650000000000 Li
   0.6641899999999999    0.0034180000000000    0.7540530000000000 Li
   0.3383000000000000    0.6665960000000000    0.7547170000000000 Li
   0.0008560000000000    0.3408890000000000    0.7545610000000000 Li
   0.6660020000000000    0.6712770000000000    0.0024830000000000 H
   0.3328290000000000    0.3374860000000000    0.0014690000000000 H
EA309   3.124  3.123 10.959 90.13 89.88 119.64 Sym.group:  164
1.0
   3.1232570000000002   -0.0490040000000000    0.0310040000000000
  -1.5005489999999999    2.7350590000000001   -0.1534920000000000
  -0.0765650000000000    0.5440080000000000   10.9452230000000004
P S
6 2
direct
   0.8142980000000000    0.6039410000000000    0.1301040000000000 P
   0.4848110000000000    0.9354160000000000    0.7235210000000000 P
   0.4836550000000000    0.9358160000000000    0.3694230000000000 P
   0.1534270000000000    0.2671320000000000    0.6094700000000000 P
   0.8153049999999999    0.6045280000000000    0.4840730000000000 P
   0.1459080000000000    0.2727800000000000    0.2441500000000000 P
   0.4751320000000000    0.9430220000000000    0.0120100000000000 S
   0.8236200000000000    0.5962760000000000    0.8416050000000000 S
EA388   2.442  2.441  7.519 80.69 89.98 120.00 Sym.group:  166
1.0
   2.4415070000000001   -0.0014230000000000    0.0000090000000000
  -1.2194659999999999    2.1151059999999999    0.0013180000000000
   0.0036320000000000    1.4018969999999999    7.3867339999999997
C H
6 2
direct
   0.6888590000000000    0.8923990000000001    0.4183610000000000 C
   0.0436120000000000    0.6018510000000000    0.3540340000000000 C
   0.1972540000000000    0.9105150000000000    0.8925380000000001 C
   0.8424400000000000    0.2010090000000000    0.9568640000000000 C
   0.6214240000000000    0.7576550000000000    0.6217480000000000 C
   0.2656230000000000    0.0461570000000000    0.6891530000000000 C
   0.0925950000000000    0.6991190000000000    0.2084280000000000 H
   0.7941610000000000    0.1044490000000000    0.1024720000000000 H
