NUMBER OF TEMPLATES 25
COMPOSITION A 6 B
pairs , SPACEGROUPS 
[P F] , 129 
[O F] , 189 
[Be F] , 139 
[P O] , 139 
[C N] , 148 
[B S] , 164 
[C P] , 166 
[P Mg] , 164 
[P H] , 123 
[P Cl] , 166 
[Mg P] , 123 
[Be B] , 123 
[P Li] , 160 
[Be P] , 156 
[H O] , 80 
[Na F] , 148 
[Mg S] , 166 
[C Na] , 166 
[C Li] , 191 
[F S] , 148 
[Li Cl] , 146 
[Cl F] , 229 
[P Na] , 164 
[Si Na] , 175 
[O Na] , 189 
RANKING VECTORS ENTHALPIES
0:[-253.3823603  -253.35493421 -253.17890404 -253.12047399 -253.11380543 -253.11262081 -253.08758771 -253.06400062 -253.05223276 -253.00574578 -253.00485849 -253.00176997 -253.00100656 -252.97551581 -252.97239207 -252.95807712 -252.95796485 -252.94492257 -252.93217816 -252.82296368 -252.63906215 -252.63890569 -252.60650978 -250.97224862 -250.78330247] 
1:[-476.36874416 -476.36773256 -476.22390604 -476.20552844 -476.1963758 -475.88650493 -475.8689264  -475.86670428 -475.85651686 -475.79601478 -475.69115098 -475.5630142  -475.46022207 -475.43039958 -475.3854377 -475.244437   -475.22697053 -475.17470734 -475.15526884 -475.1452246 -475.11662927 -475.11450719 -475.08354985 -475.07259279 -475.05084334] 
2:[-419.03524075 -418.99375491 -418.8172034  -418.79728522 -418.77212586 -418.75869539 -418.7540269  -418.63953098 -418.56037181 -418.49120256 -418.48356813 -418.48325901 -418.41463481 -418.36935852 -418.35673726 -418.31350576 -418.22171055 -418.20903862 -418.02116646 -418.01356876 -417.89172509 -417.74144958 -417.33715049 -417.21415067 -416.81386208] 
3:[-221.82179239 -221.81830389 -221.71135553 -221.62103595 -221.59253069 -221.57390373 -221.56019439 -221.39007872 -221.38453938 -221.38445252 -221.38171131 -221.37039925 -221.33144246 -221.326197   -221.32365826 -221.2993402  -221.28928385 -221.2844054  -221.25709442 -221.248188 -221.24773879 -221.04166433 -221.02493612 -221.00124318 -219.71004066] 
4:[-178.67122009 -178.49075818 -178.48896143 -178.15606432 -177.69380262 -177.68988516 -177.58636508 -177.49632064 -177.45616067 -177.45338922 -177.37432823 -177.3599135  -177.222428   -177.06668704 -177.06533805 -177.06514674 -176.66524002 -176.46498617 -176.45160327 -176.40503672 -176.22117152 -176.19330823 -175.97954904 -175.97713637 -174.72943439] 
5:[-108.99788504 -108.75788605 -108.51133386 -108.50699039 -108.5046396 -108.48282783 -108.48140572 -108.45217439 -108.40790974 -108.34944803 -108.34522254 -108.27382789 -108.18285585 -108.12102928 -108.11079833 -108.02470701 -108.01528064 -108.00447163 -107.99193282 -107.97920559 -107.95223485 -107.87124936 -107.8632151  -107.85827806 -106.50948467] 
6:[-165.04354268 -165.04325466 -164.87752647 -164.81364091 -164.67688382 -164.67566216 -164.58940924 -164.51805339 -164.11593195 -163.95153079 -163.8505638  -163.58841063 -163.47680444 -163.2768141  -163.26314484 -163.09255232 -163.01563178 -162.98636582 -162.9588511  -162.94171985 -162.84449027 -162.84443174 -162.71668334 -161.7755617  -161.7755596 ] 
7:[-388.03355393 -388.02913307 -388.02241309 -388.01296112 -387.95537549 -387.9365225  -387.92279093 -387.92165718 -387.90269105 -387.88775995 -387.87020804 -387.86694549 -387.85983703 -387.8581754  -387.83964715 -387.70445278 -387.70419798 -387.69796011 -387.66582657 -387.6086831 -387.51731913 -387.50678139 -387.50030701 -387.47885663 -385.68693301] 
8:[-159.96540166 -159.95657468 -159.91809951 -159.88374936 -159.80340263 -159.78193329 -159.78160051 -159.6819996  -159.65623203 -159.64969497 -159.64219227 -159.6179116  -159.60112651 -159.57602011 -159.56671058 -159.53164869 -159.52960991 -159.52662447 -159.51563206 -159.5088619 -159.46249749 -159.43888622 -159.434486   -159.38561192 -158.90070269] 
9:[-220.88535637 -220.81261786 -220.77524507 -220.73078082 -220.72901839 -220.72629336 -220.68528167 -220.65620364 -220.64601617 -220.62376175 -220.54592067 -220.53793126 -220.52458931 -220.51284329 -220.46584525 -220.42198864 -220.41388862 -220.37670354 -220.34179511 -220.331273 -220.3271942  -220.20884219 -220.09697529 -220.08070469 -218.1745497 ] 
10:[-1406.74736287 -1406.73605992 -1406.71570959 -1406.69921166 -1406.69406493 -1406.65312633 -1406.65024624 -1406.64678539 -1406.58810599 -1406.57532583 -1406.55233773 -1406.48453734 -1406.47380171 -1406.47109066 -1406.34451827 -1406.33895445 -1406.29750543 -1406.26705341 -1406.16950768 -1406.10960375 -1406.1093956  -1405.79178225 -1405.60808547 -1405.49476558 -1404.8066359 ] 
11:[-334.56591001 -334.55802908 -334.44356013 -334.4382501  -334.43714099 -334.41159742 -334.40372347 -334.39057828 -334.30514322 -334.26422296 -334.26387592 -334.25558985 -334.23707592 -334.21835042 -334.13521234 -334.12239224 -334.10899795 -334.07646492 -333.90131839 -333.72909885 -333.72160942 -333.55671286 -333.5213763  -333.21074992 -333.20844793] 
12:[-185.51473594 -185.50444201 -185.50187812 -185.49653921 -185.49619657 -185.46449112 -185.44558375 -185.44169578 -185.39444602 -185.38039187 -185.3776114  -185.34788539 -185.30268803 -185.27956505 -185.25955148 -185.21017195 -185.18543069 -185.17849702 -185.14094311 -185.1217393 -185.08539001 -185.08342581 -185.07661334 -184.98072139 -183.80787389] 
13:[-349.68814284 -349.62852896 -349.61271309 -349.58419359 -349.57276382 -349.57170732 -349.5649975  -349.55593669 -349.51162142 -349.50191811 -349.45195737 -349.4433846  -349.41725698 -349.39052961 -349.38614078 -349.32273212 -349.17132733 -349.14224246 -349.07496296 -348.94777559 -348.93872293 -348.89647402 -348.49997406 -348.48926341 -347.5004338 ] 
14:[-76.59268229 -76.27765222 -76.21220517 -76.13363292 -76.1028431 -76.08121985 -76.05055785 -76.020071   -76.00132165 -75.91370842 -75.89359582 -75.86641824 -75.86463289 -75.86384656 -75.85907379 -75.83259107 -75.80369981 -75.7948286  -75.78658468 -75.78454205 -75.77852235 -75.68927999 -75.6686493  -75.57071913 -75.54908691] 
15:[-1156.86634564 -1156.83497836 -1156.83484813 -1156.8234176 -1156.78543334 -1156.78187151 -1156.76410239 -1156.75793071 -1156.74403613 -1156.72201497 -1156.71750133 -1156.68142022 -1156.67792674 -1156.67719888 -1156.65402217 -1156.64022325 -1156.5932294  -1156.59022735 -1156.54931746 -1156.45234038 -1156.36526187 -1156.31580684 -1156.29031339 -1156.20523888 -1156.19243649] 
16:[-1422.86019046 -1422.84962806 -1422.7170334  -1422.70656282 -1422.70264022 -1422.70040222 -1422.67725446 -1422.67347247 -1422.66981154 -1422.66755939 -1422.62648427 -1422.62378774 -1422.55563099 -1422.51097826 -1422.49031631 -1422.35470346 -1422.27678279 -1422.27636921 -1422.27377988 -1422.25364001 -1422.10971232 -1421.81329675 -1421.56652654 -1421.3944361 -1420.93186968] 
17:[-315.51378462 -315.37593533 -315.36203539 -315.36025581 -315.3559825 -315.35317496 -315.35297847 -315.24010718 -315.2379828  -315.23321909 -315.17134564 -315.08868177 -314.476645   -313.9676458  -313.95996205 -313.64788477 -313.61985109 -313.61475953 -313.5944786  -313.5547849 -313.3357408  -313.21956527 -312.96906747 -312.96235541 -311.48603707] 
18:[-166.27672723 -166.24683503 -166.24602415 -166.19562046 -166.14464987 -166.13982437 -166.13224285 -165.94130143 -165.79053166 -165.7904138 -165.67195794 -165.67021276 -165.45499065 -164.66306012 -164.64363002 -164.60370763 -164.57794552 -164.5438563  -164.41390945 -164.28903031 -164.20840365 -164.13196408 -164.04986745 -163.49659312 -162.95119326] 
19:[-614.66118436 -614.5963539  -614.59580154 -614.58587646 -614.43180881 -614.30731513 -614.09265018 -614.09263614 -613.91276558 -613.29653236 -613.21682782 -613.16713785 -613.16613064 -612.76686584 -612.75017546 -612.71303029 -612.68007143 -612.59107238 -612.43673042 -612.39625281 -612.36978745 -612.369085   -612.36113066 -612.26512709 -612.10545745] 
20:[-228.49352434 -228.47737054 -228.44436438 -228.43492818 -228.43419062 -228.43408501 -228.42787375 -228.41571987 -228.40946593 -228.38443025 -228.37320961 -228.35640175 -228.30617631 -228.29252021 -228.20392767 -228.19501078 -228.1900856  -228.18541878 -228.13653817 -227.87169676 -227.86735697 -227.83396567 -227.67426313 -227.65454465 -227.62481208] 
21:[-472.70000344 -472.64175171 -472.6236558  -472.61338416 -472.57927931 -472.56758255 -472.50595579 -472.49176724 -472.47167861 -472.44774677 -472.442338   -472.42703612 -472.41978908 -472.41085327 -472.40768537 -472.40729513 -472.39818249 -472.37062849 -472.35700048 -472.3568592 -472.31116707 -472.22463434 -472.18108981 -471.88997421 -471.77587098] 
22:[-334.8089693  -334.78381347 -334.78183651 -334.78144313 -334.76425424 -334.75086351 -334.74887577 -334.73423224 -334.71147027 -334.70278628 -334.69900781 -334.68412516 -334.68117818 -334.67775707 -334.65708768 -334.48702987 -334.44640999 -334.39151575 -334.38136009 -334.37522334 -334.36906043 -334.35189945 -334.2020155  -334.12307286 -332.238062  ] 
23:[-272.04931051 -271.89909606 -271.83098126 -271.79461761 -271.78724805 -271.78055412 -271.76818622 -271.74369861 -271.7430349  -271.73915091 -271.73689564 -271.69220914 -271.63796451 -271.56761171 -271.55809226 -271.55706216 -271.52188084 -271.47643316 -271.47565984 -271.40483861 -271.31067509 -271.29652759 -271.1893308  -271.14844257 -268.72171336] 
24:[-558.88482626 -558.88351774 -558.75017749 -558.68048575 -558.5740669 -558.49439292 -558.1837203  -558.16122847 -558.11617238 -558.10735889 -557.93844997 -557.90676154 -557.77038046 -557.76281862 -557.67704803 -557.63915047 -557.63187411 -557.63162088 -557.62822975 -557.59344561 -557.54061888 -557.53700837 -557.12581018 -557.12516884 -557.07495693] 
RANKING VECTORS IDX
0:[ 0.  8. 23. 12.  3.  9. 19.  4. 20. 17. 22.  7. 18. 24.  2.  6.  1. 13. 15. 14. 10. 11. 16. 21.  5.] 
1:[ 1. 24.  8. 23. 18.  4. 19. 20. 15.  6.  0. 17. 14. 11. 21.  2.  3.  5.  9. 12. 22.  7. 10. 16. 13.] 
2:[ 2.  3. 12.  9.  0.  7. 22. 20. 16.  4. 10. 11. 15. 14. 19.  6.  5. 13.  1. 24. 23.  8. 17. 18. 21.] 
3:[ 0.  8.  3. 20. 19. 12.  9. 23.  7. 22.  6. 14. 17. 13.  5.  2.  4. 15. 18.  1. 24. 11. 16. 10. 21.] 
4:[ 4.  7. 22. 12.  6. 15.  9. 13. 19. 20. 17.  5. 18. 14.  3.  2.  0.  1. 24. 16.  8. 23. 10. 11. 21.] 
5:[ 5. 19.  4. 14. 22. 13.  7. 12. 20. 15.  3.  9.  6.  0. 23. 24.  1. 16. 11. 10.  2.  8. 17. 18. 21.] 
6:[ 7. 22.  6. 12. 19. 20.  9.  4. 14. 17. 18. 13.  3.  0. 23.  2. 15.  8. 16.  5. 24.  1. 21. 11. 10.] 
7:[ 7. 22. 12.  9. 13. 23.  1. 24. 20.  0. 14. 15.  3.  4.  8. 11. 19. 10. 17.  5.  6. 16. 18.  2. 21.] 
8:[ 8.  0.  3.  9. 22. 14.  7. 19. 20.  1. 24. 11. 10. 23.  5.  6. 15.  4. 12.  2. 18. 13. 17. 16. 21.] 
9:[ 0.  9. 12.  8.  3.  7. 22. 13.  6. 23.  4. 15. 17. 20. 14. 24.  1. 19.  2. 10.  5. 18. 11. 16. 21.] 
10:[12.  3. 20.  9. 19.  7. 10. 11.  6.  0. 16. 14. 15. 22. 23.  2.  5.  4. 13.  1. 24.  8. 17. 18. 21.] 
11:[10. 11.  7. 22. 20.  9.  3. 12. 14. 13.  6.  4. 19.  2. 15.  5. 16.  0. 23. 24.  1. 17. 18. 21.  8.] 
12:[ 7. 22. 23.  9.  4. 12.  0. 20.  8. 24.  1. 13.  3. 19. 15. 17. 10. 14. 11.  6. 16. 18.  5.  2. 21.] 
13:[ 2. 22. 13. 20. 10. 11. 12.  3.  7. 19.  9.  4.  6. 15. 14.  0.  5. 16. 23. 24.  1. 17.  8. 18. 21.] 
14:[14.  2.  3. 13.  4.  5. 12. 15. 20. 21. 23.  7. 11.  9. 22.  6.  1. 24.  0.  8. 19. 17. 16. 18. 10.] 
15:[ 7. 22.  9. 10.  0. 20. 11. 15.  4. 12. 19.  3.  1. 24. 16. 14. 23.  5. 13.  6. 21.  8.  2. 18. 17.] 
16:[ 3.  0. 12.  7. 22. 16. 20. 10. 19. 11.  4. 15.  6.  9. 14.  2.  5. 24.  1. 23. 13.  8. 17. 18. 21.] 
17:[ 9. 12. 18. 17. 13.  7. 22. 20. 19. 15.  6.  4. 14.  2.  3. 23.  1. 24.  0.  5. 16.  8. 10. 11. 21.] 
18:[ 9. 18. 17. 12.  7. 22. 13.  4. 19. 20.  6. 15. 14.  2.  3.  1. 24.  0. 23.  5. 10.  8. 16. 11. 21.] 
19:[15. 19. 20.  4.  6. 21. 24.  1.  5. 16. 14. 10. 11.  8.  0.  2.  3. 13. 23. 12.  7. 22.  9. 17. 18.] 
20:[ 3. 20. 10. 11. 22.  7. 19.  9. 13.  0.  5. 12. 14. 15.  1. 24. 23. 16.  4.  6.  2. 17.  8. 21. 18.] 
21:[14. 19. 12.  4.  2. 15. 23. 20.  9.  7. 22. 16. 24.  1. 11. 10. 21.  0.  5.  8.  6.  3. 13. 18. 17.] 
22:[23.  7. 12. 22.  9.  1. 24.  0.  4. 13. 20.  3.  8. 19. 15. 14. 17.  5. 10. 18. 11.  2. 16.  6. 21.] 
23:[12. 23. 20. 22.  0.  7.  9. 19.  6. 15.  3.  4.  2.  5.  1. 24. 14. 10. 11.  8. 16. 13. 17. 18. 21.] 
24:[ 1. 24. 14. 15. 18.  4. 21. 20. 19.  6.  0.  8. 17. 16.  3. 12.  7. 22.  9. 23.  5. 13. 11. 10.  2.] 
POSCARS
EA301  15.167  3.146  3.145 89.99 90.10 90.08 Sym.group:  129
1.0
  15.1646649999999994    0.1674910000000000    0.2153200000000000
  -0.0390970000000000    3.1456680000000001   -0.0021640000000000
  -0.0501540000000000    0.0018990000000000    3.1444500000000000
P F
12 2
direct
   0.2066900000000000    0.1608430000000000    0.6155040000000001 P
   0.0580110000000000    0.6582900000000000    0.1096570000000000 P
   0.0582670000000000    0.1556250000000000    0.6067939999999999 P
   0.5056450000000000    0.1651580000000000    0.6175900000000000 P
   0.3569490000000000    0.6665900000000000    0.1196190000000000 P
   0.3556700000000000    0.1683250000000000    0.6215520000000000 P
   0.2079720000000000    0.6597550000000000    0.1148500000000000 P
   0.6570300000000000    0.6649870000000000    0.1152310000000000 P
   0.6474450000000000    0.1632950000000000    0.6138700000000000 P
   0.5053850000000000    0.6669020000000000    0.1186650000000000 P
   0.9162100000000000    0.6578330000000000    0.1071590000000000 P
   0.9066240000000000    0.1562370000000000    0.6060590000000000 P
   0.7641060000000000    0.6603240000000000    0.1091310000000000 F
   0.7995510000000000    0.1602880000000000    0.6089140000000000 F
EA165   4.210  4.169  3.347 89.69 89.88 60.98 Sym.group:  189
1.0
   4.2103359999999999    0.0021600000000000    0.0050820000000000
   2.0204390000000001    3.6469909999999999   -0.0017200000000000
   0.0029270000000000    0.0207740000000000    3.3472260000000000
O F
6 1
direct
   0.4486870000000000    0.5537230000000000    0.3292020000000000 O
   0.4484370000000000    0.5524289999999999    0.6794940000000000 O
   0.9957160000000000    0.4408700000000000    0.3291580000000000 O
   0.9959220000000000    0.4400440000000000    0.6796820000000000 O
   0.5503660000000000    0.0050200000000000    0.3290270000000000 O
   0.5509590000000000    0.0032180000000000    0.6793640000000000 O
   0.0012560000000000    0.9895190000000000    0.0041630000000000 F
EA330   2.151  9.728  2.153 95.99 89.70 84.05 Sym.group:  139
1.0
   2.1504240000000001    0.0171400000000000   -0.0477320000000000
   0.9288120000000000    9.6831230000000001   -0.0924960000000000
   0.0605260000000000   -0.2109610000000000    2.1416160000000000
Be F
6 1
direct
   0.3940660000000000    0.7510350000000000    0.1092650000000000 Be
   0.2595630000000000    0.0343700000000000    0.2444450000000000 Be
   0.5233550000000000    0.4776430000000000    0.9793480000000000 Be
   0.6957710000000000    0.1694440000000000    0.8085090000000000 Be
   0.9597560000000001    0.6125389999999999    0.5432790000000000 Be
   0.8252800000000000    0.8957930000000000    0.6783870000000000 Be
   0.6090220000000000    0.3235420000000000    0.8934240000000000 F
EA109   7.953  3.159  3.159 90.01 101.37 101.39 Sym.group:  139
1.0
   7.9531850000000004   -0.0216290000000000    0.0010830000000000
  -0.6155830000000000    3.0981440000000000    0.0059440000000000
  -0.6234150000000001   -0.1305810000000000    3.0938140000000001
P O
6 1
direct
   0.2459720000000000    0.9799390000000000    0.7833680000000000 P
   0.9459740000000000    0.3291250000000000    0.1318760000000000 P
   0.9631680000000000    0.8379160000000000    0.6407220000000000 P
   0.2473290000000000    0.4800510000000000    0.2844390000000000 P
   0.6631850000000000    0.1876200000000000    0.9886870000000000 P
   0.6617620000000000    0.6874180000000000    0.4890030000000000 P
   0.4545450000000000    0.5842200000000000    0.3836450000000000 O
EA269   4.232  4.232  4.232 97.60 97.60 97.60 Sym.group:  148
1.0
   4.2319380000000004   -0.0023940000000000   -0.0025320000000000
  -0.5574070000000000    4.1952199999999999   -0.0038130000000000
  -0.5574230000000000   -0.6346240000000000    4.1471169999999997
C N
12 2
direct
   0.4102030000000000    0.2707190000000000    0.7111740000000000 C
   0.7133900000000000    0.4067080000000000    0.2719690000000000 C
   0.2742340000000000    0.7099480000000000    0.4079260000000000 C
   0.5968599999999999    0.7293390000000000    0.2913600000000000 C
   0.2936800000000000    0.5933520000000000    0.7305500000000000 C
   0.7328300000000000    0.2901310000000000    0.5945980000000000 C
   0.4625210000000000    0.1697430000000000    0.0339920000000000 C
   0.0362250000000000    0.4590870000000000    0.1709850000000000 C
   0.1732490000000000    0.0327630000000000    0.4603100000000000 C
   0.5445420000000000    0.8303180000000000    0.9685420000000000 C
   0.9708440000000000    0.5410040000000000    0.8315420000000000 C
   0.8338210000000000    0.9673150000000000    0.5422300000000000 C
   0.8270880000000000    0.8235479999999999    0.8247530000000000 N
   0.1800210000000000    0.1765810000000000    0.1778290000000000 N
EA254   4.474  4.474  5.440 90.01 90.00 60.01 Sym.group:  164
1.0
   2.2399710000000002    3.8723580000000002    0.0005090000000000
  -2.2341940000000000    3.8762650000000001    0.0013740000000000
   0.0013350000000000   -0.0018510000000000    5.4396550000000001
B S
12 2
direct
   0.2574860000000000    0.3721350000000000    0.2530930000000000 B
   0.7490470000000000    0.6264590000000000    0.7418410000000000 B
   0.8761470000000000    0.7534860000000000    0.2531200000000000 B
   0.1303680000000000    0.2450790000000000    0.7418200000000000 B
   0.2045580000000000    0.7005640000000000    0.4407400000000000 B
   0.8019380000000000    0.2980300000000000    0.5542190000000000 B
   0.8761770000000000    0.3720750000000000    0.2531450000000000 B
   0.1304240000000000    0.6264200000000000    0.7417650000000000 B
   0.4058240000000000    0.2980230000000000    0.5541420000000000 B
   0.6007080000000000    0.7005040000000000    0.4407360000000000 B
   0.2045130000000000    0.0967580000000000    0.4408360000000000 B
   0.8019790000000000    0.9017980000000000    0.5541120000000000 B
   0.6699410000000000    0.1659250000000000    0.0726650000000000 S
   0.3365730000000000    0.8326210000000001    0.9222630000000001 S
EA8     3.519  3.519  3.519 95.47 84.53 84.53 Sym.group:  166
1.0
   3.5187300000000001    0.0028120000000000    0.0025980000000000
   0.3326290000000000    3.5030000000000001   -0.0028010000000000
   0.3331730000000000   -0.3657720000000000    3.4838330000000002
C P
6 1
direct
   0.1213300000000000    0.3518460000000000    0.8803790000000000 C
   0.8826400000000000    0.6541250000000000    0.1190740000000000 C
   0.3508420000000000    0.1223230000000000    0.1190620000000000 C
   0.8826380000000000    0.1223360000000000    0.6508690000000000 C
   0.1213180000000000    0.8836480000000000    0.3485830000000000 C
   0.6531250000000000    0.8836310000000001    0.8803730000000000 C
   0.5019870000000000    0.5029830000000000    0.4997240000000000 P
EA2     3.047  3.048 10.296 90.00 90.00 60.01 Sym.group:  164
1.0
   3.0470720000000000   -0.0010740000000000   -0.0035240000000000
   1.5244230000000001    2.6390630000000002   -0.0006400000000000
   0.0122250000000000   -0.0040000000000000   10.2957710000000002
P Mg
6 1
direct
   0.2378620000000000    0.9470690000000000    0.2962880000000000 P
   0.5712610000000000    0.2801520000000000    0.4367990000000000 P
   0.9045640000000000    0.6134920000000000    0.5651110000000000 P
   0.2379640000000000    0.9466490000000000    0.7056030000000000 P
   0.9047500000000001    0.6134200000000000    0.1664960000000000 P
   0.5712429999999999    0.2802890000000000    0.8353680000000000 P
   0.2383480000000000    0.9467600000000000    0.0009090000000000 Mg
EA440   3.141 14.468  3.141 89.96 90.00 89.99 Sym.group:  123
1.0
   3.1408459999999998    0.0136340000000000    0.0002050000000000
  -0.0597910000000000   14.4644910000000007   -0.2961840000000000
  -0.0005000000000000    0.0667740000000000    3.1407039999999999
P H
12 2
direct
   0.2383960000000000    0.4239210000000000    0.5031510000000000 P
   0.7383180000000000    0.4239460000000000    0.0030750000000000 P
   0.2390770000000000    0.1105730000000000    0.5081360000000000 P
   0.7389230000000000    0.2680130000000000    0.0051180000000000 P
   0.2389150000000000    0.2679490000000000    0.5052219999999999 P
   0.2382310000000000    0.5801720000000000    0.5034060000000000 P
   0.7382910000000000    0.5802450000000000    0.0034690000000000 P
   0.7390850000000000    0.1106110000000000    0.0081540000000000 P
   0.2381110000000000    0.7362150000000000    0.5038080000000000 P
   0.7376880000000000    0.8937140000000000    0.0048550000000000 P
   0.7380500000000000    0.7362410000000000    0.0039710000000000 P
   0.2376330000000000    0.8936870000000000    0.5049280000000000 P
   0.2404690000000000    0.0021700000000000    0.5069930000000000 H
   0.7398600000000000    0.0022340000000000    0.0075820000000000 H
EA203   3.133 10.134  3.101 89.99 119.65 98.12 Sym.group:  166
1.0
   1.6286449999999999   -0.2593420000000000   -2.6643249999999998
  -1.4845729999999999   10.0224600000000006   -0.2000760000000000
   1.5046050000000000    0.2772760000000000    2.6968850000000000
P Cl
6 1
direct
   0.6161540000000000    0.8906340000000000    0.1597610000000000 P
   0.4556750000000000    0.1575110000000000    0.5793630000000000 P
   0.2177190000000000    0.7750310000000000    0.4607110000000000 P
   0.3781700000000000    0.5081670000000000    0.0410880000000000 P
   0.0526610000000000    0.0422960000000000    0.8779820000000000 P
   0.7811900000000001    0.6233780000000000    0.7424720000000000 P
   0.9169060000000000    0.3328480000000000    0.3102180000000000 Cl
EA273   6.679  3.721  3.846 89.93 90.04 89.99 Sym.group:  123
1.0
   6.6789680000000002   -0.0095210000000000    0.0126110000000000
   0.0060690000000000    3.7206530000000000   -0.0071100000000000
  -0.0098090000000000    0.0123620000000000    3.8463569999999998
Mg P
6 1
direct
   0.8838240000000001    0.9997330000000000    0.0970400000000000 Mg
   0.3073030000000000    0.9992850000000000    0.0973090000000000 Mg
   0.3018340000000000    0.4992400000000000    0.5975700000000000 Mg
   0.5954730000000000    0.4995660000000000    0.0974880000000000 Mg
   0.8889170000000000    0.4998500000000000    0.5970330000000000 Mg
   0.5955570000000000    0.9996170000000000    0.5975890000000000 Mg
   0.0954620000000000    0.4994860000000000    0.0972890000000000 P
EA11    4.316  4.316  4.607 90.00 90.00 90.00 Sym.group:  123
1.0
   4.3155880000000000    0.0017740000000000    0.0018440000000000
  -0.0021130000000000    4.3163559999999999    0.0020140000000000
  -0.0019360000000000   -0.0020770000000000    4.6073959999999996
Be B
12 2
direct
   0.2500780000000000    0.6311550000000000    0.2855240000000000 Be
   0.7493430000000000    0.6318340000000000    0.7144060000000000 Be
   0.7498130000000000    0.1315050000000000    0.7143240000000000 Be
   0.2488730000000000    0.1314180000000000    0.2856090000000000 Be
   0.7503150000000000    0.6322800000000000    0.2854820000000000 Be
   0.2494790000000000    0.6323230000000000    0.7143420000000000 Be
   0.2500450000000000    0.1320610000000000    0.7142620000000000 Be
   0.7492160000000000    0.1326030000000000    0.2855690000000000 Be
   0.9996650000000000    0.8819420000000000    0.9999580000000000 Be
   0.4996230000000000    0.3818490000000000    0.9999169999999999 Be
   0.9997220000000000    0.3817580000000000    0.9994990000000000 Be
   0.4995680000000000    0.8820380000000000    0.0002370000000000 Be
   0.9996270000000000    0.3819260000000000    0.5003919999999999 B
   0.4996620000000000    0.8818690000000000    0.4995720000000000 B
EA322   3.079  3.077  9.750 81.03 89.95 119.94 Sym.group:  160
1.0
   3.0791350000000000   -0.0105620000000000    0.0151530000000000
  -1.5259020000000001    2.6681029999999999   -0.1490050000000000
  -0.0311280000000000    2.2655080000000001    9.4832950000000000
P Li
6 1
direct
   0.1967050000000000    0.6147120000000000    0.5982680000000000 P
   0.8220150000000001    0.8620409999999999    0.7264760000000000 P
   0.4373580000000000    0.0970270000000000    0.8772520000000000 P
   0.0604350000000000    0.3421850000000000    0.0083830000000000 P
   0.5804300000000000    0.3827680000000000    0.4447050000000000 P
   0.9557600000000001    0.1367650000000000    0.3144500000000000 P
   0.6701850000000000    0.5700330000000000    0.1645240000000000 Li
EA111   3.158  3.158  5.976 90.07 90.13 60.01 Sym.group:  156
1.0
   3.1582140000000001    0.0026280000000000    0.0011670000000000
   1.5759080000000001    2.7362890000000002    0.0033140000000000
  -0.0153100000000000   -0.0070480000000000    5.9761680000000004
Be P
6 1
direct
   0.8123140000000000    0.0968170000000000    0.4119630000000000 Be
   0.8127440000000000    0.0971250000000000    0.7289720000000000 Be
   0.4815800000000000    0.7635490000000000    0.2176850000000000 Be
   0.1456300000000000    0.4303780000000000    0.6251980000000000 Be
   0.4804000000000000    0.7637690000000000    0.8824330000000000 Be
   0.4789730000000000    0.7636460000000000    0.5526690000000000 Be
   0.8145750000000000    0.0968680000000000    0.0733730000000000 P
EA180   4.017  4.019  4.013 119.66 60.39 89.40 Sym.group:   80
1.0
   4.0166089999999999   -0.0270710000000000    0.0492860000000000
   0.0697020000000000    4.0186859999999998   -0.0310130000000000
   1.9341800000000000   -1.9970200000000000    2.8936500000000001
H O
12 2
direct
   0.9896370000000000    0.9300900000000000    0.4812010000000000 H
   0.0323770000000000    0.0180090000000000    0.8929360000000000 H
   0.9617980000000000    0.0326450000000000    0.1065750000000000 H
   0.9275200000000000    0.5478490000000000    0.0495180000000000 H
   0.4740280000000000    0.0945550000000000    0.5466820000000000 H
   0.4165490000000000    0.9889670000000000    0.9974610000000000 H
   0.4764250000000000    0.4981260000000000    0.9531990000000000 H
   0.0813290000000000    0.4429510000000000    0.3845880000000000 H
   0.0055490000000000    0.1244650000000000    0.5190380000000000 H
   0.5786249999999999    0.0637380000000000    0.0039290000000000 H
   0.5204090000000000    0.5494450000000000    0.4576840000000000 H
   0.9120720000000000    0.6091320000000000    0.6187530000000000 H
   0.3679320000000000    0.4046310000000000    0.7509650000000000 O
   0.6175380000000000    0.6542570000000000    0.2514370000000000 O
EA7     4.828  4.816  5.131 62.09 117.98 119.83 Sym.group:  148
1.0
   4.8265719999999996   -0.0962850000000000    0.0155160000000000
  -2.3122229999999999    4.2251399999999997    0.0181390000000000
  -2.3937960000000000    1.4089060000000000    4.3141639999999999
Na F
6 1
direct
   0.2370940000000000    0.0666120000000000    0.7539200000000000 Na
   0.7646550000000000    0.9326790000000000    0.2440950000000000 Na
   0.5884310000000000    0.7641260000000000    0.7556870000000000 Na
   0.4180650000000000    0.2382880000000000    0.2428880000000000 Na
   0.9356540000000000    0.4135260000000000    0.7594980000000000 Na
   0.0707620000000000    0.5877400000000000    0.2465260000000000 Na
   0.5029780000000000    0.4994570000000000    0.5005090000000000 F
EA239   4.945  4.946  5.331 62.51 90.10 60.03 Sym.group:  166
1.0
   4.9446830000000004    0.0019840000000000    0.0195210000000000
   2.4692569999999998    4.2855840000000001    0.0191630000000000
  -0.0283970000000000    2.8363839999999998    4.5142709999999999
Mg S
6 1
direct
   0.0715580000000000    0.0029540000000000    0.0683700000000000 Mg
   0.0711850000000000    0.0031850000000000    0.5684070000000000 Mg
   0.0712530000000000    0.5033920000000000    0.5681030000000000 Mg
   0.5714170000000000    0.5033490000000000    0.5691690000000000 Mg
   0.7348870000000000    0.6743570000000000    0.0613420000000000 Mg
   0.4068220000000000    0.3308940000000000    0.0766910000000000 Mg
   0.5714700000000000    0.0035050000000000    0.5691280000000000 S
EA42    4.188  4.188  4.190 119.95 90.02 120.00 Sym.group:  166
1.0
   0.0000490000000000    2.4233980000000002    3.4155840000000000
  -2.1066680000000000   -3.6196959999999998    0.0009380000000000
   4.1896079999999998   -0.0182370000000000    0.0114250000000000
C Na
6 1
direct
   0.0017090000000000    0.6728830000000000    0.0022250000000000 C
   0.6695230000000000    0.0053450000000000    0.0024910000000000 C
   0.3339810000000000    0.0051880000000000    0.0022820000000000 C
   0.0018140000000000    0.3376880000000000    0.0025880000000000 C
   0.3342520000000000    0.3379770000000000    0.0030090000000000 C
   0.6696210000000000    0.6732930000000000    0.0028550000000000 C
   0.5014780000000000    0.0058620000000000    0.5025900000000000 Na
EA262   4.190  4.190  2.871 89.80 90.07 120.00 Sym.group:  191
1.0
   4.1898140000000001   -0.0003720000000000    0.0019690000000000
  -2.0945670000000001    3.6286849999999999   -0.0058730000000000
  -0.0050900000000000    0.0134780000000000    2.8704820000000000
C Li
6 1
direct
   0.9728040000000000    0.0002550000000000    0.0119840000000000 C
   0.6385310000000000    0.3316930000000000    0.0133540000000000 C
   0.3070950000000000    0.6659960000000000    0.0131560000000000 C
   0.3070880000000000    0.0002590000000000    0.0122710000000000 C
   0.6385390000000000    0.6659990000000000    0.0125200000000000 C
   0.9727980000000001    0.3316940000000000    0.0137040000000000 C
   0.9727600000000000    0.6658060000000000    0.5128290000000000 Li
EA15    4.717  4.763  4.761 94.04 93.68 93.98 Sym.group:  148
1.0
   4.7171789999999998   -0.0292770000000000   -0.0262010000000000
  -0.3011370000000000    4.7535119999999997   -0.0180640000000000
  -0.2812650000000000   -0.3356890000000000    4.7408479999999997
F S
12 2
direct
   0.3140020000000000    0.9504520000000000    0.1414510000000000 F
   0.1905020000000000    0.5515590000000000    0.3587690000000000 F
   0.5548840000000000    0.3621430000000000    0.1883780000000000 F
   0.1408720000000000    0.3087730000000000    0.9498970000000000 F
   0.8635800000000000    0.6932300000000000    0.0503020000000000 F
   0.4496130000000000    0.6398680000000000    0.8117410000000000 F
   0.6904620000000000    0.0515680000000000    0.8587950000000000 F
   0.8140660000000000    0.4505240000000000    0.6413810000000000 F
   0.3636530000000000    0.1932540000000000    0.5503200000000000 F
   0.9496240000000000    0.1398720000000000    0.3118330000000000 F
   0.0549090000000000    0.8622060000000000    0.6884410000000000 F
   0.6409310000000000    0.8088379999999999    0.4498690000000000 F
   0.2522640000000000    0.2510060000000000    0.2501030000000000 S
   0.7522660000000000    0.7510280000000000    0.7500910000000000 S
EA335   5.218  5.234  2.667 99.88 99.55 117.15 Sym.group:  146
1.0
   2.3880479999999999   -3.8880040000000000   -2.5305460000000002
   2.3743129999999999    4.6640280000000001   -0.0010180000000000
   0.4715160000000000   -0.7530200000000000    2.5147330000000001
Li Cl
6 1
direct
   0.4534870000000000    0.0002410000000000    0.0211930000000000 Li
   0.0918160000000000    0.6902340000000000    0.4614010000000000 Li
   0.7166700000000000    0.8534370000000000    0.5605760000000000 Li
   0.1425940000000000    0.0510510000000000    0.2607050000000000 Li
   0.2902480000000000    0.4620510000000000    0.9549800000000001 Li
   0.6817150000000000    0.4272270000000000    0.7425680000000000 Li
   0.8963280000000000    0.2477300000000000    0.2620780000000000 Cl
EA162   5.077  5.077  5.078 109.46 109.45 109.45 Sym.group:  229
1.0
   5.0774900000000001   -0.0054280000000000   -0.0075590000000000
  -1.6853760000000000    4.7887810000000002   -0.0120820000000000
  -1.6870909999999999   -2.3768680000000000    4.1581359999999998
Cl F
6 1
direct
   0.0009580000000000    0.6560550000000001    0.6561600000000000 Cl
   0.0010340000000000    0.3395770000000000    0.3392100000000000 Cl
   0.6594830000000000    0.6561870000000000    0.9974590000000000 Cl
   0.3427440000000000    0.3391430000000000    0.9971179999999999 Cl
   0.6596270000000000    0.9977120000000000    0.6551750000000000 Cl
   0.3427980000000000    0.9978770000000000    0.3387980000000000 Cl
   0.0008540000000000    0.9981260000000000    0.9975520000000000 F
EA240   3.144  3.139  9.702 90.25 90.27 61.13 Sym.group:  164
1.0
   3.1423589999999999    0.0976280000000000    0.0165720000000000
   1.4294100000000001    2.7942420000000001   -0.0076280000000000
  -0.0975940000000000    0.0283530000000000    9.7009830000000008
P Na
6 1
direct
   0.6012020000000000    0.8447610000000000    0.1289570000000000 P
   0.2627830000000000    0.5077440000000000    0.2455540000000000 P
   0.6079639999999999    0.8490290000000000    0.7137800000000000 P
   0.9463830000000000    0.1860230000000000    0.5971870000000000 P
   0.2722790000000000    0.5141559999999999    0.8602100000000000 P
   0.9368980000000000    0.1796460000000000    0.9825250000000000 P
   0.6045970000000001    0.8467960000000000    0.4213750000000000 Na
EA2     6.433  6.432  4.579 90.00 89.99 120.00 Sym.group:  175
1.0
   3.2559990000000001   -5.5475269999999997    0.0316310000000000
   3.1764839999999999    5.5931870000000004   -0.0371450000000000
   0.0039480000000000    0.0278640000000000    4.5792549999999999
Si Na
12 2
direct
   0.0424270000000000    0.8106000000000000    0.2503090000000000 Si
   0.1905700000000000    0.2354100000000000    0.2492040000000000 Si
   0.7657840000000000    0.9589220000000001    0.2484920000000000 Si
   0.4752420000000000    0.1012250000000000    0.2502110000000000 Si
   0.9001250000000000    0.3778240000000000    0.2508740000000000 Si
   0.6235180000000000    0.5260620000000000    0.2491260000000000 Si
   0.1908520000000000    0.2355480000000000    0.7492040000000000 Si
   0.7660240000000000    0.9591150000000001    0.7484910000000000 Si
   0.0426350000000000    0.8107490000000001    0.7503090000000000 Si
   0.4754760000000000    0.1013990000000000    0.7502100000000000 Si
   0.9002660000000000    0.3779600000000000    0.7508730000000000 Si
   0.6237850000000000    0.5263470000000000    0.7491270000000000 Si
   0.3330870000000000    0.6682660000000000    0.9998440000000000 Na
   0.3330930000000000    0.6682600000000000    0.4998750000000000 Na
EA72    4.181  4.185  3.462 89.84 89.91 119.85 Sym.group:  189
1.0
   4.1807590000000001    0.0001920000000000   -0.0024380000000000
  -2.0832679999999999    3.6296320000000000   -0.0056250000000000
   0.0076690000000000    0.0206370000000000    3.4621620000000002
O Na
6 1
direct
   0.0605580000000000    0.4036060000000000    0.0029090000000000 O
   0.9200170000000000    0.8344920000000000    0.0016550000000000 O
   0.4914720000000000    0.2636380000000000    0.0016220000000000 O
   0.0596660000000000    0.4024500000000000    0.3555380000000000 O
   0.4899480000000000    0.2622830000000000    0.3544820000000000 O
   0.9185930000000000    0.8326440000000001    0.3545360000000000 O
   0.4879510000000000    0.8318890000000000    0.6786000000000000 Na
