NUMBER OF TEMPLATES 25
COMPOSITION A 3 B
pairs , SPACEGROUPS 
[C F] , 166 
[Na S] , 194 
[Li Mg] , 123 
[S H] , 107 
[Na O] , 176 
[Mg Cl] , 187 
[Li Cl] , 160 
[Mg N] , 164 
[Li P] , 225 
[C Li] , 191 
[Si Al] , 160 
[B C] , 107 
[Na P] , 225 
[F Al] , 127 
[Na Mg] , 123 
[C B] , 115 
[Na F] , 164 
[Na Cl] , 123 
[Li O] , 164 
[Al S] , 123 
[Na N] , 225 
[Cl C] , 148 
[C H] , 166 
[Al O] , 156 
[Mg Be] , 123 
RANKING VECTORS ENTHALPIES
0:[-288.34771459 -288.33074123 -288.06174555 -287.45674247 -286.64473708 -286.49795589 -286.41874558 -286.30438505 -286.00716811 -285.83118267 -285.73484686 -285.73008444 -285.52311098 -285.49108372 -285.27646053 -285.197181   -285.15245783 -284.9754629  -284.97397441 -284.55850485 -284.54924974 -284.54886616 -284.54729739 -284.3372177  -283.2365678 ] 
1:[-1003.47273365 -1003.45960613 -1003.29541408 -1003.24812329 -1003.18456918 -1003.1790258  -1003.1734284  -1003.17062721 -1003.12402127 -1003.07828154 -1003.07708471 -1003.07508288 -1003.00458251 -1002.74636112 -1002.70845206 -1002.58956079 -1002.50576098 -1002.50491123 -1002.38103229 -1002.32284231 -1002.26443677 -1002.05755557 -1001.96626129 -1001.52735857 -1001.29665114] 
2:[-546.92904157 -546.92002681 -546.91778113 -546.91753045 -546.91453155 -546.91097916 -546.90907088 -546.90169262 -546.90166006 -546.90014275 -546.89608945 -546.87946451 -546.83731573 -546.83453096 -546.82351488 -546.78437713 -546.75169053 -546.70295027 -546.66045409 -546.64650984 -546.64129752 -546.58706407 -546.58098772 -546.25498128 -545.21270317] 
3:[-224.99750888 -224.93741041 -224.86962259 -224.85074941 -224.79812105 -224.76329405 -224.7245101  -224.72065962 -224.71919362 -224.71501929 -224.7149875  -224.70222894 -224.70165517 -224.65011898 -224.64594045 -224.5629675  -224.55649059 -224.54591835 -224.40911659 -224.40645611 -224.39821238 -224.3750052  -224.35038001 -224.33745319 -224.31448886] 
4:[-1041.38621913 -1041.32603217 -1041.1973445  -1041.08543875 -1041.08527405 -1041.08511822 -1041.07056239 -1041.07036522 -1041.04845945 -1041.02013713 -1041.0092209  -1040.89617082 -1040.8882745  -1040.88308584 -1040.88279049 -1040.875691 -1040.87057082 -1040.73662147 -1040.69978193 -1040.29886678 -1040.06164684 -1040.05141218 -1039.96044508 -1039.9067949 -1039.88472203] 
5:[-1318.58285781 -1318.50919706 -1318.50786206 -1318.50778639 -1318.48325687 -1318.4787967  -1318.37813979 -1318.2792334 -1318.19625096 -1318.11137272 -1317.99484358 -1317.9862966 -1317.96673924 -1317.95513999 -1317.9281873  -1317.91602245 -1317.87494109 -1317.78837191 -1317.7636068  -1317.76358555 -1317.75716362 -1317.39316028 -1317.33315317 -1317.17684424 -1316.55882508] 
6:[-255.66138939 -255.66056092 -255.64619286 -255.64345818 -255.64332778 -255.55655395 -255.55484182 -255.55361038 -255.53635024 -255.53095984 -255.45355218 -255.39392813 -255.29326604 -255.20009954 -255.19611923 -255.10665028 -255.06813406 -255.06288465 -255.03068938 -255.0270341 -254.93596323 -254.85954238 -254.7824445  -254.72412032 -254.54901069] 
7:[-1278.42298757 -1278.42269661 -1278.40978809 -1278.26214429 -1278.23175626 -1278.23081968 -1278.21270504 -1278.19617119 -1278.08850419 -1277.75059428 -1277.70928274 -1277.67067958 -1277.63874796 -1277.62094157 -1277.55566548 -1277.46854727 -1277.37491736 -1277.34566842 -1277.26257268 -1277.26136946 -1277.2540659  -1277.0182224  -1277.0085939  -1276.98321802 -1276.6154211 ] 
8:[-191.65588319 -191.65465725 -191.65286311 -191.64511833 -191.64428079 -191.41485926 -191.408186   -191.39179836 -191.28541004 -191.26285227 -190.98226078 -190.97967739 -190.97807477 -190.9765116  -190.94992599 -190.71261512 -190.7101895  -190.70895878 -190.66522727 -190.52428711 -190.51249479 -190.46302395 -190.45288411 -190.44694902 -189.72032419] 
9:[-169.76996461 -169.56855941 -169.43714253 -169.43644672 -168.72374714 -168.69169752 -168.64189411 -168.51502248 -168.14085373 -168.10672546 -168.10375365 -167.97364958 -167.94725623 -167.89394641 -167.82138625 -167.82121188 -167.73089739 -167.73064049 -167.70445446 -167.27912289 -167.23388209 -166.90219923 -166.90199972 -166.901996   -166.24873626] 
10:[-97.85376751 -97.84827222 -97.84208144 -97.83871434 -97.83471568 -97.82888683 -97.81848416 -97.81601809 -97.80603278 -97.80162631 -97.7764926  -97.77028703 -97.77002464 -97.72476286 -97.67800107 -97.67332641 -97.64223658 -97.59426773 -97.59421179 -97.54020946 -97.46973726 -97.35660258 -97.31824031 -96.57475957 -95.30023071] 
11:[-98.80846565 -98.63296625 -98.4740327  -98.39312587 -98.3666622 -98.2646029  -98.15903832 -97.95306278 -97.8953659  -97.87661478 -97.79072157 -97.79043564 -97.78892716 -97.73676458 -97.68369506 -97.60458988 -97.39172609 -97.38031303 -97.25135709 -97.06612568 -97.04667561 -96.95881131 -96.72362179 -96.72361397 -96.68703583] 
12:[-975.27410385 -975.27368029 -975.2726302  -975.26637639 -975.26503847 -974.99442363 -974.93965131 -974.91744045 -974.90674397 -974.87396554 -974.73808639 -974.65678892 -974.57216546 -974.56765087 -974.5631005 -974.44332826 -974.43223573 -974.43123246 -974.3034569  -974.27095019 -974.23579627 -974.16284839 -974.11453548 -973.92154568 -972.99611242] 
13:[-517.56080986 -517.44662185 -517.3987784  -517.35754131 -517.20181491 -517.12672835 -517.0281073  -516.97384766 -516.73080083 -516.68649752 -516.6811008  -516.66063336 -516.61690484 -516.61260189 -516.43516277 -516.31383358 -516.31293409 -516.25195088 -516.23313539 -516.01252331 -515.80229633 -515.22358928 -515.13195893 -514.29850338 -514.20733709] 
14:[-1330.70780934 -1330.70632954 -1330.7014092  -1330.65814425 -1330.65724536 -1330.64100118 -1330.63964121 -1330.63708627 -1330.63315481 -1330.6317116  -1330.6211137  -1330.61994534 -1330.61797141 -1330.61244137 -1330.60897063 -1330.60853314 -1330.58754114 -1330.57340647 -1330.48069725 -1330.46256271 -1330.42651836 -1330.27525198 -1329.93002129 -1329.71664703 -1328.82609253] 
15:[-140.83141055 -140.83035618 -140.79323567 -140.75506129 -140.40403282 -139.71148136 -139.62162486 -139.37566304 -139.22012815 -139.03023768 -139.01379294 -138.81668974 -138.81499815 -138.72915178 -138.70721405 -138.65498533 -138.55332841 -138.44259898 -138.18207136 -137.81522883 -137.40674233 -137.37266886 -137.32268168 -137.3226759  -137.31616757] 
16:[-1096.45150665 -1096.42393244 -1096.37860177 -1096.37782077 -1096.37239425 -1096.36512784 -1096.29807858 -1096.28045808 -1096.1993766  -1096.12308721 -1096.03617562 -1096.03581673 -1096.0192151  -1096.01276027 -1095.99449428 -1095.98847692 -1095.98487782 -1095.9354002  -1095.86232869 -1095.80603522 -1095.79647238 -1095.79110512 -1095.75234202 -1095.73455715 -1095.45837795] 
17:[-1039.56431567 -1039.56234413 -1039.5308647  -1039.37770456 -1039.34276205 -1039.32878531 -1039.32626367 -1039.30410874 -1039.30143678 -1039.28078879 -1039.18114316 -1039.13744643 -1039.13420831 -1039.12357922 -1039.10374116 -1039.00380847 -1039.00167787 -1038.91449708 -1038.89993325 -1038.86164928 -1038.85881485 -1038.85019503 -1038.82175197 -1038.15657467 -1038.05513726] 
18:[-257.7519944  -257.71687484 -257.64371687 -257.62247773 -257.48438018 -257.47494779 -257.43862573 -257.41755496 -257.39911766 -257.29222316 -257.28996127 -257.26937317 -257.191722   -257.11053625 -257.09831478 -257.05720397 -257.05319377 -256.86309249 -256.8620526  -256.85255738 -256.64646368 -256.61596989 -256.59603244 -256.40660087 -256.16526377] 
19:[-118.21935153 -118.21325583 -118.20917169 -118.09904557 -118.06910513 -118.05372223 -118.01831518 -118.00693581 -117.98886473 -117.91329865 -117.88685473 -117.87407834 -117.8728392  -117.84502195 -117.83999907 -117.81868086 -117.79891812 -117.7672546  -117.7671917  -117.71946572 -117.70948106 -117.50439945 -117.00352543 -116.81878279 -116.00321612] 
20:[-999.17283745 -999.17193463 -999.17175616 -999.1711673  -999.05204047 -998.93261869 -998.91234197 -998.84019859 -998.83431005 -998.72958517 -998.55669421 -998.52364499 -998.52189788 -998.4598514  -998.45570433 -998.42220765 -998.40808869 -997.89190973 -997.84152721 -997.79869495 -997.65416389 -997.64404834 -997.58995178 -997.38348417 -997.23411625] 
21:[-370.93252447 -370.67744513 -370.57384028 -369.88679402 -369.84609465 -369.84536708 -369.82931426 -369.80613388 -369.71511851 -369.65104572 -369.61453455 -369.56436665 -369.5111601  -369.48245155 -369.47438519 -369.43935372 -369.41250738 -369.4043354  -369.34074923 -369.27418816 -369.18665013 -369.18513562 -369.18513264 -369.10451867 -368.53570618] 
22:[-125.19792927 -125.19152437 -124.99963258 -124.45456334 -124.21655826 -124.05108046 -123.70946569 -123.2276723  -123.10775267 -122.9998079 -122.88339111 -122.87409753 -122.79731392 -122.7756678  -122.69281496 -122.6870346  -122.64625921 -122.64352048 -122.33471365 -122.08354374 -122.03767352 -121.82678566 -121.82414039 -121.8192215  -121.81918296] 
23:[-156.73682597 -156.45981149 -156.39390437 -156.36693729 -156.36558 -156.08841584 -156.05922016 -156.05913969 -156.05170396 -156.04064248 -155.97852491 -155.87370228 -155.78870607 -155.74589219 -155.72202759 -155.66473705 -155.56431923 -155.24294142 -155.17844427 -155.12776122 -155.12774226 -155.12772302 -155.08925956 -155.08881554 -154.32387734] 
24:[-1301.91924476 -1301.90597144 -1301.90465269 -1301.89943592 -1301.89929549 -1301.89516311 -1301.8951262  -1301.89046845 -1301.87455535 -1301.8380051  -1301.83184146 -1301.76998993 -1301.74785625 -1301.72587504 -1301.57706627 -1301.51076752 -1301.50983348 -1301.49743793 -1301.23764434 -1301.22180255 -1301.20144328 -1301.09126977 -1300.80695236 -1300.43476949 -1300.03699485] 
RANKING VECTORS IDX
0:[ 0. 22. 18.  9.  6. 21. 23. 15. 11.  5.  7. 16.  4.  1.  3. 10. 24. 17. 14. 12.  8. 19. 20.  2. 13.] 
1:[ 1.  4.  2. 10.  3.  8. 12. 20. 18. 14. 17. 24.  6.  7. 15. 21.  5. 16. 19. 23.  9.  0. 22. 13. 11.] 
2:[24.  1. 17. 10.  3.  2.  8. 14. 20.  4. 12. 21. 16.  7.  5.  6. 23. 18. 22.  0. 19. 15.  9. 11. 13.] 
3:[ 3. 18. 10.  6. 23.  7. 24. 16. 21.  0. 22.  1.  4. 14.  5. 13. 19. 17.  2. 20. 15.  8. 11. 12.  9.] 
4:[ 4.  1. 18. 16.  7. 21. 17. 24. 14. 10.  2.  8. 20.  0.  3.  9. 12.  5.  6. 19. 22. 13. 15. 23. 11.] 
5:[ 5. 16. 17. 14. 24.  7. 23. 21.  2. 19.  4. 15.  1. 10. 22.  3.  0.  6. 12. 20.  8. 18.  9. 11. 13.] 
6:[17. 24. 10. 14.  2. 21.  6.  7.  1. 16. 18.  4.  5. 22.  0.  3. 23. 12.  8. 20. 11. 19.  9. 15. 13.] 
7:[16.  7. 18.  6. 14. 17. 24.  5.  4.  3. 10.  1.  2. 21. 23. 15. 11. 19. 12. 20.  8.  0. 22. 13.  9.] 
8:[11.  8. 20.  3. 12.  1.  4. 18.  2. 10. 17. 14.  9. 24. 21.  5. 16.  7.  6. 19. 22. 23.  0. 15. 13.] 
9:[ 9. 18. 22.  0. 21. 15. 23.  6.  5. 16.  7. 11.  4. 10. 17. 14.  1. 19. 24.  2.  3. 12.  8. 20. 13.] 
10:[10.  2. 14.  5. 24.  1.  4. 16.  7. 17.  3.  8. 20.  6. 21. 23. 12.  0. 22. 15.  9. 18. 19. 11. 13.] 
11:[11.  0. 15. 22.  6.  4. 18. 21. 23. 19.  5.  7. 16.  3. 10. 17. 13.  1.  9. 14. 24.  2.  8. 20. 12.] 
12:[ 3. 11.  8. 12. 20.  1.  4.  2. 18. 10.  9. 21. 17. 14. 24.  5. 16.  7. 15. 23. 19. 22.  0.  6. 13.] 
13:[21. 13.  4. 16.  7. 18.  1.  3. 11. 12.  8. 20.  6. 10.  2. 19. 15. 14. 17. 24.  5.  9. 22. 23.  0.] 
14:[ 5. 16.  7. 23. 24.  2. 17. 14. 12.  0. 22.  8. 20.  3.  1. 10.  4. 21. 19. 15.  9. 18.  6. 11. 13.] 
15:[ 0. 22. 15.  6. 18. 23. 21. 11.  9.  3. 10. 16.  7. 17. 14.  5. 13.  4. 19.  1. 24.  2.  8. 20. 12.] 
16:[24. 14.  7. 16.  6.  5. 17. 21. 18.  4. 23. 15.  1. 10. 22.  0.  2.  3. 13. 12. 20.  8. 19.  9. 11.] 
17:[17. 24. 14. 21.  1.  6.  7.  4. 16.  5. 18. 12.  3.  8. 20.  9. 23. 22. 10.  2.  0. 19. 15. 11. 13.] 
18:[ 4. 18.  1. 22.  7. 16.  2. 10. 21. 17. 24. 14.  6.  3.  9. 13.  5.  8. 12. 20.  0. 19. 11. 15. 23.] 
19:[14. 17. 24.  5. 16.  7. 19.  6.  2. 23.  3.  8. 20.  4.  1. 10. 18. 22.  0. 21. 12. 15.  9. 11. 13.] 
20:[ 8. 20. 11. 12. 18.  1.  4. 10.  2.  3.  9. 16.  7. 17. 24. 14. 21. 19.  6. 13.  0. 22. 23. 15.  5.] 
21:[21.  0. 22. 16.  7. 18. 23. 10.  5.  6. 15. 11.  4.  3. 13.  1. 17. 14. 24. 19. 12.  8. 20.  2.  9.] 
22:[22.  0. 18. 21.  9.  6. 15. 19. 11.  5. 17. 14.  3. 10.  4. 24.  7. 16.  1. 23. 13. 12.  2.  8. 20.] 
23:[23.  5. 16.  7.  6. 15. 14. 17. 24. 19. 21.  4. 18.  3. 11. 10.  2. 13.  1. 12.  8. 20.  0. 22.  9.] 
24:[24.  4.  1.  3.  8. 12. 17. 14. 20.  2. 10. 16.  5.  7. 21. 22. 23.  0.  9. 15. 19. 18.  6. 13. 11.] 
POSCARS
EA421   2.441  2.441  9.044 97.49 97.70 60.05 Sym.group:  166
1.0
   2.4404210000000002    0.0263450000000000   -0.0126750000000000
   1.1958730000000000    2.1279390000000000   -0.0421010000000000
  -1.1598180000000000   -0.5240660000000000    8.9535909999999994
C F
6 2
direct
   0.0677500000000000    0.7396820000000000    0.6030700000000000 C
   0.2387960000000000    0.8964950000000000    0.1041810000000000 C
   0.4197060000000000    0.0903880000000000    0.6578920000000000 C
   0.8294400000000000    0.4935540000000000    0.8815600000000000 C
   0.4770630000000000    0.1426080000000000    0.8256920000000000 C
   0.8868200000000001    0.5457820000000000    0.0493590000000000 C
   0.2895180000000000    0.9448990000000000    0.2539940000000000 F
   0.0173660000000000    0.6913899999999999    0.4532580000000000 F
EA27    4.043  5.260  5.279 119.85 90.41 89.95 Sym.group:  194
1.0
   4.0395599999999998   -0.0123550000000000    0.1760030000000000
   0.0205560000000000    5.2597849999999999   -0.0028710000000000
  -0.2449170000000000   -2.6241889999999999    4.5744420000000003
Na S
6 2
direct
   0.4547590000000000    0.0764390000000000    0.6536689999999999 Na
   0.4522920000000000    0.0768520000000000    0.1702420000000000 Na
   0.4525430000000000    0.5923520000000000    0.1706880000000000 Na
   0.9534840000000000    0.4213040000000000    0.8283560000000000 Na
   0.9534600000000000    0.9056600000000000    0.8278530000000000 Na
   0.9519190000000000    0.4214250000000000    0.3448330000000000 Na
   0.4528000000000000    0.5824240000000001    0.6661010000000001 S
   0.9533290000000000    0.9154380000000000    0.3322600000000000 S
EA189   2.900  3.661  3.672 90.08 90.05 90.08 Sym.group:  123
1.0
   2.8998930000000001   -0.0010510000000000   -0.0006150000000000
  -0.0037780000000000    3.6611400000000001    0.0078060000000000
  -0.0023180000000000   -0.0127030000000000    3.6721309999999998
Li Mg
3 1
direct
   0.9081780000000000    0.2291460000000000    0.9279440000000000 Li
   0.9087340000000000    0.7319550000000000    0.4280560000000000 Li
   0.4089830000000000    0.2309890000000000    0.4278420000000000 Li
   0.4081690000000000    0.7291400000000000    0.9282960000000000 Mg
EA2     3.768  3.749  3.766 108.79 109.00 110.48 Sym.group:  107
1.0
   1.1982489999999999   -1.8385670000000001   -3.0631460000000001
   1.1596070000000001    3.5647400000000000   -0.0719440000000000
   1.4112130000000001   -1.6733359999999999    3.0643660000000001
S H
3 1
direct
   0.3439790000000000    0.3512090000000000    0.0017120000000000 S
   0.3158530000000000    0.8223350000000000    0.5021450000000000 S
   0.8155240000000000    0.3221430000000000    0.5016010000000000 S
   0.0248190000000000    0.0256390000000000    0.0030680000000000 H
EA10    5.183  5.181  3.339 90.00 90.00 60.60 Sym.group:  176
1.0
   5.1810440000000000    0.1465580000000000    0.0015340000000000
   2.4146570000000001    4.5836880000000004   -0.0019450000000000
  -0.0009210000000000    0.0018450000000000    3.3391280000000001
Na O
6 2
direct
   0.1099990000000000    0.7430430000000000    0.2488900000000000 Na
   0.0084090000000000    0.4756650000000000    0.7489700000000000 Na
   0.4758600000000000    0.6429760000000000    0.7490860000000000 Na
   0.7467190000000000    0.2745400000000000    0.2491110000000000 Na
   0.6459410000000000    0.0068380000000000    0.7491600000000000 Na
   0.2795080000000000    0.1076340000000000    0.2489400000000000 Na
   0.7098780000000000    0.7095900000000001    0.2491000000000000 O
   0.0455230000000000    0.0408160000000000    0.7489410000000000 O
EA118   2.829  2.828  7.683 90.01 89.99 119.57 Sym.group:  187
1.0
   2.8284129999999998   -0.0275620000000000   -0.0084040000000000
  -1.3715029999999999    2.4735459999999998    0.0028320000000000
   0.0245550000000000    0.0040440000000000    7.6829460000000003
Mg Cl
3 1
direct
   0.8673650000000001    0.4301320000000000    0.2446240000000000 Mg
   0.2061160000000000    0.0936600000000000    0.9758930000000000 Mg
   0.2041800000000000    0.0918820000000000    0.5133340000000000 Mg
   0.5397130000000000    0.7572650000000000    0.7445820000000000 Cl
EA172   2.988  2.994  9.528 98.94 90.39 118.82 Sym.group:  160
1.0
   2.9793430000000001   -0.2293830000000000   -0.0157910000000000
  -1.2378499999999999    2.7263480000000002    0.0031160000000000
  -0.1473770000000000   -1.7040360000000001    9.3730480000000007
Li Cl
6 2
direct
   0.4741630000000000    0.2503150000000000    0.1499850000000000 Li
   0.8792660000000000    0.0808770000000000    0.3839260000000000 Li
   0.1782560000000000    0.6744430000000000    0.2776130000000000 Li
   0.5830200000000000    0.4938540000000000    0.4997930000000000 Li
   0.9705310000000000    0.2370420000000000    0.6329210000000000 Li
   0.3842710000000000    0.0814710000000000    0.8892500000000000 Li
   0.6743500000000000    0.6559199999999999    0.7539630000000000 Cl
   0.0952890000000000    0.5085960000000000    0.0274240000000000 Cl
EA215   2.900  6.201  2.901 89.89 60.06 89.92 Sym.group:  164
1.0
   2.9000569999999999   -0.0011820000000000    0.0008240000000000
   0.0113450000000000    6.2013040000000004   -0.0053170000000000
   1.4471220000000000    0.0048800000000000    2.5139710000000002
Mg N
3 1
direct
   0.3270950000000000    0.8593220000000000    0.2148300000000000 Mg
   0.9945610000000000    0.5350670000000000    0.8830330000000000 Mg
   0.6567060000000000    0.1970950000000000    0.5532350000000000 Mg
   0.6609840000000000    0.6972100000000000    0.5488080000000000 N
EA163   3.598  3.598  6.216 106.77 106.77 60.09 Sym.group:  225
1.0
   3.5982870000000000   -0.0027330000000000    0.0006900000000000
   1.7967310000000001    3.1173790000000001   -0.0156590000000000
  -1.7952450000000000   -1.0057640000000001    5.8656170000000003
Li P
6 2
direct
   0.9406740000000000    0.5619459999999999    0.5638590000000000 Li
   0.5654480000000000    0.1868380000000000    0.4383540000000000 Li
   0.4406010000000000    0.0618760000000000    0.0637170000000000 Li
   0.8158360000000000    0.4372040000000000    0.1892540000000000 Li
   0.0654270000000000    0.6867560000000000    0.9384520000000000 Li
   0.3157530000000000    0.9371200000000000    0.6891530000000000 Li
   0.1906520000000000    0.8120450000000000    0.3138150000000000 P
   0.6905900000000000    0.3119320000000000    0.8138010000000000 P
EA186   4.245  3.021  4.245 89.96 60.01 89.95 Sym.group:  191
1.0
   2.1235430000000002    0.0167520000000000   -3.6756419999999999
   0.0472770000000000    3.0201389999999999    0.0378630000000000
   4.2445349999999999   -0.0632660000000000    0.0010660000000000
C Li
6 2
direct
   0.3318190000000000    0.0048540000000000    0.6188260000000000 C
   0.3317940000000000    0.0048310000000000    0.2870890000000000 C
   0.0000340000000000    0.0047700000000000    0.2870630000000000 C
   0.6682450000000000    0.0047680000000000    0.6188540000000000 C
   0.0000070000000000    0.0048500000000000    0.9506380000000000 C
   0.6682700000000000    0.0048100000000000    0.9506110000000000 C
   0.6666960000000000    0.5048100000000000    0.2855350000000000 Li
   0.3333530000000000    0.5048190000000000    0.9521630000000000 Li
EA41    3.627  3.629  3.629 99.11 80.97 80.98 Sym.group:  160
1.0
   3.6270259999999999    0.0014270000000000    0.0012190000000000
   0.5674890000000000    3.5843349999999998    0.0012870000000000
   0.5689570000000000   -0.6731830000000000    3.5207269999999999
Si Al
3 1
direct
   0.3711660000000000    0.1538180000000000    0.5700539999999999 Si
   0.8188900000000000    0.1577790000000000    0.0203730000000000 Si
   0.3703620000000000    0.7074470000000000    0.0167630000000000 Si
   0.8887870000000000    0.6420270000000000    0.5054900000000000 Al
EA1     2.604  2.604  7.032 90.00 90.01 90.00 Sym.group:  107
1.0
   2.6037180000000002    0.0003170000000000    0.0032510000000000
  -0.0003130000000000    2.6037900000000000    0.0013080000000000
  -0.0094340000000000   -0.0037520000000000    7.0321819999999997
B C
6 2
direct
   0.0081670000000000    0.9979360000000000    0.0917870000000000 B
   0.5063290000000000    0.4984870000000000    0.5917780000000000 B
   0.0061400000000000    0.4983840000000000    0.7496570000000000 B
   0.5060970000000000    0.9985360000000000    0.7496570000000000 B
   0.5086490000000000    0.9980920000000000    0.2496560000000000 B
   0.0085640000000000    0.4979960000000000    0.2496610000000000 B
   0.0063290000000000    0.9983379999999999    0.8776430000000000 C
   0.5084320000000000    0.4981740000000000    0.3776530000000000 C
EA116   4.096  4.095  4.099 60.09 60.09 90.09 Sym.group:  225
1.0
   4.0959519999999996    0.0070610000000000   -0.0055870000000000
  -0.0135790000000000    4.0946309999999997    0.0019490000000000
   2.0443020000000001    2.0494849999999998    2.9018890000000002
Na P
3 1
direct
   0.7443610000000001    0.6901700000000000    0.0603990000000000 Na
   0.2448690000000000    0.1903020000000000    0.0600230000000000 Na
   0.4945900000000000    0.9402199999999999    0.5602090000000000 Na
   0.9946650000000000    0.4402530000000000    0.5601770000000000 P
EA256   4.576  4.577  3.359 89.97 89.98 90.01 Sym.group:  127
1.0
   4.5757550000000000    0.0019970000000000   -0.0189800000000000
  -0.0028800000000000    4.5768459999999997   -0.0229820000000000
   0.0152470000000000    0.0186430000000000    3.3589500000000001
F Al
6 2
direct
   0.6246180000000000    0.3804320000000000    0.4975920000000000 F
   0.1245840000000000    0.8804590000000000    0.4975960000000000 F
   0.4559110000000000    0.7117100000000000    0.9964680000000000 F
   0.7931970000000000    0.0490830000000000    0.9980450000000000 F
   0.9559280000000000    0.5489350000000000    0.9979970000000000 F
   0.2930570000000000    0.2117180000000000    0.9978270000000000 F
   0.1244920000000000    0.8802870000000000    0.9975990000000000 Al
   0.6244470000000000    0.3803370000000000    0.9975940000000000 Al
EA118   2.968  2.965  6.243 90.00 89.91 90.07 Sym.group:  123
1.0
   2.9681750000000000    0.0005150000000000   -0.0120780000000000
  -0.0041840000000000    2.9654929999999999   -0.0011710000000000
   0.0349160000000000    0.0023020000000000    6.2425139999999999
Na Mg
3 1
direct
   0.9999800000000000    0.9970840000000000    0.5025140000000000 Na
   0.4992660000000000    0.4974060000000000    0.2638810000000000 Na
   0.5006540000000000    0.4969220000000000    0.7414849999999999 Na
   0.9998780000000000    0.9972120000000000    0.0026170000000000 Mg
EA26    3.787  2.390  2.421 89.99 89.77 90.00 Sym.group:  115
1.0
   3.7741810000000000   -0.1598870000000000   -0.2637700000000000
   0.0910430000000000    2.3835430000000000   -0.1420740000000000
   0.1841920000000000    0.1371600000000000    2.4098830000000002
C B
3 1
direct
   0.3904840000000000    0.9936980000000000    0.3644610000000000 C
   0.8456630000000001    0.4936930000000000    0.8664590000000000 C
   0.6190260000000000    0.4937060000000000    0.3710200000000000 C
   0.1220860000000000    0.9937420000000000    0.8721710000000000 B
EA108   2.663  2.633  7.262 90.15 89.75 60.53 Sym.group:  164
1.0
   2.6627109999999998   -0.0028240000000000   -0.0033660000000000
   1.2975570000000001    2.2906209999999998    0.0006150000000000
   0.0414410000000000   -0.0478060000000000    7.2615650000000000
Na F
3 1
direct
   0.0076430000000000    0.0054250000000000    0.0009020000000000 Na
   0.3353380000000000    0.3333280000000000    0.3144020000000000 Na
   0.6486459999999999    0.6776870000000000    0.6873670000000000 Na
   0.9918040000000000    0.0055350000000000    0.5009270000000000 F
EA25    4.358  4.358  5.426 89.95 89.97 89.74 Sym.group:  123
1.0
   4.3579410000000003   -0.0084760000000000    0.0003470000000000
   0.0284910000000000    4.3581430000000001   -0.0037910000000000
   0.0025530000000000    0.0093220000000000    5.4260109999999999
Na Cl
6 2
direct
   0.7495390000000000    0.7499530000000000    0.8863550000000000 Na
   0.2492800000000000    0.2494980000000000    0.8868710000000000 Na
   0.2489800000000000    0.7494810000000000    0.6187250000000000 Na
   0.7502529999999999    0.2507260000000000    0.1544940000000000 Na
   0.2497470000000000    0.7502770000000000    0.1546400000000000 Na
   0.7499580000000000    0.2499070000000000    0.6186570000000000 Na
   0.7496170000000000    0.7502500000000000    0.3867020000000000 Cl
   0.2500310000000000    0.2498790000000000    0.3868280000000000 Cl
EA1     2.916  2.915  7.106 89.98 90.02 119.98 Sym.group:  164
1.0
   1.4623340000000000   -2.5226600000000001    0.0014090000000000
   1.4541970000000000    2.5268380000000001   -0.0016330000000000
   0.0004350000000000    0.0075920000000000    7.1064179999999997
Li O
6 2
direct
   0.6699640000000000    0.9604210000000000    0.1676180000000000 Li
   0.0035520000000000    0.6270070000000000    0.0086470000000000 Li
   0.3364680000000000    0.2936960000000000    0.8397130000000000 Li
   0.3359180000000000    0.2939730000000000    0.3415060000000000 Li
   0.6691660000000000    0.9605629999999999    0.6694080000000000 Li
   0.0022710000000000    0.6273800000000000    0.5005140000000000 Li
   0.6700790000000000    0.9603640000000000    0.9220110000000000 O
   0.3356900000000000    0.2939890000000000    0.5870980000000000 O
EA255   4.468  4.468  2.491 90.05 90.03 89.99 Sym.group:  123
1.0
   4.4678649999999998   -0.0009370000000000    0.0023130000000000
   0.0013610000000000    4.4678690000000003    0.0049230000000000
  -0.0024130000000000   -0.0049830000000000    2.4912660000000000
Al S
3 1
direct
   0.0421480000000000    0.6911100000000000    0.5145990000000000 Al
   0.0355200000000000    0.1913820000000000    0.0128100000000000 Al
   0.5423990000000000    0.6843800000000000    0.0160920000000000 Al
   0.5358320000000000    0.1846910000000000    0.0132800000000000 S
EA22    3.717  3.716  3.722 60.10 119.90 89.94 Sym.group:  225
1.0
   3.7168899999999998   -0.0019600000000000    0.0024240000000000
   0.0059910000000000    3.7157220000000000   -0.0021250000000000
  -1.8562719999999999    1.8596320000000000    2.6358690000000000
Na N
3 1
direct
   0.2515260000000000    0.2506690000000000    0.5003290000000000 Na
   0.7520360000000000    0.7506070000000000    0.5006850000000000 Na
   0.0016780000000000    0.0007130000000000    0.0001440000000000 Na
   0.5018600000000000    0.5006720000000000    0.0005370000000000 N
EA44    4.830  5.537  4.828 115.81 119.98 90.04 Sym.group:  148
1.0
   4.8291860000000000   -0.0601380000000000   -0.0206400000000000
   0.0264990000000000    3.8230400000000002   -4.0048360000000001
  -2.3807710000000002    1.1911360000000000    4.0273709999999996
Cl C
6 2
direct
   0.6646080000000000    0.3231730000000000    0.0836850000000000 Cl
   0.9985470000000000    0.3231320000000000    0.7401190000000000 Cl
   0.8334400000000000    0.8380190000000000    0.0861720000000000 Cl
   0.5107230000000000    0.8381200000000000    0.4201660000000000 Cl
   0.1768910000000000    0.8381630000000000    0.7638400000000000 Cl
   0.3419100000000000    0.3232780000000000    0.4177780000000000 Cl
   0.1400170000000000    0.7372800000000000    0.3562590000000000 C
   0.0353540000000000    0.4240060000000000    0.1476720000000000 C
EA388   2.442  2.441  7.519 80.69 89.98 120.00 Sym.group:  166
1.0
   2.4415070000000001   -0.0014230000000000    0.0000090000000000
  -1.2194659999999999    2.1151059999999999    0.0013180000000000
   0.0036320000000000    1.4018969999999999    7.3867339999999997
C H
6 2
direct
   0.6888590000000000    0.8923990000000001    0.4183610000000000 C
   0.0436120000000000    0.6018510000000000    0.3540340000000000 C
   0.1972540000000000    0.9105150000000000    0.8925380000000001 C
   0.8424400000000000    0.2010090000000000    0.9568640000000000 C
   0.6214240000000000    0.7576550000000000    0.6217480000000000 C
   0.2656230000000000    0.0461570000000000    0.6891530000000000 C
   0.0925950000000000    0.6991190000000000    0.2084280000000000 H
   0.7941610000000000    0.1044490000000000    0.1024720000000000 H
EA361   2.590 14.228  2.590 89.99 119.98 89.99 Sym.group:  156
1.0
   2.5896300000000001   -0.0153580000000000   -0.0423460000000000
   0.0891870000000000   14.2272379999999998    0.1619790000000000
  -1.2577469999999999   -0.0176590000000000    2.2644880000000001
Al O
6 2
direct
   0.7435650000000000    0.0386380000000000    0.0262880000000000 Al
   0.7484120000000000    0.3397590000000000    0.0350380000000000 Al
   0.4103480000000000    0.5383380000000000    0.3649690000000000 Al
   0.4120740000000000    0.8880770000000000    0.3616390000000000 Al
   0.0804320000000000    0.1891330000000000    0.6984120000000000 Al
   0.0795070000000000    0.7370580000000000    0.6977620000000000 Al
   0.0768520000000000    0.6081530000000001    0.6982150000000000 O
   0.7440290000000001    0.4687400000000000    0.0318120000000000 O
EA215   7.049  2.588  2.595 90.04 90.00 89.99 Sym.group:  123
1.0
   7.0485369999999996   -0.0119420000000000    0.0001870000000000
   0.0046390000000000    2.5878009999999998   -0.0082420000000000
  -0.0002180000000000    0.0066300000000000    2.5954510000000002
Mg Be
3 1
direct
   0.1614360000000000    0.9038929999999999    0.0973680000000000 Mg
   0.7317030000000000    0.9044200000000000    0.0972230000000000 Mg
   0.4465850000000000    0.4048460000000000    0.5968610000000000 Mg
   0.9466000000000000    0.4042040000000000    0.5970490000000001 Be
