NUMBER OF TEMPLATES 45
COMPOSITION A 2 B
pairs , SPACEGROUPS 
[Li Si] , 191 
[Al Si] , 164 
[Li O] , 225 
[O Si] , 136 
[F Na] , 139 
[N Cl] , 123 
[Si O] , 166 
[C S] , 166 
[Be Mg] , 227 
[Na P] , 191 
[C Na] , 191 
[Al O] , 166 
[S H] , 129 
[B N] , 119 
[Li Mg] , 139 
[O C] , 136 
[Si B] , 164 
[H Mg] , 129 
[P Na] , 139 
[P Al] , 119 
[Si Mg] , 191 
[C H] , 166 
[Si P] , 141 
[Al Mg] , 164 
[Al F] , 187 
[Be O] , 156 
[B Al] , 191 
[P S] , 164 
[Li H] , 141 
[H O] , 102 
[S B] , 115 
[Be C] , 225 
[Al S] , 141 
[P Cl] , 164 
[N Al] , 166 
[Si Li] , 191 
[Al Be] , 140 
[N Mg] , 194 
[Al Li] , 155 
[Cl Mg] , 186 
[Na Al] , 191 
[Al H] , 115 
[Mg F] , 164 
[Be N] , 166 
[Be Na] , 164 
RANKING VECTORS ENTHALPIES
0:[-165.94004803 -165.94002742 -165.93897808 -165.93339673 -165.93183528 -165.93153265 -165.92660843 -165.92579984 -165.89371857 -165.88924383 -165.74105212 -165.6237751  -165.597103   -165.57806152 -165.57686309 -165.52984565 -165.52758351 -165.52131365 -165.51688346 -165.49697371 -165.48923132 -165.46957002 -165.45709604 -165.36426057 -165.35668835 -165.354118   -165.34740733 -165.34501853 -165.29961799 -165.28288215 -165.26472259 -165.24792142 -165.23354288 -165.2335215  -165.23231482 -165.21487562 -165.15151688 -165.06642653 -165.01784834 -164.85428133 -164.76083515 -164.76043582 -164.7128167  -164.48283385 -164.48035207] 
1:[-76.16865859 -76.16541874 -76.16104438 -76.14878084 -76.12954686 -76.12269316 -76.10762079 -76.06759734 -76.05389202 -76.05384211 -76.05364358 -75.98958486 -75.95469013 -75.9528172  -75.9446937 -75.93125108 -75.91463835 -75.86851915 -75.86841608 -75.8630468 -75.85476173 -75.85379929 -75.84947111 -75.84863329 -75.84700678 -75.84343721 -75.7930341  -75.77871207 -75.75690207 -75.72031773 -75.66742154 -75.66476452 -75.62679958 -75.57814822 -75.55907911 -75.55897053 -75.55277033 -75.49139883 -75.47814663 -75.47756626 -75.40637136 -75.39690886 -74.71079281 -74.71063159 -74.70960648] 
2:[-279.57530963 -279.57494811 -279.57392529 -279.57028985 -279.53122356 -279.5311207  -279.5094304  -279.50918304 -279.30232347 -279.30220999 -279.2884455  -279.26134419 -279.26124849 -279.26109305 -279.26089498 -279.26054708 -279.25335547 -279.24939287 -279.24929114 -279.24192198 -279.21578419 -279.14359114 -279.12155117 -279.06668613 -279.06397262 -279.06348904 -279.01468435 -279.00185226 -279.00184764 -279.00184302 -279.00184222 -279.00181925 -279.00180055 -278.99813327 -278.95998423 -278.92793759 -278.86609599 -278.70795072 -278.62321742 -278.6111812 -278.56048309 -278.38261289 -277.83076162 -277.5181716  -277.12218854] 
3:[-337.08088295 -337.08001761 -336.7726392  -336.77162525 -336.75151403 -336.72886798 -336.72829864 -336.72828501 -336.7282489  -336.72686393 -336.65200191 -336.57084484 -336.57038346 -336.48583995 -336.48582113 -336.46558621 -336.2527032  -336.09349266 -336.03446978 -336.01469546 -336.01467628 -336.01456814 -335.79207128 -335.38220402 -335.32986999 -335.08850502 -335.08495697 -334.85431956 -334.79412789 -334.43507745 -334.43376626 -334.39202636 -334.24337911 -333.83323537 -333.65058769 -333.50787811 -333.45963038 -333.45918207 -333.45697804 -333.45460198 -333.45208527 -333.45130298 -333.44553607 -333.23338716 -332.82428574] 
4:[-858.76332537 -858.74981857 -858.7497599  -858.71027664 -858.70233927 -858.68690012 -858.67555202 -858.64390993 -858.63973653 -858.63737247 -858.57728134 -858.57712191 -858.57700669 -858.57685059 -858.57069725 -858.56568895 -858.56541943 -858.55852602 -858.55487187 -858.55187439 -858.54781576 -858.54660028 -858.54101015 -858.53085405 -858.52823604 -858.52816574 -858.52340945 -858.51090463 -858.49914891 -858.45226853 -858.44995931 -858.40729801 -858.3461351  -858.28897013 -858.16934846 -858.16861037 -858.16411433 -858.16284196 -858.16164759 -858.09821807 -857.76800048 -857.69846164 -857.48325711 -856.74380793 -856.60210633] 
5:[-332.56699534 -332.48121308 -332.46071775 -332.31561895 -332.27288267 -332.22188305 -332.1099251  -332.08957897 -332.08549444 -332.08481523 -332.07896722 -332.07344953 -332.03295934 -331.60831615 -331.60816202 -331.53274664 -331.5323721  -331.51286335 -331.50477462 -331.48500071 -331.43350071 -331.39641066 -331.35444075 -331.33623031 -331.31517707 -331.02988402 -330.99707324 -330.98869843 -330.94753208 -330.91772959 -330.75144493 -330.75004688 -330.71825165 -330.71433488 -330.68093589 -330.67315459 -330.59684295 -330.57422086 -330.52798101 -330.51342786 -330.49770677 -330.4531335  -330.26234513 -330.24349959 -330.2434137 ] 
6:[-223.48760157 -223.46300034 -223.45947162 -223.41144917 -223.35363914 -223.27554882 -223.26420675 -223.25184523 -223.185752   -222.98099147 -222.95524874 -222.93797621 -222.92844378 -222.92445073 -222.92425085 -222.89889769 -222.88338147 -222.80696522 -222.77442627 -222.73169178 -222.7070863  -222.70638729 -222.57982791 -222.53469255 -222.52868856 -222.52175073 -222.50264686 -222.5009951  -222.47481821 -222.45118511 -222.33953138 -222.32659889 -222.31335351 -222.27236656 -221.94831599 -221.94642367 -221.94521034 -221.94244513 -221.94144494 -221.93895913 -221.93771435 -221.67151316 -221.57955877 -221.5795355  -221.42297614] 
7:[-206.25411196 -206.0884144  -205.9220974  -205.92101037 -205.9052345 -205.90502044 -205.88030526 -205.87321284 -205.87128944 -205.85987762 -205.84782542 -205.66826419 -205.47821471 -205.40575932 -205.14895148 -205.04267722 -204.95066172 -204.9484396  -204.84523369 -204.83939142 -204.79898736 -204.62090089 -204.61894436 -204.61260129 -204.50106163 -204.48556843 -204.44940428 -204.44429767 -204.41582076 -204.3988874 -204.39720385 -204.35853251 -204.28615495 -204.25985493 -204.24462926 -204.19423569 -204.13794688 -204.06210144 -204.00956697 -203.99625267 -203.9751294  -203.51163337 -203.51160874 -203.18924438 -202.95705995] 
8:[-788.41263853 -788.39243394 -788.14528108 -788.14511101 -788.07396513 -788.0425225  -788.02079191 -788.02047958 -788.02041507 -788.0193341 -788.0185836  -788.01822257 -788.01746008 -788.0172722  -788.01598871 -788.01477659 -787.98442436 -787.88596603 -787.78181824 -787.76902547 -787.76507568 -787.75315193 -787.75282407 -787.62466919 -787.61779393 -787.60314214 -787.58355504 -787.56818599 -787.48341165 -787.46333709 -787.4591239  -787.45909548 -787.38947524 -787.36535477 -787.34428668 -787.34334872 -787.33169187 -787.01999974 -786.8708053  -786.76116056 -786.70193247 -786.70128289 -786.29144949 -786.28959922 -786.28746356] 
9:[-887.46450471 -887.46412849 -887.4623445  -887.461413   -887.45878978 -887.4587083  -887.45868431 -887.4383769  -887.43141367 -887.43138875 -887.12179379 -887.12157824 -886.90826598 -886.89518395 -886.87844605 -886.86754499 -886.84973966 -886.84792969 -886.75029777 -886.73775279 -886.73497686 -886.72488332 -886.72180549 -886.71221896 -886.59545926 -886.58503077 -886.57717299 -886.53238759 -886.46649106 -886.41754315 -886.41677291 -886.41670151 -886.38527313 -886.36879698 -886.32834758 -886.3165459  -886.28593795 -886.25316639 -886.25049375 -886.24102301 -886.02638745 -886.01292261 -885.84045691 -885.78317616 -885.41683298] 
10:[-520.77357443 -520.76686325 -520.76592334 -520.76516705 -520.76270464 -520.76258182 -520.75376108 -520.63154837 -520.48002267 -520.46747178 -520.44414817 -520.32204234 -520.27308026 -520.24154129 -519.97260852 -519.97164789 -519.77166476 -519.54128681 -519.28556647 -519.28009964 -519.27829461 -519.25017247 -519.24452024 -519.23347019 -519.15789961 -519.00377623 -518.96989297 -518.91895775 -518.88615591 -518.84696845 -518.84576119 -518.8267846  -518.82601226 -518.82530554 -518.8250095 -518.8250044  -518.80859282 -518.78999391 -518.76718017 -518.53201123 -518.47452293 -518.473675   -518.46904736 -517.08874368 -517.08191177] 
11:[-189.31108819 -189.11494661 -189.10828822 -189.06590505 -189.04547534 -189.04457955 -189.04387556 -189.03544788 -189.020601   -189.00003351 -188.97259705 -188.97031841 -188.97022296 -188.93522286 -188.91752471 -188.91556025 -188.75354919 -188.71257584 -188.62253953 -188.587997 -188.51582496 -188.51571205 -188.50700188 -188.5038458  -188.39796506 -188.33230585 -188.33050025 -188.30496669 -188.2730456  -188.21169005 -188.17578463 -187.99540794 -187.96137611 -187.3008058  -187.28907233 -187.28901595 -187.10685515 -186.92236841 -186.92236104 -186.92149462 -186.92009268 -186.91947425 -186.91899211 -186.9182425  -186.61548308] 
12:[-201.81432065 -201.75766909 -201.54445316 -201.5438776  -201.53815555 -201.50089753 -201.49985166 -201.492823   -201.48826594 -201.43170139 -201.39001713 -201.36003736 -201.35371604 -201.35326098 -201.34977635 -201.34750554 -201.32650085 -201.31449323 -201.31357976 -201.30885644 -201.29161811 -201.28671966 -201.28671184 -201.28643195 -201.28471474 -201.2841532  -201.28283373 -201.27605092 -201.2698491  -201.26857167 -201.20200361 -201.19633035 -201.19448181 -201.19447052 -201.19362146 -201.16651088 -201.12693789 -200.95420084 -200.95419913 -200.9467383 -200.93733256 -200.91898663 -200.9153098  -200.91358023 -200.53306077] 
13:[-146.0955659  -146.09437586 -145.14699886 -145.13972433 -145.13725966 -144.99019747 -144.9874813  -144.85941688 -144.85505667 -144.85271785 -144.85182769 -144.82177902 -144.79656457 -144.77938091 -144.57092982 -144.51589608 -144.47172987 -144.46823818 -144.45068981 -144.34444412 -144.30952113 -144.29630051 -144.2588622  -144.23707688 -144.22132873 -144.18396869 -144.12178074 -144.11576728 -143.95501473 -143.85193815 -143.78605652 -143.62278439 -143.4834331  -143.41207894 -143.38498296 -143.38139683 -143.38104383 -143.37978024 -143.37327033 -143.37192829 -143.37083005 -143.17285371 -142.95403628 -142.72874538 -142.72869802] 
14:[-665.13581431 -665.13537273 -665.10051375 -665.08543828 -665.08529159 -665.08433957 -665.08418669 -665.08388268 -665.08324853 -665.07885557 -665.06620216 -665.04894245 -665.04887451 -665.04753422 -665.03991882 -665.0239927  -665.02056816 -665.01686434 -665.0162027  -665.00911958 -665.00878565 -665.00429307 -665.00150743 -665.00081762 -664.99891452 -664.94791358 -664.93698694 -664.92614887 -664.909476   -664.90330899 -664.90002527 -664.87922845 -664.83905485 -664.79945725 -664.78232653 -664.77836661 -664.75884437 -664.54801698 -664.4010936  -664.34791361 -664.23064222 -664.23020832 -664.22740379 -664.20638974 -664.20595408] 
15:[-351.58570444 -351.58567637 -351.47998628 -351.47874945 -351.23895719 -351.23441284 -351.13824661 -351.11120403 -350.68408003 -350.65541637 -350.62823358 -350.62281123 -350.61748321 -350.60394816 -350.60377725 -350.60373306 -350.60347384 -350.50595583 -350.50324847 -349.56900759 -349.52946661 -349.52326027 -349.38648499 -349.35529414 -349.26587695 -349.20418676 -349.14451745 -348.76329289 -348.76328881 -348.74212543 -348.74035452 -348.71124124 -348.67976644 -348.67971631 -348.58889028 -348.58284777 -348.57641781 -348.52868058 -348.44969705 -348.44473931 -347.80078379 -347.69955476 -347.69537128 -347.66065628 -347.25485999] 
16:[-99.81608876 -99.81243067 -99.81167123 -99.8045254  -99.80298313 -99.78111403 -99.69909243 -99.68731979 -99.68285584 -99.66690067 -99.63311904 -99.6328009  -99.62996375 -99.62340823 -99.56355091 -99.56285247 -99.55519697 -99.54411181 -99.54078656 -99.48028383 -99.47617529 -99.44770606 -99.44736311 -99.3582243  -99.34517466 -99.34431604 -99.34225767 -99.31381447 -99.30460363 -99.27991885 -99.27901845 -99.23198146 -99.22221043 -99.21500331 -99.16104665 -99.13646621 -98.82615209 -98.78227348 -98.78014586 -98.77964558 -98.77743473 -98.77742726 -98.77427331 -98.7665399  -98.3020323 ] 
17:[-547.0746184  -547.07402852 -547.04086085 -546.96770411 -546.96762905 -546.96612768 -546.95860952 -546.89223952 -546.86113878 -546.86063305 -546.86061755 -546.8589207  -546.85832905 -546.85129583 -546.85119288 -546.85092057 -546.79318868 -546.77549222 -546.76398108 -546.75419275 -546.74611671 -546.74400282 -546.72404646 -546.71865748 -546.7034793 -546.62811134 -546.62727898 -546.6271551  -546.62695892 -546.62405394 -546.62391416 -546.62377954 -546.62335699 -546.6104052  -546.60028137 -546.59488095 -546.59048251 -546.53026392 -546.49784381 -546.4859655 -546.3538376  -546.30537371 -546.24482198 -545.86955645 -545.77956366] 
18:[-535.74749487 -535.74720102 -535.73379264 -535.73354035 -535.73041557 -535.72746492 -535.72694113 -535.72533769 -535.72532055 -535.71677268 -535.71112103 -535.70401994 -535.63836849 -535.59765476 -535.58230096 -535.58151085 -535.53334987 -535.5213153  -535.51968628 -535.48113822 -535.46826401 -535.46466118 -535.40736545 -535.39159165 -535.38677503 -535.34337551 -535.33987718 -535.3326563  -535.33143575 -535.31311262 -535.29277295 -535.25788909 -535.24513661 -535.19101112 -535.18376524 -535.09323571 -535.0457541  -534.99188913 -534.7619781  -534.73868736 -534.69570427 -534.68334952 -534.21728678 -534.09168907 -533.98195386] 
19:[-142.93978531 -142.57563716 -142.57548594 -142.57546334 -142.56468519 -142.48574309 -142.47948456 -142.47905999 -142.42975341 -142.41664693 -142.38963629 -142.37252034 -142.34968386 -142.34268248 -142.33139108 -142.33079502 -142.33061963 -142.32440483 -142.31906006 -142.31868865 -142.31416557 -142.30930188 -142.30733012 -142.28644341 -142.28409528 -142.28103591 -142.27213888 -142.2706792  -142.25700244 -142.23789834 -142.16698436 -142.12888558 -142.09115344 -142.09039698 -142.03756195 -142.0059609  -141.98757464 -141.98241509 -141.94270553 -141.86182614 -141.86111164 -141.68136688 -141.36962008 -141.36824197 -141.36780397] 
20:[-610.94082547 -610.9329445  -610.93288463 -610.92811135 -610.92811042 -610.9154259  -610.91021879 -610.90397941 -610.80378379 -610.78214283 -610.75441264 -610.74435484 -610.7431431  -610.74270736 -610.7263872 -610.71239807 -610.70279449 -610.69730727 -610.6952323  -610.64838623 -610.64532728 -610.63866202 -610.47380005 -610.42585265 -610.40911227 -610.36515567 -610.36511027 -610.29575576 -610.2907543  -610.2761951 -610.2733831  -610.27273698 -610.25864622 -610.22203398 -610.22183908 -610.20681898 -610.16835294 -610.04615777 -609.97112678 -609.9644989 -609.94711654 -609.00805169 -609.00679562 -609.00612971 -607.86576612] 
21:[-112.91670198 -112.91475742 -112.89930445 -112.28007959 -112.27997842 -112.2343969  -111.81893145 -111.81476301 -111.81119266 -111.81095148 -111.81030166 -111.80517789 -111.79943046 -111.76749323 -111.73167138 -111.69969815 -111.59390028 -111.51096742 -111.47547857 -111.44123623 -111.26166137 -111.20233175 -111.17975357 -111.0284176  -111.02211971 -111.02038053 -111.00296806 -110.99259511 -110.91629156 -110.81230442 -110.67378179 -110.67241385 -110.67217678 -110.65239833 -110.64849132 -110.38982842 -110.29709139 -110.26319155 -110.26313497 -110.22987215 -110.02086055 -110.00244662 -109.90061216 -109.86100277 -109.54263557] 
22:[-135.58016545 -135.50454381 -135.33044232 -135.33035662 -135.32580952 -135.27360594 -135.26456324 -135.2605805  -135.23603614 -135.23587719 -135.22670884 -135.20867226 -135.1620153  -135.15901335 -135.15733526 -135.15716008 -135.15636529 -135.11953575 -135.1184269  -135.10921963 -135.09615393 -135.09032696 -135.08195689 -135.06735611 -135.0611174 -135.05289391 -135.0521957  -135.05198904 -135.05175246 -135.05022064 -135.04106497 -135.04092551 -135.02824352 -134.96800818 -134.93734094 -134.92855471 -134.84263301 -134.82292358 -134.8226195  -134.80319881 -134.72653049 -134.36223078 -134.1357337  -134.13555697 -134.12528481] 
23:[-575.94643027 -575.93050087 -575.92636911 -575.92387592 -575.92151063 -575.91586721 -575.90172272 -575.90168999 -575.88309797 -575.87823064 -575.87556555 -575.86958448 -575.86955774 -575.8691758  -575.86646645 -575.86321136 -575.86171575 -575.8545561  -575.68891814 -575.68405737 -575.67447346 -575.66464727 -575.64697248 -575.59436799 -575.58766252 -575.57838949 -575.52072652 -575.51316479 -575.46040514 -575.41763228 -575.2684333  -575.24224858 -575.23209605 -575.21785553 -575.19112226 -575.19092069 -575.17787798 -575.17187088 -574.96890294 -574.89140165 -574.88811997 -574.88448387 -574.04485267 -574.04302691 -574.04135232] 
24:[-262.37913539 -262.37747177 -262.29508112 -262.16416077 -262.06164436 -262.0570598  -262.0422659  -262.03883682 -262.03729061 -262.03300982 -262.00573652 -261.98190278 -261.9778605  -261.97466844 -261.81639832 -261.73646557 -261.72821608 -261.71645067 -261.71365988 -261.71018011 -261.70730782 -261.70718901 -261.6682501  -261.62612149 -261.56867909 -261.56582952 -261.55563201 -261.36793295 -261.34914641 -261.34115805 -261.29620454 -261.26891289 -261.26733751 -261.25631012 -261.03992412 -261.03990199 -261.03576153 -261.03134849 -261.02984496 -261.02939328 -261.02390502 -260.71026154 -260.71015146 -260.70607166 -260.60020305] 
25:[-401.49782199 -401.46229029 -401.45891404 -401.39859543 -401.39565124 -401.39266474 -401.39167394 -401.38115503 -401.36261012 -401.36252889 -401.36251921 -401.32549053 -401.20489328 -401.20336488 -401.20076831 -401.18895582 -401.17830486 -401.15445873 -401.11166481 -401.08688991 -401.03698847 -401.03142676 -400.91891194 -400.85674886 -400.85237979 -400.84383191 -400.8294106  -400.7875158  -400.67749976 -400.64099143 -400.58465115 -400.56469921 -400.4680935  -399.8935409  -399.89289666 -399.89244279 -399.87526482 -399.506352   -398.91387494 -398.9132726 -398.91063187 -398.91022879 -398.90830345 -398.90374949 -398.86652439] 
26:[-71.98441352 -71.98378079 -71.9826769  -71.98266823 -71.98266646 -71.98171845 -71.98133527 -71.98100777 -71.98081084 -71.97992827 -71.97764923 -71.97710517 -71.75048373 -71.48469959 -71.45742638 -71.37035683 -71.35802727 -71.1363824  -71.10206087 -71.10154371 -71.07694811 -71.07487482 -71.07384824 -71.03817192 -71.03262699 -70.88336894 -70.85531209 -70.81718313 -70.80925655 -70.80153772 -70.71477481 -70.68654069 -70.6630637  -70.60116396 -70.60073639 -70.59208362 -70.5850896  -70.57187239 -70.51640656 -70.37408652 -70.34273426 -70.33458328 -70.05518671 -70.05305009 -70.0512923 ] 
27:[-221.46934998 -221.35100313 -221.3500874  -221.34813074 -221.33648711 -221.33438313 -221.19861605 -221.1849736  -221.17488194 -221.14127198 -221.10139173 -221.03598929 -221.03598917 -221.0328426  -221.03082575 -221.03030666 -221.02909011 -221.02193866 -221.01673254 -221.00218516 -220.99745303 -220.96503179 -220.96400871 -220.96391916 -220.95468056 -220.94481242 -220.94314912 -220.91202018 -220.8838518  -220.88220663 -220.88192037 -220.85224175 -220.83029284 -220.81130299 -220.7868593 -220.74727124 -220.72752716 -220.37095533 -220.36189734 -220.32422095 -220.18144969 -220.17533013 -220.14238194 -220.14180375 -220.13712192] 
28:[-133.77672508 -133.77666953 -133.7759752  -133.77589669 -133.77520322 -133.77370797 -133.76753695 -133.76588432 -133.76285652 -133.76096023 -133.76091264 -133.75785158 -133.75342989 -133.75051772 -133.74536582 -133.73736465 -133.73097482 -133.73057361 -133.73056141 -133.71953712 -133.71512345 -133.71237461 -133.70166667 -133.69757623 -133.68837983 -133.68664554 -133.680336   -133.60369892 -133.5751134  -133.57389376 -133.50144034 -133.50135441 -133.49140523 -133.48721823 -133.42756663 -133.26554533 -132.96406012 -132.9640557  -132.96363471 -132.96313661 -132.96100193 -132.96055676 -132.95769024 -132.89022404 -132.33864197] 
29:[-159.3613774  -159.0498638  -159.04783173 -159.01831347 -158.99189362 -158.98431068 -158.92942595 -158.92931855 -158.92745858 -158.85933553 -158.859332   -158.82283574 -158.8133088  -158.75711821 -158.71640401 -158.56841828 -158.45971497 -158.45195328 -158.45165779 -158.44619829 -158.40581276 -158.40564463 -158.40473134 -158.39674508 -158.39209828 -158.2829157  -158.09006381 -158.0539054  -157.97431183 -157.97419904 -157.95571313 -157.92449153 -157.8615203  -157.74837332 -157.50559001 -157.45986452 -157.45630495 -157.45294003 -157.4484288  -157.4382122 -157.43402063 -157.28299609 -157.27205871 -156.90621672 -154.35452781] 
30:[-223.12991435 -223.11868093 -223.03977111 -223.01107077 -222.89003625 -222.87955483 -222.86485334 -222.86082726 -222.86048885 -222.85949209 -222.8563081  -222.83458792 -222.68051498 -222.66971755 -222.63445722 -222.63417245 -222.63177343 -222.62793102 -222.6222066  -222.56549943 -222.55917644 -222.55908659 -222.55133689 -222.48544777 -222.48323183 -222.40049751 -222.29312103 -222.25634113 -222.2099403  -222.19630297 -222.17141476 -222.05401916 -222.04406866 -221.78624169 -221.77600717 -221.77116876 -221.62591359 -221.50078884 -221.49655233 -221.49061847 -221.49061232 -221.48054515 -221.4224093  -220.96441712 -220.85036416] 
31:[-305.97894955 -305.97550844 -305.96717194 -305.68685217 -305.62572159 -305.62457629 -305.5194362  -305.51877944 -305.51804852 -305.24907981 -305.18564396 -305.17322157 -305.1386965  -305.10598042 -305.05268497 -305.04615474 -305.03091554 -305.0196418  -304.99077283 -304.97749169 -304.95928393 -304.93506698 -304.82374338 -304.73832193 -304.73450772 -304.71197999 -304.69500951 -304.69254248 -304.59052585 -304.54629201 -304.53843284 -304.5362016  -304.43251417 -304.34226262 -304.20233007 -304.18991633 -304.08618144 -303.98142583 -303.97345101 -303.97302926 -303.95020299 -303.93905762 -303.93384206 -303.9338087  -302.41573849] 
32:[-138.16180835 -138.1606321  -138.04219501 -138.04034389 -138.04018526 -138.01111747 -138.00637362 -138.00530037 -138.00001244 -137.97299568 -137.89659649 -137.8927251  -137.85050491 -137.7855012  -137.77986345 -137.77486427 -137.76002761 -137.74088023 -137.74085204 -137.67216937 -137.6636713  -137.6531446  -137.64931822 -137.62461989 -137.59742136 -137.55350711 -137.54382995 -137.49109937 -137.45317505 -137.40024307 -137.24112569 -137.23462333 -137.22439303 -137.22367808 -137.21388929 -137.21370513 -137.21309316 -137.20126239 -137.19637666 -137.02621626 -137.00141175 -137.00058698 -136.86083593 -136.6803715  -136.67554105] 
33:[-269.69026617 -269.68927934 -269.62295652 -269.62292003 -269.62177352 -269.57732219 -269.56030195 -269.53336689 -269.52201107 -269.52201038 -269.52200727 -269.52175397 -269.51530313 -269.51461362 -269.5098052 -269.50946335 -269.48846282 -269.42852449 -269.38826677 -269.34818036 -269.34134688 -269.34121724 -269.33570353 -269.32141685 -269.29898666 -269.29806672 -269.29307113 -269.26326608 -269.26022367 -269.26016351 -269.1801458  -269.17676129 -269.17407468 -269.1243084  -269.12121456 -269.1209645  -269.06987873 -269.03494985 -268.75774724 -268.39263706 -268.07106076 -268.04252724 -268.02236833 -268.01843687 -268.01778254] 
34:[-206.99684253 -206.99304955 -206.73637295 -206.63143075 -206.32509062 -206.30183296 -206.29915406 -206.29505431 -206.19183612 -206.15985673 -206.08889676 -206.06416594 -206.0471219  -206.01481771 -205.9847145 -205.98416017 -205.88622634 -205.88620585 -205.88382253 -205.86306959 -205.84489385 -205.83230844 -205.81267689 -205.81254538 -205.69828289 -205.64788187 -205.64587932 -205.64505384 -205.64386531 -205.64262523 -205.43946888 -205.43720729 -205.27924073 -205.11973186 -204.98420511 -204.98230144 -204.97726293 -204.9750214  -204.97304598 -204.97291604 -204.97212251 -204.67554406 -204.60220028 -204.25198193 -204.21578588] 
35:[-138.38224892 -138.37079887 -138.36873651 -138.36873623 -138.35922962 -138.35530045 -138.35380943 -138.35329915 -138.35319244 -138.35243156 -138.34268872 -138.32692457 -138.27012121 -138.26440868 -138.26174837 -138.26150303 -138.25065702 -138.24660521 -138.20763621 -138.19642362 -138.19535772 -138.17221241 -138.15844847 -138.1554804  -138.13189248 -138.13083687 -138.12532566 -138.10539719 -138.04800647 -138.04571741 -138.03523298 -138.0146726  -137.96174281 -137.95968863 -137.95952325 -137.84660319 -137.789441   -137.74375806 -137.73743559 -137.73739051 -137.70925707 -137.59653688 -137.18629578 -137.18282495 -137.17399486] 
36:[-164.90585256 -164.78369408 -164.73389096 -164.68109751 -164.66685991 -164.66469961 -164.66447374 -164.66070684 -164.64206729 -164.64186936 -164.64113123 -164.61742061 -164.60850813 -164.59331935 -164.59127907 -164.58295553 -164.57791096 -164.56815085 -164.50921655 -164.46442284 -164.45714973 -164.44481597 -164.3886449  -164.35680114 -164.2692726 -164.26214307 -164.26061576 -164.25910905 -164.25586609 -164.25378052 -164.25377286 -164.2430582  -164.2412106  -164.13228251 -164.12140318 -164.121234   -164.12091791 -164.1102924  -164.10339547 -164.08117884 -164.06278706 -164.02993341 -163.94936954 -163.85829229 -163.84573212] 
37:[-724.07917562 -724.00587701 -724.00161597 -723.89486571 -723.59467397 -723.59384735 -723.58884699 -723.27459746 -723.27185265 -723.25659536 -723.08869079 -723.00646726 -723.00159632 -722.91181654 -722.90714122 -722.90640688 -722.88373272 -722.87732688 -722.87107321 -722.86596638 -722.86044587 -722.8550305  -722.83338652 -722.8146544  -722.81461213 -722.81292187 -722.81279635 -722.80976547 -722.80961041 -722.80906819 -722.7870478  -722.75600007 -722.6495172  -722.64275424 -722.61880947 -722.46791014 -722.46724012 -722.4569324  -722.34715105 -722.22257085 -722.07890004 -721.96878592 -721.74076462 -721.42144232 -721.30726708] 
38:[-103.43367099 -103.43076622 -103.40316945 -103.40291503 -103.39928875 -103.39239917 -103.37907288 -103.37603656 -103.371464   -103.37142024 -103.34187674 -103.33880485 -103.2941365  -103.19144796 -103.18190201 -103.17888847 -103.17725799 -103.14938449 -103.14938326 -103.14687148 -103.14687045 -103.14657067 -103.14595297 -103.14517134 -103.14298919 -103.14215398 -103.08798394 -103.05440157 -103.04605727 -103.02322223 -103.01088868 -103.00302874 -102.93534205 -102.93374855 -102.9302101 -102.87066907 -102.8516577  -102.84002916 -102.8398663  -102.81592652 -102.79389312 -102.76561307 -102.56555775 -102.35260597 -102.35186486] 
39:[-832.61931238 -832.61926684 -832.61849599 -832.61170882 -832.60635244 -832.48983089 -832.48968435 -832.36267991 -832.35616956 -832.35112194 -832.35084526 -832.3170612  -832.31549493 -832.31032787 -832.30107729 -832.29550758 -832.25881411 -832.22637653 -832.19978842 -832.19965217 -832.19953435 -832.1561781  -832.1397074  -832.00156746 -831.95066204 -831.95048581 -831.91595222 -831.78894209 -831.74371763 -831.73431477 -831.54387978 -831.15842204 -831.15493344 -831.15429277 -831.15423089 -831.15331894 -831.15310268 -831.15169609 -831.10025101 -830.94039478 -830.7537672  -830.70374823 -830.64294023 -830.35081602 -830.32975766] 
40:[-844.67555369 -844.63991581 -844.6369071  -844.63373291 -844.63371181 -844.63031651 -844.62940761 -844.62916667 -844.62850544 -844.60903797 -844.56730431 -844.5524354  -844.54923382 -844.54808338 -844.54729264 -844.54235512 -844.53498347 -844.5215489  -844.50364975 -844.49209544 -844.47899762 -844.47482191 -844.45431639 -844.44003833 -844.43697078 -844.4343731  -844.40023444 -844.37119923 -844.30882886 -844.29830261 -844.2309454  -844.217142   -844.18102551 -844.1795092  -844.17935199 -844.14343316 -844.12686599 -843.56204618 -843.4740799  -843.35265085 -843.34750286 -843.34686585 -843.11107352 -843.0808831  -842.86148048] 
41:[-44.01286914 -44.006288   -44.00420652 -44.00354005 -44.00247513 -43.99487705 -43.99238903 -43.98983083 -43.98248502 -43.97477975 -43.97338541 -43.97318116 -43.93752316 -43.9169274  -43.91370842 -43.91163596 -43.90450845 -43.89021885 -43.86918676 -43.84932313 -43.84714992 -43.80973211 -43.80503313 -43.79396308 -43.76646848 -43.74259978 -43.7363571  -43.71276413 -43.67231378 -43.66385073 -43.50741309 -43.37759335 -43.34675451 -43.3342573  -43.3332404 -43.32117659 -43.02886608 -42.71101912 -42.69979015 -42.69763136 -42.69086691 -42.68983688 -42.68936886 -42.68936854 -42.23968828] 
42:[-1297.21920941 -1297.21479431 -1297.11395048 -1297.10328785 -1297.09801114 -1297.09716954 -1297.07649422 -1297.04994229 -1297.04082408 -1297.01546374 -1297.01068032 -1297.00731122 -1297.00725398 -1296.99120823 -1296.99104732 -1296.97362317 -1296.89728753 -1296.89096577 -1296.87675728 -1296.84754234 -1296.84386918 -1296.82813136 -1296.77109125 -1296.77105883 -1296.71367347 -1296.69894355 -1296.5560653  -1296.52841176 -1296.52219135 -1296.51089798 -1296.2472264  -1296.21585148 -1296.2121245  -1296.17409082 -1295.97360592 -1295.84283111 -1295.79473137 -1295.79464016 -1295.79411082 -1295.79324209 -1295.79179106 -1295.79059965 -1295.78739549 -1295.45984916 -1295.22223821] 
43:[-345.66708372 -345.49704572 -345.44097248 -345.44024711 -345.43686154 -345.40093061 -345.35588711 -345.35417207 -345.35321255 -345.34835834 -345.34826982 -345.34750713 -345.25103665 -345.25051377 -345.22002244 -345.21111344 -345.14492059 -345.12383425 -345.10896007 -345.0969785 -345.09475826 -344.99292175 -344.95092975 -344.9450513  -344.93336623 -344.68992185 -344.59651385 -344.57802301 -344.53004451 -344.4992535 -344.49106389 -344.39811719 -344.39210529 -344.11355736 -344.02943721 -343.77730331 -343.35264351 -343.35011006 -343.34849605 -343.33250992 -343.27344379 -343.2713071  -343.27000606 -343.26946438 -343.20608971] 
44:[-663.80767213 -663.78521666 -663.78307483 -663.77536331 -663.77330602 -663.77179244 -663.76550345 -663.72870629 -663.71844565 -663.70001014 -663.68282053 -663.68251877 -663.66334534 -663.66259335 -663.65793711 -663.64615583 -663.64211916 -663.63606396 -663.55999962 -663.54113299 -663.48769739 -663.48458992 -663.48407929 -663.48369383 -663.48369279 -663.48304063 -663.47250274 -663.43639919 -663.4115187  -663.39685445 -663.29552027 -663.28204958 -663.28199281 -663.28185072 -663.14374818 -663.0162077  -662.95611695 -662.84262251 -662.3859773  -661.90791658 -661.90780917 -661.81238571 -661.81145937 -661.80718435 -661.47972111] 
RANKING VECTORS IDX
0:[23.  9. 40.  0. 26. 35. 10. 20. 14. 18. 38. 17.  5.  8. 12.  1. 36. 44. 27. 39. 37. 34. 21.  6. 42. 19. 33. 43. 25. 30. 41. 16. 22. 32. 28. 13. 11. 24.  7.  4. 31.  2.  3. 29. 15.] 
1:[ 1. 39. 44.  6. 42. 33. 38. 23. 11. 14. 18. 36. 17. 12. 25. 37. 34.  9. 40. 35. 10. 41. 26. 20. 30.  0. 24. 21.  5.  7.  8. 13. 43. 19. 22. 32. 28.  4. 31.  2. 16. 27. 15.  3. 29.] 
2:[31.  2.  4.  7. 39. 21. 12. 17. 14. 18. 42. 16. 27. 44. 23.  1. 38. 15.  3. 33. 29.  6. 43. 36. 30. 41. 34.  0.  9. 26. 40. 20. 35. 10. 37. 22. 28. 19. 25.  5. 13. 32.  8. 11. 24.] 
3:[15.  3. 32. 22. 28. 39. 27. 16.  1. 44. 23. 34. 37. 30. 41. 29. 25. 17. 12. 31.  4.  2. 43. 38. 36. 18. 14.  5. 13. 42. 33.  6. 19. 24.  7. 11. 20. 35. 26.  9.  0. 40. 10. 21.  8.] 
4:[39. 17. 12. 18.  4. 14. 36. 33. 42.  5. 26. 20. 10. 35. 38. 23.  0. 19.  9. 16. 27.  1. 44. 28. 32. 22. 41. 40. 30. 31.  2. 43.  6.  8. 15.  3. 29. 34. 37. 21. 11. 25. 13. 24.  7.] 
5:[ 5. 37. 34. 22. 32. 36. 23. 27. 44.  1. 16. 33. 42.  7. 21. 20. 35. 19. 10. 26. 25. 18. 14. 13. 12. 24.  4.  6. 43. 38. 39. 29. 17.  3.  9.  0. 15. 40. 30. 41. 28. 11.  8. 31.  2.] 
6:[33. 11. 42.  6. 25. 41. 30. 24. 39. 43. 13. 27. 16.  1. 44. 37. 34. 38. 17. 28. 22. 32. 23. 21. 29. 19. 14.  3. 18.  7. 12. 36.  5. 15.  9. 35. 10. 20. 26.  0. 40.  4. 31.  2.  8.] 
7:[21.  7. 26. 44. 10.  1.  0.  9. 33. 20. 25. 35. 34. 37. 42. 13. 14. 18. 32. 22. 19. 16. 27. 23. 36.  4. 39. 11. 43.  3. 15. 24.  6. 12. 29. 38. 17. 28. 41. 30.  5. 31.  2. 40.  8.] 
8:[38.  8. 18. 14. 21. 17. 27.  0. 35. 20. 36. 16.  9. 40. 26. 23. 10. 12. 39. 33. 42. 44.  1.  6. 30. 41. 25. 11. 43. 28. 32. 22. 24. 19. 34. 37.  5.  4.  7. 13.  2. 31.  3. 15. 29.] 
9:[16. 27. 20.  9.  0. 40. 23. 35. 26. 10. 14. 18. 36. 38.  5. 17. 12. 11. 19.  1.  8. 37. 44. 34. 30. 39. 41. 25. 42. 28. 22. 32. 43. 33. 24.  4. 13. 31.  2.  6.  3. 21. 15.  7. 29.] 
10:[27. 44.  1. 10. 26. 16. 20. 39. 33. 42. 25. 21.  7.  4. 22. 28. 32. 17. 29. 30. 41. 14. 12. 18.  5. 13. 19.  8. 38. 34. 37. 35. 23.  0.  9. 40. 43. 36.  6. 11. 15.  3. 24.  2. 31.] 
11:[11. 33. 42. 25.  1. 44. 16. 27.  6. 39. 22. 30. 41. 32. 43. 28. 34. 37. 13. 29. 14. 18. 12. 17. 36. 15.  3. 24. 21. 38. 23.  5. 19.  4. 31.  2.  7.  9. 40. 26. 35.  0. 10. 20.  8.] 
12:[11. 12. 21. 30. 18. 29. 42. 33. 43. 24. 41. 23. 19.  1. 16. 27. 17. 39.  5. 15. 34. 37. 32. 22. 38. 28.  6. 14. 25. 13. 44.  4. 31.  2.  7.  3. 36.  9. 40. 10.  0. 20. 26. 35.  8.] 
13:[19. 13. 25. 42. 33. 30. 41.  6. 27. 16.  1. 37. 34. 12. 39. 43. 22. 32. 28. 29.  7. 11. 17. 21. 36. 18. 15. 38. 24. 23.  4.  3. 14.  5. 20.  9. 35.  0. 40. 26. 10. 44.  8. 31.  2.] 
14:[18. 14. 38. 35. 23. 20. 40. 26.  0.  9.  8. 22. 32. 28. 17.  1. 44. 16. 19. 27. 12. 43. 39. 33. 42.  6. 36. 10. 37. 34. 11. 25.  5. 24.  7. 30. 41. 21.  4. 13.  3. 15. 29. 31.  2.] 
15:[30. 41. 29. 15. 22. 32. 28. 25. 21.  7.  3. 12. 17. 27.  1. 39. 16. 34. 37. 11. 24. 13. 43. 42. 33. 38.  6. 40.  9. 19.  5. 23.  0. 35. 31.  2.  4. 36. 18. 14. 44. 26. 20. 10.  8.] 
16:[27. 23. 16.  1. 44.  7. 42. 33. 11. 21. 22. 32. 39. 28. 36. 34.  6. 37. 43. 41. 14. 12. 17. 18. 19.  4.  2. 30. 31. 15.  3. 25.  5. 38. 13. 24. 29.  0. 20. 35.  9. 40. 10. 26.  8.] 
17:[12. 17. 39.  2.  4. 31. 21.  7. 27.  1. 44. 16. 23. 15. 29.  3. 38. 11. 36. 18. 42. 14. 30. 41.  6. 35. 20. 28. 32.  0. 26.  9. 40. 22. 34. 37. 43. 19. 13. 33.  5. 25.  8. 10. 24.] 
18:[14. 18. 26. 10.  0. 20. 35.  9. 40.  5.  8. 23. 11. 17. 42. 12. 38. 34. 37. 39.  1. 44.  6. 41.  7. 16. 36. 27. 30. 33. 22. 13. 19. 25. 28. 32. 24. 43. 21.  4. 31.  2.  3. 29. 15.] 
19:[13. 22. 28. 32. 11. 19. 18. 14. 43. 36. 12. 17. 16. 27. 23.  9. 40. 44. 35. 38. 39.  0. 20. 33. 26. 10.  6.  8. 42.  1.  5. 21. 30. 25. 24.  4. 37. 34. 41. 31.  2.  7. 15. 29.  3.] 
20:[35. 23.  0.  9. 40. 20. 26.  8.  6. 38.  1. 14. 44. 18. 39. 34. 11. 37.  5. 17. 42. 33. 25. 30. 41. 27. 16.  7. 43. 12. 19. 36. 24. 22. 32. 28. 13. 21.  4.  2. 31.  3. 15. 29. 10.] 
21:[21. 42.  7. 33. 39. 25.  1. 26. 27. 20. 16. 44. 10.  9.  0. 40. 17. 22. 32. 34. 12. 18. 14. 13.  6.  4. 19. 29. 15. 30. 11.  5. 35. 41. 23. 43. 37. 31.  2. 24.  8. 36. 28. 38.  3.] 
22:[ 7. 11. 22. 32. 28. 19. 24.  6. 14. 18. 23. 38. 25. 27. 30. 16. 39. 12. 17. 33. 42.  1. 20. 34. 26. 44. 10. 35. 43.  0.  9. 40. 37. 36.  5. 21. 41. 31.  2.  4.  8. 13. 29. 15.  3.] 
23:[38.  1. 42. 44. 33. 39. 27. 16. 23. 26.  0.  9. 40. 14.  8. 20. 10. 35. 37. 34. 25. 18. 12. 30.  5. 41. 11. 24. 17. 36. 43.  7.  6. 13. 22. 32. 19. 21. 28.  4.  2. 31. 29.  3. 15.] 
24:[33. 42. 24. 25.  6. 39. 27.  1. 16. 44. 43. 11. 41. 30. 37. 34. 23. 36. 28.  7. 22. 32. 13. 38. 14. 18. 21. 19. 29.  3.  5. 17. 12. 15.  9. 40. 26.  0. 35. 20. 10. 31.  2.  4.  8.] 
25:[25.  6. 43.  1. 44. 16. 27. 23. 30. 41. 39. 13. 32. 22. 28. 37.  7. 34. 12. 17. 33. 42. 11.  3. 29. 15. 38. 36. 14. 18.  5. 19. 24. 31.  2.  4.  8. 21.  0.  9. 40. 20. 10. 35. 26.] 
26:[35. 16. 23.  9. 40. 27. 10.  0.  1. 44. 20. 26. 39. 33. 42. 43. 17.  4. 38.  8. 30. 36. 41. 12. 25. 21.  5. 14. 18.  6. 19. 37. 34. 22. 32. 28.  7. 11. 13. 24.  2. 31. 15. 29.  3.] 
27:[11. 27. 16.  1. 33. 42. 39.  5. 43.  6. 17.  9. 40.  0. 23. 35. 38. 10. 26. 20. 13. 28. 22. 32. 19. 18. 14. 34. 30. 41. 24. 37. 25. 12. 36.  8. 44. 21.  4.  7. 31.  2. 15. 29.  3.] 
28:[27. 44. 23. 39. 16.  1. 33. 42. 28. 22. 32. 34. 37. 36. 14. 18.  3. 15. 43.  6.  5. 12. 17. 29. 31.  2.  4.  7. 21. 19. 41. 30. 13. 25. 11. 38.  9. 40. 20. 35. 10.  0. 26. 24.  8.] 
29:[29. 22. 32. 28. 39. 30. 25. 15.  3. 42. 33. 12. 17. 18. 14. 43. 34.  4. 31.  2. 16. 23.  1. 27. 37. 13.  6. 38. 21.  7. 24. 19. 11. 36.  5. 26. 35.  0.  9. 20. 40. 44. 10.  8. 41.] 
30:[41. 30. 25.  7. 12. 17. 27. 16.  1. 44. 23. 39. 13. 43. 22. 28. 32. 42. 33. 34.  3. 15. 37.  6. 11. 29. 21. 36. 38. 24. 19. 14. 18.  4.  2. 31.  5. 26. 35. 40.  9.  0. 20.  8. 10.] 
31:[ 2. 31.  4. 39. 17. 12. 15. 29.  3. 43. 27. 16. 23. 36.  6. 22. 34. 28. 32. 42. 37. 14.  7. 41. 30. 21. 44.  1. 25. 11. 38.  5. 13. 19. 33. 24.  8. 20. 10. 26.  0. 35.  9. 40. 18.] 
32:[14. 18. 28. 22. 32.  1. 16. 27. 44. 39.  6. 38. 43. 33. 19. 42. 36. 12. 17. 23. 25. 41. 30. 11. 24. 37. 34.  5.  7. 21. 13.  0. 35. 10.  9. 40. 26. 20.  8.  4. 31.  2.  3. 29. 15.] 
33:[42. 33. 16. 27.  1. 11. 39.  5.  9. 40. 23. 20. 35. 10. 26.  0. 43.  8. 21. 18. 25. 14. 37. 34. 30. 24. 41. 17. 12.  6. 13. 44. 38. 28. 22. 32. 19.  7. 36.  4. 31.  2. 29.  3. 15.] 
34:[34. 37. 36.  5. 19. 33. 42. 13. 43.  4. 17. 14. 18. 29. 30. 41. 22. 32.  6. 28. 12. 38. 31.  2. 39. 27. 23. 16.  1. 44. 15.  3. 11. 25.  0. 10. 26. 20.  9. 40. 35. 21.  7. 24.  8.] 
35:[27.  0.  9. 40. 16. 20. 23. 26. 10. 35.  5. 38.  1. 14. 39. 18. 36. 44.  6. 37. 34. 43. 42. 33. 12. 11.  8. 17.  2. 31.  4. 25. 41. 13. 30. 24. 19. 28. 22. 32.  7. 21. 15.  3. 29.] 
36:[36. 18. 14. 42. 16. 33.  1. 44. 17. 12. 39. 38. 23.  4.  2. 27. 31.  6.  5. 37. 43. 34. 21. 25.  0. 26. 20. 35. 10.  9. 40. 30. 41.  7. 22. 32.  3. 11. 29. 15. 24. 28. 13.  8. 19.] 
37:[ 5. 34. 37. 36. 15.  3. 29. 32. 22. 28.  4. 30. 41. 12. 17. 43. 13. 16. 23. 27. 19.  1. 39.  9. 40. 35. 20. 10. 26.  0. 42.  6. 18. 14. 38. 31.  2. 11. 44.  8. 25. 33.  7. 21. 24.] 
38:[18. 14. 27. 23. 38.  1. 44. 16. 36. 39. 33. 42.  6. 25. 37. 34. 17. 20. 12.  9. 40.  5. 35.  0. 10. 26. 11. 43. 30. 41.  7. 24. 31.  2.  4.  8. 28. 22. 32. 21. 13. 19.  3. 15. 29.] 
39:[16.  1. 27. 39. 44. 32. 22. 12. 23. 15.  3. 34. 37. 28.  7. 18. 14. 36. 31.  4.  2. 17. 29.  5. 30. 41. 38.  6. 25. 43. 19. 33. 26. 20.  0. 35.  9. 40. 10. 42. 13. 11. 24.  8. 21.] 
40:[27.  0. 35. 26. 10. 20.  9. 40. 23. 16. 42. 39. 38. 44. 33.  1. 34. 37.  6. 14. 18.  5. 25. 43.  8. 11.  7. 24. 41. 30. 19. 36. 28. 22. 32. 12. 17. 21.  4.  3. 31.  2. 15. 29. 13.] 
41:[44.  1. 27. 22. 32. 39. 16. 28. 33. 42. 12. 17. 43. 41. 15.  3. 30. 29. 25. 21. 11.  6. 36. 18. 14. 37. 34. 24.  7. 13. 23.  5.  4. 31. 38.  2. 19. 10. 20.  0. 35. 26.  9. 40.  8.] 
42:[33. 42. 16.  1. 27. 44. 11. 25. 43.  6. 39. 41. 30. 22. 32. 28. 34. 37. 36. 14. 18. 12. 15.  3. 24. 29. 38. 23.  5. 17. 19. 31.  2.  4. 21. 13. 35. 26.  0. 20.  9. 40. 10.  8.  7.] 
43:[43. 33.  3. 29. 15. 25. 27. 44.  1. 39. 23. 16. 37. 34. 36. 41. 28. 22. 32. 17. 12.  6.  2. 31.  4. 30. 11. 13. 14.  5. 38. 18. 19. 24. 42.  8. 10. 26. 20.  7. 35.  0.  9. 40. 21.] 
44:[ 6. 33. 42. 39. 44. 27.  1. 25. 24. 11. 16. 23. 18. 21.  7.  8. 14. 38. 30. 12. 35. 20.  0. 40.  9. 26. 10. 37. 17. 41. 43. 22. 32. 28.  5. 19. 34. 36.  4. 31.  2.  3. 15. 29. 13.] 
POSCARS
EA3     2.238  3.689  3.689 119.99 89.97 90.02 Sym.group:  191
1.0
   2.2377980000000002    0.0023890000000000   -0.0144990000000000
  -0.0053580000000000    3.6891600000000002   -0.0492520000000000
   0.0246410000000000   -1.8009980000000001    3.2192419999999999
Li Si
2 1
direct
   0.9869100000000000    0.6677149999999999    0.6619230000000000 Li
   0.0184500000000000    0.3345510000000000    0.9949150000000000 Li
   0.5024340000000000    0.0011410000000000    0.3284310000000000 Si
EA137   5.855  4.445  2.659 90.00 90.01 89.87 Sym.group:  164
1.0
   5.8546279999999999   -0.0035110000000000   -0.0078290000000000
   0.0128370000000000    4.4449519999999998   -0.0020550000000000
   0.0032690000000000    0.0011070000000000    2.6591570000000000
Al Si
4 2
direct
   0.7553190000000000    0.7851990000000000    0.8993650000000000 Al
   0.7553190000000000    0.2851970000000000    0.3993060000000000 Al
   0.4081560000000000    0.4492510000000000    0.8988180000000000 Al
   0.4081560000000000    0.9492500000000000    0.3987580000000000 Al
   0.0817350000000000    0.6171020000000000    0.3981780000000000 Si
   0.0817360000000000    0.1171010000000000    0.8980320000000001 Si
EA5     2.930  4.139  2.929 90.00 90.00 90.00 Sym.group:  225
1.0
   2.9296359999999999   -0.0001030000000000    0.0004110000000000
   0.0001720000000000    4.1391260000000001   -0.0000350000000000
  -0.0005410000000000    0.0000810000000000    2.9289740000000002
Li O
4 2
direct
   0.0034140000000000    0.2482700000000000    0.9175470000000000 Li
   0.5034220000000000    0.2478550000000000    0.4175690000000000 Li
   0.0033170000000000    0.7483440000000000    0.9170250000000000 Li
   0.5033480000000000    0.7477790000000000    0.4170190000000000 Li
   0.0033690000000000    0.9980720000000000    0.4172120000000000 O
   0.5033440000000000    0.4980520000000000    0.9172250000000000 O
EA47    4.012  4.013  2.607 90.00 90.01 89.99 Sym.group:  136
1.0
   4.0117039999999999    0.0020750000000000    0.0021240000000000
  -0.0013130000000000    4.0129450000000002   -0.0000360000000000
  -0.0019040000000000   -0.0000240000000000    2.6073729999999999
O Si
4 2
direct
   0.3014490000000000    0.3055430000000000    0.0026490000000000 O
   0.6964900000000001    0.7000680000000000    0.0031420000000000 O
   0.8014190000000000    0.2000310000000000    0.5021610000000000 O
   0.1965120000000000    0.8054870000000000    0.5026230000000000 O
   0.9989990000000000    0.0027850000000000    0.0022330000000000 Si
   0.4989980000000000    0.5027890000000000    0.5030670000000000 Si
EA232   3.199  3.204  3.187 110.19 110.09 107.55 Sym.group:  139
1.0
   3.1991489999999998    0.0036560000000000    0.0126260000000000
  -0.9698230000000000    3.0540490000000000   -0.0125440000000000
  -1.1030340000000001   -1.4934120000000000    2.5898780000000001
F Na
2 1
direct
   0.8768170000000000    0.0427790000000000    0.1702140000000000 F
   0.3736020000000000    0.5464970000000000    0.1711170000000000 F
   0.6251940000000000    0.2946110000000000    0.6706640000000000 Na
EA50    2.405  2.405  5.130 90.22 89.76 89.92 Sym.group:  123
1.0
   2.4004249999999998   -0.1378860000000000   -0.0549340000000000
   0.1431240000000000    2.3994140000000002    0.0809830000000000
   0.1272830000000000   -0.2003350000000000    5.1243650000000001
N Cl
2 1
direct
   0.2564120000000000    0.8193400000000000    0.6487060000000000 N
   0.2596820000000000    0.8161380000000000    0.8615200000000000 N
   0.7586840000000000    0.3184270000000000    0.2550830000000000 Cl
EA218  10.463  2.548  2.550 60.03 96.97 90.19 Sym.group:  166
1.0
  10.4625570000000003    0.0443850000000000    0.0225710000000000
  -0.0090950000000000    1.2838039999999999   -2.2010779999999999
  -0.3201460000000000    2.5297109999999998    0.0020160000000000
Si O
4 2
direct
   0.3082340000000000    0.3085510000000000    0.6752110000000000 Si
   0.9912060000000000    0.4044520000000000    0.4631930000000000 Si
   0.6252630000000000    0.1799360000000000    0.8978969999999999 Si
   0.8082330000000000    0.7913030000000000    0.6806660000000000 Si
   0.2203710000000000    0.0025980000000000    0.2846150000000000 O
   0.3961040000000000    0.6143040000000000    0.0658750000000000 O
EA179   2.453  2.453  8.479 98.27 98.29 61.12 Sym.group:  166
1.0
   2.4531660000000000   -0.0031120000000000   -0.0240100000000000
   1.1876730000000000    2.1467040000000002   -0.0002580000000000
  -1.1420079999999999   -0.7602080000000000    8.3673110000000008
C S
4 2
direct
   0.5808790000000000    0.3100860000000000    0.6524070000000000 C
   0.6418920000000000    0.3693340000000000    0.8333270000000000 C
   0.8957560000000000    0.6252870000000000    0.5944250000000000 C
   0.3270010000000000    0.0541450000000000    0.8913090000000000 C
   0.8249510000000000    0.5554720000000000    0.3816380000000000 S
   0.3974250000000000    0.1242700000000000    0.1040960000000000 S
EA109   4.161  4.161  4.162 119.97 60.02 119.98 Sym.group:  227
1.0
   4.1605699999999999   -0.0061490000000000    0.0014390000000000
  -2.0737450000000002    3.6071830000000000   -0.0060590000000000
   2.0769039999999999   -1.1982470000000001    3.4015590000000002
Be Mg
4 2
direct
   0.9972940000000000    0.0048580000000000    0.0032270000000000 Be
   0.4973660000000000    0.5048420000000000    0.0030430000000000 Be
   0.9971680000000001    0.5047280000000000    0.0031750000000000 Be
   0.9974150000000001    0.5047920000000000    0.5030810000000000 Be
   0.3723680000000000    0.1298420000000000    0.3781330000000000 Mg
   0.6221960000000000    0.8796810000000000    0.6282489999999999 Mg
EA169   4.059  4.711  4.751 116.81 64.72 115.32 Sym.group:  191
1.0
   4.0581360000000002   -0.0862700000000000   -0.0105380000000000
  -1.9235920000000000    4.2999340000000004    0.0208420000000000
   2.0081540000000002   -1.4684790000000001    4.0470899999999999
Na P
4 2
direct
   0.7507180000000000    0.4194010000000000    0.9151840000000000 Na
   0.7492290000000000    0.9190850000000000    0.4154590000000000 Na
   0.0837500000000000    0.2515290000000000    0.0818270000000000 Na
   0.0823180000000000    0.7512529999999999    0.5820200000000000 Na
   0.4168180000000000    0.8357750000000000    0.9991210000000000 P
   0.4160130000000000    0.3350330000000000    0.4985030000000000 P
EA7     2.514  2.514  3.827 90.00 90.00 60.00 Sym.group:  191
1.0
   1.2572360000000000    2.1772900000000002    0.0000260000000000
  -1.2570230000000000    2.1774719999999999    0.0026280000000000
   0.0041730000000000   -0.0024520000000000    3.8273950000000001
C Na
2 1
direct
   0.3382550000000000    0.3356890000000000    0.9009600000000000 C
   0.6716000000000000    0.6690010000000000    0.9011710000000001 C
   0.0031900000000000    0.0035400000000000    0.4010370000000000 Na
EA401   2.618  2.618  9.952 82.49 89.99 119.99 Sym.group:  166
1.0
   1.3094520000000001   -2.2668180000000002   -0.0125980000000000
   1.3085249999999999    2.2669410000000001    0.0141830000000000
   1.2962110000000000    0.6923120000000000    9.8430269999999993
Al O
4 2
direct
   0.5997220000000000    0.8680920000000000    0.0466240000000000 Al
   0.8373969999999999    0.3370320000000000    0.3331320000000000 Al
   0.0729280000000000    0.8148460000000000    0.6196430000000001 Al
   0.3359670000000000    0.3430230000000000    0.8331340000000000 Al
   0.1372780000000000    0.9375300000000000    0.4331060000000000 O
   0.5374660000000000    0.7367540000000000    0.2331520000000000 O
EA111   3.236  3.237  5.251 90.00 89.97 90.07 Sym.group:  129
1.0
   3.2318790000000002    0.1610350000000000   -0.0001510000000000
  -0.1651230000000000    3.2331690000000002   -0.0001870000000000
   0.0031780000000000    0.0001310000000000    5.2509680000000003
S H
4 2
direct
   0.2506650000000000    0.4236970000000000    0.9715620000000000 S
   0.7505370000000000    0.9237060000000000    0.0266950000000000 S
   0.7514900000000000    0.4243500000000000    0.4989990000000000 S
   0.2516750000000000    0.9243630000000000    0.4992380000000000 S
   0.2474780000000000    0.4244220000000000    0.2265860000000000 H
   0.7491930000000000    0.9242580000000000    0.7716690000000000 H
EA62    2.380  2.388  6.256 79.04 100.92 89.77 Sym.group:  119
1.0
   2.3784190000000001   -0.0988640000000000   -0.0110520000000000
   0.1089370000000000    2.3851599999999999    0.0185890000000000
  -1.1088220000000000    1.1941480000000000    6.0401990000000003
B N
4 2
direct
   0.5862280000000000    0.6640030000000000    0.8308030000000000 B
   0.1895110000000000    0.5605000000000000    0.0378220000000000 B
   0.2922660000000000    0.9581440000000000    0.2432320000000000 B
   0.9391910000000000    0.3110310000000000    0.5370160000000000 B
   0.5137830000000000    0.2360560000000000    0.6864610000000000 N
   0.8647020000000000    0.8852160000000000    0.3883680000000000 N
EA121   2.727  2.727  4.497 72.63 107.38 90.67 Sym.group:  139
1.0
   2.7272989999999999   -0.0087960000000000    0.0246410000000000
  -0.0229080000000000    2.7272449999999999   -0.0241560000000000
  -1.3754100000000000    1.3673850000000001    4.0576129999999999
Li Mg
2 1
direct
   0.7904340000000000    0.1142240000000000    0.5781220000000000 Li
   0.4322150000000000    0.4724260000000000    0.8532700000000000 Li
   0.1115440000000000    0.7930310000000000    0.2157290000000000 Mg
EA99    3.368  3.843  3.426 89.99 89.99 90.00 Sym.group:  136
1.0
   3.3675639999999998   -0.0002350000000000    0.0011500000000000
   0.0002140000000000    3.8429650000000000    0.0034150000000000
  -0.0007610000000000   -0.0024030000000000    3.4259650000000001
O C
4 2
direct
   0.7609350000000000    0.0002610000000000    0.7413230000000000 O
   0.2380320000000000    0.0002750000000000    0.2601110000000000 O
   0.7380230000000000    0.5002590000000000    0.2413470000000000 O
   0.2609680000000000    0.5002750000000000    0.7601480000000000 O
   0.4994710000000000    0.5002740000000000    0.0007650000000000 C
   0.9994880000000000    0.0002740000000000    0.5006590000000000 C
EA3     2.934  2.934  3.748 90.00 90.00 60.00 Sym.group:  164
1.0
   1.4671660000000000   -2.5409649999999999    0.0006470000000000
   2.9341309999999998    0.0001350000000000    0.0009950000000000
  -0.0011320000000000    0.0002090000000000    3.7480030000000002
Si B
2 1
direct
   0.6799550000000000    0.6571020000000000    0.2465980000000000 Si
   0.0132860000000000    0.9903729999999999    0.7841360000000001 Si
   0.3466210000000000    0.3237370000000000    0.5153670000000000 B
EA43    2.781  2.781  4.412 90.00 89.99 89.98 Sym.group:  129
1.0
   2.7809270000000001   -0.0027270000000000   -0.0068720000000000
   0.0035170000000000    2.7805580000000001   -0.0088120000000000
   0.0114490000000000    0.0141780000000000    4.4116220000000004
H Mg
4 2
direct
   0.8323930000000000    0.0072610000000000    0.8337450000000000 H
   0.8322170000000000    0.5074760000000000    0.1878110000000000 H
   0.3327400000000000    0.5068160000000000    0.8339890000000000 H
   0.3329160000000000    0.0082780000000000    0.4799040000000000 H
   0.8327890000000000    0.5069570000000000    0.5897900000000000 Mg
   0.3324690000000000    0.0066890000000000    0.0779600000000000 Mg
EA253   4.107  4.729  4.097 90.06 90.01 65.21 Sym.group:  139
1.0
   4.0958810000000003    0.3029240000000000    0.0076360000000000
   1.6611440000000000    4.4278639999999996    0.0159780000000000
  -0.0068030000000000   -0.0169200000000000    4.0974050000000002
P Na
4 2
direct
   0.3779100000000000    0.4081630000000000    0.7540140000000000 P
   0.8778540000000000    0.4081460000000000    0.2540860000000000 P
   0.2863680000000000    0.5955840000000000    0.2542570000000000 P
   0.7864280000000000    0.5955950000000000    0.7541920000000000 P
   0.5820000000000000    0.0018540000000000    0.2530240000000000 Na
   0.0825030000000000    0.0018310000000000    0.7537060000000000 Na
EA108   4.370  4.368  4.777 116.47 116.31 89.90 Sym.group:  119
1.0
   4.3656459999999999   -0.1111660000000000   -0.1632580000000000
   0.1116160000000000    4.3628499999999999   -0.1918640000000000
  -2.0231180000000002   -1.9095640000000000    3.8830570000000000
P Al
4 2
direct
   0.4720830000000000    0.1336410000000000    0.5780630000000000 P
   0.0340730000000000    0.1856500000000000    0.6961150000000000 P
   0.7261060000000000    0.8804810000000000    0.0775890000000000 P
   0.4203440000000000    0.5712270000000000    0.4589760000000000 P
   0.1554340000000000    0.8012910000000000    0.9330580000000001 Al
   0.8058620000000000    0.4520470000000000    0.2231030000000000 Al
EA205   2.682  3.909  3.909 60.02 90.07 90.05 Sym.group:  191
1.0
   2.6823530000000000    0.0060960000000000    0.0223840000000000
  -0.0363820000000000    1.9575940000000001    3.3836800000000000
  -0.0288420000000000   -1.9525150000000000    3.3858180000000000
Si Mg
2 1
direct
   0.1179590000000000    0.0779170000000000    0.3554900000000000 Si
   0.1191710000000000    0.7444710000000000    0.0221410000000000 Si
   0.6182170000000000    0.4114790000000000    0.6885180000000000 Mg
EA212   2.440  2.440  5.571 90.01 102.64 120.00 Sym.group:  166
1.0
   2.4392849999999999   -0.0288540000000000    0.0207810000000000
  -1.1944930000000000    2.1270989999999999   -0.0157260000000000
  -1.2733449999999999   -0.6758780000000000    5.3813849999999999
C H
4 2
direct
   0.1917260000000000    0.8676440000000000    0.2230850000000000 C
   0.3783170000000000    0.9604640000000000    0.5025030000000000 C
   0.7994750000000000    0.1716290000000000    0.1349180000000000 C
   0.7706320000000000    0.6565080000000000    0.5907210000000001 C
   0.6670070000000000    0.1047540000000000    0.9354640000000000 H
   0.9031800000000000    0.7233660000000000    0.7901250000000000 H
EA106   4.415  4.414  4.701 117.97 117.99 90.01 Sym.group:  141
1.0
   4.4145009999999996    0.0022120000000000    0.0030450000000000
  -0.0027590000000000    4.4144530000000000    0.0072210000000000
  -2.2077840000000002   -2.2116579999999999    3.5116510000000001
Si P
4 2
direct
   0.7500920000000000    0.7541580000000000    0.3414340000000000 Si
   0.1603350000000000    0.6639090000000000    0.1617590000000000 Si
   0.4998990000000000    0.0039160000000000    0.8413160000000000 Si
   0.4103150000000000    0.4143130000000000    0.6618690000000000 Si
   0.8302070000000000    0.3341850000000000    0.5015340000000000 P
   0.0800380000000000    0.0839050000000000    0.0016570000000000 P
EA39    4.188  4.188  2.465 90.00 90.00 119.99 Sym.group:  164
1.0
   4.1873459999999998   -0.0735090000000000    0.0372440000000000
  -2.0293350000000001    3.6638690000000000   -0.0106340000000000
  -0.0220450000000000   -0.0048510000000000    2.4646110000000001
Al Mg
2 1
direct
   0.1512130000000000    0.0379630000000000    0.9054210000000000 Al
   0.4849510000000000    0.7045840000000000    0.5940380000000000 Al
   0.8181560000000000    0.3713890000000000    0.2504430000000000 Mg
EA330  11.415  2.522  2.522 60.02 89.97 90.02 Sym.group:  187
1.0
  11.4146859999999997   -0.0000130000000000   -0.0038610000000000
  -0.0003210000000000    1.2623780000000000    2.1833990000000001
   0.0022490000000000   -1.2603400000000000    2.1845170000000000
Al F
4 2
direct
   0.2933500000000000    0.3053070000000000    0.9160239999999999 Al
   0.7933570000000000    0.9790680000000000    0.5791240000000000 Al
   0.6031290000000000    0.3097230000000000    0.9165300000000000 Al
   0.9835810000000000    0.3149590000000000    0.9101900000000001 Al
   0.1388780000000000    0.3012400000000000    0.9157350000000000 F
   0.4478170000000000    0.3102180000000000    0.9110590000000000 F
EA120   3.780  2.415  2.416 60.02 89.95 89.96 Sym.group:  156
1.0
   3.7801680000000002   -0.0048080000000000    0.0097010000000000
   0.0045870000000000    2.4149929999999999   -0.0060700000000000
  -0.0018750000000000    1.2122590000000000    2.0894080000000002
Be O
2 1
direct
   0.2547660000000000    0.0867840000000000    0.1593570000000000 Be
   0.6817360000000000    0.4191790000000000    0.4931180000000000 Be
   0.0896110000000000    0.4202190000000000    0.4931610000000000 O
EA171   3.022  2.844  2.844 60.17 90.06 89.65 Sym.group:  191
1.0
   2.2411759999999998   -0.8250630000000000    1.8512329999999999
   0.9712010000000000    2.6730489999999998    0.0442100000000000
  -0.9564870000000000    1.8202890000000000    1.9642290000000000
B Al
2 1
direct
   0.8287380000000000    0.3307850000000000    0.7243410000000000 B
   0.8287300000000000    0.6647180000000000    0.0583240000000000 B
   0.3287310000000000    0.9976900000000000    0.3914120000000000 Al
EA150   3.181  3.184  3.913 90.10 89.97 119.92 Sym.group:  164
1.0
   1.5973679999999999   -2.7509910000000000   -0.0103280000000000
   1.5889260000000001    2.7592639999999999    0.0233350000000000
  -0.0206560000000000   -0.0293840000000000    3.9130660000000002
P S
2 1
direct
   0.3370470000000000    0.6700770000000000    0.6456780000000000 P
   0.6701300000000000    0.3354650000000000    0.3519610000000000 P
   0.0035920000000000    0.0027740000000000    0.9988190000000000 S
EA4     3.296  4.024  3.296 65.85 90.02 65.90 Sym.group:  141
1.0
   3.2959679999999998    0.0185800000000000   -0.0063580000000000
   1.6226280000000000    3.6818979999999999    0.0319420000000000
  -0.0035490000000000    1.4496860000000000    2.9604219999999999
Li H
4 2
direct
   0.6219140000000000    0.7399070000000000    0.8894550000000000 Li
   0.3527640000000000    0.2831200000000000    0.1175150000000000 Li
   0.8737030000000000    0.2399410000000000    0.6389480000000000 Li
   0.1011800000000000    0.7830830000000000    0.3681000000000000 Li
   0.1108790000000000    0.7615320000000000    0.8790090000000000 H
   0.8642430000000000    0.2615140000000000    0.1279720000000000 H
EA4     2.833  2.833  2.795 90.00 90.00 90.00 Sym.group:  102
1.0
   2.8325000000000000   -0.0003810000000000   -0.0017750000000000
   0.0004220000000000    2.8326859999999998   -0.0018570000000000
   0.0019670000000000    0.0018230000000000    2.7953120000000000
H O
4 2
direct
   0.7866990000000000    0.7929430000000000    0.7597620000000000 H
   0.6979510000000000    0.2928420000000000    0.2596290000000000 H
   0.2866220000000000    0.7040750000000000    0.2596600000000000 H
   0.1980100000000000    0.2041350000000000    0.7595160000000000 H
   0.4923380000000000    0.4984930000000000    0.4770880000000000 O
   0.9923850000000000    0.9985290000000000    0.9770870000000000 O
EA41    2.678  4.530  2.678 89.96 90.00 90.03 Sym.group:  115
1.0
   2.6779709999999999    0.0010010000000000   -0.0000190000000000
  -0.0037610000000000    4.5295069999999997   -0.0022670000000000
   0.0000360000000000    0.0034240000000000    2.6780719999999998
S B
2 1
direct
   0.3926030000000000    0.4710770000000000    0.7078730000000000 S
   0.8926790000000000    0.9469390000000000    0.2082220000000000 S
   0.3929980000000000    0.2089950000000000    0.2083650000000000 B
EA106   2.884  2.884  4.990 106.75 106.75 60.03 Sym.group:  225
1.0
   2.8833560000000000    0.0218490000000000   -0.0445210000000000
   1.4212780000000000    2.5088870000000001   -0.0440710000000000
  -1.3588800000000001   -0.7998189999999999    4.7339089999999997
Be C
4 2
direct
   0.3590910000000000    0.2910700000000000    0.0081400000000000 Be
   0.8595110000000000    0.7909480000000000    0.5081120000000000 Be
   0.1096250000000000    0.0410430000000000    0.2582580000000000 Be
   0.6092170000000000    0.5411460000000000    0.7582860000000000 Be
   0.4845840000000000    0.4160010000000000    0.3831870000000000 C
   0.9841310000000000    0.9161000000000000    0.8831840000000000 C
EA47    4.564  4.784  4.563 118.46 90.02 118.45 Sym.group:  141
1.0
   4.5638509999999997    0.0110940000000000    0.0069550000000000
  -2.2773629999999998    1.7283240000000000   -3.8363309999999999
  -0.0134930000000000    2.4733100000000001    3.8340670000000001
Al S
4 2
direct
   0.2585030000000000    0.3470760000000000    0.0911840000000000 Al
   0.1532640000000000    0.1390310000000000    0.4871980000000000 Al
   0.9038740000000000    0.6395970000000000    0.7366050000000000 Al
   0.5073970000000000    0.8465810000000000    0.8395690000000000 Al
   0.5807990000000000    0.9934160000000000    0.4128950000000000 S
   0.8312520000000000    0.4927560000000000    0.1631650000000000 S
EA187   3.082  3.082  9.121 89.70 90.32 119.90 Sym.group:  164
1.0
   3.0824129999999998   -0.0002510000000000    0.0005820000000000
  -1.5362089999999999    2.6721729999999999   -0.0010000000000000
  -0.0528140000000000    0.0274400000000000    9.1204630000000009
P Cl
4 2
direct
   0.8061410000000000    0.6942350000000000    0.0317620000000000 P
   0.8004390000000000    0.6990300000000000    0.6080470000000000 P
   0.4687040000000000    0.0309960000000000    0.7374540000000001 P
   0.1378910000000000    0.3622820000000000    0.9023550000000000 P
   0.4727790000000000    0.0274150000000000    0.2096270000000000 Cl
   0.1328110000000000    0.3649650000000000    0.4301780000000000 Cl
EA106   4.663  3.763  2.732 89.99 89.90 112.24 Sym.group:  166
1.0
   4.6628059999999998   -0.0151620000000000   -0.0081960000000000
  -1.4129769999999999    3.4880059999999999    0.0017240000000000
   0.0096680000000000    0.0031580000000000    2.7321949999999999
N Al
4 2
direct
   0.3976640000000000    0.0397100000000000    0.2545230000000000 N
   0.8976790000000000    0.5396620000000000    0.7542400000000000 N
   0.2721460000000000    0.2984130000000000    0.2554230000000000 N
   0.7721260000000000    0.7984450000000000    0.7551320000000000 N
   0.8349040000000000    0.1690540000000000    0.2546890000000000 Al
   0.3349030000000000    0.6690630000000000    0.7549700000000000 Al
EA7     3.894  3.896  2.329 89.97 90.05 118.78 Sym.group:  191
1.0
   3.8935160000000000   -0.0205890000000000    0.0069580000000000
  -1.8576230000000000    3.4246089999999998   -0.0052370000000000
  -0.0060730000000000    0.0017520000000000    2.3293290000000000
Si Li
2 1
direct
   0.1654020000000000    0.1718740000000000    0.1499120000000000 Si
   0.5005440000000000    0.8365110000000000    0.1510130000000000 Si
   0.8330040000000000    0.5043600000000000    0.6502830000000001 Li
EA1     4.207  4.292  4.293 76.30 118.12 118.05 Sym.group:  140
1.0
   4.2061409999999997    0.0581750000000000    0.0642870000000000
  -2.0710540000000002    3.7589220000000001    0.0261960000000000
  -2.0814900000000001   -0.0120560000000000    3.7549709999999998
Al Be
4 2
direct
   0.4913470000000000    0.0015990000000000    0.3173720000000000 Al
   0.9915610000000000    0.3198040000000000    0.9990950000000000 Al
   0.6659389999999999    0.6802790000000000    0.9960450000000000 Al
   0.1660920000000000    0.9984980000000000    0.6776630000000000 Al
   0.0787070000000000    0.5031750000000000    0.4943260000000000 Be
   0.5788020000000000    0.4969260000000000    0.5008280000000001 Be
EA16    2.735  2.738  7.377 90.00 90.00 60.11 Sym.group:  194
1.0
   2.7346240000000002    0.0007270000000000   -0.0017130000000000
   1.3637280000000001    2.3742749999999999   -0.0006100000000000
   0.0047750000000000   -0.0007220000000000    7.3772510000000002
N Mg
4 2
direct
   0.6695160000000000    0.6618140000000000    0.1650350000000000 N
   0.6700930000000000    0.6617090000000000    0.3306820000000000 N
   0.3364490000000000    0.3308240000000000    0.6650470000000001 N
   0.3362880000000000    0.3310100000000000    0.8306730000000000 N
   0.0026770000000000    0.9965780000000000    0.9979130000000000 Mg
   0.0032910000000000    0.9963379999999999    0.4979130000000000 Mg
EA150   4.299  4.300  4.777 63.32 63.31 60.05 Sym.group:  155
1.0
   4.2992970000000001    0.0083500000000000    0.0025360000000000
   2.1394660000000001    3.7301720000000000    0.0004900000000000
   2.1403390000000000    1.2443050000000000    4.0848040000000001
Al Li
4 2
direct
   0.0352760000000000    0.8617240000000000    0.2463610000000000 Al
   0.2049710000000000    0.3628750000000000    0.7476520000000000 Al
   0.5338050000000000    0.6920080000000000    0.7445090000000000 Al
   0.8613170000000000    0.0355760000000000    0.7463109999999999 Al
   0.7021670000000000    0.5312610000000000    0.2403010000000000 Li
   0.3658670000000000    0.1950160000000000    0.2514690000000000 Li
EA93    3.117  3.124  9.674 89.99 90.00 119.78 Sym.group:  186
1.0
   3.1166220000000000   -0.0048310000000000   -0.0004350000000000
  -1.5472210000000000    2.7140770000000001   -0.0019760000000000
   0.0017260000000000    0.0092700000000000    9.6738750000000007
Cl Mg
4 2
direct
   0.8316720000000000    0.6687650000000001    0.1431300000000000 Cl
   0.4983810000000000    0.0085420000000000    0.3620350000000000 Cl
   0.1648590000000000    0.3380460000000000    0.6431430000000000 Cl
   0.4981750000000000    0.9983010000000000    0.8620160000000000 Cl
   0.1649560000000000    0.3332270000000000    0.0026910000000000 Mg
   0.8316560000000000    0.6735139999999999    0.5027260000000000 Mg
EA23    4.826  4.970  4.322 64.34 89.83 118.91 Sym.group:  191
1.0
   4.8244080000000000   -0.0773670000000000   -0.0893280000000000
  -2.3326259999999999    4.3884449999999999    0.0144290000000000
   0.1167360000000000    2.1696149999999998    3.7363390000000001
Na Al
4 2
direct
   0.1682030000000000    0.6630300000000000    0.6722270000000000 Na
   0.0018910000000000    0.3306540000000000    0.3384650000000000 Na
   0.5019760000000000    0.3304970000000000    0.3391620000000000 Na
   0.6682770000000000    0.6628039999999999    0.6729940000000000 Na
   0.0856370000000000    0.9968100000000000    0.0059390000000000 Al
   0.5855080000000000    0.9964810000000000    0.0058500000000000 Al
EA98    2.605  2.606  3.843 89.89 90.00 90.00 Sym.group:  115
1.0
   2.6049060000000002   -0.0004020000000000    0.0020570000000000
   0.0004360000000000    2.6058620000000001   -0.0039900000000000
  -0.0028710000000000    0.0134370000000000    3.8426309999999999
Al H
2 1
direct
   0.1635800000000000    0.5012060000000000    0.5922460000000001 Al
   0.6638120000000000    0.9991250000000000    0.0555360000000000 Al
   0.6637050000000000    0.4977790000000000    0.3234380000000000 H
EA245   2.756  2.760  9.889 89.42 89.55 60.44 Sym.group:  164
1.0
   2.7560820000000001    0.0319560000000000   -0.0118030000000000
   1.3335140000000001    2.4164479999999999   -0.0159130000000000
   0.1186720000000000    0.1132730000000000    9.8880549999999996
Mg F
4 2
direct
   0.6586740000000000    0.6653770000000000    0.9846890000000000 Mg
   0.3263440000000000    0.3332300000000000    0.7689450000000000 Mg
   0.9926350000000000    0.9988410000000000    0.1984740000000000 Mg
   0.9947490000000000    0.0000650000000000    0.5550610000000000 Mg
   0.6612960000000000    0.6669730000000000    0.4581970000000000 F
   0.3259590000000000    0.3318840000000000    0.2953680000000000 F
EA111   2.639  2.640  5.887 102.90 90.07 119.92 Sym.group:  166
1.0
   2.6388360000000000    0.0208150000000000   -0.0267680000000000
  -1.3344360000000000    2.2775050000000001    0.0282890000000000
   0.0626870000000000   -1.5570400000000000    5.6769360000000004
Be N
4 2
direct
   0.4241150000000000    0.9366590000000000    0.3736920000000000 Be
   0.1830550000000000    0.4505770000000000    0.6459760000000000 Be
   0.6662010000000000    0.4228590000000000    0.1014260000000000 Be
   0.9245540000000000    0.9366290000000000    0.8737160000000000 Be
   0.8224460000000000    0.7299260000000000    0.5644150000000000 N
   0.0268590000000000    0.1435270000000000    0.1830240000000000 N
EA51    2.188  2.188  5.972 90.22 89.67 119.93 Sym.group:  164
1.0
   2.1879900000000001   -0.0076470000000000    0.0018420000000000
  -1.0849240000000000    1.8999870000000001   -0.0015950000000000
   0.0292190000000000   -0.0049000000000000    5.9719040000000003
Be Na
2 1
direct
   0.6642650000000000    0.6673140000000000    0.1995130000000000 Be
   0.9937110000000000    0.3343270000000000    0.4673260000000000 Be
   0.3320110000000000    0.0014090000000000    0.8331960000000000 Na
