NUMBER OF TEMPLATES 26
COMPOSITION A 1 B
pairs , SPACEGROUPS 
[Be F] , 166 
[B S] , 166 
[P Si] , 225 
[B Li] , 166 
[Mg O] , 225 
[Li Mg] , 123 
[C Cl] , 166 
[C Li] , 164 
[H Mg] , 129 
[Al B] , 156 
[Mg N] , 187 
[S Si] , 166 
[Al B] , 166 
[Be Li] , 129 
[Li Na] , 194 
[Mg S] , 225 
[C S] , 164 
[Be Cl] , 166 
[Cl P] , 129 
[Cl O] , 139 
[Be S] , 119 
[C H] , 164 
[Al Si] , 141 
[F Si] , 191 
[Mg P] , 123 
[C Li] , 160 
RANKING VECTORS ENTHALPIES
0:[-523.52535917 -523.52463793 -523.50766542 -523.50720415 -523.49671869 -523.46506294 -523.46410359 -523.46083429 -523.42332101 -523.33215738 -523.11725142 -523.00441868 -522.91366499 -522.62932594 -522.60902972 -522.60847046 -522.57375575 -522.56408696 -522.32280766 -522.18721488 -522.15806448 -521.88655901 -521.87094003 -521.86843477 -521.76379022 -521.76360538] 
1:[-186.94242881 -186.5756847  -186.5523587  -186.52295534 -186.51365259 -186.49152024 -186.45937628 -186.40808454 -186.39890402 -186.39436866 -186.38215468 -186.36790092 -186.36368577 -186.35643112 -186.29659618 -186.21865992 -186.21854121 -186.09963543 -186.08506957 -186.01326076 -185.96049757 -185.77683893 -185.65038498 -185.61393543 -185.4608447 -185.45165139] 
2:[-147.59063228 -147.5767674  -147.57663354 -147.53187419 -147.52707095 -147.52150456 -147.44643762 -147.44156582 -147.41916058 -147.37842118 -147.37248007 -147.36389486 -147.36293062 -147.35889031 -147.34818499 -147.34708155 -147.33597275 -147.32376939 -147.32336808 -147.31452894 -147.30352104 -147.25516619 -147.24238721 -147.12725894 -146.99316413 -146.68160989] 
3:[-135.91859688 -135.90449089 -135.90444801 -135.86477316 -135.8643729 -135.86147907 -135.86103663 -135.43343764 -135.32647913 -135.31575059 -135.31063835 -135.30898129 -135.21408368 -135.17339898 -135.16272687 -135.09881231 -135.08267845 -135.03529021 -134.92539981 -134.92328817 -134.92179638 -134.81722197 -134.50241079 -133.92906949 -133.87603264 -133.8759611 ] 
4:[-1031.63820166 -1031.63800215 -1031.6369417  -1031.63669936 -1031.63514272 -1031.63340404 -1031.32923161 -1031.3263837 -1031.17345132 -1031.17168708 -1031.11829188 -1031.11715609 -1030.99544248 -1030.96549213 -1030.96387895 -1030.96378217 -1030.8728133  -1030.65800403 -1030.60940158 -1030.60193982 -1030.15945716 -1030.15701297 -1028.56023986 -1028.54068095 -1028.43101719 -1027.19551693] 
5:[-901.54131758 -901.53514858 -901.52926332 -901.48056886 -901.47978483 -901.47876901 -901.39793856 -901.38825399 -901.38343007 -901.38312056 -901.35779198 -901.35706695 -901.34365652 -901.32031174 -901.31935397 -901.31923446 -901.30151245 -901.29582462 -901.23553903 -901.17009443 -901.16003977 -901.15984651 -901.15900808 -901.13475909 -901.13033788 -901.06899326] 
6:[-301.09195054 -301.09194934 -301.01053368 -301.01048401 -300.95505899 -300.89525044 -300.87918812 -300.87819147 -300.87660108 -300.76907298 -300.07317366 -300.07211295 -299.90866134 -299.24978961 -298.90475099 -298.90454422 -298.88639467 -298.87096138 -298.77861225 -298.69120419 -298.67443601 -298.66789471 -298.61728611 -298.58333953 -298.43945129 -298.43785892] 
7:[-177.51233591 -177.51200291 -177.51169187 -177.50990961 -177.49934382 -177.46779915 -177.46273834 -177.45446883 -177.45264418 -177.43567912 -177.36661794 -177.04669819 -176.88109016 -176.83604664 -176.81633159 -176.598111   -176.59241071 -176.45542995 -176.45322786 -176.21325902 -175.99700189 -175.50472487 -175.504662   -175.49963529 -175.46973215 -175.40309977] 
8:[-812.75798755 -812.75633011 -812.69759355 -812.68726041 -812.6866664 -812.68654381 -812.675353   -812.66763656 -812.66755458 -812.6647923 -812.64846965 -812.64263098 -812.6280282  -812.62095194 -812.61583418 -812.58195491 -812.55885957 -812.49576351 -812.48091021 -812.48064651 -812.45367334 -812.45040868 -812.39100845 -812.38855016 -812.37659293 -811.69397667] 
9:[-68.5776475  -68.5613201  -68.56072536 -68.48687261 -68.40540323 -68.37843763 -68.30853017 -68.26869505 -68.24949968 -68.24201383 -68.24039934 -68.07554463 -68.00082806 -67.86635145 -67.86089081 -67.8565736  -67.85617438 -67.85264925 -67.7620973  -67.72343961 -67.68749234 -67.68675769 -67.62996257 -67.46345113 -67.4058535 -66.62146422] 
10:[-946.26043046 -946.25378227 -946.02822513 -946.00371766 -946.00224191 -946.00210468 -946.00172002 -945.91651113 -945.91236529 -945.90218306 -945.86738825 -945.85908601 -945.73385722 -945.72518523 -945.65090386 -945.30257646 -945.30186277 -945.09712753 -944.55521549 -944.54488804 -944.4718997  -944.4223248  -944.3980744  -944.05114337 -944.04993884 -943.60494506] 
11:[-203.46023722 -203.45362754 -203.45107245 -203.45085605 -203.41243439 -203.38044661 -203.36648621 -203.29602124 -203.29384947 -203.27037709 -203.27020648 -203.26877457 -203.25890417 -203.2568669  -203.25490902 -203.23557139 -203.22377958 -203.05099762 -203.0445242  -203.04147177 -203.0217416  -203.00274381 -203.00263289 -202.96825304 -202.83527215 -202.68865282] 
12:[-68.5776475  -68.5613201  -68.56072536 -68.48687261 -68.40540323 -68.37843763 -68.30853017 -68.26869505 -68.24949968 -68.24201383 -68.24039934 -68.07554463 -68.00082806 -67.86635145 -67.86089081 -67.8565736  -67.85617438 -67.85264925 -67.7620973  -67.72343961 -67.68749234 -67.68675769 -67.62996257 -67.46345113 -67.4058535 -66.62146422] 
13:[-284.92936437 -284.92641145 -284.92269669 -284.89967422 -284.8986623 -284.89261871 -284.89118769 -284.88777029 -284.8859612  -284.88025755 -284.86849725 -284.85905604 -284.85797911 -284.85514067 -284.81425042 -284.80079307 -284.79864668 -284.79489809 -284.79311401 -284.76446733 -284.74023268 -284.72985388 -284.55436418 -284.10653456 -284.10059087 -284.10038976] 
14:[-714.89563825 -714.89537394 -714.8925703  -714.89224272 -714.89023604 -714.8870512  -714.87974199 -714.87779571 -714.87634595 -714.87575219 -714.87372238 -714.87321123 -714.86510441 -714.85962339 -714.84402353 -714.83496935 -714.83479246 -714.82403335 -714.82273264 -714.81649886 -714.78968875 -714.77449631 -714.75114669 -714.74151977 -714.73969709 -714.68519317] 
15:[-954.7470586  -954.74573324 -954.74381982 -954.74323989 -954.73969029 -954.73473844 -954.36868686 -954.36688826 -954.25153709 -954.25151192 -954.24744465 -954.19939131 -954.16805306 -954.12867835 -954.11089307 -953.9567085  -953.95299992 -953.83519036 -953.55400419 -953.51833992 -953.48408783 -953.46944088 -953.46800643 -953.46748682 -952.69444405 -952.66769601] 
16:[-228.51417739 -228.33538186 -227.67260043 -227.65437906 -227.57870038 -227.46091964 -227.41814693 -227.41393908 -227.39539769 -227.39104874 -227.36584711 -227.36114822 -227.34804649 -227.26612043 -227.25285155 -227.22196438 -227.1996441  -227.11123185 -227.05154165 -227.0214247 -227.01851032 -226.99767258 -226.69639758 -226.58227523 -226.29257892 -226.28346307] 
17:[-409.43437692 -409.43346335 -409.41838657 -409.41698223 -409.31403131 -409.31050364 -409.2557458  -409.22723226 -409.02989212 -409.02891112 -408.94877887 -408.90148655 -408.87710019 -408.87423243 -408.86025657 -408.84859224 -408.83129902 -408.82921436 -408.77825231 -408.77254068 -408.74183026 -408.74043337 -408.6574152  -408.36453696 -408.29201159 -408.2859034 ] 
18:[-312.45885843 -312.45643357 -312.41844626 -312.41637951 -312.41605719 -312.32956841 -312.30045302 -312.271227   -312.27108278 -312.2582008 -312.21986671 -312.21920748 -312.20672173 -312.18456819 -312.13223025 -312.06801194 -312.03324462 -312.02472325 -311.85108382 -311.83932225 -311.74052606 -311.55587166 -311.44971539 -311.27423261 -311.27267708 -311.25634337] 
19:[-442.64552846 -442.55701558 -442.55477808 -442.50129697 -442.42397914 -442.423397   -442.38681191 -442.29086382 -442.08693941 -442.00674641 -442.00145809 -441.97253316 -441.9698849  -441.96833847 -441.96409371 -441.9340739  -441.92991288 -441.91539653 -441.8550381  -441.84066457 -441.82311561 -441.76277272 -441.75883029 -441.75322354 -441.72250583 -441.68493682] 
20:[-337.14667518 -337.0831528  -337.0828677  -337.08214636 -337.06489338 -337.04393497 -337.03864745 -337.02061773 -336.89489063 -336.8660546 -336.58819483 -336.58539443 -336.57523189 -336.56965965 -336.47536603 -336.42000011 -336.35941019 -336.25213924 -336.21631858 -336.2003373 -336.0910905  -336.08562305 -336.07116071 -335.91715491 -335.83923593 -335.81280788] 
21:[-88.37504288 -88.37362139 -88.37018075 -88.35997309 -88.35745056 -88.35482105 -88.34258814 -88.2851077  -87.64504377 -87.62792356 -87.48199149 -86.98828392 -86.91260877 -86.66856525 -86.63578713 -86.63371122 -86.47592515 -86.42620613 -86.26307744 -86.19247183 -85.8673706  -85.83177494 -85.79680727 -85.67749902 -85.67576637 -85.66179662] 
22:[-84.87389993 -84.87089141 -84.86726228 -84.85888928 -84.83063871 -84.82803034 -84.81715462 -84.78705158 -84.78357107 -84.77107769 -84.77054211 -84.76751268 -84.6857023  -84.67459595 -84.67383495 -84.62499593 -84.59494957 -84.55788738 -84.55593942 -84.38197413 -84.37856159 -84.27053047 -84.16077056 -84.16041942 -84.14000379 -84.13459833] 
23:[-389.87894334 -389.70936105 -389.65707441 -389.64959387 -389.60542253 -389.60509392 -389.52707754 -389.50753247 -389.44648795 -389.43425696 -389.43281752 -389.42216925 -389.35849821 -389.33467693 -389.3104571 -389.12850339 -389.02184414 -389.01957428 -389.01849304 -388.99969259 -388.98222818 -388.65046586 -388.08630299 -387.91555889 -387.90522225 -387.90447476] 
24:[-897.80747712 -897.78507395 -897.77835891 -897.77016031 -897.65179683 -897.59605133 -897.57666688 -897.54645451 -897.50007178 -897.46891554 -897.45442849 -897.44324545 -897.43229866 -897.43121289 -897.37148769 -897.32818399 -897.30229607 -897.28694414 -897.24402019 -897.24348008 -897.23017802 -897.22473771 -897.07741337 -896.9122892  -896.90413338 -896.82457693] 
25:[-177.51233591 -177.51200291 -177.51169187 -177.50990961 -177.49934382 -177.46779915 -177.46273834 -177.45446883 -177.45264418 -177.43567912 -177.36661794 -177.04669819 -176.88109016 -176.83604664 -176.81633159 -176.598111   -176.59241071 -176.45542995 -176.45322786 -176.21325902 -175.99700189 -175.50472487 -175.504662   -175.49963529 -175.46973215 -175.40309977] 
RANKING VECTORS IDX
0:[17. 11. 12.  3.  0.  7.  9. 25.  6.  1. 13. 19. 10.  8. 21. 16. 23. 18. 14. 22. 20. 15.  2.  4. 24.  5.] 
1:[ 1.  3.  0. 20. 17. 18. 11. 16.  2.  4. 15.  9. 13. 25.  7. 10. 14. 21.  8.  6. 22. 23. 12. 19.  5. 24.] 
2:[15.  2.  4. 10. 20. 23.  5. 24.  0. 13. 17. 11.  9.  6. 18. 25.  7.  3. 16. 12. 22. 14.  8. 19.  1. 21.] 
3:[12. 11. 17.  0.  3.  6. 22. 25. 24.  8.  5.  9. 19. 13. 18. 10. 14. 20.  7. 21. 16.  1. 23. 15.  2.  4.] 
4:[13.  2. 18.  4. 15. 25. 14. 10.  7. 21.  9. 20. 19.  5. 24.  8. 22.  1. 11.  6.  0. 17. 12.  3. 23. 16.] 
5:[ 5. 24.  8. 18. 13. 22. 11. 12.  3. 17. 14. 10.  0. 25.  7.  9.  1. 20.  6. 19.  2.  4. 15. 16. 21. 23.] 
6:[11. 17.  0. 12. 25.  9. 21.  7. 16.  6. 13. 18. 19.  1.  2.  4.  8. 15. 22. 14. 10. 23.  3. 20.  5. 24.] 
7:[ 7. 21. 16.  9. 25. 11. 17. 12.  3.  0.  6.  1. 24.  8.  5. 18. 13. 22. 20. 14. 19.  2.  4. 10. 15. 23.] 
8:[13. 18.  9. 16. 21.  7. 25.  4.  2. 15. 11. 17.  0. 12. 19.  6.  3. 10. 14. 20. 22.  1.  5. 24.  8. 23.] 
9:[ 3.  0. 12. 17.  9. 25. 11. 10. 21.  7. 16.  1.  8. 24.  5. 13. 18. 22. 19. 15.  2.  4. 14.  6. 20. 23.] 
10:[14. 10. 15.  2.  4. 13. 18.  8.  5. 24. 11.  6. 20. 22. 19.  0. 17.  1.  3. 12.  9. 25.  7. 21. 16. 23.] 
11:[17.  3.  0. 12.  9.  7. 25. 15. 11.  2.  4. 14. 24.  5. 10. 13.  6. 20.  1. 23. 18. 16. 21. 22.  8. 19.] 
12:[ 3.  0. 12. 17.  9. 25. 11. 10. 21.  7. 16.  1.  8. 24.  5. 13. 18. 22. 19. 15.  2.  4. 14.  6. 20. 23.] 
13:[11. 17.  6. 22.  3. 18. 12. 25. 13. 14.  0.  7. 10.  9. 19.  8. 16. 21.  5. 23. 24.  1. 20. 15.  2.  4.] 
14:[ 9. 25. 18. 13.  7. 21.  0. 17. 14. 24. 11.  5. 19. 10. 16.  1. 22.  8.  3. 12. 23. 20. 15.  2.  4.  6.] 
15:[18. 13.  2.  4. 25. 15. 14. 10. 24.  8.  5. 22. 20. 19.  9.  7. 21.  1. 11.  6. 17. 12.  0.  3. 23. 16.] 
16:[ 6. 16. 18.  1. 19. 15. 13. 17. 11.  0.  4.  2.  3.  8. 12.  7. 20. 22.  9. 10. 25. 14. 21. 23. 24.  5.] 
17:[ 6.  0. 17. 11.  9. 25.  7.  1. 14. 10. 20.  8. 13. 18. 21. 16. 24.  5. 22. 15.  2.  4. 19. 23.  3. 12.] 
18:[13. 18.  0. 12. 17.  9. 25. 16. 19.  7.  6.  3. 22. 11.  8. 23. 14.  1.  5. 24. 21. 20. 10.  2.  4. 15.] 
19:[19. 18. 13.  6. 21. 16. 23. 22.  8.  3. 15.  2.  4. 10. 14.  0. 12. 17. 20. 25.  9.  1.  5. 24. 11.  7.] 
20:[20. 13.  4. 18.  2. 15.  1.  7.  9. 25.  0. 14. 10. 17. 11. 12. 22.  8. 24.  5. 21.  6. 16. 19. 23.  3.] 
21:[21. 16.  7. 17.  0. 12. 11.  6.  9. 25. 18.  3. 13. 19. 23.  1. 22.  8. 24.  5. 10. 20. 14.  2.  4. 15.] 
22:[24. 22.  8.  5. 17. 14.  0. 13. 25.  7. 18. 11. 12.  3. 19.  1.  6. 16. 21. 20. 23. 10.  2.  4.  9. 15.] 
23:[23. 16. 18.  6. 12.  3. 11.  7. 25.  9.  1. 17. 21.  0. 14. 13. 24.  8.  5. 19. 22. 20. 10.  2. 15.  4.] 
24:[22.  5. 24.  8. 10. 18. 20. 14. 13. 12. 15.  3.  2.  4. 17. 19.  9.  7.  0. 11.  6. 25.  1. 16. 21. 23.] 
25:[ 7. 21. 16.  9. 25. 11. 17. 12.  3.  0.  6.  1. 24.  8.  5. 18. 13. 22. 20. 14. 19.  2.  4. 10. 15. 23.] 
POSCARS
EA83    2.354  2.335  5.556 90.14 102.13 119.49 Sym.group:  166
1.0
   2.3518390000000000   -0.0925950000000000    0.0066780000000000
  -1.0686279999999999    2.0757140000000001    0.0172670000000000
  -1.2107920000000001   -0.6831660000000001    5.3792720000000003
Be F
2 2
direct
   0.4774560000000000    0.3644900000000000    0.3385240000000000 Be
   0.0195150000000000    0.1386650000000000    0.6588619999999999 Be
   0.4619270000000000    0.8595840000000000    0.8206120000000000 F
   0.0351830000000000    0.6438820000000000    0.1767780000000000 F
EA197   2.847  2.845  5.780 75.79 75.77 60.12 Sym.group:  166
1.0
   2.8470230000000001    0.0280920000000000    0.0087170000000000
   1.3929590000000001    2.4807440000000001    0.0406380000000000
   1.3965620000000001    0.7523430000000000    5.5580829999999999
B S
2 2
direct
   0.9827570000000000    0.6458840000000000    0.2853540000000000 B
   0.0785050000000000    0.7424670000000000    0.9946940000000000 B
   0.7925930000000000    0.4566900000000000    0.8509330000000001 S
   0.2686690000000000    0.9316610000000000    0.4291140000000000 S
EA21    3.181  3.224  3.224 119.21 119.52 60.48 Sym.group:  225
1.0
   3.1807430000000001    0.0060770000000000   -0.0043340000000000
   1.5832590000000000    2.8086280000000001    0.0022880000000000
  -1.5833900000000001   -0.9159920000000000    2.6552099999999998
P Si
1 1
direct
   0.9917700000000000    0.9975650000000000    0.0039190000000000 P
   0.4917320000000000    0.4975890000000000    0.5038930000000000 Si
EA7     2.948  2.944  3.616 89.99 66.16 60.06 Sym.group:  166
1.0
   1.4841850000000001    2.5475240000000001    0.0100190000000000
  -1.4640850000000001    2.5535790000000000   -0.0250440000000000
   1.4244509999999999    0.8490500000000000    3.2129509999999999
B Li
2 2
direct
   0.8114250000000000    0.0247860000000000    0.4788280000000000 B
   0.4544910000000000    0.7026990000000000    0.5085790000000000 B
   0.3658470000000000    0.2473590000000000    0.1431600000000000 Li
   0.9000990000000000    0.4801040000000000    0.8442120000000000 Li
EA23    2.797  2.797  2.797 60.00 120.00 90.00 Sym.group:  225
1.0
   2.7970839999999999   -0.0019080000000000   -0.0005040000000000
   0.0019740000000000    2.7972070000000002    0.0004340000000000
  -1.3971169999999999    1.3991499999999999    1.9785990000000000
O Mg
1 1
direct
   0.6095090000000000    0.4019480000000000    0.1968680000000000 O
   0.1094800000000000    0.9018730000000000    0.1968580000000000 Mg
EA7     3.625  3.625  3.332 90.00 90.00 90.00 Sym.group:  123
1.0
   3.6252330000000001   -0.0011210000000000    0.0003220000000000
   0.0011950000000000    3.6252190000000000    0.0016460000000000
  -0.0002880000000000   -0.0015150000000000    3.3316040000000000
Mg Li
2 2
direct
   0.6201150000000000    0.6232880000000000    0.6368300000000000 Mg
   0.1202830000000000    0.1232430000000000    0.6365030000000000 Mg
   0.1199110000000000    0.6231380000000000    0.1366970000000000 Li
   0.6202810000000000    0.1232470000000000    0.1366900000000000 Li
EA104   2.393  7.779  2.394 90.76 62.10 81.30 Sym.group:  166
1.0
   2.3920650000000001    0.0650340000000000    0.0412650000000000
   0.9647100000000000    7.7172099999999997    0.1542300000000000
   1.0897640000000000   -0.2104310000000000    2.1206930000000002
C Cl
2 2
direct
   0.9111640000000000    0.3648850000000000    0.1786930000000000 C
   0.5753700000000000    0.3649480000000000    0.8429700000000000 C
   0.0196780000000000    0.6956360000000000    0.6201170000000000 Cl
   0.4567960000000000    0.0341320000000000    0.3925650000000000 Cl
EA105   2.428  2.428  5.036 90.05 90.04 60.01 Sym.group:  164
1.0
   1.2154870000000000   -2.1018800000000000    0.0020810000000000
   2.4280529999999998    0.0019900000000000    0.0042800000000000
  -0.0133960000000000    0.0014390000000000    5.0355910000000002
C Li
2 2
direct
   0.0379250000000000    0.6681760000000000    0.9610740000000000 C
   0.7046490000000000    0.3349480000000000    0.0347930000000000 C
   0.7042840000000000    0.3343490000000000    0.6734100000000000 Li
   0.0382670000000000    0.6689450000000000    0.3224520000000000 Li
EA157   2.807  2.816  4.033 89.95 89.95 90.03 Sym.group:  129
1.0
   2.8074729999999999   -0.0032640000000000   -0.0067820000000000
   0.0018600000000000    2.8159280000000000   -0.0100890000000000
   0.0134650000000000    0.0178050000000000    4.0326240000000002
H Mg
2 2
direct
   0.5009270000000000    0.9999690000000000    0.5022910000000000 H
   0.0013910000000000    0.4996800000000000    0.5002259999999999 H
   0.5010930000000000    0.4997960000000000    0.7722059999999999 Mg
   0.0011210000000000    0.9999340000000000    0.2303930000000000 Mg
EA162   2.786  5.246  2.786 89.97 60.01 89.97 Sym.group:  156
1.0
   2.7858489999999998    0.0005360000000000    0.0050360000000000
   0.0016580000000000    5.2455730000000003    0.0213140000000000
   1.3884850000000000   -0.0086630000000000    2.4157860000000002
Al B
2 2
direct
   0.6532000000000000    0.0453550000000000    0.6908510000000000 Al
   0.9858230000000000    0.4236990000000000    0.0255270000000000 Al
   0.9867130000000000    0.7988150000000001    0.0247820000000000 B
   0.3200040000000000    0.7423149999999999    0.3582820000000000 B
EA111   3.064  3.065  4.052 89.99 90.03 60.00 Sym.group:  187
1.0
   3.0644469999999999    0.0054710000000000    0.0071540000000000
   1.5274850000000000    2.6566920000000001   -0.0020150000000000
  -0.0114100000000000    0.0102490000000000    4.0519959999999999
N Mg
2 2
direct
   0.9948500000000000    0.0043460000000000    0.8350550000000000 N
   0.9939829999999999    0.0049470000000000    0.3959230000000000 N
   0.3279030000000000    0.3378790000000000    0.1154070000000000 Mg
   0.6611650000000000    0.6712720000000000    0.6155530000000000 Mg
EA237   3.077  3.077  6.387 103.80 103.81 60.08 Sym.group:  166
1.0
   1.5414200000000000    2.6636389999999999    0.0010510000000000
  -1.5398769999999999    2.6643400000000002   -0.0072570000000000
  -0.0179460000000000   -1.7529170000000001    6.1412370000000003
S Si
2 2
direct
   0.8843330000000000    0.1459110000000000    0.9263890000000000 S
   0.1010140000000000    0.3622070000000000    0.5762550000000000 S
   0.7013260000000000    0.9626040000000000    0.3776210000000000 Si
   0.2840180000000000    0.5455179999999999    0.1250220000000000 Si
EA73    2.789  5.243  2.809 91.06 60.23 105.42 Sym.group:  166
1.0
   1.3985540000000001   -0.3513360000000000    2.3871799999999999
  -1.4309570000000000    5.0436110000000003   -0.0478810000000000
  -1.4091160000000000   -0.4309690000000000    2.3911660000000001
Al B
2 2
direct
   0.8150870000000000    0.2544920000000000    0.2685300000000000 Al
   0.4180680000000000    0.6509380000000000    0.4598690000000000 Al
   0.2867430000000000    0.9585540000000000    0.0297150000000000 B
   0.9464220000000000    0.9468760000000001    0.6986730000000000 B
EA43    2.375  2.385  5.000 89.99 90.04 90.00 Sym.group:  129
1.0
   2.3750279999999999    0.0002990000000000    0.0165700000000000
  -0.0002360000000000    2.3852609999999999   -0.0065260000000000
  -0.0383010000000000    0.0145730000000000    4.9994470000000000
Be Li
2 2
direct
   0.0068570000000000    0.5065260000000000    0.6047220000000000 Be
   0.5064880000000000    0.0065580000000000    0.3984820000000000 Be
   0.0061030000000000    0.5066880000000000    0.1389080000000000 Li
   0.5072530000000000    0.0064070000000000    0.8642900000000000 Li
EA105   2.477  2.478  8.283 89.47 90.44 119.82 Sym.group:  194
1.0
   1.2481599999999999   -2.1395260000000000   -0.0028470000000000
   1.2360940000000000    2.1478910000000000    0.0029720000000000
   0.0116030000000000    0.0694510000000000    8.2828850000000003
Na Li
2 2
direct
   0.3184730000000000    0.6603190000000000    0.2539640000000000 Na
   0.6474820000000000    0.3277020000000000    0.7538940000000000 Na
   0.9940530000000000    0.0029500000000000    0.0041030000000000 Li
   0.0000310000000000    0.0120860000000000    0.5037840000000000 Li
EA161   4.663  3.307  3.307 90.00 90.00 90.00 Sym.group:  225
1.0
   4.6632980000000002   -0.0034580000000000    0.0014890000000000
   0.0022380000000000    3.3066650000000002   -0.0021100000000000
  -0.0009630000000000    0.0023220000000000    3.3070949999999999
Mg S
2 2
direct
   0.1267730000000000    0.7812550000000000    0.7745649999999999 Mg
   0.6280880000000000    0.2806070000000000    0.2750160000000000 Mg
   0.1280070000000000    0.2813220000000000    0.2745110000000000 S
   0.6270160000000000    0.7806980000000000    0.7749300000000000 S
EA234   2.476  6.391  2.456 90.00 60.28 89.97 Sym.group:  164
1.0
   2.4750260000000002   -0.0062980000000000    0.0572400000000000
   0.0189790000000000    6.3906120000000000    0.0264730000000000
   1.1678649999999999   -0.0125390000000000    2.1603850000000002
C S
2 2
direct
   0.5648450000000000    0.5029420000000000    0.8426000000000000 C
   0.2307140000000000    0.4300220000000000    0.5095570000000000 C
   0.2308010000000000    0.1483580000000000    0.5094280000000000 S
   0.5649220000000000    0.7846050000000000    0.8424650000000000 S
EA275   2.813  2.813  6.299 89.87 102.79 60.12 Sym.group:  166
1.0
   1.4122960000000000    2.4327350000000001    0.0061990000000000
  -1.4056450000000000    2.4363750000000000    0.0073130000000000
  -1.4058700000000000   -0.8123250000000000    6.0864279999999997
Be Cl
2 2
direct
   0.0196630000000000    0.5948790000000000    0.4055390000000000 Be
   0.5253679999999999    0.8440730000000000    0.6624949999999999 Be
   0.9806180000000000    0.1164900000000000    0.8455670000000000 Cl
   0.5644380000000000    0.3224570000000000    0.2224670000000000 Cl
EA123   5.647  3.102  3.101 90.00 90.03 90.01 Sym.group:  129
1.0
   5.6474359999999999   -0.0058580000000000    0.0235360000000000
   0.0028310000000000    3.1019470000000000   -0.0016190000000000
  -0.0143380000000000    0.0016730000000000    3.1010089999999999
Cl P
2 2
direct
   0.0491200000000000    0.8893030000000000    0.6548640000000000 Cl
   0.3445530000000000    0.3894800000000000    0.1569170000000000 Cl
   0.6991170000000000    0.8893890000000000    0.6615680000000000 P
   0.6945690000000000    0.3892620000000000    0.1612970000000000 P
EA331   2.306  7.981  2.306 81.81 90.98 81.88 Sym.group:  139
1.0
   2.3060179999999999   -0.0191640000000000    0.0109330000000000
   1.1929110000000001    7.8913110000000000    0.0912200000000000
  -0.0476260000000000    0.3131370000000000    2.2843969999999998
Cl O
2 2
direct
   0.9650240000000000    0.5409830000000000    0.7703310000000000 Cl
   0.3100490000000000    0.8480290000000000    0.1187680000000000 Cl
   0.6754660000000000    0.1180990000000000    0.4831730000000000 O
   0.5996020000000000    0.2709490000000000    0.4061410000000000 O
EA231   4.336  3.143  3.143 90.00 89.99 90.00 Sym.group:  119
1.0
   4.3364339999999997    0.0001780000000000   -0.0005190000000000
  -0.0000800000000000    3.1427200000000002    0.0032470000000000
   0.0009940000000000   -0.0031540000000000    3.1431719999999999
Be S
2 2
direct
   0.1191090000000000    0.0092710000000000    0.2522740000000000 Be
   0.6191480000000000    0.5094050000000000    0.7523470000000000 Be
   0.3691760000000000    0.5092680000000001    0.2524190000000000 S
   0.8691770000000000    0.0093890000000000    0.7523570000000001 S
EA54    2.431  2.432  3.419 89.93 89.92 60.01 Sym.group:  164
1.0
   2.4311050000000001   -0.0018390000000000   -0.0004700000000000
   1.2170589999999999    2.1050010000000001   -0.0004580000000000
   0.0054850000000000    0.0025470000000000    3.4190719999999999
C H
2 2
direct
   0.3421560000000000    0.8341480000000000    0.8283880000000000 C
   0.6756470000000000    0.1676600000000000    0.6961030000000000 C
   0.6762980000000000    0.1681510000000000    0.3806000000000000 H
   0.3415220000000000    0.8336330000000000    0.1438910000000000 H
EA9     3.535  3.538  4.372 66.13 113.84 89.99 Sym.group:  141
1.0
   3.5016240000000001    0.4839560000000000   -0.0003920000000000
  -0.4839390000000000    3.5051120000000000    0.0003880000000000
  -1.9923460000000000    1.5102000000000000    3.5864750000000001
Al Si
2 2
direct
   0.7532250000000000    0.7507960000000000    0.4994310000000000 Al
   0.0030600000000000    0.0009340000000000    0.9991090000000000 Al
   0.5033750000000000    0.5006130000000000    0.9997300000000000 Si
   0.2529090000000000    0.2511170000000000    0.4988110000000000 Si
EA121   2.396  2.396  7.158 90.00 89.95 120.00 Sym.group:  191
1.0
   2.3963960000000002   -0.0031500000000000    0.0044340000000000
  -1.1953890000000000    2.0769579999999999    0.0003370000000000
  -0.0075610000000000   -0.0050310000000000    7.1579179999999996
F Si
2 2
direct
   0.2383830000000000    0.2455900000000000    0.2484410000000000 F
   0.2359420000000000    0.2482310000000000    0.7484380000000000 F
   0.2369940000000000    0.2440530000000000    0.9984350000000000 Si
   0.2372740000000000    0.2445330000000000    0.4984360000000000 Si
EA54    2.761  3.165  2.761 90.01 90.06 90.05 Sym.group:  123
1.0
   2.7611260000000000   -0.0058660000000000    0.0104370000000000
   0.0041570000000000    3.1652330000000002   -0.0010700000000000
  -0.0132800000000000    0.0004560000000000    2.7611740000000000
Mg P
1 1
direct
   0.4719270000000000    0.5237270000000001    0.5175190000000000 Mg
   0.9723230000000000    0.0236670000000000    0.0171820000000000 P
EA114   2.436  2.439  5.169 77.55 76.80 60.13 Sym.group:  160
1.0
   2.4355069999999999    0.0326110000000000    0.0116820000000000
   1.1858379999999999    2.1292949999999999    0.0868090000000000
   1.1506099999999999    0.4304810000000000    5.0213619999999999
C Li
2 2
direct
   0.5081329999999999    0.2797530000000000    0.7069520000000000 C
   0.1531480000000000    0.9274030000000000    0.7711570000000000 C
   0.3870170000000000    0.1686560000000000    0.0696140000000000 Li
   0.9309630000000000    0.7045960000000000    0.4353600000000000 Li
