NUMBER OF TEMPLATES 56
COMPOSITION A 2 B
pairs , SPACEGROUPS 
[N S] , 129 
[Na B] , 191 
[Na O] , 139 
[N Mg] , 194 
[Mg H] , 164 
[P Na] , 139 
[Mg S] , 164 
[Si B] , 164 
[O Li] , 123 
[C H] , 166 
[S B] , 115 
[N Li] , 187 
[Li H] , 141 
[Be Li] , 164 
[Na Cl] , 123 
[Si O] , 166 
[Li F] , 164 
[Na Be] , 164 
[Li Al] , 191 
[Be Na] , 164 
[S B] , 137 
[Mg Cl] , 129 
[O Si] , 136 
[Li O] , 225 
[Li B] , 164 
[C S] , 166 
[Na Si] , 191 
[N B] , 160 
[F Na] , 139 
[Al Be] , 140 
[C F] , 164 
[Li C] , 166 
[C Na] , 191 
[Al B] , 164 
[Cl Si] , 140 
[B C] , 160 
[C Li] , 191 
[Cl Mg] , 186 
[O P] , 121 
[S P] , 166 
[C H] , 1166 
[Si N] , 187 
[Mg Cl] , 164 
[B O] , 189 
[Na F] , 139 
[P F] , 139 
[N Cl] , 123 
[Be Si] , 216 
[Mg S] , 129 
[Al H] , 129 
[Si F] , 191 
[Si Be] , 225 
[C Be] , 156 
[Mg Na] , 164 
[Al P] , 140 
[Na F] , 123 
RANKING VECTORS ENTHALPIES
0:[-284.35878852 -284.1709918  -284.14431503 -284.13348841 -284.1186202 -284.11859953 -284.11799622 -284.11796651 -284.11778737 -284.11773431 -284.11451248 -284.10480308 -284.09729407 -284.07827574 -283.97901223 -283.96536452 -283.84160781 -283.79637157 -283.79018037 -283.76429518 -283.70306665 -283.6692961  -283.614838   -283.6064569  -283.60128292 -283.59758151 -283.54046695 -283.51567462 -283.49268989 -283.49223249 -283.43771225 -283.32982443 -283.31473633 -283.30574122 -283.28057409 -283.22117672 -283.22064204 -283.1962384  -283.17597059 -283.17038212 -283.1418178  -283.12466488 -283.01459321 -282.99555128 -282.97516034 -282.96373711 -282.92237664 -282.9041875  -282.89931101 -282.82933161 -282.60783263 -282.36042511 -282.35532119 -282.3201991  -282.26543959 -282.14513163] 
1:[-851.14387808 -851.14287333 -851.13535252 -851.05213129 -851.01464646 -851.01140825 -851.01136808 -851.00997865 -850.85163531 -850.83451998 -850.81551396 -850.78182526 -850.7811659  -850.76613311 -850.76594838 -850.76329227 -850.76231171 -850.7470384  -850.7452508  -850.7424462 -850.64993109 -850.64944484 -850.61966751 -850.61629707 -850.61491746 -850.56211017 -850.55917773 -850.43282814 -850.42970322 -850.42696826 -850.41923727 -850.26537255 -850.19542361 -850.19448658 -850.19152714 -850.19145204 -850.1877066  -850.18439704 -850.17377849 -850.08568535 -850.07875938 -850.07681132 -850.06806841 -850.0620682  -850.04430814 -849.99656355 -849.97898149 -849.93519111 -849.85966949 -849.85497304 -849.78441628 -849.76088799 -849.75791455 -849.74761826 -849.54434797 -849.46250088] 
2:[-976.07435339 -976.04652427 -975.89795544 -975.89795356 -975.8974967 -975.8967571  -975.89474289 -975.88610524 -975.87272865 -975.87016788 -975.87014412 -975.87005905 -975.86535166 -975.85770629 -975.81830548 -975.81816813 -975.81309898 -975.80718174 -975.8068601  -975.80653308 -975.80644563 -975.80580162 -975.8050581  -975.8034045  -975.80219847 -975.79971993 -975.79807479 -975.79500031 -975.72046508 -975.70467418 -975.70465771 -975.70447295 -975.70445106 -975.7015708  -975.68935257 -975.67602848 -975.67029429 -975.59848975 -975.59424352 -975.41979894 -975.30938531 -975.26784199 -975.26698858 -975.26438614 -975.21048031 -975.20128497 -975.19369335 -975.12606754 -974.95295208 -974.95120304 -974.70337943 -974.60306365 -974.29415581 -973.91747018 -973.67243664 -972.43827528] 
3:[-724.08136058 -724.0801536  -724.07917562 -724.00161597 -723.97095222 -723.89486571 -723.880225   -723.80165718 -723.80116284 -723.79952728 -723.66597022 -723.65801482 -723.59384735 -723.51761506 -723.31869254 -723.25659536 -723.25488374 -723.25218423 -723.19804393 -723.08869079 -723.05209008 -723.01365023 -723.00646726 -722.98252362 -722.91039602 -722.87732688 -722.87637525 -722.86886329 -722.86444598 -722.85587427 -722.85482044 -722.83555334 -722.83338652 -722.82113465 -722.81463111 -722.81453475 -722.81041137 -722.80976547 -722.79698926 -722.79425938 -722.77668795 -722.75600007 -722.6495172  -722.59196334 -722.47737164 -722.46724012 -722.34715105 -722.33706816 -722.07879754 -722.01081952 -721.97413757 -721.94177727 -721.85876485 -721.74076462 -721.45480183 -721.42144232] 
4:[-1078.60540866 -1078.6054032  -1078.60512652 -1078.60342145 -1078.60190381 -1078.60069859 -1078.60030685 -1078.59773377 -1078.59439221 -1078.58795872 -1078.58380946 -1078.58206223 -1078.5710663  -1078.56963617 -1078.55809218 -1078.55687433 -1078.52958256 -1078.52224454 -1078.51506377 -1078.51429961 -1078.50420872 -1078.46379858 -1078.46181566 -1078.45949764 -1078.45429111 -1078.44673096 -1078.43690064 -1078.4343189 -1078.42685104 -1078.39729078 -1078.36837469 -1078.34804998 -1078.34361683 -1078.33517642 -1078.33030625 -1078.31216945 -1078.30509386 -1078.30259607 -1078.22279292 -1078.13657583 -1078.13620501 -1078.10529177 -1078.09878421 -1078.0740559 -1078.07373506 -1078.07124283 -1078.07104342 -1077.78920964 -1077.69924779 -1077.63162376 -1077.29415536 -1077.29134285 -1077.29014332 -1077.28583625 -1077.27784114 -1076.95238813] 
5:[-535.74941894 -535.74720102 -535.73354035 -535.7304857  -535.72619487 -535.72608648 -535.72533991 -535.72474699 -535.71677268 -535.70503869 -535.7049247  -535.582404   -535.5741806  -535.51968628 -535.51743363 -535.48833107 -535.48316129 -535.48268884 -535.48113822 -535.47117178 -535.47103195 -535.46907288 -535.46466118 -535.46354275 -535.4223179 -535.40736545 -535.3985079  -535.38814048 -535.38677503 -535.34337551 -535.33987718 -535.33143575 -535.32842845 -535.28651943 -535.26611113 -535.25233001 -535.22941371 -535.21737875 -535.19079845 -535.18376524 -535.18216359 -535.1809989  -535.12360481 -535.12306041 -535.11600992 -535.04050754 -534.79714453 -534.79498889 -534.7619781  -534.73868736 -534.70249352 -534.68334952 -534.66586799 -534.58430777 -534.21728678 -533.18142053] 
6:[-1173.03924672 -1173.00132258 -1172.99917779 -1172.9133517 -1172.90992499 -1172.90980845 -1172.90886089 -1172.90531636 -1172.87912534 -1172.87829847 -1172.87780786 -1172.87722134 -1172.87613845 -1172.87540609 -1172.86868463 -1172.86461671 -1172.86344154 -1172.85741374 -1172.84149654 -1172.81338202 -1172.64165307 -1172.59012708 -1172.57477707 -1172.56440125 -1172.56090343 -1172.5358149  -1172.53479427 -1172.53179687 -1172.52699777 -1172.52561183 -1172.44647812 -1172.33611316 -1172.32517871 -1172.32054884 -1172.31921265 -1172.30089027 -1172.26080413 -1172.25834842 -1172.25415288 -1172.25345127 -1172.23339455 -1172.16573206 -1172.10892661 -1172.0933598 -1172.06524809 -1172.05440617 -1172.05121038 -1172.04767021 -1171.99091095 -1171.88904541 -1171.80391037 -1171.77373343 -1171.48500959 -1171.27369582 -1170.94971146 -1170.93205212] 
7:[-99.81167123 -99.80988975 -99.8052546  -99.80349431 -99.80349296 -99.80298313 -99.78111403 -99.70138465 -99.69971369 -99.69958456 -99.68369407 -99.66690067 -99.64921169 -99.64824401 -99.62996375 -99.62800971 -99.62340823 -99.60881832 -99.57527346 -99.56355091 -99.55519697 -99.54411181 -99.52834648 -99.49256839 -99.47754569 -99.46900234 -99.46881841 -99.45977334 -99.41573488 -99.4048151 -99.3582243  -99.34448655 -99.34441213 -99.34431604 -99.34225767 -99.33130291 -99.31619169 -99.31563579 -99.3153404  -99.31381447 -99.28116693 -99.27901845 -99.26520975 -99.23288733 -99.22221043 -99.21904018 -99.21109014 -99.19006309 -99.18028346 -99.06572411 -98.80189745 -98.78227333 -98.77742735 -98.77427331 -98.77272455 -98.77241851] 
8:[-362.42087652 -362.41969313 -362.41955146 -362.37853538 -362.35090732 -362.34819473 -362.33571457 -362.22948446 -362.22833878 -362.07617696 -362.06982398 -361.95738032 -361.90734505 -361.8934419  -361.85740595 -361.83004809 -361.81120995 -361.80627978 -361.63273925 -361.61583527 -361.60540743 -361.60212948 -361.56338857 -361.53543142 -361.52888039 -361.51432068 -361.50960455 -361.46266169 -361.45165221 -361.45011321 -361.43887322 -361.38390968 -361.37246641 -361.36731524 -361.36682293 -361.3618278  -361.35338469 -361.35325379 -361.35076937 -361.34862807 -361.32512008 -361.27650708 -361.27647863 -361.27573138 -361.21668494 -361.16863126 -361.1625257  -361.14835901 -361.11191691 -361.08011763 -361.05314629 -360.92013307 -360.8115359  -360.49741417 -360.45080513 -360.32442884] 
9:[-112.91670198 -112.91479835 -112.91475725 -112.89930445 -112.89296854 -112.88043814 -112.75783492 -112.5009877  -112.27997842 -112.22293374 -111.82097622 -111.81402712 -111.81030166 -111.81022758 -111.80994588 -111.80752448 -111.80517789 -111.79943046 -111.73613887 -111.49922967 -111.35964254 -111.32030402 -111.30641385 -111.25901383 -111.23369087 -111.20233175 -111.20034383 -111.18109278 -111.17855414 -111.07653178 -111.07575134 -111.02211971 -111.02038053 -110.88306117 -110.84063964 -110.81432959 -110.81230442 -110.72195826 -110.72140425 -110.67492522 -110.67241385 -110.65017492 -110.64218556 -110.61294455 -110.58456762 -110.50414169 -110.49643648 -110.39546718 -110.29709139 -110.26781409 -110.26313497 -110.00244662 -109.90061216 -109.71969155 -109.57493807 -109.54263557] 
10:[-223.15042245 -223.11868093 -223.03949035 -223.01107077 -222.86553782 -222.86160959 -222.86082726 -222.86063101 -222.86061689 -222.85949209 -222.84422975 -222.83458792 -222.82047409 -222.81877221 -222.80884384 -222.75947662 -222.68844114 -222.63417245 -222.61660986 -222.60847779 -222.60736685 -222.56295017 -222.55917644 -222.55555779 -222.55398701 -222.55133689 -222.52187139 -222.5107741  -222.48544777 -222.42807929 -222.42534438 -222.40773589 -222.35743884 -222.35279562 -222.34259616 -222.29312103 -222.25634113 -222.23011814 -222.21071971 -222.17735365 -222.17018445 -222.12303231 -222.05848791 -222.05738223 -222.04406866 -221.78737649 -221.78624169 -221.77923922 -221.77600717 -221.62591359 -221.4944242  -221.49061913 -221.48054401 -221.4576868  -221.44732846 -220.85036416] 
11:[-251.27195007 -251.23582906 -251.13865981 -251.13753603 -251.1352312 -251.09478942 -251.0941758  -251.05200622 -251.04452496 -250.91439497 -250.84655283 -250.59404168 -250.5899253  -250.46788245 -250.4644678 -250.16894401 -250.11928378 -250.10758482 -250.09452464 -250.0797694 -250.07067617 -250.06939095 -250.05800188 -250.05789974 -250.05788988 -250.05646606 -250.05589553 -250.05261931 -250.05234224 -250.02995325 -250.02415558 -249.93538424 -249.92382408 -249.92354244 -249.92327289 -249.91382652 -249.89660147 -249.88604216 -249.64937605 -249.62545642 -249.60315322 -249.60291617 -249.58805233 -249.56641804 -249.53951853 -249.45374957 -249.45113307 -249.40097809 -249.39315749 -249.37744061 -249.34931827 -249.34120081 -249.19874357 -249.1643495  -248.87591221 -248.44225712] 
12:[-133.77859762 -133.77666953 -133.77589669 -133.77520322 -133.77508988 -133.77503453 -133.77495226 -133.77387415 -133.7736875  -133.76285652 -133.76016937 -133.75425078 -133.75342989 -133.75139444 -133.75075559 -133.75051772 -133.75012517 -133.75002079 -133.74910272 -133.74717788 -133.74411785 -133.73786218 -133.73736465 -133.73097482 -133.71953712 -133.71830743 -133.71642167 -133.71640895 -133.71512345 -133.711253 -133.71061696 -133.70916124 -133.69947466 -133.68833357 -133.68664554 -133.680336   -133.65833553 -133.60811214 -133.60492421 -133.60369892 -133.5751134  -133.50135441 -133.49516483 -133.47455573 -133.47121681 -133.47013173 -133.45889385 -133.37734664 -133.14077851 -133.03047293 -132.96407488 -132.96405884 -132.96100193 -132.96055603 -132.90805064 -132.87867267] 
13:[-315.85650952 -315.85637836 -315.83604391 -315.83548359 -315.74554665 -315.7451418  -315.74411406 -315.74177561 -315.74118806 -315.74057609 -315.73836108 -315.73764912 -315.73564676 -315.73082338 -315.73053313 -315.72261872 -315.70872022 -315.70158029 -315.69968834 -315.69832399 -315.68417335 -315.6316414  -315.63057788 -315.62922859 -315.62851472 -315.6220271  -315.55091045 -315.53381352 -315.53122856 -315.50370829 -315.49682707 -315.49232215 -315.48832928 -315.46706454 -315.41245156 -315.40040146 -315.385341   -315.35738833 -315.28681829 -315.2549583 -315.24792163 -315.23482381 -315.20200229 -315.18796837 -315.16041435 -315.10569979 -315.03924065 -314.68759327 -314.64326206 -314.62051624 -314.56772581 -314.56130385 -314.47033749 -314.46137336 -314.31479338 -314.22494872] 
14:[-973.5818732  -973.39683092 -973.39258067 -973.34085844 -973.33301517 -973.3325873  -973.29768099 -973.28955129 -973.28036169 -973.27735602 -973.2405555  -973.23999311 -973.23993557 -973.23961693 -973.23760822 -973.23516553 -973.23513513 -973.23501823 -973.2336943  -973.23069728 -973.23006035 -973.22867289 -973.19997322 -973.18576309 -973.16919367 -973.16780411 -973.15440339 -973.13038493 -973.11379149 -973.1031463 -973.09016482 -973.08879348 -973.085716   -973.08486356 -973.08394336 -973.08387939 -973.08256734 -973.0619976  -973.05176519 -973.04420501 -973.04415842 -972.99757253 -972.84983802 -972.80467568 -972.80105553 -972.78598855 -972.73904241 -972.73844965 -972.72461432 -972.71682007 -972.6501065  -972.5415828  -972.41624632 -972.37384796 -972.0900858 -971.70683631] 
15:[-223.45083045 -223.41144917 -223.39553592 -223.36515287 -223.35177337 -223.34594309 -223.26420675 -223.18685797 -223.185752   -223.18513949 -223.1721748  -223.09877503 -223.05491214 -223.01031637 -222.97765835 -222.97413136 -222.96851486 -222.94023978 -222.93982601 -222.92915866 -222.92897774 -222.92844378 -222.92425085 -222.89889769 -222.86421295 -222.8595771  -222.73169178 -222.65353834 -222.63767788 -222.62132131 -222.58158986 -222.57946908 -222.53469255 -222.5009951  -222.50020303 -222.47481821 -222.47121014 -222.45118511 -222.40610529 -222.36570729 -222.33672757 -222.32659889 -222.31335351 -222.30491016 -222.27520944 -222.20369819 -221.99249075 -221.94521034 -221.94485921 -221.94020301 -221.93898173 -221.67151316 -221.63324306 -221.5795355  -221.56101704 -220.41032168] 
16:[-352.61632203 -352.61274315 -352.61232384 -352.56426693 -352.55710929 -352.55643491 -352.55627561 -352.55470783 -352.55463676 -352.55449064 -352.54603599 -352.53784981 -352.52787854 -352.52168921 -352.50807362 -352.50605861 -352.4734995  -352.47238622 -352.45879548 -352.42899006 -352.42548089 -352.42489675 -352.41843125 -352.40553471 -352.39814501 -352.38801424 -352.36552466 -352.3481158  -352.34808055 -352.34486598 -352.31820545 -352.3127307  -352.28745013 -352.2746553  -352.26588182 -352.26060075 -352.26050752 -352.21826947 -352.21601281 -352.16104771 -352.15081182 -352.14307435 -352.10392799 -352.10004271 -352.09138328 -352.07035654 -352.02372948 -351.64799799 -351.62613529 -351.49172689 -351.45841611 -351.45824971 -351.45698159 -351.45609821 -351.45595757 -350.57881231] 
17:[-950.5852851  -950.57510964 -950.53220746 -950.51463337 -950.50596358 -950.50427434 -950.49999505 -950.4999911  -950.49870862 -950.49780693 -950.46672611 -950.45567368 -950.4556079  -950.44498162 -950.44462667 -950.43798765 -950.43699382 -950.40282813 -950.40220664 -950.38950596 -950.38188486 -950.38081775 -950.3717726  -950.37103203 -950.3703623 -950.36982539 -950.34187889 -950.33237585 -950.33171454 -950.33128336 -950.32209383 -950.30843974 -950.29315834 -950.28500268 -950.28046652 -950.25143103 -950.25023417 -950.2035642  -950.20081295 -950.19238118 -950.17234999 -950.16162475 -950.16084053 -950.10546823 -950.01624049 -949.973626   -949.86455514 -949.84323437 -949.83192104 -949.80599942 -949.52245731 -949.46084829 -949.45063366 -949.43970563 -949.37870014 -949.25787104] 
18:[-148.22842958 -148.21738313 -148.21317903 -148.20976868 -148.20605697 -148.20473084 -148.20414977 -148.19980215 -148.14417635 -148.14339111 -148.14176593 -148.13780201 -148.01227483 -148.00060563 -148.00013161 -147.96311605 -147.93414317 -147.93112999 -147.92906201 -147.92632441 -147.92571361 -147.9253198  -147.92329145 -147.92064794 -147.92038179 -147.88898818 -147.87635469 -147.87232464 -147.85703024 -147.83109014 -147.82281166 -147.82192594 -147.81679071 -147.81300409 -147.76511771 -147.75444654 -147.74938288 -147.74585362 -147.74315319 -147.72742554 -147.72126413 -147.63670059 -147.62090543 -147.61701603 -147.57242917 -147.54036974 -147.5402104  -147.32101221 -147.31514157 -147.19359104 -147.18449821 -146.9734601  -146.96847725 -146.84812173 -146.79878549 -146.6245009 ] 
19:[-663.83344302 -663.82814665 -663.82383185 -663.81784286 -663.80767213 -663.80760591 -663.77536331 -663.77330602 -663.77200916 -663.77186698 -663.7679664  -663.76558066 -663.75458603 -663.74947756 -663.74591683 -663.74377246 -663.7215273  -663.7163358  -663.68801664 -663.68282053 -663.66334534 -663.66259335 -663.65793711 -663.65340719 -663.63567626 -663.63366347 -663.61005062 -663.60785397 -663.55999962 -663.5527854 -663.55055715 -663.48508338 -663.48408027 -663.48281201 -663.47250274 -663.44095964 -663.43639919 -663.42918535 -663.39195056 -663.2905606 -663.28185072 -663.26737246 -663.14374818 -663.13967495 -662.96624592 -662.84262251 -662.81541487 -662.63391231 -662.63263395 -662.51923811 -662.3859773  -662.38528089 -661.90960906 -661.90780917 -661.81238571 -661.21371271] 
20:[-223.15042245 -223.11868093 -223.03949035 -223.01107077 -222.86553782 -222.86160959 -222.86082726 -222.86063101 -222.86061689 -222.85949209 -222.84422975 -222.83458792 -222.82047409 -222.81877221 -222.80884384 -222.75947662 -222.68844114 -222.63417245 -222.61660986 -222.60847779 -222.60736685 -222.56295017 -222.55917644 -222.55555779 -222.55398701 -222.55133689 -222.52187139 -222.5107741  -222.48544777 -222.42807929 -222.42534438 -222.40773589 -222.35743884 -222.35279562 -222.34259616 -222.29312103 -222.25634113 -222.23011814 -222.21071971 -222.17735365 -222.17018445 -222.12303231 -222.05848791 -222.05738223 -222.04406866 -221.78737649 -221.78624169 -221.77923922 -221.77600717 -221.62591359 -221.4944242  -221.49061913 -221.48054401 -221.4576868  -221.44732846 -220.85036416] 
21:[-1221.37171772 -1221.37061184 -1221.36551889 -1221.30658757 -1221.30317623 -1221.30092247 -1221.29924659 -1221.29787379 -1221.29657262 -1221.29080687 -1221.28890866 -1221.28076178 -1221.25796188 -1221.2494684  -1221.2287949  -1221.22447564 -1221.18054644 -1221.16086067 -1221.05754025 -1221.05585376 -1221.04875782 -1221.03781453 -1221.00419895 -1220.97218394 -1220.97086228 -1220.96960426 -1220.94555489 -1220.91637007 -1220.88081023 -1220.88040216 -1220.88022823 -1220.82619031 -1220.75798459 -1220.74868448 -1220.73493329 -1220.72825438 -1220.72546063 -1220.68047315 -1220.62649839 -1220.54330919 -1220.48930984 -1220.48074426 -1220.40630263 -1220.35178852 -1220.35113595 -1220.34719216 -1220.34477746 -1220.34442964 -1220.33275901 -1220.1932571  -1220.16709244 -1220.08006246 -1220.07907306 -1220.072892   -1220.05766228 -1219.73912856] 
22:[-337.08001761 -336.75151403 -336.72886798 -336.72828501 -336.7282741 -336.72825497 -336.7282246  -336.72791583 -336.72704624 -336.72686393 -336.70566215 -336.63453021 -336.60575161 -336.57038346 -336.52510895 -336.48583995 -336.48553762 -336.36926613 -336.25272322 -336.01467628 -336.01456814 -336.01328488 -335.86983575 -335.84933532 -335.77123441 -335.45185605 -335.39257184 -335.32986999 -335.32856521 -335.1390539 -335.08850502 -335.08804297 -335.04585995 -335.03049264 -335.02099336 -334.92676628 -334.85431956 -334.85411623 -334.85371361 -334.71928167 -334.54577489 -334.39202636 -334.37674123 -334.36449107 -333.92838001 -333.65058769 -333.60998218 -333.56776309 -333.45410808 -333.4534844 -333.45226488 -333.45034757 -333.44553607 -333.40450179 -333.39492055 -333.23338716] 
23:[-279.57528597 -279.57494811 -279.57439804 -279.57392529 -279.57140661 -279.57028985 -279.53122356 -279.5311207  -279.52643087 -279.47745087 -279.40500024 -279.35822688 -279.33500295 -279.30240323 -279.30237962 -279.30232205 -279.30220999 -279.29966897 -279.28881145 -279.26134419 -279.26115786 -279.26110143 -279.26109305 -279.26035801 -279.26032058 -279.25041772 -279.24929114 -279.22876933 -279.22866684 -279.22223527 -279.14359114 -279.06668613 -279.06630389 -279.06397262 -279.063857 -279.00186486 -279.00184547 -279.00183885 -279.00170181 -278.99813327 -278.95998423 -278.92864452 -278.86609599 -278.80940002 -278.76534338 -278.62310487 -278.6111812  -278.60927221 -278.60405445 -278.58328977 -278.36544974 -278.2145775  -277.88066037 -277.42822246 -277.08499276 -276.40678222] 
24:[-154.76675352 -154.76581277 -154.76464035 -154.75371255 -154.71906037 -154.71780928 -154.71761583 -154.71364977 -154.71008373 -154.70396592 -154.70364388 -154.67204999 -154.66358193 -154.66223765 -154.643334 -154.46914559 -154.45850209 -154.41232974 -154.40978737 -154.40591864 -154.38424353 -154.38293972 -154.32159601 -154.29044277 -154.21430714 -154.2000517  -154.18515791 -154.17682705 -154.15950098 -154.10346218 -154.10234257 -154.10194985 -154.10100262 -154.10001613 -154.09966447 -154.09947224 -154.09897452 -154.09632497 -154.08414973 -153.97662982 -153.97586915 -153.96477695 -153.95553149 -153.89535791 -153.89156306 -153.88678682 -153.86963254 -153.85884881 -153.76375635 -153.69356265 -153.49055736 -153.48750418 -153.46376046 -153.44783982 -153.4165821 -153.34793228] 
25:[-206.25411196 -206.20448895 -206.1141328  -206.0884144  -205.92311703 -205.92101037 -205.91252166 -205.9052345  -205.88031067 -205.87318109 -205.87310096 -205.84800506 -205.83690643 -205.40575932 -205.18155708 -205.10180459 -205.05074657 -205.02830405 -204.9484396  -204.83594853 -204.70073354 -204.65013085 -204.62219014 -204.62178564 -204.62113482 -204.62090089 -204.61802454 -204.60736325 -204.58891363 -204.52063481 -204.50106163 -204.48556843 -204.48266254 -204.44940428 -204.41425071 -204.3988874  -204.39224493 -204.29926993 -204.28615495 -204.224287 -204.20122396 -204.17213209 -204.15056042 -204.06210144 -203.99625267 -203.9751294  -203.90227799 -203.88372904 -203.86788849 -203.67119344 -203.65968241 -203.65030258 -203.5703156  -203.51160874 -203.45991841 -203.24261001] 
26:[-862.41360477 -862.40092452 -862.40051167 -862.39833835 -862.39833404 -862.36912777 -862.30842096 -862.1592812  -862.15336831 -862.14449498 -862.14446677 -862.13990068 -862.12086218 -862.11742152 -862.10898193 -862.04665584 -862.04211128 -862.03843214 -862.02964359 -862.02579347 -862.00871817 -862.00343296 -861.99323038 -861.99312313 -861.99297677 -861.99252686 -861.98036865 -861.97589338 -861.94593541 -861.94591138 -861.94071319 -861.90945692 -861.90183373 -861.89752414 -861.89464088 -861.89432659 -861.87450645 -861.87068421 -861.76140468 -861.75249316 -861.65764323 -861.64878791 -861.58079115 -861.53293048 -861.38278254 -861.3607118  -861.19760264 -861.15270893 -861.14399376 -861.1114716 -861.05271386 -860.96565051 -860.95067697 -860.75607775 -860.7290434 -860.58738134] 
27:[-212.85818656 -212.6413117  -212.63328956 -212.59997199 -212.58267301 -212.5794464  -212.56628161 -212.3678495  -212.23760967 -212.20815507 -212.08811855 -211.88446239 -211.86159407 -211.76786706 -211.73395275 -211.72041772 -211.70932723 -211.70640203 -211.70479065 -211.68164281 -211.54945491 -211.46696283 -211.43459431 -211.42951175 -211.42662772 -211.42631739 -211.42431991 -211.41701958 -211.3674383  -211.35525183 -211.35098076 -211.35067236 -211.31054856 -211.29909618 -211.23190162 -211.14841278 -211.14623406 -210.87722947 -210.86867199 -210.85026745 -210.78926519 -210.76647783 -210.74957902 -210.74624487 -210.73899473 -210.72324762 -210.71326128 -210.48921205 -210.33586605 -209.86015681 -209.85116814 -209.85073721 -209.84906447 -209.5407598  -209.25570147 -209.06379734] 
28:[-858.76332537 -858.75763444 -858.71214076 -858.71027664 -858.7075125 -858.70699571 -858.70683192 -858.70546985 -858.70233927 -858.67555202 -858.67095537 -858.66198788 -858.65351159 -858.65303282 -858.64652359 -858.63737247 -858.62343681 -858.58210587 -858.58057858 -858.57724732 -858.57713157 -858.57700669 -858.57435052 -858.5702866  -858.55187439 -858.54869413 -858.54722    -858.54486085 -858.54101015 -858.53556417 -858.53085405 -858.518472   -858.49914891 -858.49097388 -858.48383097 -858.47482412 -858.45820523 -858.45032419 -858.45028868 -858.44995931 -858.40443102 -858.3461351  -858.26126616 -858.24487239 -858.19675027 -858.16861037 -858.16164759 -858.12114508 -858.09821807 -857.93386812 -857.79839192 -857.69788536 -857.58521944 -857.15209918 -856.60210633 -856.13843044] 
29:[-164.90585256 -164.90314571 -164.83215062 -164.82608125 -164.78599144 -164.78370424 -164.78369408 -164.7695419  -164.68098227 -164.66685991 -164.66677376 -164.66665755 -164.66070684 -164.65798633 -164.65271254 -164.64864802 -164.64772542 -164.64113123 -164.6161251  -164.60322215 -164.60115919 -164.59331935 -164.59127907 -164.5738402  -164.56815085 -164.55379952 -164.53034664 -164.51354636 -164.51005711 -164.50921655 -164.49973378 -164.48152535 -164.46475168 -164.46442284 -164.3886449 -164.37933512 -164.37287652 -164.36226065 -164.30001865 -164.26926106 -164.263494   -164.26261661 -164.2587861  -164.25586609 -164.25377876 -164.2430582  -164.13228251 -164.1307377  -164.12091791 -164.02993341 -163.90496403 -163.8544371  -163.82747206 -163.76971568 -163.34645698 -163.19466912] 
30:[-330.45276997 -330.44774382 -330.42987279 -330.26509115 -330.11544364 -329.85956811 -329.72012044 -329.677669   -329.63339055 -329.63322684 -329.63302241 -329.63287965 -329.63245659 -329.63200742 -329.62959598 -329.62490805 -329.62467162 -329.61894307 -329.59034931 -329.50163248 -329.21592025 -328.59859493 -328.58886158 -328.50134652 -328.38257277 -328.35658847 -328.3486908  -328.27495412 -328.2399917  -328.17423828 -328.11265892 -328.0256684  -327.9702002  -327.85227192 -327.85013932 -327.8328536  -327.7984586  -327.67244027 -327.650283   -327.62819721 -327.59915517 -327.50963386 -327.36644404 -327.34852503 -327.30693051 -327.28432941 -327.0973301  -327.09677083 -327.06483889 -327.04293563 -326.87482557 -326.67824181 -326.67773376 -325.40787854 -325.36753702 -325.3199034 ] 
31:[-182.80746488 -182.75083599 -182.52063247 -182.49982833 -182.49013824 -182.48141478 -182.47871223 -182.47627422 -182.46937141 -182.45949823 -182.4227714  -182.4070205  -182.39413703 -182.38180737 -182.37787353 -182.37619065 -182.35597353 -182.3058911  -182.29845391 -182.29646193 -182.29501211 -182.29112875 -182.25566923 -182.08979582 -182.08865933 -182.0665129  -182.01766511 -181.81309559 -181.81185585 -181.80768602 -181.80575567 -181.7943639  -181.79072191 -181.77297828 -181.73466237 -181.70795266 -181.70216806 -181.68950226 -181.6872484  -181.68695748 -181.68605712 -181.6755299  -181.66035449 -181.65148896 -181.65050675 -181.63581176 -181.61832366 -181.60728222 -181.5656608  -181.54279785 -181.47808771 -181.34127671 -181.33276708 -181.06876326 -181.01653162 -180.97244072] 
32:[-520.7731491  -520.76746465 -520.76737791 -520.76686325 -520.76622748 -520.76516705 -520.76311476 -520.76258182 -520.63154837 -520.61514932 -520.54460522 -520.46725834 -520.44452797 -520.43263659 -520.37382953 -520.34886591 -520.32204234 -520.30750799 -520.3027821  -520.27308026 -520.24154129 -519.97164789 -519.2816544  -519.28009964 -519.23347019 -519.17496396 -519.16228075 -519.15789961 -519.04530038 -519.03239882 -519.03111801 -518.99635908 -518.90503277 -518.88853527 -518.88007666 -518.87567979 -518.84576119 -518.83664634 -518.83428791 -518.82515114 -518.82501457 -518.82046212 -518.81965312 -518.78999391 -518.7793094 -518.76718017 -518.58555451 -518.54236339 -518.51879702 -518.473675 -518.34725371 -518.31147523 -518.16101155 -517.08874368 -517.08126603 -515.70608511] 
33:[-65.24230339 -65.23985429 -65.12549215 -65.11827438 -65.04119582 -64.99993692 -64.994735   -64.99146317 -64.93583683 -64.93055395 -64.90170688 -64.88598088 -64.86152771 -64.85553935 -64.8521809 -64.84000618 -64.8382734  -64.83434104 -64.83335241 -64.79727053 -64.79229827 -64.79035825 -64.78926033 -64.78492234 -64.77369815 -64.76809103 -64.75982137 -64.7559474  -64.74777447 -64.7441495 -64.62787579 -64.61916272 -64.57738417 -64.57731898 -64.56541908 -64.56128891 -64.50473849 -64.49222972 -64.48596264 -64.42796265 -64.37120326 -64.36129261 -64.34552786 -64.31283163 -64.26077686 -64.2050275  -64.02208154 -63.99051544 -63.92737221 -63.91241287 -63.89787279 -63.88786198 -63.88188504 -63.87600385 -63.79609263 -63.59817188] 
34:[-331.46678232 -331.06379396 -331.06269766 -330.9313599  -330.89600578 -330.89246629 -330.8783603  -330.87240176 -330.86727932 -330.86619537 -330.83975822 -330.83963085 -330.83955037 -330.83885414 -330.8358097 -330.83415687 -330.83375584 -330.83068476 -330.80887648 -330.79842794 -330.79283934 -330.78988228 -330.76876231 -330.76365962 -330.76113658 -330.75100607 -330.74952872 -330.74905561 -330.72122801 -330.71751817 -330.71377994 -330.70379866 -330.69501186 -330.68499633 -330.66765423 -330.65014211 -330.64848403 -330.64476539 -330.6385704  -330.59473824 -330.54756419 -330.53990661 -330.53264939 -330.53177474 -330.51095283 -330.44114377 -330.34493385 -330.29603158 -330.2219167  -330.21587554 -330.21459351 -330.21260207 -330.21211506 -330.10180773 -330.0328359 -329.69144087] 
35:[-105.73604623 -105.66158949 -105.61821046 -105.61728281 -105.55420611 -105.53768786 -105.49052034 -105.4852803  -105.48322275 -105.48287825 -105.46885086 -105.18906536 -105.15489997 -105.15331128 -105.1436065 -105.13590655 -105.09618106 -105.06679023 -105.06661303 -105.04701902 -105.02687223 -104.99775599 -104.99727175 -104.97899373 -104.87306349 -104.87155963 -104.86272162 -104.78332716 -104.77945007 -104.77091402 -104.72684496 -104.66893615 -104.6449546  -104.6192977  -104.597409 -104.54208489 -104.51732421 -104.49464824 -104.48536768 -104.44826966 -104.35196925 -104.34641229 -104.30669747 -104.17880581 -104.13589696 -104.11562097 -104.06395018 -103.93633945 -103.93114796 -103.92742293 -103.92147012 -103.8845739  -103.87456504 -103.8043188  -103.80218949 -103.76988988] 
36:[-172.48064455 -172.48064249 -172.47857131 -172.47710333 -172.47695624 -172.47668187 -172.47607591 -172.46876449 -172.4149012  -172.41489879 -172.35478019 -172.35105122 -172.2043487  -172.17142925 -172.15720788 -172.15002578 -172.12001002 -172.10486982 -172.08281003 -172.04008713 -171.96890747 -171.83570675 -171.29198346 -171.28309641 -171.28060556 -171.18671484 -171.18662363 -171.13454742 -171.07656329 -171.07521065 -171.07520855 -171.07478345 -171.02186303 -170.96019542 -170.95818766 -170.85516045 -170.84685839 -170.81848354 -170.79084635 -170.7295872 -170.72071434 -170.66206809 -170.64512227 -170.55486257 -170.49115439 -170.46351022 -170.45054693 -170.43199537 -170.34982566 -170.26284454 -170.25161483 -170.21116703 -170.14042297 -170.08825757 -169.82457584 -168.73949581] 
37:[-832.61931238 -832.61930382 -832.61927141 -832.61924947 -832.61797934 -832.61170882 -832.60635244 -832.60317158 -832.45585346 -832.41169767 -832.35084526 -832.31549493 -832.31032787 -832.30426436 -832.30107729 -832.29550758 -832.27339024 -832.25618543 -832.25445824 -832.22754781 -832.22637653 -832.19971605 -832.19965217 -832.19953435 -832.13883466 -832.1022389  -832.03924908 -832.03767019 -832.00156746 -832.00136816 -831.9817296  -831.95193532 -831.95066204 -831.82618283 -831.78894209 -831.75874791 -831.74023448 -831.71779122 -831.71771191 -831.68675921 -831.66355066 -831.56451611 -831.46834393 -831.19189682 -831.15454806 -831.15421535 -831.15276732 -831.148171   -831.10025101 -830.81392515 -830.74963141 -830.62399251 -830.60413434 -830.45492852 -830.32975766 -830.01459804] 
38:[-360.08126177 -359.5539963  -359.4891494  -359.4496799  -359.44356304 -359.27829195 -359.22766826 -359.21881376 -359.19142056 -359.19139229 -359.1883086  -359.18755731 -359.18731223 -359.17297241 -359.16663589 -359.15738667 -359.14560832 -359.05400204 -358.98940444 -358.98381648 -358.95884271 -358.95425583 -358.95298073 -358.88395473 -358.75713817 -358.68184947 -358.66411348 -358.60646039 -358.53688175 -358.52306227 -358.52243902 -358.49634727 -358.48958898 -358.4593167  -358.37049784 -358.34246203 -358.34008487 -358.25555591 -358.16328537 -358.14334562 -358.11717409 -358.08892306 -358.04166197 -358.03558535 -358.0260729 -357.99506021 -357.94624479 -357.90373538 -357.74869663 -357.58891954 -357.43593143 -357.43473051 -357.42552343 -357.41833911 -357.41275923 -357.39069796] 
39:[-258.75479905 -258.47648243 -258.47584462 -258.47514787 -258.47469479 -258.47279787 -258.46604918 -258.45877028 -258.44389713 -258.27038643 -258.23566369 -258.23319858 -258.23019642 -258.22213873 -258.21937051 -258.1338638  -258.1296254  -258.08164096 -258.07486276 -258.07430626 -258.07377959 -258.05584162 -258.03941834 -258.0359756  -258.03581757 -258.03470976 -258.03013686 -258.02304652 -258.01144595 -258.01094579 -258.00158566 -258.00067399 -257.99460525 -257.99130323 -257.9654988 -257.95350097 -257.91436542 -257.90272854 -257.89991839 -257.88731044 -257.87624572 -257.86004443 -257.85855955 -257.76785243 -257.76210662 -257.75315716 -257.74854494 -257.73259223 -257.71601875 -257.71310049 -257.70873891 -257.69954838 -257.61427359 -257.52942242 -257.41894699 -257.23275506] 
40:[-112.91670198 -112.91479835 -112.91475725 -112.89930445 -112.89296854 -112.88043814 -112.75783492 -112.5009877  -112.27997842 -112.22293374 -111.82097622 -111.81402712 -111.81030166 -111.81022758 -111.80994588 -111.80752448 -111.80517789 -111.79943046 -111.73613887 -111.49922967 -111.35964254 -111.32030402 -111.30641385 -111.25901383 -111.23369087 -111.20233175 -111.20034383 -111.18109278 -111.17855414 -111.07653178 -111.07575134 -111.02211971 -111.02038053 -110.88306117 -110.84063964 -110.81432959 -110.81230442 -110.72195826 -110.72140425 -110.67492522 -110.67241385 -110.65017492 -110.64218556 -110.61294455 -110.58456762 -110.50414169 -110.49643648 -110.39546718 -110.29709139 -110.26781409 -110.26313497 -110.00244662 -109.90061216 -109.71969155 -109.57493807 -109.54263557] 
41:[-167.83760225 -167.74541533 -167.72836736 -167.70585225 -167.6281987 -167.61481781 -167.59384468 -167.56079313 -167.54410564 -167.54154314 -167.53287071 -167.53225285 -167.5194072  -167.50238029 -167.47270782 -167.47218463 -167.43155121 -167.4220538  -167.37450867 -167.37221071 -167.37083166 -167.37078194 -167.369981   -167.36796548 -167.31547577 -167.30550467 -167.25259636 -167.24913472 -167.22401791 -167.11732513 -167.01480441 -166.89800834 -166.86779917 -166.86214655 -166.85827617 -166.77400179 -166.72904456 -166.6759904  -166.67157075 -166.62880027 -166.55583079 -166.55195605 -166.54971343 -166.52419265 -166.46385511 -165.9141145  -165.88844449 -165.83621146 -165.79777019 -165.77517801 -165.77246466 -165.77128675 -165.76899397 -165.76417194 -165.75618987 -165.67496128] 
42:[-1221.37171772 -1221.37061184 -1221.36551889 -1221.30658757 -1221.30317623 -1221.30092247 -1221.29924659 -1221.29787379 -1221.29657262 -1221.29080687 -1221.28890866 -1221.28076178 -1221.25796188 -1221.2494684  -1221.2287949  -1221.22447564 -1221.18054644 -1221.16086067 -1221.05754025 -1221.05585376 -1221.04875782 -1221.03781453 -1221.00419895 -1220.97218394 -1220.97086228 -1220.96960426 -1220.94555489 -1220.91637007 -1220.88081023 -1220.88040216 -1220.88022823 -1220.82619031 -1220.75798459 -1220.74868448 -1220.73493329 -1220.72825438 -1220.72546063 -1220.68047315 -1220.62649839 -1220.54330919 -1220.48930984 -1220.48074426 -1220.40630263 -1220.35178852 -1220.35113595 -1220.34719216 -1220.34477746 -1220.34442964 -1220.33275901 -1220.1932571  -1220.16709244 -1220.08006246 -1220.07907306 -1220.072892   -1220.05766228 -1219.73912856] 
43:[-201.35775697 -201.01253356 -201.0008878  -200.99410282 -200.92636814 -200.82039381 -200.75085263 -200.71495232 -200.67861937 -200.61912364 -200.58160159 -200.54865643 -200.46641954 -200.41882836 -200.37626762 -200.32031361 -200.29723813 -200.2867472  -200.26195256 -200.15112187 -200.14816172 -200.14768422 -200.1470259  -200.14549322 -200.14203093 -200.12974849 -200.12858387 -200.05865683 -200.01367782 -199.94973311 -199.94764321 -199.86070132 -199.8166503  -199.81534425 -199.61434095 -199.53631782 -199.52077474 -199.50519801 -199.48350726 -199.47364725 -199.41398011 -199.41093793 -199.40714403 -199.40499316 -199.35477413 -199.10319091 -199.09998984 -199.08809919 -199.07044865 -199.04125906 -199.01628155 -198.89529635 -198.69130855 -198.41334882 -197.77601539 -197.74063934] 
44:[-1049.48030101 -1049.44540613 -1049.42700896 -1049.40801566 -1049.40128125 -1049.3896073  -1049.38901401 -1049.35199928 -1049.34395071 -1049.34007989 -1049.33925909 -1049.33849826 -1049.33722444 -1049.33584696 -1049.3357484  -1049.3345986 -1049.33248184 -1049.32605028 -1049.31420226 -1049.31418021 -1049.30762969 -1049.30517504 -1049.25164746 -1049.22936917 -1049.20354346 -1049.18303155 -1049.13438855 -1049.11605039 -1049.10617607 -1049.10504727 -1049.09974471 -1049.09663859 -1049.09639503 -1049.09617813 -1049.09201558 -1049.03934525 -1049.02351775 -1049.00505214 -1048.92835461 -1048.92826582 -1048.91247063 -1048.90797092 -1048.90537236 -1048.89191221 -1048.86686492 -1048.85578149 -1048.82119625 -1048.64814749 -1048.64812595 -1048.64786843 -1048.64645657 -1048.64569222 -1048.63399304 -1048.34234345 -1048.30232723 -1046.75871733] 
45:[-345.57860767 -345.55896629 -345.54854326 -345.54117922 -345.5359226 -345.53579118 -345.52085532 -345.51423568 -345.45539429 -345.4373861 -345.42231325 -345.39161792 -345.31271922 -345.30319061 -345.30242352 -345.29553522 -345.25147018 -345.17697432 -345.15989366 -345.15183418 -345.14394291 -345.11344626 -345.0007169  -344.99571572 -344.98189613 -344.97947203 -344.97606832 -344.971965   -344.95433803 -344.92925648 -344.92570307 -344.92465162 -344.90302215 -344.8721017  -344.86498642 -344.85894323 -344.84743764 -344.84476058 -344.837917   -344.8350145 -344.83192801 -344.76342791 -344.74000463 -344.69755882 -344.65871361 -344.54080961 -344.45974455 -344.38682211 -344.3606469  -344.15601034 -344.0910904  -344.08770616 -344.0836163  -344.00268544 -343.6797346 -343.3542885 ] 
46:[-332.56699534 -332.55697723 -332.49129778 -332.49008804 -332.48121308 -332.3971242  -332.39685589 -332.32962842 -332.26278913 -332.22188305 -332.0911238  -332.08778898 -332.08549444 -332.08080873 -332.08052374 -332.07896722 -332.05872166 -332.0487013  -331.94590983 -331.8593914 -331.72446459 -331.62645977 -331.60831615 -331.60816202 -331.56513164 -331.51654394 -331.50477462 -331.49331279 -331.47742845 -331.44762781 -331.41304443 -331.3983212  -331.39641066 -331.38481768 -331.00465342 -330.99707324 -330.98869843 -330.94625045 -330.92586395 -330.91761721 -330.8918028  -330.79861621 -330.75144493 -330.71433488 -330.68779837 -330.6446983  -330.59212082 -330.59014625 -330.56886526 -330.55390978 -330.52798101 -330.49770677 -330.3973185  -330.2666391  -330.2434137 -330.14680045] 
47:[-288.41387701 -288.41252315 -288.2854775  -288.27108855 -288.25141803 -288.22850889 -288.22785022 -288.22636059 -288.22043964 -288.21947263 -288.21924838 -288.21786728 -288.2176444  -288.21573826 -288.20976435 -288.20798928 -288.20703831 -288.2017872  -288.20133271 -288.20123237 -288.19765171 -288.18431236 -288.17276116 -288.15762413 -288.15683466 -288.14827166 -288.14168081 -288.13914012 -288.12087963 -288.08679217 -288.0828238  -288.07778614 -288.05151815 -288.03721522 -288.03532534 -288.00139616 -287.93398132 -287.93311504 -287.92975524 -287.92452344 -287.92138812 -287.85724531 -287.85261932 -287.84176663 -287.84114061 -287.83722752 -287.81792922 -287.77389518 -287.54571001 -287.5435808 -287.50925687 -287.28428944 -287.22820406 -287.15784067 -287.07859018 -286.6149228 ] 
48:[-1173.03924672 -1173.00132258 -1172.99917779 -1172.9133517 -1172.90992499 -1172.90980845 -1172.90886089 -1172.90531636 -1172.87912534 -1172.87829847 -1172.87780786 -1172.87722134 -1172.87613845 -1172.87540609 -1172.86868463 -1172.86461671 -1172.86344154 -1172.85741374 -1172.84149654 -1172.81338202 -1172.64165307 -1172.59012708 -1172.57477707 -1172.56440125 -1172.56090343 -1172.5358149  -1172.53479427 -1172.53179687 -1172.52699777 -1172.52561183 -1172.44647812 -1172.33611316 -1172.32517871 -1172.32054884 -1172.31921265 -1172.30089027 -1172.26080413 -1172.25834842 -1172.25415288 -1172.25345127 -1172.23339455 -1172.16573206 -1172.10892661 -1172.0933598 -1172.06524809 -1172.05440617 -1172.05121038 -1172.04767021 -1171.99091095 -1171.88904541 -1171.80391037 -1171.77373343 -1171.48500959 -1171.27369582 -1170.94971146 -1170.93205212] 
49:[-44.02366036 -44.01657347 -44.01316357 -44.01286914 -44.00919348 -44.00235243 -43.99847189 -43.99642793 -43.99487705 -43.99238903 -43.98983083 -43.97976576 -43.97879614 -43.97495263 -43.9510336 -43.91163596 -43.90923156 -43.90450845 -43.89573791 -43.88749478 -43.88399992 -43.87599236 -43.8508754  -43.84932313 -43.82595836 -43.80973211 -43.80946885 -43.80503313 -43.79396308 -43.7884753 -43.76163913 -43.74391103 -43.74259978 -43.73368997 -43.73180753 -43.69590656 -43.67231378 -43.67144421 -43.6157835  -43.5590372 -43.55232194 -43.5011868  -43.42993839 -43.37759335 -43.3640145 -43.34675451 -43.33612795 -43.32117659 -43.18317875 -43.17394521 -42.71101912 -42.69763111 -42.69530074 -42.68936874 -42.66377277 -42.23659813] 
50:[-296.79462269 -296.64813098 -296.61401368 -296.59185378 -296.56116553 -296.49191611 -296.40696046 -296.38875074 -296.37949646 -296.37896181 -296.37657797 -296.3718803  -296.3633372  -296.35024807 -296.32125183 -296.31998655 -296.31648387 -296.31624544 -296.31335309 -296.31309126 -296.31092338 -296.29865469 -296.27270779 -296.26732005 -296.25582068 -296.25144346 -296.24395931 -296.19365992 -296.19218415 -296.19112216 -296.18446037 -296.18017909 -296.17910161 -296.15228154 -296.14987777 -296.10374846 -296.102169   -296.09065568 -296.06755408 -296.0451062 -296.02741942 -296.02444544 -296.01696672 -295.99612738 -295.88453187 -295.85691408 -295.85224327 -295.81229947 -295.81161859 -295.60495584 -295.53202836 -295.26763807 -295.19105906 -295.12776744 -295.12693365 -294.95811498] 
51:[-199.59357923 -199.5718711  -199.57017528 -199.54656843 -199.51727087 -199.51362125 -199.50934467 -199.50569786 -199.50564482 -199.50444513 -199.4967499  -199.49603809 -199.47497871 -199.46673898 -199.46386842 -199.46069794 -199.45733058 -199.45461719 -199.43900889 -199.4255246 -199.42358337 -199.4231192  -199.41966891 -199.39558234 -199.38321747 -199.38056218 -199.38029399 -199.36665572 -199.35205191 -199.34414669 -199.34020986 -199.31671088 -199.31233563 -199.30007163 -199.2804351 -199.27165553 -199.2567877  -199.25525552 -199.25087865 -199.23773943 -199.23536873 -199.23321246 -199.21999378 -199.19475236 -199.16236789 -199.15940048 -199.1081123  -199.06188701 -199.05020723 -198.89293022 -198.80703715 -198.78740115 -198.65332984 -198.64709558 -198.59967482 -198.52605327] 
52:[-233.36890721 -233.30971433 -233.30349997 -233.29384037 -233.29046707 -233.2530331  -233.24552348 -233.22013991 -233.21746587 -233.21522755 -233.21505033 -233.21364152 -233.21324546 -233.20941545 -233.19136581 -233.06702294 -233.06511258 -233.03991598 -232.82717671 -232.82682199 -232.81717131 -232.77030487 -232.77025968 -232.69454465 -232.66449898 -232.53571253 -232.53038181 -232.52545291 -232.51442259 -232.44367977 -232.44226664 -232.44139924 -232.43565209 -232.42874525 -232.42728246 -232.41376999 -232.37657336 -232.26747871 -232.11927267 -231.97078433 -231.94657482 -231.90924303 -231.90505162 -231.87316898 -231.81753966 -231.81442337 -231.80309819 -231.74593613 -231.73347163 -231.73344781 -231.7286196  -231.68543258 -231.59682118 -231.43963604 -231.33630549 -230.88671847] 
53:[-1486.04084006 -1486.03636719 -1486.03526975 -1486.03238364 -1486.03058222 -1486.03026371 -1486.0297097  -1486.02878805 -1486.02866658 -1486.01995589 -1486.01897783 -1486.01885801 -1486.00622312 -1485.97990913 -1485.97335883 -1485.97237988 -1485.96575275 -1485.96525903 -1485.95306008 -1485.94587532 -1485.9457498  -1485.8952049  -1485.88012277 -1485.88003954 -1485.87923199 -1485.87816423 -1485.8660601  -1485.86569542 -1485.85642731 -1485.82430267 -1485.80742384 -1485.78393023 -1485.7562427  -1485.74445768 -1485.74445255 -1485.7300773 -1485.71485525 -1485.71097715 -1485.70833707 -1485.68926821 -1485.67191398 -1485.66895685 -1485.62583044 -1485.58653843 -1485.4666408  -1485.10710755 -1485.07437125 -1485.07161965 -1485.05537209 -1485.05050435 -1484.99645207 -1484.89872759 -1484.78539847 -1484.77034549 -1484.6748537  -1484.49506756] 
54:[-100.73075939 -100.69325289 -100.68243273 -100.68116632 -100.659859 -100.58674057 -100.57911891 -100.57877624 -100.57739467 -100.57461056 -100.56866742 -100.55578606 -100.54945913 -100.53200433 -100.51521304 -100.49784359 -100.49358259 -100.48944578 -100.48577142 -100.45737243 -100.44944604 -100.44874037 -100.43498187 -100.42131254 -100.42052869 -100.41581514 -100.41396292 -100.40769381 -100.40058539 -100.38350886 -100.33570132 -100.32211361 -100.313947   -100.30402336 -100.30091155 -100.29102332 -100.26992874 -100.26279376 -100.24426817 -100.23100757 -100.22754967 -100.21728341 -100.18792687 -100.17784084 -100.17677424 -100.14588177 -100.11471573 -100.11155151 -100.04790834 -100.03343587 -100.00721177  -99.79668946  -99.74163373  -99.73704458  -99.65600396  -99.51692869] 
55:[-1049.48030101 -1049.44540613 -1049.42700896 -1049.40801566 -1049.40128125 -1049.3896073  -1049.38901401 -1049.35199928 -1049.34395071 -1049.34007989 -1049.33925909 -1049.33849826 -1049.33722444 -1049.33584696 -1049.3357484  -1049.3345986 -1049.33248184 -1049.32605028 -1049.31420226 -1049.31418021 -1049.30762969 -1049.30517504 -1049.25164746 -1049.22936917 -1049.20354346 -1049.18303155 -1049.13438855 -1049.11605039 -1049.10617607 -1049.10504727 -1049.09974471 -1049.09663859 -1049.09639503 -1049.09617813 -1049.09201558 -1049.03934525 -1049.02351775 -1049.00505214 -1048.92835461 -1048.92826582 -1048.91247063 -1048.90797092 -1048.90537236 -1048.89191221 -1048.86686492 -1048.85578149 -1048.82119625 -1048.64814749 -1048.64812595 -1048.64786843 -1048.64645657 -1048.64569222 -1048.63399304 -1048.34234345 -1048.30232723 -1046.75871733] 
RANKING VECTORS IDX
0:[22. 34. 39. 37.  6. 42. 53. 17.  4.  7. 20. 12. 10.  0.  3. 46. 11. 54. 29. 50. 13.  8. 49. 27. 38. 19. 52. 30. 48. 33. 21. 55.  5. 31. 24. 40. 25. 45. 35. 16.  9. 14. 51. 28. 23. 41. 32. 36.  2. 43. 44. 26.  1. 18. 15. 47.] 
1:[29. 54. 34. 33. 24. 31. 30. 13. 27. 25.  6. 18. 32. 17.  1. 36. 26. 35.  7.  9. 48. 21. 49.  0. 40. 38. 14.  2.  5. 44. 46.  8.  4. 42. 10. 20. 19. 16. 53. 22. 11. 15. 12. 52. 41.  3. 45. 50. 39. 37. 47. 28. 23. 51. 43. 55.] 
2:[16. 37.  0. 48. 44.  2. 21.  5. 27. 51. 39. 23. 20. 25. 28. 31. 40.  7.  4.  6. 42. 17. 53. 24. 19. 30. 33. 13. 35. 26.  1. 32. 36. 18. 47. 54. 29. 38. 10. 22. 14. 46.  8. 49. 12. 41.  3. 55. 15. 11. 34. 52.  9. 43. 50. 45.] 
3:[ 8. 49. 46.  3. 11. 29. 54.  0. 21. 48. 44.  2. 22. 38. 33. 12. 24. 13. 34. 28. 35. 20. 10. 50. 16.  7.  4.  6. 17. 14. 42. 53. 37. 27. 26.  1. 36. 32. 40. 31. 18. 15.  5. 39. 51. 23. 19. 47. 52. 45. 41. 43. 30. 25. 55.  9.] 
4:[42.  7. 37. 16.  6.  4. 19. 17. 22. 21. 48. 53. 49. 39. 12. 55. 33. 24. 41. 20. 38. 30. 25.  9. 10. 54. 27. 29. 52.  3. 34.  0. 14.  2. 44.  5. 15. 11. 45. 31. 40. 43. 46. 51. 23.  8. 28. 50. 13. 35. 32. 36. 18. 26.  1. 47.] 
5:[ 2.  5. 32. 18.  1. 17. 26. 36. 46. 49.  8. 33. 13.  3. 11. 39. 48.  0. 37.  6.  4. 42. 19. 53. 24. 15. 44. 21. 25.  7. 29. 10. 14. 40. 16. 54. 41. 20. 52. 12. 34. 50. 45. 27. 31. 38. 35. 30.  9. 28. 47. 23. 51. 43. 22. 55.] 
6:[14. 21. 48.  2. 44.  0.  5. 16. 53.  7.  4. 19. 42.  6. 54. 15. 29. 37. 39. 12. 38. 40. 31. 11.  3. 46.  8. 13. 24. 33. 55. 51. 34. 17. 27. 23. 28. 52. 20. 10. 41. 22. 35. 49. 32. 18.  1. 26. 36. 47. 30. 50. 43. 25.  9. 45.] 
7:[ 7.  4.  6. 42. 53. 19. 25. 16. 24. 33. 13.  9. 30. 48. 37. 49. 12. 40. 54. 29. 15.  3. 39. 21. 38. 44.  2. 31. 14. 11.  5. 34. 55. 28. 23. 20. 35. 17. 41. 10.  0. 22. 51. 52. 46. 27.  8. 45. 50. 43. 47. 18. 26. 32.  1. 36.] 
8:[46. 49.  8.  3. 54. 29. 11. 48.  2.  0. 22. 34. 30. 24. 28. 38. 13. 33. 27. 12. 16. 15. 14. 21.  5. 51. 23. 44. 31. 39. 37. 19. 40.  6.  4.  7. 32. 36. 18. 42.  9.  1. 17. 26. 20. 47. 35. 10. 53. 43. 41. 55. 52. 45. 50. 25.] 
9:[ 9. 30. 33. 25. 24. 27. 40. 39. 37. 52. 42.  1.  7. 36.  4.  6. 19. 32. 18. 31. 47.  0. 48. 21. 11.  5. 45.  2. 35. 34. 14. 15. 28. 41. 50. 20. 10. 43. 13. 26. 46. 54. 49.  8. 44. 16. 38. 17.  3. 51. 23. 29. 12. 53. 55. 22.] 
10:[20. 10. 52. 25.  6.  4.  7. 42. 53. 19. 17. 37. 31. 39. 41. 16. 35. 12. 33. 48. 21. 45. 22. 27. 34.  3. 14. 55. 15. 30. 38. 49. 24. 13. 11.  9. 29. 40. 50. 54. 43.  0. 44.  2.  5. 51. 28.  8. 23. 46.  1. 26. 18. 36. 47. 32.] 
11:[ 3. 11.  8. 49. 46.  0. 48. 38.  2. 29. 22. 34. 50. 12. 27. 40. 28. 35. 39. 31. 24. 54.  5. 42. 53. 19. 37.  6.  4.  7. 33. 52. 18. 32. 36. 26. 16. 13. 30. 14.  1. 17.  9. 44. 15. 51. 23. 47. 21. 10. 41. 43. 20. 25. 45. 55.] 
12:[42. 19. 37.  7.  6. 17. 16. 39.  4. 12. 24. 48.  3. 21. 38. 29. 53. 31. 54.  0. 44. 13.  5. 22. 15. 14.  2. 49. 46.  8. 55. 11. 45. 51. 23. 28. 40. 27. 35. 25.  9. 10. 20. 33. 41. 30. 52. 34. 43. 47.  1. 26. 32. 18. 36. 50.] 
13:[13. 24.  7. 17. 37.  5. 19. 39. 42. 53.  6. 44.  4. 16. 21.  2. 48. 33. 41. 52. 14. 26.  1. 32. 36. 18. 40. 30. 35. 11.  3. 20. 10. 15. 50.  9. 25. 31. 54. 46.  8.  0. 49. 34. 29. 12. 27. 45. 47. 38. 43. 28. 23. 51. 55. 22.] 
14:[14. 44.  5. 16. 21. 48. 15.  2. 33. 13. 49. 46. 37.  8.  6.  7.  4. 42. 54. 39. 53. 29.  0. 19.  3. 11.  9. 25. 38. 17. 12. 40.  1. 26. 32. 18. 31. 36. 51. 23. 28. 24. 35. 52. 30. 41. 10. 20. 47. 55. 22. 34. 27. 50. 43. 45.] 
15:[27. 15. 24. 33. 41. 52. 10. 50. 37. 35. 49. 16. 20. 48. 39. 21. 34.  6.  4. 42. 53.  7. 19.  3. 11.  0. 12. 43. 14. 31. 13. 17.  9. 22.  2.  5. 44. 25. 40. 54. 38. 29. 46.  8. 30. 55. 45. 32.  1. 36. 18. 28. 47. 23. 51. 26.] 
16:[21. 48. 16. 15. 37.  6. 19.  7.  4. 42. 17. 39. 53.  3. 14. 11. 44.  2.  5. 27. 49. 46.  8. 12. 25. 55. 35. 54. 29. 38. 22.  9. 40.  0. 30. 24. 33. 10. 20. 31. 13. 41. 51. 23. 52. 28. 34. 43. 50. 47. 26.  1. 18. 36. 32. 45.] 
17:[48. 21.  0.  7. 18. 26. 36. 32. 17.  1. 49. 29. 54. 24. 33. 34. 13.  9. 30. 53. 19. 16.  6. 42.  4. 37. 39. 41. 11. 52. 45. 15.  3. 50. 46. 31. 40. 14.  2.  5.  8. 10. 20. 12. 27. 35. 25. 44. 38. 22. 47. 28. 51. 23. 43. 55.] 
18:[ 5. 44.  2. 26. 18. 17.  7.  1. 33. 24. 13. 14. 48.  0. 21. 39. 15.  6. 37. 19.  4. 53. 27. 42. 16. 11.  3. 12. 31. 46. 49.  8. 54. 29. 40. 41. 52. 36. 32. 35.  9. 25. 38. 30. 50. 10. 20. 45. 34. 47. 28. 51. 23. 55. 22. 43.] 
19:[48. 21. 33. 13. 15. 24. 37. 19. 53.  6. 42.  4. 39. 16. 41. 52. 40. 35. 17.  7.  5.  9. 25. 54.  2. 44. 30. 14. 10. 20. 38. 36. 18.  1. 32. 26.  3. 11. 50. 31. 12.  0. 46. 49. 43. 29. 34. 27. 45. 47. 28.  8. 51. 23. 22. 55.] 
20:[20. 10. 52. 25.  6.  4.  7. 42. 53. 19. 17. 37. 31. 39. 41. 16. 35. 12. 33. 48. 21. 45. 22. 27. 34.  3. 14. 55. 15. 30. 38. 49. 24. 13. 11.  9. 29. 40. 50. 54. 43.  0. 44.  2.  5. 51. 28.  8. 23. 46.  1. 26. 18. 36. 47. 32.] 
21:[21.  0. 48.  6. 44.  5. 19.  7.  4. 42. 37.  2. 53. 39. 14. 15. 16. 41. 12. 52. 20. 35. 10. 54. 29. 11.  3. 27. 33. 13. 24. 17. 46. 49.  8. 40. 31. 25. 34.  9. 30. 50. 38. 26.  1. 36. 32. 18. 55. 22. 43. 45. 23. 51. 28. 47.] 
22:[22. 12. 37.  7.  4.  6. 42. 53. 39. 19. 17. 20. 31.  3. 24. 10. 38. 55. 52. 28. 23. 51. 41. 27. 11. 34. 16. 29. 54. 40.  5. 44.  2. 48. 35. 21. 46. 49.  8. 14. 13. 15. 43. 33. 47. 25. 30. 50. 36. 26. 18.  1. 32.  0. 45.  9.] 
23:[20. 23. 51. 28. 39. 25. 37.  9. 16. 27. 31. 35. 40.  0. 48. 44.  5.  2. 33.  7.  4. 53. 19. 42.  6. 47. 22. 24. 13. 17. 15. 29. 54. 10. 38. 18. 26.  1. 36. 32.  3. 41. 12. 55. 14. 52. 46.  8. 49. 11. 21. 34. 30. 43. 50. 45.] 
24:[33. 24. 13. 30. 36.  1. 17. 18. 26. 32.  7. 54. 35. 29. 34. 31. 40.  5. 44.  2. 46.  8. 14. 27. 48.  0. 21. 38. 39. 16.  6. 11.  3. 42. 37. 19.  4. 53. 15. 10. 20. 22. 49. 12. 52. 41.  9. 45. 25. 50. 55. 28. 51. 23. 47. 43.] 
25:[ 9. 30. 40. 25. 53. 19. 36. 32. 18. 26.  1. 52. 24.  3. 34. 35.  0. 21.  5. 11. 45. 27. 38. 42.  6.  7.  4. 48. 16. 54. 29. 28. 17. 37. 41. 22. 43. 39. 15.  8. 49. 50. 20. 12. 10. 46.  2. 44. 55. 13. 31. 14. 51. 23. 33. 47.] 
26:[ 7. 26. 18.  1. 17. 32. 36. 49. 46. 33. 24. 13.  2.  5.  8. 48. 53. 21. 19. 16. 11.  3.  6. 42.  4. 37. 14.  0. 20. 10. 39. 29. 41. 54. 52. 44. 31. 40. 50. 15. 34. 27. 12. 30. 45. 38. 47. 25.  9. 28. 22. 51. 23. 35. 43. 55.] 
27:[27. 31. 35. 33. 13.  3. 24. 34. 12. 11. 15. 41. 43. 14. 52. 10. 20. 48. 21. 38.  0. 16. 42. 53.  7.  6.  4. 19. 37. 22. 54. 49. 29. 39. 55.  8. 46. 25. 30.  9. 28. 45. 51. 44.  2. 23.  5. 40. 50. 26. 17.  1. 18. 47. 36. 32.] 
28:[37. 16.  0.  5. 21.  2. 44. 48. 28. 29. 54. 24. 33. 30. 13. 46.  8. 49. 14. 36. 18. 32.  1. 17.  7. 53. 42. 20. 19. 26. 12. 38. 10.  4. 31. 40.  6. 39. 51. 23. 35. 15. 11. 47. 27. 22.  3. 34.  9. 55. 41. 52. 43. 50. 25. 45.] 
29:[29. 54. 48. 21. 44. 14.  5.  2. 16.  7. 42. 53. 19.  6.  4. 39. 49. 37. 30. 17. 31. 28. 23. 40. 15. 51. 13.  0.  8. 46. 34. 11. 24.  3.  9. 38. 33. 41. 52. 18. 36. 20.  1. 32. 26. 10. 25. 35. 22. 12. 50. 55. 45. 47. 27. 43.] 
30:[30.  9. 25. 40. 31. 39. 37. 52. 18. 32.  6.  4. 36.  7. 26. 42.  1. 17. 33. 24. 27.  8. 28. 21. 12.  2.  5. 44. 35. 41. 45. 10. 20. 48.  0. 15. 46. 49. 16. 50. 43. 38. 13. 54. 29. 14.  3. 47. 22. 11. 34. 19. 53. 51. 23. 55.] 
31:[31. 40.  7. 26. 18. 32.  1. 17. 36. 38.  4. 30. 27. 33.  9. 24. 25. 29.  5. 54. 44.  2. 14. 46.  8. 34. 13. 35. 48. 39. 21. 22. 49. 37. 11. 19. 53. 42.  3. 23. 28. 51.  0. 20. 10.  6. 12. 16. 47. 55. 15. 41. 52. 45. 50. 43.] 
32:[ 6. 42. 53. 19. 36. 32.  4.  7. 37. 40. 39. 33. 52. 27. 31. 30.  9. 13. 24. 25. 28. 12. 20. 10.  5. 49.  8. 46. 44.  0. 48. 21.  2. 54. 38. 14.  3. 43. 11. 18. 26.  1. 17. 29. 34. 15. 35. 16. 41. 22. 50. 47. 45. 23. 51. 55.] 
33:[24. 33. 54. 29. 51. 28. 23. 30. 40. 49. 22.  5.  2. 44. 14.  9. 15. 16. 21. 19. 53.  4. 31.  6. 42. 17. 39. 37.  7. 48. 34. 12. 38. 55. 46.  8. 11.  0.  3. 20. 10. 25. 41. 13. 52. 27. 35. 45. 47. 36.  1. 26. 32. 18. 50. 43.] 
34:[34. 29. 54. 17. 31. 40.  2.  5. 44. 11. 19.  6.  7.  4. 53. 37. 50. 42. 39. 12. 35. 52. 14. 15. 24. 16. 13. 38. 22. 21. 41. 48. 55. 33.  3. 23. 28. 51. 30. 25.  8. 46. 10. 20. 27. 49.  0. 45. 32. 26.  1. 36. 18.  9. 43. 47.] 
35:[35. 11. 52. 25. 40. 43. 12. 30. 27.  3.  9. 48.  6. 42.  7.  4. 31. 10. 17. 38. 37. 41. 15. 16. 54. 34. 29. 33. 24. 20. 49. 28.  0. 39.  8. 22. 50.  2. 55.  5. 47. 45. 14. 13. 51. 23. 46. 26. 18. 36. 32. 53. 19.  1. 44. 21.] 
36:[42. 53.  7. 36. 19.  4. 32.  6. 31. 37. 39. 40. 24. 12. 33. 13. 52. 27. 30.  9. 25. 28.  8. 49. 46.  0. 48. 54. 26.  1. 17. 18. 35.  2.  5. 38.  3. 11. 47. 21. 16. 44. 15. 14. 43. 29. 41. 22. 45. 10. 34. 50. 23. 51. 20. 55.] 
37:[ 7.  4.  6. 42. 53. 37. 19. 39. 33. 40. 22.  3. 12. 44. 25.  5. 17.  2. 55. 54. 29. 51. 28. 23. 11. 31. 49. 14. 46.  8. 38. 20. 10. 13. 15. 34. 52. 21. 48. 16. 27. 24. 41. 47. 36. 18. 26.  1. 32. 35.  0. 43. 50. 30.  9. 45.] 
38:[38. 34. 22. 20. 10. 12. 55. 39.  7.  4.  6. 37. 42. 53. 17. 19. 31. 52. 40.  3. 51. 23. 28. 48. 21. 11. 13. 35. 14. 29. 54. 27. 43. 33. 44.  2. 24. 50. 30. 41. 25.  8.  5. 49. 15. 45.  9. 16. 46.  0. 18. 36. 47. 26.  1. 32.] 
39:[25.  6.  4. 53.  7. 19. 42. 39. 37. 16. 48. 24. 33. 12. 34. 15. 45. 54.  0. 21. 29. 17. 44.  5. 30. 22. 10.  2. 14. 13. 11. 46. 31. 50. 20. 49. 40. 27. 38. 52. 55. 41. 35.  1. 26.  8. 32. 18. 36. 28. 51. 23.  9. 43.  3. 47.] 
40:[ 9. 30. 33. 25. 24. 27. 40. 39. 37. 52. 42.  1.  7. 36.  4.  6. 19. 32. 18. 31. 47.  0. 48. 21. 11.  5. 45.  2. 35. 34. 14. 15. 28. 41. 50. 20. 10. 43. 13. 26. 46. 54. 49.  8. 44. 16. 38. 17.  3. 51. 23. 29. 12. 53. 55. 22.] 
41:[41. 20. 40. 27. 35. 52. 15.  0. 33. 24. 10. 13. 16. 38. 48. 21. 49. 37.  6.  4. 42. 53.  7. 19. 12. 39. 11.  3. 43. 14. 55. 34. 44.  2.  5. 50. 17. 54. 29. 22. 31.  8. 46. 25. 30. 51. 28. 23. 45.  1. 26. 18. 32. 36. 47.  9.] 
42:[21.  0. 48.  6. 44.  5. 19.  7.  4. 42. 37.  2. 53. 39. 14. 15. 16. 41. 12. 52. 20. 35. 10. 54. 29. 11.  3. 27. 33. 13. 24. 17. 46. 49.  8. 40. 31. 25. 34.  9. 30. 50. 38. 26.  1. 36. 32. 18. 55. 22. 43. 45. 23. 51. 28. 47.] 
43:[43. 33. 24. 13. 40.  0. 35. 41. 20. 27. 16. 52. 31. 10. 37. 12. 49. 38. 50.  4.  7.  6. 42. 53. 19. 30. 25. 15.  9. 48. 21. 54. 39. 29. 45.  3. 34. 11. 17.  8.  2.  5. 44. 28. 14. 36. 32. 18. 26. 46. 55.  1. 47. 22. 51. 23.] 
44:[14. 44.  2. 46. 49. 16.  5. 39. 15. 53.  6. 19. 48.  7.  4. 42. 37. 21.  8. 54. 29. 38. 11.  3. 12. 55. 22.  0. 23. 28. 51. 24. 13. 33. 30. 40. 31. 35. 10. 20. 52. 25.  9. 34. 41. 17. 27.  1. 18. 36. 26. 32. 47. 50. 43. 45.] 
45:[45. 26. 32. 18.  1. 17.  7. 36. 35. 21. 48. 24. 13. 33.  3. 30. 50.  8. 41. 52. 46. 49. 40. 10. 20.  5. 11.  2. 39. 47.  4.  6. 31. 19. 42. 53. 37. 27. 16.  0. 44. 15. 14. 25.  9. 34. 12. 29. 54. 38. 51. 28. 23. 43. 22. 55.] 
46:[46.  8. 11. 49.  3. 48.  0. 21. 54. 29. 24.  6. 19. 53. 42.  7.  4. 31. 52. 50. 13. 30. 25.  9. 33. 40. 32. 36. 27. 44. 45.  2.  5. 34. 16. 28. 15. 41. 14. 35. 17. 39. 37. 22. 18. 38. 20. 26.  1. 43. 10. 12. 55. 51. 23. 47.] 
47:[48. 21. 14. 44. 33.  6. 37. 16.  1. 36. 17. 19.  5. 26. 18.  7.  2. 47. 42. 53.  4. 39. 32. 24. 13. 20. 15. 10. 54. 35. 40. 52. 41. 31. 38. 27. 28. 23. 30.  3. 51. 49. 11.  0. 46.  9.  8. 29. 25. 50. 12. 43. 34. 22. 45. 55.] 
48:[14. 21. 48.  2. 44.  0.  5. 16. 53.  7.  4. 19. 42.  6. 54. 15. 29. 37. 39. 12. 38. 40. 31. 11.  3. 46.  8. 13. 24. 33. 55. 51. 34. 17. 27. 23. 28. 52. 20. 10. 41. 22. 35. 49. 32. 18.  1. 26. 36. 47. 30. 50. 43. 25.  9. 45.] 
49:[49. 48.  6. 19. 21. 53. 42.  4. 37.  7. 12. 39. 16. 33. 55. 22. 34. 10. 20. 30. 41. 38. 54.  9. 27. 15. 35. 29.  5. 52.  2. 44.  3. 40. 14. 31. 25. 11.  0. 50. 43. 17. 45. 46.  8. 28. 51. 23. 24. 13. 32. 18.  1. 26. 36. 47.] 
50:[50. 41. 52. 35. 27. 48. 49. 39. 17. 45. 11. 16.  3. 37. 19. 15.  4. 42. 53.  7. 10.  6. 30. 21. 24. 33. 20. 32. 26. 34. 18.  1. 36. 31. 13.  2.  0.  5. 44. 14.  8. 46.  9. 25. 40. 29. 54. 43. 12. 47. 22. 38. 28. 23. 51. 55.] 
51:[44. 29. 54. 21. 25.  6. 37. 42. 53.  4. 19. 15.  2.  3.  5. 39. 16. 48. 14. 31. 46. 11.  8. 51.  0. 17. 28. 23. 35. 49. 13.  9. 41. 24. 33. 40. 18. 36. 20.  1. 32. 26. 10.  7. 34. 30. 12. 45. 50. 47. 38. 22. 55. 52. 27. 43.] 
52:[52. 25. 30. 39. 37. 27. 40.  9. 31.  6.  7.  4. 42. 19. 53. 24. 13. 33.  0. 21. 48. 32. 36. 35. 38. 20. 54. 10. 28. 22.  3.  2.  8. 49. 46. 12. 16. 11. 15.  5. 43. 51. 29. 23. 34. 41. 45. 18. 17.  1. 26. 44. 50. 47. 14. 55.] 
53:[13.  7. 17. 24. 37. 39. 21. 19. 48. 53.  4.  6. 33.  5. 44. 42. 52. 41.  2. 14. 25. 30.  1. 26. 36. 18.  3. 32. 11. 35. 10. 20. 50. 54. 29. 31. 49. 40. 34.  0.  8. 46. 12. 16. 45. 15. 23. 51. 28. 38. 47. 27. 55. 22. 43.  9.] 
54:[ 2. 14.  5. 44. 15. 48. 53. 42. 54. 19. 21. 37. 29. 17. 33. 35. 24. 41. 13. 52. 27. 16. 12.  6. 20.  7.  4. 31. 10. 39. 40. 25. 49. 11. 38.  3. 34.  9. 50. 30. 32. 36. 18. 26.  1. 46.  0.  8. 28. 23. 51. 47. 45. 55. 43. 22.] 
55:[14. 44.  2. 46. 49. 16.  5. 39. 15. 53.  6. 19. 48.  7.  4. 42. 37. 21.  8. 54. 29. 38. 11.  3. 12. 55. 22.  0. 23. 28. 51. 24. 13. 33. 30. 40. 31. 35. 10. 20. 52. 25.  9. 34. 41. 17. 27.  1. 18. 36. 26. 32. 47. 50. 43. 45.] 
POSCARS
EA120   2.777  2.779  7.553 90.00 90.03 90.00 Sym.group:  129
1.0
   2.7774310000000000    0.0004750000000000    0.0052100000000000
  -0.0006890000000000    2.7785820000000001    0.0010650000000000
  -0.0177050000000000   -0.0033940000000000    7.5533999999999999
N S
4 2
direct
   0.9973340000000001    0.4973700000000000    0.2866310000000000 N
   0.4967430000000000    0.9973280000000000    0.7133250000000000 N
   0.9976180000000000    0.4955750000000000    0.4327480000000000 N
   0.4974360000000000    0.9955030000000000    0.5672110000000000 N
   0.9967770000000000    0.4980550000000000    0.9368010000000000 S
   0.4969250000000000    0.9980770000000000    0.0631590000000000 S
EA11    3.954  3.949  2.137 90.00 90.00 119.91 Sym.group:  191
1.0
   3.9536419999999999   -0.0050200000000000    0.0025890000000000
  -1.9646290000000000    3.4252150000000001   -0.0010560000000000
  -0.0014310000000000   -0.0000350000000000    2.1366869999999998
Na B
2 1
direct
   0.3191000000000000    0.6585060000000000    0.8244250000000000 Na
   0.6521230000000000    0.3251110000000000    0.8271440000000000 Na
   0.9856290000000000    0.9918160000000000    0.3264240000000000 B
EA102   2.890  3.713  2.824 112.01 90.00 67.15 Sym.group:  139
1.0
   2.8898480000000002    0.0176440000000000    0.0036530000000000
   1.4211090000000000    3.4304070000000002   -0.0369890000000000
   0.0037030000000000   -1.1194560000000000    2.5931730000000002
Na O
2 1
direct
   0.2110190000000000    0.2481750000000000    0.7167980000000000 Na
   0.8983340000000000    0.8726470000000000    0.0298370000000000 Na
   0.5542540000000000    0.5603790000000000    0.3732810000000000 O
EA16    2.735  2.738  7.377 90.00 90.00 60.11 Sym.group:  194
1.0
   2.7346240000000002    0.0007270000000000   -0.0017130000000000
   1.3637280000000001    2.3742749999999999   -0.0006100000000000
   0.0047750000000000   -0.0007220000000000    7.3772510000000002
N Mg
4 2
direct
   0.6695160000000000    0.6618140000000000    0.1650350000000000 N
   0.6700930000000000    0.6617090000000000    0.3306820000000000 N
   0.3364490000000000    0.3308240000000000    0.6650470000000001 N
   0.3362880000000000    0.3310100000000000    0.8306730000000000 N
   0.0026770000000000    0.9965780000000000    0.9979130000000000 Mg
   0.0032910000000000    0.9963379999999999    0.4979130000000000 Mg
EA157   2.728  2.719  4.467 89.53 90.60 119.78 Sym.group:  164
1.0
   2.7274699999999998   -0.0184590000000000    0.0064640000000000
  -1.3344790000000000    2.3693059999999999   -0.0056770000000000
  -0.0573660000000000    0.0208810000000000    4.4667599999999998
Mg H
2 1
direct
   0.0559830000000000    0.0479370000000000    0.1694330000000000 Mg
   0.3925780000000000    0.7182539999999999    0.6941120000000000 Mg
   0.7268520000000001    0.3826200000000000    0.4296680000000000 H
EA253   4.107  4.729  4.097 90.06 90.01 65.21 Sym.group:  139
1.0
   4.0958810000000003    0.3029240000000000    0.0076360000000000
   1.6611440000000000    4.4278639999999996    0.0159780000000000
  -0.0068030000000000   -0.0169200000000000    4.0974050000000002
P Na
4 2
direct
   0.3779100000000000    0.4081630000000000    0.7540140000000000 P
   0.8778540000000000    0.4081460000000000    0.2540860000000000 P
   0.2863680000000000    0.5955840000000000    0.2542570000000000 P
   0.7864280000000000    0.5955950000000000    0.7541920000000000 P
   0.5820000000000000    0.0018540000000000    0.2530240000000000 Na
   0.0825030000000000    0.0018310000000000    0.7537060000000000 Na
EA42    3.127  3.125  4.830 89.97 89.94 60.04 Sym.group:  164
1.0
   1.5659959999999999    2.7062970000000002   -0.0016600000000000
  -1.5618390000000000    2.7071790000000000   -0.0015190000000000
   0.0023860000000000    0.0070330000000000    4.8304400000000003
Mg S
2 1
direct
   0.6734869999999999    0.3313350000000000    0.8707940000000000 Mg
   0.3397780000000000    0.9979100000000000    0.4565910000000000 Mg
   0.0067440000000000    0.6645890000000000    0.1636390000000000 S
EA3     2.934  2.934  3.748 90.00 90.00 60.00 Sym.group:  164
1.0
   1.4671660000000000   -2.5409649999999999    0.0006470000000000
   2.9341309999999998    0.0001350000000000    0.0009950000000000
  -0.0011320000000000    0.0002090000000000    3.7480030000000002
Si B
2 1
direct
   0.6799550000000000    0.6571020000000000    0.2465980000000000 Si
   0.0132860000000000    0.9903729999999999    0.7841360000000001 Si
   0.3466210000000000    0.3237370000000000    0.5153670000000000 B
EA27    2.333  2.301  3.424 90.00 90.15 90.26 Sym.group:  123
1.0
   2.3302950000000000    0.0645100000000000    0.0817550000000000
  -0.0740750000000000    2.3001550000000002    0.0009820000000000
  -0.1288650000000000   -0.0056870000000000    3.4215019999999998
O Li
2 1
direct
   0.8339070000000000    0.7590920000000000    0.9277170000000000 O
   0.8334940000000000    0.7587830000000000    0.5531030000000000 O
   0.3337660000000000    0.2583450000000000    0.2402960000000000 Li
EA212   2.440  2.440  5.571 90.01 102.64 120.00 Sym.group:  166
1.0
   2.4392849999999999   -0.0288540000000000    0.0207810000000000
  -1.1944930000000000    2.1270989999999999   -0.0157260000000000
  -1.2733449999999999   -0.6758780000000000    5.3813849999999999
C H
4 2
direct
   0.1917260000000000    0.8676440000000000    0.2230850000000000 C
   0.3783170000000000    0.9604640000000000    0.5025030000000000 C
   0.7994750000000000    0.1716290000000000    0.1349180000000000 C
   0.7706320000000000    0.6565080000000000    0.5907210000000001 C
   0.6670070000000000    0.1047540000000000    0.9354640000000000 H
   0.9031800000000000    0.7233660000000000    0.7901250000000000 H
EA41    2.678  4.530  2.678 89.96 90.00 90.03 Sym.group:  115
1.0
   2.6779709999999999    0.0010010000000000   -0.0000190000000000
  -0.0037610000000000    4.5295069999999997   -0.0022670000000000
   0.0000360000000000    0.0034240000000000    2.6780719999999998
S B
2 1
direct
   0.3926030000000000    0.4710770000000000    0.7078730000000000 S
   0.8926790000000000    0.9469390000000000    0.2082220000000000 S
   0.3929980000000000    0.2089950000000000    0.2083650000000000 B
EA58    4.238  3.748  2.491 90.00 90.02 90.00 Sym.group:  187
1.0
   4.2377710000000004   -0.0069410000000000    0.0034870000000000
   0.0059120000000000    3.7480680000000000   -0.0008110000000000
  -0.0030090000000000    0.0007370000000000    2.4910839999999999
N Li
4 2
direct
   0.3040340000000000    0.3496850000000000    0.4205170000000000 N
   0.3041110000000000    0.6552950000000000    0.4205120000000000 N
   0.8040450000000000    0.3496850000000000    0.9204670000000000 N
   0.8041050000000000    0.6552980000000000    0.9204680000000000 N
   0.6417610000000000    0.0024770000000000    0.4201170000000000 Li
   0.1417760000000000    0.0024700000000000    0.9202040000000000 Li
EA4     3.296  4.024  3.296 65.85 90.02 65.90 Sym.group:  141
1.0
   3.2959679999999998    0.0185800000000000   -0.0063580000000000
   1.6226280000000000    3.6818979999999999    0.0319420000000000
  -0.0035490000000000    1.4496860000000000    2.9604219999999999
Li H
4 2
direct
   0.6219140000000000    0.7399070000000000    0.8894550000000000 Li
   0.3527640000000000    0.2831200000000000    0.1175150000000000 Li
   0.8737030000000000    0.2399410000000000    0.6389480000000000 Li
   0.1011800000000000    0.7830830000000000    0.3681000000000000 Li
   0.1108790000000000    0.7615320000000000    0.8790090000000000 H
   0.8642430000000000    0.2615140000000000    0.1279720000000000 H
EA116   3.311  3.311  4.153 89.98 90.01 119.99 Sym.group:  164
1.0
   1.6556280000000001   -2.8674320000000000    0.0019370000000000
   1.6559390000000000    2.8677340000000000   -0.0004970000000000
  -0.0009050000000000    0.0027590000000000    4.1529460000000000
Be Li
4 2
direct
   0.2006970000000000    0.9753990000000000    0.9569040000000000 Be
   0.5340740000000000    0.6420120000000000    0.7620270000000000 Be
   0.2004020000000000    0.9746960000000000    0.4906720000000000 Be
   0.8673450000000000    0.3085620000000000    0.6855280000000000 Be
   0.8671250000000000    0.3083780000000000    0.1787130000000000 Li
   0.5336120000000000    0.6411520000000001    0.2688450000000000 Li
EA216   3.028  3.028  8.318 90.01 90.02 90.00 Sym.group:  123
1.0
   3.0279520000000000    0.0004550000000000    0.0072770000000000
  -0.0005620000000000    3.0277889999999998    0.0040740000000000
  -0.0234150000000000   -0.0121180000000000    8.3182869999999998
Na Cl
4 2
direct
   0.4251210000000000    0.4223380000000000    0.4052020000000000 Na
   0.4258350000000000    0.4238160000000000    0.0843310000000000 Na
   0.9239650000000000    0.9222350000000000    0.5842760000000000 Na
   0.4252020000000000    0.4241410000000000    0.7634970000000000 Na
   0.9255330000000001    0.9228680000000000    0.2559940000000000 Cl
   0.9256900000000000    0.9243660000000000    0.9127020000000000 Cl
EA218  10.463  2.548  2.550 60.03 96.97 90.19 Sym.group:  166
1.0
  10.4625570000000003    0.0443850000000000    0.0225710000000000
  -0.0090950000000000    1.2838039999999999   -2.2010779999999999
  -0.3201460000000000    2.5297109999999998    0.0020160000000000
Si O
4 2
direct
   0.3082340000000000    0.3085510000000000    0.6752110000000000 Si
   0.9912060000000000    0.4044520000000000    0.4631930000000000 Si
   0.6252630000000000    0.1799360000000000    0.8978969999999999 Si
   0.8082330000000000    0.7913030000000000    0.6806660000000000 Si
   0.2203710000000000    0.0025980000000000    0.2846150000000000 O
   0.3961040000000000    0.6143040000000000    0.0658750000000000 O
EA119   2.428  2.430  8.228 90.66 89.69 119.95 Sym.group:  164
1.0
   2.4275869999999999    0.0083930000000000    0.0036710000000000
  -1.2204649999999999    2.1016170000000001   -0.0004920000000000
   0.0318000000000000   -0.0888400000000000    8.2274510000000003
Li F
4 2
direct
   0.3402420000000000    0.6727370000000000    0.5363160000000000 Li
   0.6687000000000000    0.3199710000000000    0.7728030000000000 Li
   0.0023600000000000    0.0061590000000000    0.2998380000000000 Li
   0.3353360000000000    0.6627130000000000    0.0363190000000000 Li
   0.0020130000000000    0.9908480000000000    0.9037940000000000 F
   0.6687920000000001    0.3346540000000000    0.1688510000000000 F
EA26    4.230  4.233  2.093 90.10 90.07 60.03 Sym.group:  164
1.0
   4.2298330000000002   -0.0004340000000000    0.0018640000000000
   2.1148889999999998    3.6665070000000002    0.0023410000000000
  -0.0034870000000000   -0.0036120000000000    2.0927180000000001
Na Be
2 1
direct
   0.9995640000000000    0.3335670000000000    0.1344610000000000 Na
   0.6662490000000000    0.0002510000000000    0.2147930000000000 Na
   0.3329810000000000    0.6669119999999999    0.6838440000000000 Be
EA205   3.692  2.378  3.684 90.08 60.63 90.07 Sym.group:  191
1.0
   3.6722120000000000    0.1490450000000000    0.3531230000000000
  -0.1051370000000000    2.3744369999999999    0.0598420000000000
   1.4936080000000000   -0.0237550000000000    3.3678469999999998
Li Al
2 1
direct
   0.6533660000000000    0.8247890000000000    0.7165230000000000 Li
   0.3212570000000000    0.8248650000000000    0.3840470000000000 Li
   0.9873120000000000    0.3248080000000000    0.0502860000000000 Al
EA51    2.188  2.188  5.972 90.22 89.67 119.93 Sym.group:  164
1.0
   2.1879900000000001   -0.0076470000000000    0.0018420000000000
  -1.0849240000000000    1.8999870000000001   -0.0015950000000000
   0.0292190000000000   -0.0049000000000000    5.9719040000000003
Be Na
2 1
direct
   0.6642650000000000    0.6673140000000000    0.1995130000000000 Be
   0.9937110000000000    0.3343270000000000    0.4673260000000000 Be
   0.3320110000000000    0.0014090000000000    0.8331960000000000 Na
EA138   2.688  9.036  2.688 90.02 89.98 89.99 Sym.group:  137
1.0
   2.6876540000000002    0.0004880000000000   -0.0050180000000000
  -0.0006500000000000    9.0355919999999994    0.0918810000000000
   0.0058380000000000   -0.0280690000000000    2.6875719999999998
S B
4 2
direct
   0.4456260000000000    0.1284500000000000    0.2869890000000000 S
   0.9456650000000000    0.8667410000000000    0.7868650000000000 S
   0.9458920000000000    0.3670260000000000    0.7867769999999999 S
   0.4455580000000000    0.6287340000000000    0.2868410000000000 S
   0.4456280000000000    0.9975730000000000    0.7868460000000000 B
   0.9455890000000000    0.4979030000000000    0.2869180000000000 B
EA98    2.876  9.751  2.869 90.00 89.93 89.99 Sym.group:  129
1.0
   2.8757359999999998   -0.0051450000000000   -0.0089930000000000
   0.0183610000000000    9.7506880000000002    0.0108220000000000
   0.0125810000000000   -0.0034380000000000    2.8693240000000002
Mg Cl
4 2
direct
   0.9208140000000000    0.2272890000000000    0.0734680000000000 Mg
   0.4206840000000000    0.4102300000000000    0.5721940000000000 Mg
   0.4200210000000000    0.7713280000000000    0.5733750000000000 Mg
   0.9203270000000000    0.5883860000000000    0.0721650000000000 Mg
   0.4207050000000000    0.1002610000000000    0.5742780000000000 Cl
   0.9201350000000000    0.8983690000000000    0.0741970000000000 Cl
EA47    4.012  4.013  2.607 90.00 90.01 89.99 Sym.group:  136
1.0
   4.0117039999999999    0.0020750000000000    0.0021240000000000
  -0.0013130000000000    4.0129450000000002   -0.0000360000000000
  -0.0019040000000000   -0.0000240000000000    2.6073729999999999
O Si
4 2
direct
   0.3014490000000000    0.3055430000000000    0.0026490000000000 O
   0.6964900000000001    0.7000680000000000    0.0031420000000000 O
   0.8014190000000000    0.2000310000000000    0.5021610000000000 O
   0.1965120000000000    0.8054870000000000    0.5026230000000000 O
   0.9989990000000000    0.0027850000000000    0.0022330000000000 Si
   0.4989980000000000    0.5027890000000000    0.5030670000000000 Si
EA5     2.930  4.139  2.929 90.00 90.00 90.00 Sym.group:  225
1.0
   2.9296359999999999   -0.0001030000000000    0.0004110000000000
   0.0001720000000000    4.1391260000000001   -0.0000350000000000
  -0.0005410000000000    0.0000810000000000    2.9289740000000002
Li O
4 2
direct
   0.0034140000000000    0.2482700000000000    0.9175470000000000 Li
   0.5034220000000000    0.2478550000000000    0.4175690000000000 Li
   0.0033170000000000    0.7483440000000000    0.9170250000000000 Li
   0.5033480000000000    0.7477790000000000    0.4170190000000000 Li
   0.0033690000000000    0.9980720000000000    0.4172120000000000 O
   0.5033440000000000    0.4980520000000000    0.9172250000000000 O
EA159   3.005  4.958  3.003 90.33 60.33 90.06 Sym.group:  164
1.0
   3.0038040000000001    0.0794550000000000    0.0041180000000000
  -0.1361460000000000    4.9538320000000002    0.1546900000000000
   1.4845910000000000   -0.0581280000000000    2.6093030000000002
Li B
4 2
direct
   0.6598800000000000    0.3844180000000000    0.7470540000000000 Li
   0.9964850000000000    0.7966030000000000    0.0789650000000000 Li
   0.3181630000000000    0.5457200000000000    0.4170910000000000 Li
   0.6547670000000000    0.9579090000000000    0.7490030000000000 Li
   0.9988750000000000    0.2021890000000000    0.0762570000000000 B
   0.3157730000000000    0.1401380000000000    0.4197990000000000 B
EA179   2.453  2.453  8.479 98.27 98.29 61.12 Sym.group:  166
1.0
   2.4531660000000000   -0.0031120000000000   -0.0240100000000000
   1.1876730000000000    2.1467040000000002   -0.0002580000000000
  -1.1420079999999999   -0.7602080000000000    8.3673110000000008
C S
4 2
direct
   0.5808790000000000    0.3100860000000000    0.6524070000000000 C
   0.6418920000000000    0.3693340000000000    0.8333270000000000 C
   0.8957560000000000    0.6252870000000000    0.5944250000000000 C
   0.3270010000000000    0.0541450000000000    0.8913090000000000 C
   0.8249510000000000    0.5554720000000000    0.3816380000000000 S
   0.3974250000000000    0.1242700000000000    0.1040960000000000 S
EA252   4.198  7.226  2.441 89.77 90.06 90.00 Sym.group:  191
1.0
   4.1975160000000002    0.0011000000000000    0.0108280000000000
  -0.0013600000000000    7.2257720000000001   -0.0844990000000000
  -0.0088560000000000    0.0381900000000000    2.4402159999999999
Na Si
4 2
direct
   0.9980000000000000    0.3338990000000000    0.6718290000000000 Na
   0.4977330000000000    0.1658450000000000    0.6718220000000000 Na
   0.4979320000000000    0.8335250000000000    0.6717680000000000 Na
   0.9980670000000000    0.6659350000000001    0.6723510000000000 Na
   0.9978240000000000    0.9998130000000000    0.1707730000000000 Si
   0.4980160000000000    0.4996880000000000    0.1715450000000000 Si
EA194   2.461  2.462  7.863 81.08 90.00 119.98 Sym.group:  160
1.0
   2.4611459999999998   -0.0028400000000000    0.0104920000000000
  -1.2275290000000001    2.1338620000000001    0.0062310000000000
  -0.0308620000000000    1.3659170000000000    7.7438330000000004
N B
4 2
direct
   0.3174410000000000    0.9532720000000000    0.9239570000000000 N
   0.2690000000000000    0.8566940000000000    0.0655210000000000 N
   0.5117000000000000    0.3369480000000000    0.3420030000000000 N
   0.7433060000000000    0.7984770000000000    0.6487760000000000 N
   0.8433659999999999    0.0000180000000000    0.3472970000000000 B
   0.4071740000000000    0.1260470000000000    0.6574230000000000 B
EA232   3.199  3.204  3.187 110.19 110.09 107.55 Sym.group:  139
1.0
   3.1991489999999998    0.0036560000000000    0.0126260000000000
  -0.9698230000000000    3.0540490000000000   -0.0125440000000000
  -1.1030340000000001   -1.4934120000000000    2.5898780000000001
F Na
2 1
direct
   0.8768170000000000    0.0427790000000000    0.1702140000000000 F
   0.3736020000000000    0.5464970000000000    0.1711170000000000 F
   0.6251940000000000    0.2946110000000000    0.6706640000000000 Na
EA1     4.207  4.292  4.293 76.30 118.12 118.05 Sym.group:  140
1.0
   4.2061409999999997    0.0581750000000000    0.0642870000000000
  -2.0710540000000002    3.7589220000000001    0.0261960000000000
  -2.0814900000000001   -0.0120560000000000    3.7549709999999998
Al Be
4 2
direct
   0.4913470000000000    0.0015990000000000    0.3173720000000000 Al
   0.9915610000000000    0.3198040000000000    0.9990950000000000 Al
   0.6659389999999999    0.6802790000000000    0.9960450000000000 Al
   0.1660920000000000    0.9984980000000000    0.6776630000000000 Al
   0.0787070000000000    0.5031750000000000    0.4943260000000000 Be
   0.5788020000000000    0.4969260000000000    0.5008280000000001 Be
EA117   2.441  6.940  2.439 89.93 60.03 89.99 Sym.group:  164
1.0
   2.4405880000000000   -0.0032440000000000    0.0317050000000000
   0.0102660000000000    6.9404120000000002   -0.0051650000000000
   1.1909360000000000    0.0028260000000000    2.1287370000000001
C F
4 2
direct
   0.0209080000000000    0.8044960000000000    0.7718980000000000 C
   0.6883740000000000    0.0914460000000000    0.4366490000000000 C
   0.3551190000000000    0.1622560000000000    0.1031540000000000 C
   0.6877950000000000    0.8753150000000000    0.4382620000000000 C
   0.3542960000000000    0.3551080000000000    0.1038270000000000 F
   0.0194920000000000    0.6116549999999999    0.7733680000000001 F
EA107   3.205  3.257  4.608 89.89 110.35 119.47 Sym.group:  166
1.0
   3.2049840000000001   -0.0005470000000000   -0.0017900000000000
  -1.6016349999999999    2.8354800000000000    0.0404360000000000
  -1.6001369999999999   -0.9534950000000000    4.2147930000000002
Li C
4 2
direct
   0.1024880000000000    0.9533090000000000    0.5706230000000000 Li
   0.7663770000000000    0.7883450000000000    0.0633690000000000 Li
   0.2408380000000000    0.5250580000000000    0.2755330000000000 Li
   0.9047050000000000    0.3600940000000000    0.7682610000000000 Li
   0.3992800000000000    0.1088070000000000    0.0087000000000000 C
   0.6079080000000000    0.2045960000000000    0.3301760000000000 C
EA7     2.514  2.514  3.827 90.00 90.00 60.00 Sym.group:  191
1.0
   1.2572360000000000    2.1772900000000002    0.0000260000000000
  -1.2570230000000000    2.1774719999999999    0.0026280000000000
   0.0041730000000000   -0.0024520000000000    3.8273950000000001
C Na
2 1
direct
   0.3382550000000000    0.3356890000000000    0.9009600000000000 C
   0.6716000000000000    0.6690010000000000    0.9011710000000001 C
   0.0031900000000000    0.0035400000000000    0.4010370000000000 Na
EA242   2.755  2.755  8.971 89.98 89.99 60.02 Sym.group:  164
1.0
   1.4186240000000001    2.3620070000000002   -0.0316800000000000
  -1.3366659999999999    2.4091079999999998    0.0218160000000000
   0.1726250000000000    0.0178490000000000    8.9695219999999996
Al B
4 2
direct
   0.3330460000000000    0.5067400000000000    0.6288260000000000 Al
   0.6676060000000000    0.8387410000000000    0.8486860000000001 Al
   0.0001670000000000    0.1727220000000000    0.0689140000000000 Al
   0.0004730000000000    0.1727420000000000    0.4085990000000000 Al
   0.3336100000000000    0.5060400000000000    0.2362990000000000 B
   0.6670280000000000    0.8394160000000001    0.2412150000000000 B
EA48    4.702  4.637  4.703 119.53 104.06 60.47 Sym.group:  140
1.0
   2.4257010000000001    4.0277180000000001    0.0025010000000000
  -2.2771740000000000    4.0395909999999997    0.0006250000000000
   1.1369020000000001   -2.0210569999999999    4.0916969999999999
Cl Si
4 2
direct
   0.9996699999999999    0.0720200000000000    0.8160849999999999 Cl
   0.6804650000000000    0.5725200000000000    0.4979480000000000 Cl
   0.9993400000000000    0.7526460000000000    0.1771530000000000 Cl
   0.3199700000000000    0.2527470000000000    0.4978370000000000 Cl
   0.4991340000000000    0.9128210000000000    0.9980760000000000 Si
   0.5003370000000000    0.4123870000000000    0.9984050000000000 Si
EA213   6.084  2.563  2.626 119.20 78.61 102.15 Sym.group:  160
1.0
   5.5675910000000002   -2.4535469999999999   -0.0432730000000000
   0.0051660000000000    1.3101870000000000    2.2022339999999998
  -0.5634500000000000   -2.5650879999999998    0.0365680000000000
B C
4 2
direct
   0.6410660000000000    0.3430510000000000    0.4965240000000000 B
   0.2916090000000000    0.8893540000000000    0.9409870000000000 B
   0.9527710000000000    0.4515110000000000    0.4035290000000000 B
   0.8193670000000000    0.0758240000000000    0.7848360000000000 B
   0.2040520000000000    0.5339429999999999    0.3170030000000000 C
   0.5611720000000000    0.9855010000000000    0.8610500000000000 C
EA38    2.495  3.975  3.922 113.71 71.48 108.18 Sym.group:  191
1.0
   2.4931030000000001   -0.0840380000000000    0.0333730000000000
  -1.1140239999999999    3.8137110000000001    0.1071380000000000
   1.1529460000000000   -1.4047050000000001    3.4759120000000001
C Li
4 2
direct
   0.8565570000000000    0.5159680000000000    0.5146700000000000 C
   0.8611890000000000    0.1876500000000000    0.1761520000000000 C
   0.3612230000000000    0.6877060000000000    0.6761040000000000 C
   0.3564670000000000    0.0159050000000000    0.0147330000000000 C
   0.1099120000000000    0.1018780000000000    0.5954410000000000 Li
   0.6077840000000000    0.6017140000000000    0.0953630000000000 Li
EA93    3.117  3.124  9.674 89.99 90.00 119.78 Sym.group:  186
1.0
   3.1166220000000000   -0.0048310000000000   -0.0004350000000000
  -1.5472210000000000    2.7140770000000001   -0.0019760000000000
   0.0017260000000000    0.0092700000000000    9.6738750000000007
Cl Mg
4 2
direct
   0.8316720000000000    0.6687650000000001    0.1431300000000000 Cl
   0.4983810000000000    0.0085420000000000    0.3620350000000000 Cl
   0.1648590000000000    0.3380460000000000    0.6431430000000000 Cl
   0.4981750000000000    0.9983010000000000    0.8620160000000000 Cl
   0.1649560000000000    0.3332270000000000    0.0026910000000000 Mg
   0.8316560000000000    0.6735139999999999    0.5027260000000000 Mg
EA161   4.029  4.029  4.029 60.88 119.02 88.39 Sym.group:  121
1.0
   4.0285810000000000    0.0067750000000000   -0.0058240000000000
   0.1143420000000000    2.3087240000000002    3.2996979999999998
  -1.9477560000000000   -1.2144910000000000    3.3107470000000001
O P
4 2
direct
   0.4506330000000000    0.4879370000000000    0.8286440000000000 O
   0.7182460000000001    0.7898500000000001    0.3980780000000000 O
   0.1487870000000000    0.3565600000000000    0.2618520000000000 O
   0.0199300000000000    0.0547530000000000    0.8313720000000000 O
   0.3979100000000000    0.1087430000000000    0.8299640000000000 P
   0.7708280000000000    0.7357840000000000    0.8300070000000001 P
EA106   3.025  4.985  5.176 70.10 90.00 90.00 Sym.group:  166
1.0
   3.0245259999999998    0.0026800000000000   -0.0019100000000000
  -0.0042900000000000    4.9852800000000004    0.0147680000000000
   0.0014330000000000    1.7469749999999999    4.8721019999999999
S P
4 2
direct
   0.8783670000000000    0.9777670000000001    0.0756110000000000 S
   0.3784180000000000    0.4240790000000000    0.0891870000000000 S
   0.3783810000000000    0.9783530000000000    0.5745110000000000 S
   0.8784030000000000    0.4234920000000000    0.5902880000000000 S
   0.8783960000000000    0.7017000000000000    0.8321300000000000 P
   0.3783880000000000    0.7001470000000000    0.3326680000000000 P
EA32    2.411  2.410  6.158 101.07 78.93 119.98 Sym.group:  166
1.0
   1.1991470000000000   -2.0911559999999998   -0.0376760000000000
   1.2113090000000000    2.0837080000000001   -0.0241040000000000
   0.1499220000000000   -1.3858690000000000    5.9986040000000003
C H
4 2
direct
   0.1803910000000000    0.3203340000000000    0.9653990000000000 C
   0.6666370000000000    0.8315979999999999    0.5030630000000000 C
   0.9998750000000000    0.4984110000000000    0.5035200000000000 C
   0.4893230000000000    0.0119670000000000    0.0410750000000000 C
   0.4306660000000000    0.0703490000000000    0.2193550000000000 H
   0.2386190000000000    0.2615600000000000    0.7871190000000000 H
EA107   2.632  2.632  9.007 89.99 90.00 60.00 Sym.group:  187
1.0
   1.3351029999999999    2.2687569999999999    0.0008760000000000
  -1.2973479999999999    2.2903720000000001    0.0055040000000000
   0.0144470000000000   -0.0117510000000000    9.0071309999999993
Si N
4 2
direct
   0.3704620000000000    0.9529650000000000    0.4463850000000000 Si
   0.3702950000000000    0.9528350000000000    0.0414970000000000 Si
   0.0354910000000000    0.6208140000000000    0.2439390000000000 Si
   0.7054170000000000    0.2844180000000000    0.7439420000000000 Si
   0.7038790000000000    0.2862140000000000    0.5430520000000000 N
   0.7036380000000000    0.2862850000000000    0.9448310000000000 N
EA107   5.056  5.610  2.814 90.09 90.05 90.55 Sym.group:  164
1.0
   5.0562959999999997    0.0193400000000000    0.0021530000000000
  -0.0756690000000000    5.6096290000000000    0.0189790000000000
  -0.0038000000000000   -0.0140240000000000    2.8143959999999999
Mg Cl
4 2
direct
   0.3362100000000000    0.9064060000000000    0.0782240000000000 Mg
   0.6637330000000000    0.2647970000000000    0.0752090000000000 Mg
   0.1637530000000000    0.2647400000000000    0.5775960000000000 Mg
   0.8362400000000000    0.9063660000000000    0.5761120000000000 Mg
   0.5000500000000000    0.5856670000000000    0.5769420000000000 Cl
   0.0000530000000000    0.5854650000000000    0.0772980000000000 Cl
EA13    4.040  4.040  2.484 90.00 89.99 120.00 Sym.group:  189
1.0
   4.0395149999999997   -0.0006620000000000    0.0028050000000000
  -2.0191110000000001    3.4988310000000000   -0.0005280000000000
  -0.0013510000000000   -0.0004930000000000    2.4843660000000001
B O
4 2
direct
   0.9965260000000000    0.9947460000000000    0.9994350000000000 B
   0.9965070000000000    0.2791460000000000    0.4994770000000000 B
   0.2809440000000000    0.9947370000000000    0.4992420000000000 B
   0.7121300000000000    0.7103610000000000    0.4995940000000000 B
   0.3298670000000000    0.6614210000000000    0.4995670000000000 O
   0.6631990000000000    0.3280790000000000    0.4992720000000000 O
EA158   3.539  5.121  3.456 90.01 89.96 70.96 Sym.group:  139
1.0
   3.5373690000000000    0.1068990000000000   -0.0073920000000000
   1.5233939999999999    4.8895549999999997    0.0013210000000000
   0.0100000000000000   -0.0044000000000000    3.4557630000000001
Na F
4 2
direct
   0.2037140000000000    0.2404590000000000    0.0741140000000000 Na
   0.4570020000000000    0.7556710000000000    0.5743930000000000 Na
   0.7038250000000000    0.2402140000000000    0.5741230000000000 Na
   0.9573600000000000    0.7551410000000000    0.0743960000000000 Na
   0.5805080000000000    0.4979010000000000    0.0742220000000000 F
   0.0805040000000000    0.4978530000000000    0.5742310000000000 F
EA262   2.269  2.266 11.584 95.53 95.57 90.01 Sym.group:  139
1.0
   2.2684810000000000   -0.0046350000000000    0.0115890000000000
   0.0040890000000000    2.2658749999999999    0.0024060000000000
  -1.1854130000000000   -1.1265369999999999   11.4682010000000005
P F
4 2
direct
   0.4783240000000000    0.3049800000000000    0.2193560000000000 P
   0.6645410000000000    0.4955080000000000    0.6046230000000000 P
   0.7721270000000000    0.5968470000000000    0.7980980000000000 P
   0.5799410000000000    0.4048930000000000    0.4128510000000000 P
   0.4123350000000000    0.2363370000000000    0.0825680000000000 F
   0.8405070000000000    0.6644620000000000    0.9348900000000000 F
EA50    2.405  2.405  5.130 90.22 89.76 89.92 Sym.group:  123
1.0
   2.4004249999999998   -0.1378860000000000   -0.0549340000000000
   0.1431240000000000    2.3994140000000002    0.0809830000000000
   0.1272830000000000   -0.2003350000000000    5.1243650000000001
N Cl
2 1
direct
   0.2564120000000000    0.8193400000000000    0.6487060000000000 N
   0.2596820000000000    0.8161380000000000    0.8615200000000000 N
   0.7586840000000000    0.3184270000000000    0.2550830000000000 Cl
EA87    3.259  3.262  4.800 90.00 90.00 90.02 Sym.group:  216
1.0
   3.2589910000000000    0.0060430000000000    0.0105240000000000
  -0.0072080000000000    3.2618909999999999   -0.0027240000000000
  -0.0153590000000000    0.0038780000000000    4.7995640000000002
Be Si
4 2
direct
   0.9953040000000000    0.5055120000000000    0.7497310000000000 Be
   0.4953100000000000    0.0055240000000000    0.2497090000000000 Be
   0.9953700000000000    0.0055030000000000    0.9996100000000000 Be
   0.4953940000000000    0.5054820000000000    0.4996110000000000 Be
   0.9954280000000000    0.5055390000000000    0.2494980000000000 Si
   0.4953990000000000    0.0055100000000000    0.7495370000000000 Si
EA210   3.222  3.226  7.622 90.01 90.03 90.01 Sym.group:  129
1.0
   3.2222260000000000    0.0047260000000000    0.0092370000000000
  -0.0052130000000000    3.2260239999999998    0.0017970000000000
  -0.0263310000000000   -0.0052660000000000    7.6217959999999998
Mg S
4 2
direct
   0.9160450000000000    0.5828050000000000    0.1940220000000000 Mg
   0.4186260000000000    0.0833630000000000    0.8064090000000000 Mg
   0.4165880000000000    0.0860730000000000    0.4222590000000000 Mg
   0.9169870000000000    0.5861680000000000    0.5781380000000000 Mg
   0.4161610000000000    0.0825040000000000    0.1279000000000000 S
   0.9186390000000000    0.5830390000000000    0.8724960000000000 S
EA32    2.621  2.619  7.581 90.00 90.00 89.99 Sym.group:  129
1.0
   2.6173670000000002   -0.0998220000000000    0.0914490000000000
   0.1038710000000000    2.6151789999999999   -0.1008330000000000
  -0.2528620000000000    0.3021140000000000    7.5711529999999998
Al H
4 2
direct
   0.9146000000000000    0.0793800000000000    0.3933260000000000 Al
   0.4150850000000000    0.5793380000000000    0.6137520000000000 Al
   0.4146660000000000    0.5798470000000000    0.1611530000000000 Al
   0.9153800000000000    0.0799590000000000    0.8457480000000001 Al
   0.4151530000000000    0.0804070000000000    0.0033820000000000 H
   0.9151319999999999    0.5807240000000000    0.0036390000000000 H
EA54    2.353  2.391  5.936 89.84 89.61 119.02 Sym.group:  191
1.0
   2.3514100000000000    0.0899650000000000   -0.0270880000000000
  -1.2391859999999999    2.0449430000000000    0.0079000000000000
   0.1067810000000000    0.0607580000000000    5.9345280000000002
Si F
2 1
direct
   0.4690650000000000    0.4215720000000000    0.8999740000000001 Si
   0.4832110000000000    0.4325940000000000    0.2936560000000000 Si
   0.4756970000000000    0.4258910000000000    0.5968270000000000 F
EA44    3.469  3.470  3.470 119.99 60.00 120.00 Sym.group:  225
1.0
   3.4694870000000000   -0.0028780000000000    0.0012850000000000
  -1.7321599999999999    3.0064050000000000   -0.0070530000000000
   1.7327619999999999   -0.9967580000000000    2.8358989999999999
Si Be
2 1
direct
   0.7492160000000000    0.2591080000000000    0.7515090000000000 Si
   0.2492550000000000    0.7591900000000000    0.2514450000000000 Si
   0.4991990000000000    0.5091010000000000    0.5014100000000000 Be
EA21    2.407  2.410  3.489 89.78 90.16 60.05 Sym.group:  156
1.0
   2.4072070000000001    0.0102260000000000   -0.0268380000000000
   1.1941560000000000    2.0929920000000002   -0.0223170000000000
   0.0291860000000000    0.0358100000000000    3.4882339999999998
C Be
2 1
direct
   0.2261210000000000    0.5525810000000000    0.5941770000000000 C
   0.5578250000000000    0.8857450000000000    0.4413710000000000 C
   0.2232940000000000    0.5545949999999999    0.0873100000000000 Be
EA45    2.654  2.653  6.757 90.06 89.82 119.94 Sym.group:  164
1.0
   2.6535030000000002   -0.0020020000000000   -0.0001750000000000
  -1.3221480000000001    2.2998230000000000   -0.0000800000000000
   0.0222630000000000    0.0043180000000000    6.7570769999999998
Mg Na
2 1
direct
   0.3478080000000000    0.3296290000000000    0.1550550000000000 Mg
   0.6755250000000000    0.9927930000000000    0.4791620000000000 Mg
   0.0057790000000000    0.6636500000000000    0.8170180000000000 Na
EA1     4.609  4.605  4.613 81.95 115.50 64.57 Sym.group:  140
1.0
   4.6087049999999996   -0.0009520000000000    0.0024770000000000
   1.9783750000000000    4.1581000000000001    0.0026510000000000
  -1.9877880000000001    1.6585820000000000    3.8181150000000001
Al P
4 2
direct
   0.4995570000000000    0.5818840000000000    0.2633290000000000 Al
   0.4995940000000000    0.2358550000000000    0.9059890000000000 Al
   0.8512700000000000    0.7324320000000000    0.7610730000000000 Al
   0.1479010000000000    0.0841680000000000    0.4093770000000000 Al
   0.9963220000000000    0.6602280000000000    0.3333340000000000 P
   0.0028990000000000    0.1569450000000000    0.8366150000000000 P
EA187   2.826  2.816  4.033 89.37 90.13 89.99 Sym.group:  123
1.0
   2.8258329999999998   -0.0044490000000000    0.0054870000000000
   0.0051190000000000    2.8160289999999999   -0.0114980000000000
  -0.0165440000000000    0.0605380000000000    4.0322370000000003
Na F
2 1
direct
   0.3344360000000000    0.9966530000000000    0.3285940000000000 Na
   0.8332349999999999    0.4949620000000000    0.8287280000000000 Na
   0.3330740000000000    0.9947589999999999    0.8285070000000000 F
