NUMBER OF TEMPLATES 15
COMPOSITION A 2 B
pairs , SPACEGROUPS 
[P Al] , 119 
[Si P] , 141 
[Li P] , 139 
[C Na] , 191 
[B Mg] , 191 
[C B] , 164 
[Be Mg] , 227 
[Al S] , 141 
[O Si] , 136 
[Mg O] , 129 
[P F] , 139 
[C S] , 166 
[Cl Si] , 140 
[Al Be] , 140 
[F Be] , 115 
RANKING VECTORS ENTHALPIES
0:[-142.57563716 -142.57546334 -142.48574309 -142.42589864 -142.41914616 -142.41664693 -142.28335451 -142.28103591 -142.2706792  -142.17071402 -142.09957514 -142.05011007 -141.83014829 -141.68136688 -141.36780397] 
1:[-135.58016545 -135.33044232 -135.33035662 -135.29180729 -135.27360594 -135.22077256 -135.18534764 -135.05814932 -135.0521957  -135.00230816 -134.96800818 -134.96159712 -134.83943813 -134.72653049 -134.12528481] 
2:[-190.74904594 -190.74828279 -190.61796511 -190.3890311  -190.24140843 -190.12782069 -190.06331931 -190.02936943 -189.91407214 -189.91400411 -189.80408838 -189.77298456 -189.76569381 -189.74449131 -189.54584413] 
3:[-520.76516705 -520.7619776  -520.3460424  -520.27308026 -519.97260852 -519.77166476 -519.27846544 -519.24764568 -519.03333687 -518.96989297 -518.91895775 -518.78999391 -518.7793094  -518.473675   -518.16101155] 
4:[-589.33604684 -589.33509276 -588.62240642 -588.3083079  -588.20863933 -588.15413794 -588.13382623 -588.10326767 -587.92272571 -587.85603392 -587.63513182 -587.63495835 -587.02507345 -586.87896794 -586.68886883] 
5:[-133.824373   -133.79401377 -133.77816461 -133.76443209 -133.66677929 -132.33575824 -132.30197411 -132.20718621 -132.19169795 -132.12447248 -132.04807954 -131.93886277 -131.74636056 -131.60486563 -130.24032825] 
6:[-788.39243394 -788.16198994 -788.1402493  -788.02201679 -788.0185836 -787.98442436 -787.66817744 -787.4591239  -787.45909548 -787.41210126 -787.36535477 -786.8708053  -786.64839881 -786.29144949 -786.26994008] 
7:[-138.151581   -138.04034389 -138.04018526 -138.01781045 -137.77986345 -137.76002761 -137.65340638 -137.46250986 -137.45317505 -137.45101461 -137.23080493 -137.22367808 -137.19637666 -136.99821673 -136.86083593] 
8:[-337.08001761 -336.7726392  -336.77162525 -336.48552365 -335.45185605 -335.32986999 -335.07336388 -335.03032507 -334.24337911 -333.65058769 -333.45693356 -333.44553607 -333.39492055 -333.30570078 -332.82428574] 
9:[-1224.34063144 -1224.19994901 -1224.19899097 -1223.95588867 -1223.95559814 -1223.78102154 -1223.73931961 -1223.5881058 -1223.44593018 -1223.27761437 -1222.73837696 -1221.9302631 -1221.85162681 -1221.46746711 -1199.63513743] 
10:[-345.57860767 -345.54854326 -345.51580455 -345.484845   -345.22680418 -344.97314112 -344.94930738 -344.69755882 -344.62555558 -344.54080961 -344.5096968  -344.47288057 -344.46726847 -344.38682211 -343.6797346 ] 
11:[-206.20146931 -206.0884144  -205.92172532 -205.9052345  -205.18155708 -204.95102417 -204.84523369 -204.83939142 -204.79898736 -204.70073354 -204.6004022  -204.50106163 -204.3988874  -204.00774302 -202.95705995] 
12:[-331.46678232 -331.06379396 -330.87836287 -330.79665296 -330.79586139 -330.72406992 -330.72122801 -330.68693336 -330.63759245 -330.59473824 -330.29603158 -330.27886076 -330.2219167  -330.21294252 -329.61312625] 
13:[-164.90585256 -164.78577468 -164.76413892 -164.49973378 -164.36983695 -164.30200298 -164.26204678 -164.25586609 -164.13228251 -164.12140318 -164.121234   -164.12091791 -163.85829229 -163.84573212 -163.82747206] 
14:[-572.89236716 -572.79821294 -572.79217594 -572.78619482 -572.15607214 -572.06414682 -572.05380618 -571.93622721 -571.32524056 -570.33450391 -570.3294476  -570.21616075 -570.18989411 -570.01986048 -569.31571757] 
RANKING VECTORS IDX
0:[ 1.  7.  0.  2.  9. 13.  4.  3.  6. 10. 14.  5. 12. 11.  8.] 
1:[11.  1.  7.  5.  0.  2.  9.  4.  3. 10. 13. 12. 14.  6.  8.] 
2:[ 4.  3.  2. 13.  6.  9.  0. 14.  1.  7.  5.  8. 11. 12. 10.] 
3:[ 3.  4.  5. 11.  1.  7. 14.  2.  9.  0.  6. 13. 12.  8. 10.] 
4:[ 3.  4.  6.  5.  2. 13. 11. 14.  9.  0.  1.  7. 10.  8. 12.] 
5:[11.  1.  5.  7.  0. 12.  9.  3. 14.  4.  2. 10. 13.  8.  6.] 
6:[ 6.  9.  2.  4. 13.  3. 14.  7.  1.  5.  0. 11. 12.  8. 10.] 
7:[ 2.  1.  7.  9.  0. 13. 14.  5. 11. 12.  4.  3.  6. 10.  8.] 
8:[ 8.  7.  1. 14. 12. 13.  2.  9.  0. 11.  4.  3. 10.  5.  6.] 
9:[ 9.  1.  7.  2.  8. 14. 13. 10. 12.  0. 11.  4.  6.  5.  3.] 
10:[10.  3.  4.  9.  5.  2.  6. 11. 14. 12.  0.  1.  7. 13.  8.] 
11:[ 5. 11.  4.  3. 12.  2.  7.  1.  0. 10.  9. 13.  8. 14.  6.] 
12:[12. 13.  2.  1.  7. 14.  8.  9.  5. 11. 10.  0.  3.  4.  6.] 
13:[13.  2.  9. 12. 14.  5.  4.  3. 11.  1.  7.  8.  6.  0. 10.] 
14:[ 8.  1. 14.  7. 12.  9. 13.  2.  0.  3.  4. 11.  5. 10.  6.] 
POSCARS
EA108   4.370  4.368  4.777 116.47 116.31 89.90 Sym.group:  119
1.0
   4.3656459999999999   -0.1111660000000000   -0.1632580000000000
   0.1116160000000000    4.3628499999999999   -0.1918640000000000
  -2.0231180000000002   -1.9095640000000000    3.8830570000000000
P Al
4 2
direct
   0.4720830000000000    0.1336410000000000    0.5780630000000000 P
   0.0340730000000000    0.1856500000000000    0.6961150000000000 P
   0.7261060000000000    0.8804810000000000    0.0775890000000000 P
   0.4203440000000000    0.5712270000000000    0.4589760000000000 P
   0.1554340000000000    0.8012910000000000    0.9330580000000001 Al
   0.8058620000000000    0.4520470000000000    0.2231030000000000 Al
EA106   4.415  4.414  4.701 117.97 117.99 90.01 Sym.group:  141
1.0
   4.4145009999999996    0.0022120000000000    0.0030450000000000
  -0.0027590000000000    4.4144530000000000    0.0072210000000000
  -2.2077840000000002   -2.2116579999999999    3.5116510000000001
Si P
4 2
direct
   0.7500920000000000    0.7541580000000000    0.3414340000000000 Si
   0.1603350000000000    0.6639090000000000    0.1617590000000000 Si
   0.4998990000000000    0.0039160000000000    0.8413160000000000 Si
   0.4103150000000000    0.4143130000000000    0.6618690000000000 Si
   0.8302070000000000    0.3341850000000000    0.5015340000000000 P
   0.0800380000000000    0.0839050000000000    0.0016570000000000 P
EA237   3.887  5.570  2.813 104.61 68.81 109.67 Sym.group:  139
1.0
   3.8763290000000001    0.2824430000000000    0.0174490000000000
  -2.2491409999999998    5.0888859999999996   -0.2544160000000000
   1.0216860000000001   -0.1942060000000000    2.6135809999999999
Li P
4 2
direct
   0.6371390000000000    0.1663920000000000    0.1451050000000000 Li
   0.6392030000000000    0.8320370000000000    0.4766910000000000 Li
   0.1392200000000000    0.3320580000000000    0.4766930000000000 Li
   0.1371560000000000    0.6664120000000000    0.1451070000000000 Li
   0.1381750000000000    0.9992300000000000    0.8109060000000000 P
   0.6381840000000000    0.4992190000000000    0.8108919999999999 P
EA7     2.514  2.514  3.827 90.00 90.00 60.00 Sym.group:  191
1.0
   1.2572360000000000    2.1772900000000002    0.0000260000000000
  -1.2570230000000000    2.1774719999999999    0.0026280000000000
   0.0041730000000000   -0.0024520000000000    3.8273950000000001
C Na
2 1
direct
   0.3382550000000000    0.3356890000000000    0.9009600000000000 C
   0.6716000000000000    0.6690010000000000    0.9011710000000001 C
   0.0031900000000000    0.0035400000000000    0.4010370000000000 Na
EA7     5.013  3.167  2.884 90.00 90.00 90.00 Sym.group:  191
1.0
   5.0131519999999998   -0.0001810000000000    0.0010080000000000
   0.0000960000000000    3.1674790000000002   -0.0005340000000000
  -0.0005880000000000    0.0004740000000000    2.8835350000000002
B Mg
4 2
direct
   0.3356250000000000    0.4931760000000000    0.1626370000000000 B
   0.6646170000000000    0.4933880000000000    0.1626530000000000 B
   0.1646110000000000    0.4931830000000000    0.6626310000000000 B
   0.8356220000000000    0.4933740000000000    0.6626410000000000 B
   0.0001330000000000    0.9934110000000000    0.1623980000000000 Mg
   0.5000970000000000    0.9934100000000000    0.6624470000000000 Mg
EA133   6.525  2.430  2.430 119.90 89.91 90.07 Sym.group:  164
1.0
   6.5212760000000003    0.1361610000000000   -0.1691890000000000
  -0.0555420000000000    2.4279700000000002   -0.0713110000000000
   0.0832380000000000   -1.1476599999999999    2.1406049999999999
C B
4 2
direct
   0.0575180000000000    0.1685500000000000    0.0687550000000000 C
   0.8270000000000000    0.1679550000000000    0.0699420000000000 C
   0.1337590000000000    0.8348010000000000    0.4027020000000000 C
   0.7507580000000000    0.5017210000000000    0.7360100000000001 C
   0.3680180000000000    0.8350780000000000    0.4025920000000000 B
   0.5165000000000000    0.5017130000000000    0.7364620000000000 B
EA109   4.161  4.161  4.162 119.97 60.02 119.98 Sym.group:  227
1.0
   4.1605699999999999   -0.0061490000000000    0.0014390000000000
  -2.0737450000000002    3.6071830000000000   -0.0060590000000000
   2.0769039999999999   -1.1982470000000001    3.4015590000000002
Be Mg
4 2
direct
   0.9972940000000000    0.0048580000000000    0.0032270000000000 Be
   0.4973660000000000    0.5048420000000000    0.0030430000000000 Be
   0.9971680000000001    0.5047280000000000    0.0031750000000000 Be
   0.9974150000000001    0.5047920000000000    0.5030810000000000 Be
   0.3723680000000000    0.1298420000000000    0.3781330000000000 Mg
   0.6221960000000000    0.8796810000000000    0.6282489999999999 Mg
EA47    4.564  4.784  4.563 118.46 90.02 118.45 Sym.group:  141
1.0
   4.5638509999999997    0.0110940000000000    0.0069550000000000
  -2.2773629999999998    1.7283240000000000   -3.8363309999999999
  -0.0134930000000000    2.4733100000000001    3.8340670000000001
Al S
4 2
direct
   0.2585030000000000    0.3470760000000000    0.0911840000000000 Al
   0.1532640000000000    0.1390310000000000    0.4871980000000000 Al
   0.9038740000000000    0.6395970000000000    0.7366050000000000 Al
   0.5073970000000000    0.8465810000000000    0.8395690000000000 Al
   0.5807990000000000    0.9934160000000000    0.4128950000000000 S
   0.8312520000000000    0.4927560000000000    0.1631650000000000 S
EA47    4.012  4.013  2.607 90.00 90.01 89.99 Sym.group:  136
1.0
   4.0117039999999999    0.0020750000000000    0.0021240000000000
  -0.0013130000000000    4.0129450000000002   -0.0000360000000000
  -0.0019040000000000   -0.0000240000000000    2.6073729999999999
O Si
4 2
direct
   0.3014490000000000    0.3055430000000000    0.0026490000000000 O
   0.6964900000000001    0.7000680000000000    0.0031420000000000 O
   0.8014190000000000    0.2000310000000000    0.5021610000000000 O
   0.1965120000000000    0.8054870000000000    0.5026230000000000 O
   0.9989990000000000    0.0027850000000000    0.0022330000000000 Si
   0.4989980000000000    0.5027890000000000    0.5030670000000000 Si
EA13    7.544  2.794  2.792 90.00 90.02 90.00 Sym.group:  129
1.0
   7.5438999999999998    0.0017130000000000    0.0141450000000000
  -0.0007090000000000    2.7940999999999998    0.0011440000000000
  -0.0061220000000000   -0.0013360000000000    2.7921149999999999
Mg O
4 2
direct
   0.1150030000000000    0.6727070000000001    0.7568270000000000 Mg
   0.8620230000000000    0.1729350000000000    0.2572060000000000 Mg
   0.3864570000000000    0.1727020000000000    0.2567360000000000 Mg
   0.6394220000000000    0.6729290000000000    0.7571720000000000 Mg
   0.1237130000000000    0.1726360000000000    0.2567290000000000 O
   0.3777490000000000    0.6726310000000000    0.7566780000000000 O
EA262   2.269  2.266 11.584 95.53 95.57 90.01 Sym.group:  139
1.0
   2.2684810000000000   -0.0046350000000000    0.0115890000000000
   0.0040890000000000    2.2658749999999999    0.0024060000000000
  -1.1854130000000000   -1.1265369999999999   11.4682010000000005
P F
4 2
direct
   0.4783240000000000    0.3049800000000000    0.2193560000000000 P
   0.6645410000000000    0.4955080000000000    0.6046230000000000 P
   0.7721270000000000    0.5968470000000000    0.7980980000000000 P
   0.5799410000000000    0.4048930000000000    0.4128510000000000 P
   0.4123350000000000    0.2363370000000000    0.0825680000000000 F
   0.8405070000000000    0.6644620000000000    0.9348900000000000 F
EA179   2.453  2.453  8.479 98.27 98.29 61.12 Sym.group:  166
1.0
   2.4531660000000000   -0.0031120000000000   -0.0240100000000000
   1.1876730000000000    2.1467040000000002   -0.0002580000000000
  -1.1420079999999999   -0.7602080000000000    8.3673110000000008
C S
4 2
direct
   0.5808790000000000    0.3100860000000000    0.6524070000000000 C
   0.6418920000000000    0.3693340000000000    0.8333270000000000 C
   0.8957560000000000    0.6252870000000000    0.5944250000000000 C
   0.3270010000000000    0.0541450000000000    0.8913090000000000 C
   0.8249510000000000    0.5554720000000000    0.3816380000000000 S
   0.3974250000000000    0.1242700000000000    0.1040960000000000 S
EA48    4.702  4.637  4.703 119.53 104.06 60.47 Sym.group:  140
1.0
   2.4257010000000001    4.0277180000000001    0.0025010000000000
  -2.2771740000000000    4.0395909999999997    0.0006250000000000
   1.1369020000000001   -2.0210569999999999    4.0916969999999999
Cl Si
4 2
direct
   0.9996699999999999    0.0720200000000000    0.8160849999999999 Cl
   0.6804650000000000    0.5725200000000000    0.4979480000000000 Cl
   0.9993400000000000    0.7526460000000000    0.1771530000000000 Cl
   0.3199700000000000    0.2527470000000000    0.4978370000000000 Cl
   0.4991340000000000    0.9128210000000000    0.9980760000000000 Si
   0.5003370000000000    0.4123870000000000    0.9984050000000000 Si
EA1     4.207  4.292  4.293 76.30 118.12 118.05 Sym.group:  140
1.0
   4.2061409999999997    0.0581750000000000    0.0642870000000000
  -2.0710540000000002    3.7589220000000001    0.0261960000000000
  -2.0814900000000001   -0.0120560000000000    3.7549709999999998
Al Be
4 2
direct
   0.4913470000000000    0.0015990000000000    0.3173720000000000 Al
   0.9915610000000000    0.3198040000000000    0.9990950000000000 Al
   0.6659389999999999    0.6802790000000000    0.9960450000000000 Al
   0.1660920000000000    0.9984980000000000    0.6776630000000000 Al
   0.0787070000000000    0.5031750000000000    0.4943260000000000 Be
   0.5788020000000000    0.4969260000000000    0.5008280000000001 Be
EA22    3.623  3.622  3.035 90.00 89.99 89.99 Sym.group:  115
1.0
   3.6225470000000000   -0.0005760000000000   -0.0004290000000000
   0.0015030000000000    3.6220400000000001    0.0000630000000000
   0.0010300000000000    0.0001050000000000    3.0352579999999998
F Be
4 2
direct
   0.0767780000000000    0.2523450000000000    0.4226600000000000 F
   0.5751120000000000    0.7529140000000000    0.4228110000000000 F
   0.5766380000000000    0.2527770000000000    0.9105930000000000 F
   0.0749250000000000    0.7521630000000000    0.9106700000000000 F
   0.8259540000000000    0.0027230000000000    0.1676410000000000 Be
   0.3260260000000000    0.5027480000000000    0.1659550000000000 Be
