NUMBER OF PAIRS 28
COMPOSITION A 1.0 B
NUMBER OF TEMPLATES 13
RELAXED COUPLES
[Be C] 
[N Na] 
[Be Mg] 
[Na O] 
[B Li] 
[Mg O] 
[B Be] 
[B Na] 
[C Na] 
[C Mg] 
[B O] 
[C Li] 
[Li Na] 
[N O] 
[Be Na] 
[Mg N] 
[Be O] 
[Be Li] 
[Li O] 
[B C] 
[Li Mg] 
[B Mg] 
[C N] 
[B N] 
[Li N] 
[Mg Na] 
[Be N] 
[C O] 
RANKING VECTORS ENTHALPIES
0:[ 1.11452438 -0.07276421  0.41551216 -2.81970418 -0.13431125 -4.0165224  0.67352035  0.49456918  0.06841289 -0.00796493 -0.75051488  0.02920567  0.20034783  0.49023706  0.40314835 -1.46418683 -3.2249823   0.09082493 -2.93127401  1.0462384   0.12408821  0.33665288  1.59976183 -0.28630634 -1.63981283  0.13082756 -0.76998621 -0.13955294] 
1:[ 1.49023575 -0.505639    0.3221603  -2.71296972 -0.21576668 -3.98421361  0.4490227   0.64910565  1.2322812   0.63650093  0.31122975  0.74018847  0.05618103  1.71728614  0.6977082  -1.38056476 -2.23553335  0.13081841 -2.74427897  2.6812165  -0.23270657  0.25669529  3.60211342  1.54166771 -0.77944382  0.14030327 -0.12930476  2.30120791] 
2:[ 1.34408385e+00  5.67887940e-01  6.19223507e-01 -2.77297279e+00 -2.69756481e-02 -4.34760208e+00  7.70550507e-01  2.12574209e+00  2.51578143e+00  8.19426624e-01 -7.58584638e-01  9.82539792e-01  2.19531480e-01  1.26686750e+00  1.93283816e+00 -1.72387497e+00 -3.07303274e+00  3.81899220e-04 -2.63119499e+00  1.59225246e+00 -4.77189708e-02  8.85425797e-01  2.26312565e+00  2.34123466e-01 -1.46899839e+00  8.63304176e-01 -9.37157737e-01  1.66712398e+00] 
3:[ 1.33772055e+00  5.67878809e-01  6.28638481e-01 -2.77668117e+00 -3.00404733e-04 -4.34766963e+00  7.61320855e-01  2.12574209e+00  2.52830444e+00  8.15186108e-01 -7.56910065e-01  1.00118167e+00  2.19531480e-01  1.26599908e+00  1.92924345e+00 -1.72469410e+00 -3.07132560e+00 -1.27587978e-02 -2.63256606e+00  1.58778655e+00 -5.08463591e-02  7.60363347e-01  2.25976686e+00  2.32381008e-01 -1.46861343e+00  8.44749356e-01 -9.21326041e-01  1.65970566e+00] 
4:[ 0.68175275 -0.026728    0.49595471 -1.49620505  0.14654037 -4.18338247  0.00482079  0.28207674 -0.02074787  0.0806936  -1.99890731 -0.34263851  0.03919809 -0.47242948  0.41811638  0.13255028 -3.64124744  0.01075353 -2.28871537  0.26787684 -0.01034195  0.05230662  1.03772712  0.49685979 -0.20059077  0.02525448 -0.86911877 -0.76448175] 
5:[ 1.39387752  1.17304839  0.97314982 -1.56111914  1.69706639 -4.13314835  1.20523218  2.8918165   1.96562874  1.60743132 -0.61746714  2.07726889  0.10427319  1.24421418  2.67333646 -0.61534042 -3.8311285   1.76357593 -2.28770643  0.45765745  0.11576874  1.30336315  0.30645092 -2.21508133 -0.30422604  1.65462477 -0.75988321  0.75954613] 
6:[ 0.6408647   0.12443418  1.31006366 -2.5446717   0.4435355  -3.42721697  0.86536416  0.53244337  0.97406839  1.48986948 -0.1070375   0.74854525  0.41353897  0.99018202  0.58562942 -0.99855259 -2.89442173  0.66634416 -2.60740845  0.12946337  0.3229226   0.65838143  1.65637688 -0.5856315 -1.11280441  1.29698237 -1.24535966  1.27314471] 
7:[ 1.36509756  0.5532943   1.32509178 -2.14301118  1.1960467  -4.65670395  1.27058055  2.06213748  2.50050017  1.05621064 -0.20840738  1.66443599  0.18982559  1.14223813  1.81264951 -1.47494767 -3.60447158  0.77107025 -2.59070718  1.08545203  0.15013829  1.07939955  1.95143195 -0.63301111 -0.15612843  0.66281009 -0.88641342  1.65445546] 
8:[ 1.33076314 -0.11655038  0.63351552 -2.34379443 -0.0107647  -4.34710356  0.7710648   0.98468464  1.6840738   0.82759112 -0.4562756   0.95506123  0.05236682  1.24697037  0.49636899 -1.6722451  -3.07050704 -0.01083761 -2.63156648  2.60451198 -0.05080756  0.70263471  2.27209655  0.2172141 -0.83938843  0.05028559 -0.95852314  1.83370948] 
9:[ 1.58765014 -1.23036421  0.30671995 -2.32226868 -0.79253469 -3.54747767  0.47085948 -0.22321818  0.17066394  0.87546693 -2.32048281 -0.2850354  0.10472444  0.82953385  0.58584499 -0.03790995 -3.11766726 -0.02403995 -2.15708679  2.264512   -0.07218065  0.57962749  0.57103605 -1.66593317 -0.58494825  0.08900893 -0.62590546  0.61938785] 
10:[ 1.35934586 -0.8477818   0.30785794 -0.93409963  0.23303679 -3.66998145  0.47371681  0.89791844  1.28578095  0.35556845 -2.73579077  0.12167096  0.08523183  0.71844893  0.69202848 -0.58344423 -3.5003551  -0.02729575 -2.20875872  0.63343539  0.65210887  0.85376463 -0.26473872 -1.77625945 -0.58268638  0.14864834 -0.63841998  0.7756447 ] 
11:[ 6.86727749e-01 -2.14347319e-02  5.00775406e-01 -1.23374629e+00  1.53844025e-01 -4.19003834e+00  2.21212557e-03  2.86919556e-01 -1.56083406e-02  7.92970899e-02 -2.00088412e+00 -3.41649970e-01  3.53055565e-02  1.07862695e+00  4.21069149e-01 -9.54692045e-01 -3.64125050e+00  1.58234137e-02 -2.28854893e+00  2.62496454e-01 -4.78302514e-03  5.34388784e-02  3.02186878e-01 -1.80321048e+00 -1.22352658e-01  3.27197416e-02 -8.73563185e-01  6.22301627e-01] 
12:[ 1.31886083  0.27910114  0.96917957 -1.83191422  0.26523646 -3.90667615  0.75894041  1.10659586  1.95672966  1.61345441 -0.27937186  1.29781418  0.10230511 -0.68237678  0.5507644  -0.61335941 -3.82718611  0.05435628 -2.28531563  0.45244919  0.11391047  1.31366316  1.2719842   1.08599666 -0.29821653  0.13480613 -0.76043189  0.21999499] 
R(T) IDX
0:[ 0.  1.  2.  3.  4.  5.  6.  7.  8.  9. 10. 11. 12. 13. 14. 15. 16. 17. 18. 19. 20. 21. 22. 23. 24. 25. 26. 27.] 
1:[ 0.  1.  2.  3.  4.  5.  6.  7.  8.  9. 10. 11. 12. 13. 14. 15. 16. 17. 18. 19. 20. 21. 22. 23. 24. 25. 26. 27.] 
2:[ 0.  1.  2.  3.  4.  5.  6.  7.  8.  9. 10. 11. 12. 13. 14. 15. 16. 17. 18. 19. 20. 21. 22. 23. 24. 25. 26. 27.] 
3:[ 0.  1.  2.  3.  4.  5.  6.  7.  8.  9. 10. 11. 12. 13. 14. 15. 16. 17. 18. 19. 20. 21. 22. 23. 24. 25. 26. 27.] 
4:[ 0.  1.  2.  3.  4.  5.  6.  7.  8.  9. 10. 11. 12. 13. 14. 15. 16. 17. 18. 19. 20. 21. 22. 23. 24. 25. 26. 27.] 
5:[ 0.  1.  2.  3.  4.  5.  6.  7.  8.  9. 10. 11. 12. 13. 14. 15. 16. 17. 18. 19. 20. 21. 22. 23. 24. 25. 26. 27.] 
6:[ 0.  1.  2.  3.  4.  5.  6.  7.  8.  9. 10. 11. 12. 13. 14. 15. 16. 17. 18. 19. 20. 21. 22. 23. 24. 25. 26. 27.] 
7:[ 0.  1.  2.  3.  4.  5.  6.  7.  8.  9. 10. 11. 12. 13. 14. 15. 16. 17. 18. 19. 20. 21. 22. 23. 24. 25. 26. 27.] 
8:[ 0.  1.  2.  3.  4.  5.  6.  7.  8.  9. 10. 11. 12. 13. 14. 15. 16. 17. 18. 19. 20. 21. 22. 23. 24. 25. 26. 27.] 
9:[ 0.  1.  2.  3.  4.  5.  6.  7.  8.  9. 10. 11. 12. 13. 14. 15. 16. 17. 18. 19. 20. 21. 22. 23. 24. 25. 26. 27.] 
10:[ 0.  1.  2.  3.  4.  5.  6.  7.  8.  9. 10. 11. 12. 13. 14. 15. 16. 17. 18. 19. 20. 21. 22. 23. 24. 25. 26. 27.] 
11:[ 0.  1.  2.  3.  4.  5.  6.  7.  8.  9. 10. 11. 12. 13. 14. 15. 16. 17. 18. 19. 20. 21. 22. 23. 24. 25. 26. 27.] 
12:[ 0.  1.  2.  3.  4.  5.  6.  7.  8.  9. 10. 11. 12. 13. 14. 15. 16. 17. 18. 19. 20. 21. 22. 23. 24. 25. 26. 27.] 
R(P) IDX
0:[0. 0. 0. 0. 0. 0. 0. 0. 0. 0. 0. 0. 0. 0. 0. 0. 0. 0. 0. 0. 0. 0. 0. 0. 0. 0. 0. 0.] 
1:[1. 1. 1. 1. 1. 1. 1. 1. 1. 1. 1. 1. 1. 1. 1. 1. 1. 1. 1. 1. 1. 1. 1. 1. 1. 1. 1. 1.] 
2:[2. 2. 2. 2. 2. 2. 2. 2. 2. 2. 2. 2. 2. 2. 2. 2. 2. 2. 2. 2. 2. 2. 2. 2. 2. 2. 2. 2.] 
3:[3. 3. 3. 3. 3. 3. 3. 3. 3. 3. 3. 3. 3. 3. 3. 3. 3. 3. 3. 3. 3. 3. 3. 3. 3. 3. 3. 3.] 
4:[4. 4. 4. 4. 4. 4. 4. 4. 4. 4. 4. 4. 4. 4. 4. 4. 4. 4. 4. 4. 4. 4. 4. 4. 4. 4. 4. 4.] 
5:[5. 5. 5. 5. 5. 5. 5. 5. 5. 5. 5. 5. 5. 5. 5. 5. 5. 5. 5. 5. 5. 5. 5. 5. 5. 5. 5. 5.] 
6:[6. 6. 6. 6. 6. 6. 6. 6. 6. 6. 6. 6. 6. 6. 6. 6. 6. 6. 6. 6. 6. 6. 6. 6. 6. 6. 6. 6.] 
7:[7. 7. 7. 7. 7. 7. 7. 7. 7. 7. 7. 7. 7. 7. 7. 7. 7. 7. 7. 7. 7. 7. 7. 7. 7. 7. 7. 7.] 
8:[8. 8. 8. 8. 8. 8. 8. 8. 8. 8. 8. 8. 8. 8. 8. 8. 8. 8. 8. 8. 8. 8. 8. 8. 8. 8. 8. 8.] 
9:[9. 9. 9. 9. 9. 9. 9. 9. 9. 9. 9. 9. 9. 9. 9. 9. 9. 9. 9. 9. 9. 9. 9. 9. 9. 9. 9. 9.] 
10:[10. 10. 10. 10. 10. 10. 10. 10. 10. 10. 10. 10. 10. 10. 10. 10. 10. 10. 10. 10. 10. 10. 10. 10. 10. 10. 10. 10.] 
11:[11. 11. 11. 11. 11. 11. 11. 11. 11. 11. 11. 11. 11. 11. 11. 11. 11. 11. 11. 11. 11. 11. 11. 11. 11. 11. 11. 11.] 
12:[12. 12. 12. 12. 12. 12. 12. 12. 12. 12. 12. 12. 12. 12. 12. 12. 12. 12. 12. 12. 12. 12. 12. 12. 12. 12. 12. 12.] 
