NUMBER OF TEMPLATES 29
COMPOSITION A 2 B
pairs , SPACEGROUPS 
[Al O] , 166 
[Al F] , 187 
[H S] , 224 
[N Cl] , 123 
[Be Mg] , 227 
[Cl Be] , 137 
[Mg S] , 164 
[P S] , 164 
[Al Si] , 164 
[F Be] , 115 
[B Al] , 191 
[Li Al] , 139 
[Na Si] , 191 
[C Li] , 191 
[Be Na] , 164 
[Al Be] , 140 
[N Mg] , 194 
[S B] , 115 
[Be C] , 225 
[Li H] , 141 
[Li Cl] , 166 
[Na Cl] , 123 
[Na Al] , 191 
[S H] , 129 
[C B] , 141 
[Al Mg] , 164 
[Al Na] , 139 
[O Na] , 123 
[Be O] , 156 
RANKING VECTORS ENTHALPIES
0:[-189.31108819 -189.13735495 -189.06590505 -189.04547534 -189.04457955 -189.04383174 -189.03544788 -188.97031841 -188.96925587 -188.91556025 -188.74904329 -188.71257584 -188.70129004 -188.68082925 -188.58851375 -188.51674482 -188.50700188 -188.4778214  -188.39796506 -188.30496669 -188.17578463 -187.99540794 -187.99168411 -187.28907233 -186.92236715 -186.92236104 -186.92233635 -186.92149462 -186.61548308] 
1:[-262.29508112 -262.16416077 -262.0422659  -262.04125423 -262.03883682 -262.03300982 -261.98190278 -261.97466844 -261.96110558 -261.94144963 -261.81639832 -261.80794188 -261.72821608 -261.71645067 -261.71365988 -261.67789814 -261.62549035 -261.61274482 -261.50696649 -261.39641117 -261.29620454 -261.26733751 -261.22940037 -261.03992025 -261.03990199 -261.03576153 -261.02894543 -260.71026154 -260.60020305] 
2:[-108.09189082 -108.04823712 -108.00460743 -107.93462017 -107.92847828 -107.92828755 -107.9281702  -107.91173837 -107.83497324 -107.81105162 -107.77793498 -107.75332156 -107.74563838 -107.73766926 -107.72608508 -107.72343441 -107.71050525 -107.7103578  -107.69421987 -107.69326774 -107.68434408 -107.67204132 -107.56809729 -107.52761426 -107.52624005 -107.41674722 -107.41673485 -107.40835571 -107.25177912] 
3:[-332.56699534 -332.53183745 -332.48121308 -332.22188305 -332.1099251 -332.09752929 -332.08957897 -332.08778898 -332.08549444 -332.08481523 -331.49331279 -331.48500071 -331.43350071 -331.38641157 -331.36888527 -331.31517707 -331.02988402 -330.97970701 -330.92586395 -330.59014625 -330.58689429 -330.57422086 -330.52798101 -330.51352832 -330.49770677 -330.4531335  -330.26234513 -330.2478999  -330.24349959] 
4:[-788.39243394 -788.14222057 -788.13626174 -788.08185674 -788.02166376 -788.02079191 -788.0185836  -788.01742176 -788.0172722  -788.01598871 -788.01477659 -787.88596603 -787.75582853 -787.75315193 -787.75282407 -787.66817744 -787.64151772 -787.61779393 -787.58355504 -787.56818599 -787.46333709 -787.38947524 -787.35464302 -787.34334872 -787.33169187 -787.02574923 -786.70128289 -786.54032443 -784.11205072] 
5:[-420.85471233 -420.85469483 -420.8546814  -420.85456308 -420.7493599 -420.73945898 -420.73246432 -420.7324468  -420.64515812 -420.61496486 -420.48807907 -420.41572902 -420.40571157 -420.3992872  -420.09724561 -419.96554663 -419.92669179 -419.89392187 -419.7429611  -419.7093263 -419.57293494 -419.56735606 -419.22203563 -419.21612231 -418.36134361 -418.35987695 -418.35922758 -418.35601607 -417.61226816] 
6:[-1173.03924672 -1173.03167247 -1172.90932001 -1172.90755678 -1172.87722134 -1172.87710395 -1172.87540609 -1172.86344154 -1172.85455488 -1172.81338202 -1172.72551863 -1172.64784979 -1172.57980536 -1172.56090343 -1172.5358149  -1172.4968703 -1172.36317332 -1172.30578443 -1172.26449202 -1172.25468822 -1172.25345127 -1172.25333151 -1172.04767021 -1172.04755169 -1172.0307707  -1171.99091095 -1171.93185925 -1171.42805335 -1170.83462143] 
7:[-221.46934998 -221.35100313 -221.34813074 -221.34709443 -221.1849736 -221.16351487 -221.146908   -221.03598933 -221.03598917 -221.03082575 -221.01998562 -221.01673254 -220.97934783 -220.96503179 -220.95347152 -220.88761955 -220.8838518  -220.88192037 -220.860117   -220.85957781 -220.85224175 -220.83029284 -220.81130299 -220.7868593  -220.74727124 -220.72752716 -220.58761388 -220.18144969 -219.061558  ] 
8:[-76.19879267 -76.17972145 -76.17523712 -76.16865859 -76.16104438 -76.06759734 -76.06273651 -76.05389202 -75.98958486 -75.9528172 -75.9446937  -75.93125108 -75.86849723 -75.86841608 -75.84947111 -75.84912579 -75.84700678 -75.83398535 -75.7930341  -75.75690207 -75.7529281  -75.72565925 -75.67494222 -75.66742154 -75.55277033 -75.50191207 -75.47814663 -75.39690886 -73.1259814 ] 
9:[-572.82150131 -572.80683274 -572.79793237 -572.79317364 -572.79217594 -572.76669867 -572.76657974 -572.76303833 -572.76064025 -572.75241091 -572.68956264 -572.65144189 -572.54840947 -572.35484114 -572.35351721 -572.21280767 -572.05380618 -571.93272371 -571.92892049 -571.8151037 -571.78776296 -571.76787623 -570.4086838  -570.40281284 -570.33631878 -570.33462008 -570.32676172 -570.30920267 -569.31571757] 
10:[-71.9826769  -71.98266731 -71.98266646 -71.98171845 -71.98142737 -71.98081084 -71.97992827 -71.97740171 -71.97710517 -71.85020157 -71.37140062 -71.10154371 -71.09538897 -71.07694811 -71.0767219 -71.07487482 -71.03817192 -71.03262699 -70.92697417 -70.86442141 -70.85531209 -70.80686951 -70.68654069 -70.6487057  -70.59208362 -70.57187239 -70.37408652 -70.33458328 -67.72102143] 
11:[-148.22412555 -148.21739153 -148.21006124 -148.20976868 -148.20912592 -148.20523127 -148.13780201 -148.12050781 -147.93344989 -147.93112999 -147.92670067 -147.92632441 -147.87905352 -147.87635469 -147.87232464 -147.84728028 -147.83109014 -147.82272523 -147.81300409 -147.7521892 -147.75014166 -147.74585362 -147.6345767  -147.61742051 -147.60108438 -147.54036974 -147.4892375  -146.96876477 -145.42453549] 
12:[-862.40092452 -862.4008722  -862.40026427 -862.36903141 -862.32785679 -862.30842096 -862.15336831 -862.12740755 -862.04213868 -862.02964359 -862.00343296 -861.99323038 -861.98233508 -861.98036865 -861.94591138 -861.91156521 -861.90945692 -861.90735271 -861.88248897 -861.79931617 -861.77628776 -861.58079115 -861.56998466 -861.47216392 -861.45363265 -861.39744351 -861.01251048 -860.95231478 -859.05983787] 
13:[-172.47904233 -172.47710333 -172.47695624 -172.47438226 -172.47254286 -172.46876449 -172.17142925 -172.11987564 -171.91627777 -171.28070293 -171.28060556 -171.1761052  -171.1634973  -171.0814415  -171.07656329 -171.07634742 -171.0500206  -170.97034945 -170.88709642 -170.84685839 -170.65056382 -170.55486257 -170.46351022 -170.44342454 -170.26284454 -170.12786039 -170.1227323  -169.37097065 -167.66346467] 
14:[-663.77330602 -663.77186698 -663.77179244 -663.76550345 -663.72870629 -663.71844565 -663.70001014 -663.68251877 -663.64615583 -663.63519028 -663.63063664 -663.60785397 -663.55999962 -663.54113299 -663.51798377 -663.48508338 -663.48369383 -663.48304063 -663.4680555  -663.44095964 -663.43639919 -663.28185072 -663.27133174 -663.14374818 -662.84262251 -662.78263731 -662.38424073 -661.90791658 -660.27472265] 
15:[-164.90585256 -164.7857933  -164.78370424 -164.71377491 -164.66447374 -164.66070684 -164.65798633 -164.64186936 -164.60850813 -164.58295553 -164.57791096 -164.51148099 -164.50921655 -164.46442284 -164.45570543 -164.36983695 -164.35680114 -164.263494   -164.26214307 -164.25735378 -164.25377876 -164.25377286 -164.2430582  -164.1102924  -164.06278706 -164.03171432 -164.02993341 -163.85829229 -162.75927629] 
16:[-724.07948433 -724.07917562 -724.00161597 -723.89486571 -723.25659536 -723.01352004 -723.00684814 -723.00646726 -723.00273654 -722.91181654 -722.91166629 -722.87107321 -722.86886329 -722.86596638 -722.85587427 -722.8550305  -722.81463111 -722.81461213 -722.81041137 -722.80961041 -722.65125207 -722.64544364 -722.46791014 -722.4569324  -722.34715105 -722.22257085 -722.07890004 -721.30726708 -720.31233613] 
17:[-223.1493734  -223.12203858 -223.11868093 -223.03977111 -222.89003625 -222.86553782 -222.86485334 -222.86048885 -222.85949209 -222.85717588 -222.8563081  -222.67261127 -222.63417245 -222.55133689 -222.52187139 -222.48323183 -222.29909446 -222.25634113 -222.19630297 -222.0471275 -222.04563429 -221.78057858 -221.77116876 -221.62591359 -221.50078884 -221.49061913 -221.49061847 -221.4576868  -220.96441712] 
18:[-305.97550844 -305.62457629 -305.24977696 -305.22703007 -305.18564396 -305.1386965  -305.10598042 -305.05524713 -305.0196418  -304.95928393 -304.76661502 -304.73450772 -304.69705545 -304.69500951 -304.69254248 -304.67969229 -304.59052585 -304.58673168 -304.56728587 -304.54791971 -304.54629201 -304.5362016  -304.49246086 -304.18991633 -304.08618144 -303.97302926 -303.95401525 -303.93385516 -303.9338087 ] 
19:[-133.77672508 -133.77666953 -133.7759752  -133.77508988 -133.77370797 -133.76285652 -133.75342989 -133.75051772 -133.74897922 -133.74479355 -133.73617835 -133.71830743 -133.71512345 -133.71237461 -133.70771466 -133.69640071 -133.68837983 -133.68781522 -133.50135441 -133.48721823 -133.46176382 -133.42756663 -133.32952138 -132.96405884 -132.9640557 -132.95769024 -132.90805064 -132.89022404 -132.33864197] 
20:[-276.6615687  -276.63392294 -276.57649663 -276.48211694 -276.42562596 -276.42496169 -276.39642355 -276.39172347 -276.3399303  -276.3112699 -276.31034732 -276.30936212 -276.30898952 -276.30021565 -276.28199691 -276.24484098 -276.19881004 -276.09428731 -276.09398286 -275.99258535 -275.99186928 -275.91727819 -275.91688958 -275.9168875  -275.90957727 -275.9049103  -275.72974102 -275.44298327 -275.08336713] 
21:[-973.5818732  -973.39716447 -973.36363232 -973.33835739 -973.23999311 -973.23796965 -973.23760822 -973.23649184 -973.23024566 -973.22867289 -973.18576309 -973.16919367 -973.154661   -973.11471618 -973.11122266 -973.10362587 -973.09016482 -973.08486356 -973.08485632 -973.08178601 -973.0619976  -973.04504672 -972.92924673 -972.80369904 -972.73904241 -972.73671399 -972.38200076 -972.26831988 -971.33266107] 
22:[-844.67555369 -844.63373291 -844.62945826 -844.62916667 -844.62850544 -844.61434189 -844.55277215 -844.54808338 -844.54235512 -844.5215489 -844.50999014 -844.4919992  -844.47482191 -844.45431639 -844.43697078 -844.43539182 -844.4343731  -844.41010713 -844.3782834  -844.37119923 -844.30904201 -844.29830261 -844.217142   -844.18102551 -844.14343316 -843.77508418 -843.34750286 -842.95651557 -841.69931966] 
23:[-201.81432065 -201.75766909 -201.5438776  -201.49387653 -201.43170139 -201.3991592  -201.39243901 -201.36003736 -201.35380021 -201.35326098 -201.35173692 -201.34750554 -201.32294402 -201.31357976 -201.30113139 -201.28671966 -201.2841532  -201.28095369 -201.2698491  -201.22821544 -201.20200361 -201.19448181 -201.12693789 -201.10847685 -200.95420023 -200.95419913 -200.93097686 -200.9153098  -200.53306077] 
24:[-133.79457503 -133.73373799 -132.75015127 -132.72246271 -132.68121737 -132.49827653 -132.43954632 -132.4377733  -132.43204723 -132.40343689 -132.20787005 -132.19169795 -132.19045446 -132.17400858 -132.15717118 -132.09109988 -132.08233065 -132.05780528 -131.99825942 -131.75694587 -131.74636056 -131.5695366  -131.56684126 -131.5126168  -131.50693913 -131.50689643 -131.2395111  -130.82773089 -130.24032825] 
25:[-575.93050087 -575.92387592 -575.91792781 -575.90172272 -575.88988343 -575.88309797 -575.87823064 -575.87533474 -575.86957812 -575.86955774 -575.86646645 -575.74856399 -575.74567602 -575.68891814 -575.67447346 -575.64697248 -575.59436799 -575.58822007 -575.58766252 -575.56069022 -575.52072652 -575.51316479 -575.41763228 -575.22392466 -574.96890294 -574.96113726 -574.88448387 -574.77153413 -572.10491738] 
26:[-451.63058724 -451.60825005 -451.60605074 -451.60393147 -451.54624242 -451.53452156 -451.52788084 -451.51877515 -451.48786599 -451.48597267 -451.48597231 -451.47548367 -451.45918447 -451.45464043 -451.43231211 -451.43061931 -451.40607138 -451.4019829  -451.38741298 -451.36111053 -451.26503627 -451.2474679  -451.23087591 -451.08726837 -451.00902917 -450.85371161 -450.50053785 -450.3820602  -448.10601683] 
27:[-710.79457972 -710.79304119 -710.76020341 -710.68648948 -710.50838628 -710.18286629 -710.14166666 -710.14062233 -710.13370619 -710.08416386 -710.08061217 -710.07839407 -710.07529506 -710.01930809 -709.99883406 -709.97121435 -709.9370625  -709.90337384 -709.90000151 -709.89996335 -709.82036363 -709.79221595 -709.50632764 -709.38095412 -709.27771792 -709.27741878 -709.1571182  -708.88140836 -707.2360232 ] 
28:[-401.49782199 -401.42386569 -401.40292253 -401.39859543 -401.39565124 -401.39167394 -401.38115503 -401.36298194 -401.36261012 -401.20076831 -401.18895582 -401.17826274 -401.11166481 -401.03853277 -400.91891194 -400.7875158  -400.72082673 -400.67837142 -400.67652491 -400.58465115 -400.58326481 -400.4680935  -400.39122771 -399.8935409  -399.87526482 -398.91480383 -398.91226488 -398.91063187 -398.86652439] 
RANKING VECTORS IDX
0:[ 0.  5. 28.  8. 14.  6.  7. 17.  9. 19. 24. 16. 20. 21.  2. 26. 23. 11. 15.  1. 25.  3. 27. 18. 12. 22. 13. 10.  4.] 
1:[ 1. 28.  7.  6.  8. 14.  0. 17.  9.  5. 16. 20. 25. 15. 19. 26. 24. 21. 11.  2.  3. 23. 27. 12. 22. 10. 13. 18.  4.] 
2:[ 2.  5. 15. 19. 11. 27.  3. 23. 26. 21.  0.  9. 16.  7. 18. 25.  8. 14.  6. 28. 24.  1. 20. 13. 17. 12. 22. 10.  4.] 
3:[ 3. 27. 16. 15. 25. 24.  7.  6. 14.  8. 13. 10. 28. 11. 26. 23.  1. 20. 21. 12.  5. 22. 17.  9. 19.  0.  4.  2. 18.] 
4:[ 4. 11. 26. 21. 13.  7. 15. 12. 22. 10. 25. 23.  6. 14.  8.  9.  5. 17. 28.  0. 19.  1. 20. 16.  3. 27. 18. 24.  2.] 
5:[ 8.  7.  6. 25. 14.  5.  9. 17. 19. 16. 28. 23. 24.  2. 20. 15. 26. 11. 21. 18.  3. 27.  0.  1. 12. 22. 10. 13.  4.] 
6:[21. 23. 11. 26. 14.  7.  6. 15.  8. 19. 20.  9. 25. 16.  3. 27.  0. 18. 28.  5. 17.  4. 12. 22. 10. 13.  1. 24.  2.] 
7:[ 0.  7.  8.  6.  3. 27. 20. 12. 22. 25. 13. 10. 21. 19. 11.  9. 17.  1. 26.  5. 16. 28. 23. 15.  4. 14. 24. 18.  2.] 
8:[26. 11.  6.  8. 14. 25. 21.  0. 15. 23. 28. 16. 12. 22. 10.  5. 17. 13.  1.  3. 27. 20. 24.  4. 19.  9. 18.  7.  2.] 
9:[ 5.  2. 19. 17.  9. 14.  7. 25.  6.  8. 23. 16. 28. 24. 20. 18. 15. 11. 26. 21.  3. 27.  0.  1. 13. 10. 22. 12.  4.] 
10:[25. 12. 22.  7. 13.  8. 14.  6. 10. 24. 20.  4.  5. 17.  9. 15. 23. 28. 21. 27.  3. 11. 16. 26. 19.  0.  1. 18.  2.] 
11:[26. 11. 25. 12. 22. 10. 21.  4.  7.  6.  8. 14. 23. 16. 19. 20.  3. 27. 15. 28.  0. 13.  5.  9.  1. 17. 24. 18.  2.] 
12:[12. 25. 22. 10.  7. 13.  3. 11.  8. 14. 16.  6. 27. 21. 17. 26. 15. 28.  4. 23.  1. 19. 20.  0.  5.  9. 24. 18.  2.] 
13:[10. 13. 14.  8.  7.  6. 19. 28. 24. 27.  3.  5.  9. 25. 12. 22. 23. 11.  4. 16. 20. 21. 15.  0. 17. 18. 26.  1.  2.] 
14:[14.  6.  7.  8. 28.  1.  0. 25.  4. 26. 11. 21. 17. 23.  5. 13. 22. 10.  9. 12. 16. 19. 20.  3. 15. 24. 27. 18.  2.] 
15:[15. 26. 21. 11.  8. 14.  6. 23. 25.  7. 18. 27.  3. 16. 20.  9. 28. 13. 10.  5. 12. 22. 17.  0.  1. 24. 19.  4.  2.] 
16:[27.  3. 16. 15. 19.  5. 24. 17.  9. 23. 20. 25.  6.  7. 21.  8. 12. 22. 13. 10. 26. 11. 18.  0. 14.  4. 28.  1.  2.] 
17:[ 5.  9. 17. 28. 23.  6.  7.  8. 14. 24. 25. 20. 19. 16. 21.  0.  2. 15.  1. 11. 26. 27. 18.  3. 10. 12. 22. 13.  4.] 
18:[18. 23. 24. 20.  7. 25. 15.  9. 19. 16. 21. 17.  6. 14.  8.  5. 28. 11. 26.  2.  0.  3. 27.  1.  4. 10. 13. 12. 22.] 
19:[ 7. 14. 25.  6.  8. 19. 16. 15.  9. 11. 26. 21.  3. 23. 20. 27. 18.  5. 17. 28. 24.  0.  2. 12. 22. 10. 13.  1.  4.] 
20:[21. 20. 23. 15.  9. 17. 26. 11. 25.  8. 14.  6.  7.  5. 18. 19. 16. 27.  3.  0.  4. 28. 12. 22. 13. 10. 24.  1.  2.] 
21:[21. 11. 20. 23.  3.  7.  6.  8. 27. 15. 14. 16.  0.  9. 26. 25. 19. 12. 22. 10. 13. 18.  4. 28. 17.  5.  1. 24.  2.] 
22:[ 7. 10. 12. 22. 25. 13.  6. 14.  8. 16. 26. 11.  3. 28.  4. 20.  0. 21. 27.  1.  5. 17. 15. 19. 23.  9. 18. 24.  2.] 
23:[ 0. 23. 17. 20.  1.  5.  9. 25.  6.  8. 21.  7. 26.  3. 27. 16. 19. 11. 28. 24. 14. 18. 15.  2. 12. 22. 13. 10.  4.] 
24:[24. 19. 28. 16.  0. 23.  6.  8.  7. 21. 13.  9. 17. 20. 10. 26.  5. 11. 27.  2. 15.  3. 18. 25. 22. 12.  1. 14.  4.] 
25:[ 8. 14.  6.  7. 21. 25. 10. 13. 12. 22.  4. 11. 26. 16. 28. 23. 17.  5.  3. 27.  0.  1. 15. 24. 19.  9. 18. 20.  2.] 
26:[26.  6. 14.  8. 25.  7. 11. 28. 10. 12. 22. 13.  0. 20.  1.  4.  5. 17. 16. 21. 23. 27.  3. 15. 24. 19.  9. 18.  2.] 
27:[ 3. 27. 15. 26. 16. 19.  9.  5. 17.  7. 10. 13.  6. 11. 21.  4. 24. 25. 12. 22. 20. 23.  0. 18.  8. 14. 28.  1.  2.] 
28:[28. 20.  6.  8. 14.  7. 25.  9. 17. 19. 16.  5. 23. 24.  0. 15. 21. 11. 26.  3. 27.  1.  2. 18.  4. 13. 12. 22. 10.] 
POSCARS
EA401   2.618  2.618  9.952 82.49 89.99 119.99 Sym.group:  166
1.0
   1.3094520000000001   -2.2668180000000002   -0.0125980000000000
   1.3085249999999999    2.2669410000000001    0.0141830000000000
   1.2962110000000000    0.6923120000000000    9.8430269999999993
Al O
4 2
direct
   0.5997220000000000    0.8680920000000000    0.0466240000000000 Al
   0.8373969999999999    0.3370320000000000    0.3331320000000000 Al
   0.0729280000000000    0.8148460000000000    0.6196430000000001 Al
   0.3359670000000000    0.3430230000000000    0.8331340000000000 Al
   0.1372780000000000    0.9375300000000000    0.4331060000000000 O
   0.5374660000000000    0.7367540000000000    0.2331520000000000 O
EA330  11.415  2.522  2.522 60.02 89.97 90.02 Sym.group:  187
1.0
  11.4146859999999997   -0.0000130000000000   -0.0038610000000000
  -0.0003210000000000    1.2623780000000000    2.1833990000000001
   0.0022490000000000   -1.2603400000000000    2.1845170000000000
Al F
4 2
direct
   0.2933500000000000    0.3053070000000000    0.9160239999999999 Al
   0.7933570000000000    0.9790680000000000    0.5791240000000000 Al
   0.6031290000000000    0.3097230000000000    0.9165300000000000 Al
   0.9835810000000000    0.3149590000000000    0.9101900000000001 Al
   0.1388780000000000    0.3012400000000000    0.9157350000000000 F
   0.4478170000000000    0.3102180000000000    0.9110590000000000 F
EA39    3.469  3.452  3.449 89.98 90.02 90.05 Sym.group:  224
1.0
   3.4685589999999999    0.0170140000000000    0.0090690000000000
  -0.0197140000000000    3.4517449999999998   -0.0015360000000000
  -0.0102770000000000    0.0028630000000000    3.4491070000000001
H S
4 2
direct
   0.4984280000000000    0.0047170000000000    0.0021610000000000 H
   0.0097970000000000    0.4906150000000000    0.9968230000000000 H
   0.9883110000000001    0.9979440000000001    0.5040350000000000 H
   0.4995720000000000    0.5118690000000000    0.4957120000000000 H
   0.2493610000000000    0.2497720000000000    0.2526540000000000 S
   0.7488380000000000    0.7497630000000000    0.7531140000000000 S
EA50    2.405  2.405  5.130 90.22 89.76 89.92 Sym.group:  123
1.0
   2.4004249999999998   -0.1378860000000000   -0.0549340000000000
   0.1431240000000000    2.3994140000000002    0.0809830000000000
   0.1272830000000000   -0.2003350000000000    5.1243650000000001
N Cl
2 1
direct
   0.2564120000000000    0.8193400000000000    0.6487060000000000 N
   0.2596820000000000    0.8161380000000000    0.8615200000000000 N
   0.7586840000000000    0.3184270000000000    0.2550830000000000 Cl
EA109   4.161  4.161  4.162 119.97 60.02 119.98 Sym.group:  227
1.0
   4.1605699999999999   -0.0061490000000000    0.0014390000000000
  -2.0737450000000002    3.6071830000000000   -0.0060590000000000
   2.0769039999999999   -1.1982470000000001    3.4015590000000002
Be Mg
4 2
direct
   0.9972940000000000    0.0048580000000000    0.0032270000000000 Be
   0.4973660000000000    0.5048420000000000    0.0030430000000000 Be
   0.9971680000000001    0.5047280000000000    0.0031750000000000 Be
   0.9974150000000001    0.5047920000000000    0.5030810000000000 Be
   0.3723680000000000    0.1298420000000000    0.3781330000000000 Mg
   0.6221960000000000    0.8796810000000000    0.6282489999999999 Mg
EA249   2.946  8.359  2.946 89.90 90.00 90.00 Sym.group:  137
1.0
   2.9458820000000001    0.0006500000000000   -0.0004470000000000
  -0.0012380000000000    8.3589470000000006   -0.0185290000000000
   0.0004390000000000    0.0116050000000000    2.9458139999999999
Cl Be
4 2
direct
   0.9966600000000000    0.1938790000000000    0.4175250000000000 Cl
   0.4936380000000000    0.4696000000000000    0.9173249999999999 Cl
   0.4968560000000000    0.9695930000000000    0.9177710000000000 Cl
   0.9937290000000000    0.6938590000000000    0.4142680000000000 Cl
   0.9971340000000000    0.8317510000000000    0.9130120000000000 Be
   0.4967950000000000    0.3317620000000000    0.4183360000000000 Be
EA42    3.127  3.125  4.830 89.97 89.94 60.04 Sym.group:  164
1.0
   1.5659959999999999    2.7062970000000002   -0.0016600000000000
  -1.5618390000000000    2.7071790000000000   -0.0015190000000000
   0.0023860000000000    0.0070330000000000    4.8304400000000003
Mg S
2 1
direct
   0.6734869999999999    0.3313350000000000    0.8707940000000000 Mg
   0.3397780000000000    0.9979100000000000    0.4565910000000000 Mg
   0.0067440000000000    0.6645890000000000    0.1636390000000000 S
EA150   3.181  3.184  3.913 90.10 89.97 119.92 Sym.group:  164
1.0
   1.5973679999999999   -2.7509910000000000   -0.0103280000000000
   1.5889260000000001    2.7592639999999999    0.0233350000000000
  -0.0206560000000000   -0.0293840000000000    3.9130660000000002
P S
2 1
direct
   0.3370470000000000    0.6700770000000000    0.6456780000000000 P
   0.6701300000000000    0.3354650000000000    0.3519610000000000 P
   0.0035920000000000    0.0027740000000000    0.9988190000000000 S
EA137   5.855  4.445  2.659 90.00 90.01 89.87 Sym.group:  164
1.0
   5.8546279999999999   -0.0035110000000000   -0.0078290000000000
   0.0128370000000000    4.4449519999999998   -0.0020550000000000
   0.0032690000000000    0.0011070000000000    2.6591570000000000
Al Si
4 2
direct
   0.7553190000000000    0.7851990000000000    0.8993650000000000 Al
   0.7553190000000000    0.2851970000000000    0.3993060000000000 Al
   0.4081560000000000    0.4492510000000000    0.8988180000000000 Al
   0.4081560000000000    0.9492500000000000    0.3987580000000000 Al
   0.0817350000000000    0.6171020000000000    0.3981780000000000 Si
   0.0817360000000000    0.1171010000000000    0.8980320000000001 Si
EA22    3.623  3.622  3.035 90.00 89.99 89.99 Sym.group:  115
1.0
   3.6225470000000000   -0.0005760000000000   -0.0004290000000000
   0.0015030000000000    3.6220400000000001    0.0000630000000000
   0.0010300000000000    0.0001050000000000    3.0352579999999998
F Be
4 2
direct
   0.0767780000000000    0.2523450000000000    0.4226600000000000 F
   0.5751120000000000    0.7529140000000000    0.4228110000000000 F
   0.5766380000000000    0.2527770000000000    0.9105930000000000 F
   0.0749250000000000    0.7521630000000000    0.9106700000000000 F
   0.8259540000000000    0.0027230000000000    0.1676410000000000 Be
   0.3260260000000000    0.5027480000000000    0.1659550000000000 Be
EA171   3.022  2.844  2.844 60.17 90.06 89.65 Sym.group:  191
1.0
   2.2411759999999998   -0.8250630000000000    1.8512329999999999
   0.9712010000000000    2.6730489999999998    0.0442100000000000
  -0.9564870000000000    1.8202890000000000    1.9642290000000000
B Al
2 1
direct
   0.8287380000000000    0.3307850000000000    0.7243410000000000 B
   0.8287300000000000    0.6647180000000000    0.0583240000000000 B
   0.3287310000000000    0.9976900000000000    0.3914120000000000 Al
EA188   2.513  8.358  2.651 90.00 90.00 90.00 Sym.group:  139
1.0
   2.5126759999999999    0.0010120000000000   -0.0007930000000000
  -0.0040390000000000    8.3584280000000000    0.0047490000000000
   0.0008510000000000   -0.0016610000000000    2.6507689999999999
Li Al
4 2
direct
   0.3133700000000000    0.5850430000000000    0.2742240000000000 Li
   0.3131230000000000    0.2226740000000000    0.2740570000000000 Li
   0.8137850000000000    0.7226780000000000    0.7743390000000000 Li
   0.8137420000000000    0.0850410000000000    0.7743130000000000 Li
   0.8130930000000000    0.4038590000000000    0.7740770000000000 Al
   0.3139430000000000    0.9038590000000000    0.2743900000000000 Al
EA252   4.198  7.226  2.441 89.77 90.06 90.00 Sym.group:  191
1.0
   4.1975160000000002    0.0011000000000000    0.0108280000000000
  -0.0013600000000000    7.2257720000000001   -0.0844990000000000
  -0.0088560000000000    0.0381900000000000    2.4402159999999999
Na Si
4 2
direct
   0.9980000000000000    0.3338990000000000    0.6718290000000000 Na
   0.4977330000000000    0.1658450000000000    0.6718220000000000 Na
   0.4979320000000000    0.8335250000000000    0.6717680000000000 Na
   0.9980670000000000    0.6659350000000001    0.6723510000000000 Na
   0.9978240000000000    0.9998130000000000    0.1707730000000000 Si
   0.4980160000000000    0.4996880000000000    0.1715450000000000 Si
EA38    2.495  3.975  3.922 113.71 71.48 108.18 Sym.group:  191
1.0
   2.4931030000000001   -0.0840380000000000    0.0333730000000000
  -1.1140239999999999    3.8137110000000001    0.1071380000000000
   1.1529460000000000   -1.4047050000000001    3.4759120000000001
C Li
4 2
direct
   0.8565570000000000    0.5159680000000000    0.5146700000000000 C
   0.8611890000000000    0.1876500000000000    0.1761520000000000 C
   0.3612230000000000    0.6877060000000000    0.6761040000000000 C
   0.3564670000000000    0.0159050000000000    0.0147330000000000 C
   0.1099120000000000    0.1018780000000000    0.5954410000000000 Li
   0.6077840000000000    0.6017140000000000    0.0953630000000000 Li
EA51    2.188  2.188  5.972 90.22 89.67 119.93 Sym.group:  164
1.0
   2.1879900000000001   -0.0076470000000000    0.0018420000000000
  -1.0849240000000000    1.8999870000000001   -0.0015950000000000
   0.0292190000000000   -0.0049000000000000    5.9719040000000003
Be Na
2 1
direct
   0.6642650000000000    0.6673140000000000    0.1995130000000000 Be
   0.9937110000000000    0.3343270000000000    0.4673260000000000 Be
   0.3320110000000000    0.0014090000000000    0.8331960000000000 Na
EA1     4.207  4.292  4.293 76.30 118.12 118.05 Sym.group:  140
1.0
   4.2061409999999997    0.0581750000000000    0.0642870000000000
  -2.0710540000000002    3.7589220000000001    0.0261960000000000
  -2.0814900000000001   -0.0120560000000000    3.7549709999999998
Al Be
4 2
direct
   0.4913470000000000    0.0015990000000000    0.3173720000000000 Al
   0.9915610000000000    0.3198040000000000    0.9990950000000000 Al
   0.6659389999999999    0.6802790000000000    0.9960450000000000 Al
   0.1660920000000000    0.9984980000000000    0.6776630000000000 Al
   0.0787070000000000    0.5031750000000000    0.4943260000000000 Be
   0.5788020000000000    0.4969260000000000    0.5008280000000001 Be
EA16    2.735  2.738  7.377 90.00 90.00 60.11 Sym.group:  194
1.0
   2.7346240000000002    0.0007270000000000   -0.0017130000000000
   1.3637280000000001    2.3742749999999999   -0.0006100000000000
   0.0047750000000000   -0.0007220000000000    7.3772510000000002
N Mg
4 2
direct
   0.6695160000000000    0.6618140000000000    0.1650350000000000 N
   0.6700930000000000    0.6617090000000000    0.3306820000000000 N
   0.3364490000000000    0.3308240000000000    0.6650470000000001 N
   0.3362880000000000    0.3310100000000000    0.8306730000000000 N
   0.0026770000000000    0.9965780000000000    0.9979130000000000 Mg
   0.0032910000000000    0.9963379999999999    0.4979130000000000 Mg
EA41    2.678  4.530  2.678 89.96 90.00 90.03 Sym.group:  115
1.0
   2.6779709999999999    0.0010010000000000   -0.0000190000000000
  -0.0037610000000000    4.5295069999999997   -0.0022670000000000
   0.0000360000000000    0.0034240000000000    2.6780719999999998
S B
2 1
direct
   0.3926030000000000    0.4710770000000000    0.7078730000000000 S
   0.8926790000000000    0.9469390000000000    0.2082220000000000 S
   0.3929980000000000    0.2089950000000000    0.2083650000000000 B
EA106   2.884  2.884  4.990 106.75 106.75 60.03 Sym.group:  225
1.0
   2.8833560000000000    0.0218490000000000   -0.0445210000000000
   1.4212780000000000    2.5088870000000001   -0.0440710000000000
  -1.3588800000000001   -0.7998189999999999    4.7339089999999997
Be C
4 2
direct
   0.3590910000000000    0.2910700000000000    0.0081400000000000 Be
   0.8595110000000000    0.7909480000000000    0.5081120000000000 Be
   0.1096250000000000    0.0410430000000000    0.2582580000000000 Be
   0.6092170000000000    0.5411460000000000    0.7582860000000000 Be
   0.4845840000000000    0.4160010000000000    0.3831870000000000 C
   0.9841310000000000    0.9161000000000000    0.8831840000000000 C
EA4     3.296  4.024  3.296 65.85 90.02 65.90 Sym.group:  141
1.0
   3.2959679999999998    0.0185800000000000   -0.0063580000000000
   1.6226280000000000    3.6818979999999999    0.0319420000000000
  -0.0035490000000000    1.4496860000000000    2.9604219999999999
Li H
4 2
direct
   0.6219140000000000    0.7399070000000000    0.8894550000000000 Li
   0.3527640000000000    0.2831200000000000    0.1175150000000000 Li
   0.8737030000000000    0.2399410000000000    0.6389480000000000 Li
   0.1011800000000000    0.7830830000000000    0.3681000000000000 Li
   0.1108790000000000    0.7615320000000000    0.8790090000000000 H
   0.8642430000000000    0.2615140000000000    0.1279720000000000 H
EA336   3.045  7.279  3.026 101.88 119.23 78.02 Sym.group:  166
1.0
   3.0249340000000000    0.0433080000000000   -0.3473540000000000
   1.3960330000000001    7.1409180000000001   -0.1976450000000000
  -1.1645770000000000   -0.3305440000000000    2.7735150000000002
Li Cl
4 2
direct
   0.1821380000000000    0.2939250000000000    0.8247260000000000 Li
   0.7586370000000000    0.6209560000000000    0.2687180000000000 Li
   0.4704010000000000    0.4574310000000000    0.5465390000000000 Li
   0.9703900000000000    0.9574420000000000    0.0469170000000000 Li
   0.5740310000000000    0.1352850000000000    0.4385020000000000 Cl
   0.3667520000000000    0.7795930000000000    0.6550990000000000 Cl
EA216   3.028  3.028  8.318 90.01 90.02 90.00 Sym.group:  123
1.0
   3.0279520000000000    0.0004550000000000    0.0072770000000000
  -0.0005620000000000    3.0277889999999998    0.0040740000000000
  -0.0234150000000000   -0.0121180000000000    8.3182869999999998
Na Cl
4 2
direct
   0.4251210000000000    0.4223380000000000    0.4052020000000000 Na
   0.4258350000000000    0.4238160000000000    0.0843310000000000 Na
   0.9239650000000000    0.9222350000000000    0.5842760000000000 Na
   0.4252020000000000    0.4241410000000000    0.7634970000000000 Na
   0.9255330000000001    0.9228680000000000    0.2559940000000000 Cl
   0.9256900000000000    0.9243660000000000    0.9127020000000000 Cl
EA23    4.826  4.970  4.322 64.34 89.83 118.91 Sym.group:  191
1.0
   4.8244080000000000   -0.0773670000000000   -0.0893280000000000
  -2.3326259999999999    4.3884449999999999    0.0144290000000000
   0.1167360000000000    2.1696149999999998    3.7363390000000001
Na Al
4 2
direct
   0.1682030000000000    0.6630300000000000    0.6722270000000000 Na
   0.0018910000000000    0.3306540000000000    0.3384650000000000 Na
   0.5019760000000000    0.3304970000000000    0.3391620000000000 Na
   0.6682770000000000    0.6628039999999999    0.6729940000000000 Na
   0.0856370000000000    0.9968100000000000    0.0059390000000000 Al
   0.5855080000000000    0.9964810000000000    0.0058500000000000 Al
EA111   3.236  3.237  5.251 90.00 89.97 90.07 Sym.group:  129
1.0
   3.2318790000000002    0.1610350000000000   -0.0001510000000000
  -0.1651230000000000    3.2331690000000002   -0.0001870000000000
   0.0031780000000000    0.0001310000000000    5.2509680000000003
S H
4 2
direct
   0.2506650000000000    0.4236970000000000    0.9715620000000000 S
   0.7505370000000000    0.9237060000000000    0.0266950000000000 S
   0.7514900000000000    0.4243500000000000    0.4989990000000000 S
   0.2516750000000000    0.9243630000000000    0.4992380000000000 S
   0.2474780000000000    0.4244220000000000    0.2265860000000000 H
   0.7491930000000000    0.9242580000000000    0.7716690000000000 H
EA145   5.959  2.427  2.427 89.86 78.32 78.32 Sym.group:  141
1.0
   5.9586899999999998   -0.0047310000000000   -0.0069140000000000
   0.4931810000000000    2.3764759999999998   -0.0035760000000000
   0.4939800000000000   -0.0929830000000000    2.3744980000000000
C B
4 2
direct
   0.9645359999999999    0.7461320000000000    0.6428100000000000 C
   0.6036820000000001    0.4260490000000000    0.3227530000000000 C
   0.1036820000000000    0.6751250000000000    0.0736340000000000 C
   0.4645370000000000    0.9952240000000000    0.3937210000000000 C
   0.2841100000000000    0.0862570000000000    0.9825610000000000 B
   0.7841080000000000    0.3350040000000000    0.7339070000000000 B
EA39    4.188  4.188  2.465 90.00 90.00 119.99 Sym.group:  164
1.0
   4.1873459999999998   -0.0735090000000000    0.0372440000000000
  -2.0293350000000001    3.6638690000000000   -0.0106340000000000
  -0.0220450000000000   -0.0048510000000000    2.4646110000000001
Al Mg
2 1
direct
   0.1512130000000000    0.0379630000000000    0.9054210000000000 Al
   0.4849510000000000    0.7045840000000000    0.5940380000000000 Al
   0.8181560000000000    0.3713890000000000    0.2504430000000000 Mg
EA109   3.530  3.628  6.249 90.01 73.84 90.00 Sym.group:  139
1.0
   3.5281129999999998   -0.0009740000000000   -0.1197560000000000
   0.0011450000000000    3.6279200000000000    0.0017790000000000
   1.9421860000000000   -0.0040730000000000    5.9393440000000002
Al Na
4 2
direct
   0.0117500000000000    0.4981200000000000    0.1499670000000000 Al
   0.5117510000000000    0.9981190000000000    0.1499680000000000 Al
   0.1610270000000000    0.9979960000000000    0.8489030000000000 Al
   0.6610250000000000    0.4979970000000000    0.8489030000000000 Al
   0.3360230000000000    0.4984780000000000    0.4994460000000000 Na
   0.8360300000000001    0.9984820000000000    0.4994530000000000 Na
EA119   2.503  2.508  3.672 90.06 90.09 90.31 Sym.group:  123
1.0
   2.5000599999999999    0.1120280000000000    0.0081620000000000
  -0.1259160000000000    2.5045850000000001    0.0049610000000000
  -0.0170730000000000   -0.0119300000000000    3.6721200000000001
O Na
2 1
direct
   0.0549750000000000    0.9411570000000000    0.9987670000000000 O
   0.0544740000000000    0.9405850000000000    0.3468100000000000 O
   0.5547620000000000    0.4406430000000000    0.6725710000000000 Na
EA120   3.780  2.415  2.416 60.02 89.95 89.96 Sym.group:  156
1.0
   3.7801680000000002   -0.0048080000000000    0.0097010000000000
   0.0045870000000000    2.4149929999999999   -0.0060700000000000
  -0.0018750000000000    1.2122590000000000    2.0894080000000002
Be O
2 1
direct
   0.2547660000000000    0.0867840000000000    0.1593570000000000 Be
   0.6817360000000000    0.4191790000000000    0.4931180000000000 Be
   0.0896110000000000    0.4202190000000000    0.4931610000000000 O
