NUMBER OF TEMPLATES 18
COMPOSITION A 1 B
pairs , SPACEGROUPS 
[Al Li] , 123 
[Cl Mg] , 164 
[B Be] , 164 
[Mg N] , 187 
[S Si] , 166 
[Al B] , 156 
[H Li] , 225 
[F P] , 129 
[Mg Na] , 123 
[H Na] , 225 
[Mg S] , 225 
[Be S] , 119 
[H P] , 129 
[Na Si] , 123 
[B P] , 216 
[Li O] , 187 
[Be F] , 166 
[B C] , 139 
RANKING VECTORS ENTHALPIES
0:[-125.94910865 -125.94413702 -125.93906097 -125.8724465  -125.86594488 -125.77927415 -125.77289761 -125.68405564 -125.6558159  -125.64806032 -125.6463496  -125.54258702 -125.32528498 -125.05414886 -125.04592183 -125.02605891 -124.12411615 -123.54598005] 
1:[-1026.85454699 -1026.84991217 -1026.78278696 -1026.77907424 -1026.77799209 -1026.77239057 -1026.76949141 -1026.68813711 -1026.68755153 -1026.68649835 -1026.22636523 -1026.19199196 -1026.17872793 -1026.07555732 -1026.07535601 -1025.50371683 -1025.48869936 -1025.03222879] 
2:[-227.62667475 -227.51147003 -227.4167776  -227.41646827 -227.40279081 -227.2624992  -227.25630361 -227.16119182 -227.09786591 -227.05214673 -226.86725877 -226.8582671  -226.7633474  -226.66253471 -226.35824826 -226.31428877 -226.27826522 -225.35365592] 
3:[-946.25378227 -946.23359922 -946.02822513 -946.00282769 -946.00278322 -946.00247193 -946.00183931 -945.9117461  -945.91171147 -945.90335981 -945.86738825 -945.73385722 -945.52620858 -945.48221268 -945.4809695 -945.30257646 -944.98414465 -944.4718997 ] 
4:[-203.45107245 -203.41243439 -203.37682343 -203.37219651 -203.29602124 -203.29384947 -203.27021636 -203.26923839 -203.261345   -203.26007607 -203.25867787 -203.25490902 -203.24103705 -203.05099762 -203.02070966 -203.01605503 -202.70541966 -201.91833597] 
5:[-68.5613201  -68.40540323 -68.30853017 -68.26869505 -68.26310036 -68.24045428 -68.2398192  -67.86163151 -67.85955952 -67.8581799 -67.8506298  -67.84887689 -67.72343961 -67.70684769 -67.68689514 -67.45082891 -67.4058535  -66.5206249 ] 
6:[-104.52340365 -104.52305936 -104.52285825 -104.52256578 -104.52057565 -104.45580401 -104.4557728  -104.36273694 -104.33599343 -104.3319393 -104.33135631 -104.32680454 -104.29309914 -104.28794452 -104.20534143 -104.10740802 -103.98362091 -103.93436219] 
7:[-426.06618491 -426.06556743 -425.62979369 -425.4654731  -425.45418477 -425.45365921 -425.44968362 -425.44954984 -425.44823902 -425.44569236 -424.84484463 -424.44885996 -424.44856765 -424.39546909 -423.97931778 -423.97538422 -423.97474308 -423.43077885] 
8:[-1423.90370431 -1423.90060161 -1423.89900069 -1423.89229157 -1423.88267893 -1423.87493324 -1423.86747849 -1423.7877692 -1423.78108987 -1423.77843157 -1423.55776562 -1423.2631707 -1423.25267085 -1423.23196077 -1423.09045452 -1423.06271262 -1422.63111783 -1421.98864905] 
9:[-626.95896352 -626.95894155 -626.95290051 -626.90049097 -626.90002274 -626.89968904 -626.89847944 -626.897459   -626.85016143 -626.84214916 -626.73375392 -626.6087101  -626.4993315  -626.49299443 -626.44612398 -626.42624496 -626.41948004 -626.33228198] 
10:[-954.74651717 -954.74647592 -954.74457196 -954.74337734 -954.73473844 -954.36688826 -954.36027827 -954.25040473 -954.25015495 -954.2449025 -954.16805306 -954.11089307 -953.95556979 -953.63357948 -953.55400419 -953.46800643 -953.16149827 -952.92451499] 
11:[-337.14667518 -337.14530342 -337.0794321  -337.06396473 -337.04393497 -337.02429451 -337.02351594 -336.89489063 -336.58819483 -336.57523189 -336.57174624 -336.53763136 -336.47536603 -336.2048109  -336.20183483 -336.19229182 -335.84089542 -335.83405085] 
12:[-99.1824063  -99.17630417 -99.0501186  -98.98482638 -98.98250701 -98.97980567 -98.97979613 -98.97913579 -98.88556027 -98.88475757 -98.83557093 -98.8147509  -98.78718164 -98.78529316 -98.73412015 -98.71598762 -98.70939387 -98.53759161] 
13:[-674.53005941 -674.52678146 -674.51882454 -674.43784995 -674.34740243 -674.33838775 -674.24112513 -674.22841458 -674.05099729 -673.97123822 -673.7890729  -673.48794469 -673.47590525 -673.18313005 -672.96827775 -672.96389757 -672.9464586  -671.29804793] 
14:[-131.32871241 -131.31255775 -130.73576221 -130.73261277 -130.73097716 -130.72219578 -130.7022033  -130.67705375 -130.67695926 -130.67242775 -130.64456523 -130.64078383 -130.2559555  -130.25317377 -130.00744027 -129.95021908 -129.82760012 -129.81208929] 
15:[-321.00449173 -321.00429075 -320.79219327 -320.78991963 -320.78920993 -320.78279574 -320.73655012 -320.67088195 -320.60501066 -320.59418468 -320.57783857 -320.57559531 -320.575511   -320.57374444 -320.33800401 -320.27540085 -320.27343937 -319.88884686] 
16:[-523.52463793 -523.49671869 -523.46410359 -523.46388473 -523.4638007 -522.92240423 -522.91366499 -522.41083318 -522.4106711  -522.39116112 -522.16301988 -522.15806448 -521.88655901 -521.87249778 -521.86843564 -521.76428821 -521.76426359 -521.76347332] 
17:[-119.79770711 -119.61976523 -119.47870682 -119.47867246 -119.46600451 -119.38636821 -119.38296134 -119.11429528 -118.86908312 -118.84165496 -118.80093189 -118.79580563 -118.33933762 -118.33722869 -118.3286469 -117.54023457 -117.25064406 -117.24292317] 
RANKING VECTORS IDX
0:[13.  8.  0.  7. 12.  3. 15. 16.  2.  1.  5.  4. 11.  6. 10.  9. 17. 14.] 
1:[12.  7.  4.  2.  1.  5. 16.  8.  0. 13. 10.  9.  6.  3. 15. 11. 14. 17.] 
2:[ 2.  5. 13.  0.  8.  7. 12.  4. 16.  1. 15.  3. 17. 11.  9.  6. 10. 14.] 
3:[ 3. 15. 10.  9.  6.  7. 12. 13.  8.  0.  4. 11. 17.  2.  1. 16. 14.  5.] 
4:[16.  5.  2.  1. 10.  4.  9. 17. 15.  6.  0.  3.  8. 11.  7. 12. 13. 14.] 
5:[16.  5.  4.  3. 15.  2.  1.  0. 13.  8.  7. 12. 10.  6.  9. 17. 11. 14.] 
6:[12.  6.  7. 10.  9. 15.  3. 11.  0. 13.  8.  5.  2.  1. 14.  4. 17. 16.] 
7:[12.  7.  5.  1. 13.  4.  0.  8. 16.  2. 11. 15.  3. 17. 10.  9.  6. 14.] 
8:[16.  2.  1.  5.  4.  7. 12. 13.  8.  0. 11.  9.  6. 10. 15.  3. 17. 14.] 
9:[13.  8.  0.  7.  6.  9. 10. 12.  3. 15. 11.  5.  2.  1.  4. 17. 16. 14.] 
10:[12.  6.  7.  9. 10.  3. 15. 13.  8.  0. 11.  5.  2. 14.  4. 16.  1. 17.] 
11:[11. 14.  6.  9. 10.  2.  1.  5. 16.  3. 15. 17.  4.  8. 13.  0.  7. 12.] 
12:[12.  7. 16.  0.  4.  8.  5. 17.  2.  1. 13. 11. 15.  3.  6.  9. 10. 14.] 
13:[ 8.  0. 13.  4. 12.  7. 16.  1.  5.  2. 11. 15.  3. 17.  6.  9. 10. 14.] 
14:[11. 14.  1.  6.  2.  5.  9. 15.  3. 16.  4. 10.  7. 12.  0. 17.  8. 13.] 
15:[ 3. 15. 13.  0.  8.  4. 11. 16. 10. 17.  7.  9.  6. 12.  5.  1.  2. 14.] 
16:[ 4. 16.  5.  2.  1. 15.  3.  7. 12. 17. 14. 11. 10.  6.  9.  8. 13.  0.] 
17:[17.  4. 14. 11. 16.  2.  1.  5.  7.  9. 10.  6. 15.  3. 12. 13.  8.  0.] 
POSCARS
EA10    2.564  5.886  2.618 90.00 90.00 90.00 Sym.group:  123
1.0
   2.5467900000000001    0.2942280000000000   -0.0141000000000000
  -0.6755030000000000    5.8468320000000000    0.0418430000000000
   0.0165320000000000   -0.0169070000000000    2.6176940000000002
Al Li
2 2
direct
   0.7493430000000000    0.1230640000000000    0.2620230000000000 Al
   0.7493700000000000    0.6230850000000000    0.2621960000000000 Al
   0.2494330000000000    0.3732320000000000    0.7621880000000000 Li
   0.2493380000000000    0.8728780000000000    0.7620720000000000 Li
EA88    2.997  2.995  6.979 90.01 90.09 119.93 Sym.group:  164
1.0
   2.9968309999999998   -0.0235090000000000    0.0037260000000000
  -1.4738770000000001    2.6074269999999999    0.0030110000000000
  -0.0203500000000000   -0.0214480000000000    6.9790400000000004
Cl Mg
2 2
direct
   0.0072470000000000    0.9945030000000000    0.0901720000000000 Cl
   0.3412810000000000    0.6617450000000000    0.7858309999999999 Cl
   0.3416280000000000    0.6614900000000000    0.2944480000000000 Mg
   0.0067290000000000    0.9948920000000000    0.5815460000000000 Mg
EA245   2.766  2.767  3.637 90.04 90.12 61.32 Sym.group:  164
1.0
   2.7660790000000000   -0.0258580000000000   -0.0020680000000000
   1.3504849999999999    2.4147609999999999   -0.0082960000000000
  -0.0049130000000000    0.0122750000000000    3.6371820000000001
B Be
2 2
direct
   0.0054240000000000    0.9968560000000000    0.3645330000000000 B
   0.6704410000000000    0.6611390000000000    0.1543400000000000 B
   0.0075860000000000    0.9983230000000000    0.8967300000000000 Be
   0.6683190000000000    0.6596810000000000    0.6221790000000000 Be
EA111   3.064  3.065  4.052 89.99 90.03 60.00 Sym.group:  187
1.0
   3.0644469999999999    0.0054710000000000    0.0071540000000000
   1.5274850000000000    2.6566920000000001   -0.0020150000000000
  -0.0114100000000000    0.0102490000000000    4.0519959999999999
N Mg
2 2
direct
   0.9948500000000000    0.0043460000000000    0.8350550000000000 N
   0.9939829999999999    0.0049470000000000    0.3959230000000000 N
   0.3279030000000000    0.3378790000000000    0.1154070000000000 Mg
   0.6611650000000000    0.6712720000000000    0.6155530000000000 Mg
EA237   3.077  3.077  6.387 103.80 103.81 60.08 Sym.group:  166
1.0
   1.5414200000000000    2.6636389999999999    0.0010510000000000
  -1.5398769999999999    2.6643400000000002   -0.0072570000000000
  -0.0179460000000000   -1.7529170000000001    6.1412370000000003
S Si
2 2
direct
   0.8843330000000000    0.1459110000000000    0.9263890000000000 S
   0.1010140000000000    0.3622070000000000    0.5762550000000000 S
   0.7013260000000000    0.9626040000000000    0.3776210000000000 Si
   0.2840180000000000    0.5455179999999999    0.1250220000000000 Si
EA162   2.786  5.246  2.786 89.97 60.01 89.97 Sym.group:  156
1.0
   2.7858489999999998    0.0005360000000000    0.0050360000000000
   0.0016580000000000    5.2455730000000003    0.0213140000000000
   1.3884850000000000   -0.0086630000000000    2.4157860000000002
Al B
2 2
direct
   0.6532000000000000    0.0453550000000000    0.6908510000000000 Al
   0.9858230000000000    0.4236990000000000    0.0255270000000000 Al
   0.9867130000000000    0.7988150000000001    0.0247820000000000 B
   0.3200040000000000    0.7423149999999999    0.3582820000000000 B
EA5     2.359  2.360  4.082 106.80 90.01 60.03 Sym.group:  225
1.0
   1.1935640000000001   -2.0350649999999999   -0.0041010000000000
   2.3600629999999998    0.0172160000000000    0.0214400000000000
  -1.2097329999999999   -0.7161810000000000    3.8327450000000001
H Li
2 2
direct
   0.6184950000000000    0.7575160000000000    0.3815790000000000 H
   0.1190320000000000    0.7566050000000000    0.8816970000000000 H
   0.8690400000000000    0.2571020000000000    0.6313450000000000 Li
   0.3686920000000000    0.2571480000000000    0.1312920000000000 Li
EA351   3.101  4.005  3.168 89.75 90.00 89.84 Sym.group:  129
1.0
   3.1013400000000000   -0.0014890000000000    0.0003730000000000
   0.0128550000000000    4.0047420000000002   -0.0016520000000000
  -0.0004820000000000    0.0152050000000000    3.1680720000000000
F P
2 2
direct
   0.7378749999999999    0.9171750000000000    0.2530480000000000 F
   0.2378290000000000    0.0927400000000000    0.7519990000000000 F
   0.7508330000000000    0.5162980000000000    0.2485800000000000 P
   0.2511700000000000    0.4936080000000000    0.7513919999999999 P
EA116   3.716  3.714  4.013 89.99 89.98 90.02 Sym.group:  123
1.0
   3.7163780000000002   -0.0053910000000000    0.0154880000000000
   0.0039180000000000    3.7143590000000000    0.0157850000000000
  -0.0152380000000000   -0.0163190000000000    4.0129180000000000
Na Mg
2 2
direct
   0.3733960000000000    0.8768629999999999    0.9967110000000000 Na
   0.8733960000000000    0.3768490000000000    0.9966699999999999 Na
   0.3732840000000000    0.3770070000000000    0.4963710000000000 Mg
   0.8732600000000000    0.8769950000000000    0.4963460000000000 Mg
EA9     2.754  2.763  3.898 89.91 90.24 90.00 Sym.group:  225
1.0
   2.7536130000000001    0.0003320000000000    0.0059160000000000
  -0.0002510000000000    2.7629459999999999   -0.0025380000000000
  -0.0248570000000000    0.0096260000000000    3.8976380000000002
H Na
2 2
direct
   0.3749810000000000    0.3733480000000000    0.1248950000000000 H
   0.8862890000000000    0.8732330000000000    0.6259860000000000 H
   0.8751960000000000    0.8737360000000000    0.1259200000000000 Na
   0.3859780000000000    0.3737420000000000    0.6251810000000000 Na
EA161   4.663  3.307  3.307 90.00 90.00 90.00 Sym.group:  225
1.0
   4.6632980000000002   -0.0034580000000000    0.0014890000000000
   0.0022380000000000    3.3066650000000002   -0.0021100000000000
  -0.0009630000000000    0.0023220000000000    3.3070949999999999
Mg S
2 2
direct
   0.1267730000000000    0.7812550000000000    0.7745649999999999 Mg
   0.6280880000000000    0.2806070000000000    0.2750160000000000 Mg
   0.1280070000000000    0.2813220000000000    0.2745110000000000 S
   0.6270160000000000    0.7806980000000000    0.7749300000000000 S
EA231   4.336  3.143  3.143 90.00 89.99 90.00 Sym.group:  119
1.0
   4.3364339999999997    0.0001780000000000   -0.0005190000000000
  -0.0000800000000000    3.1427200000000002    0.0032470000000000
   0.0009940000000000   -0.0031540000000000    3.1431719999999999
Be S
2 2
direct
   0.1191090000000000    0.0092710000000000    0.2522740000000000 Be
   0.6191480000000000    0.5094050000000000    0.7523470000000000 Be
   0.3691760000000000    0.5092680000000001    0.2524190000000000 S
   0.8691770000000000    0.0093890000000000    0.7523570000000001 S
EA125   3.047  3.111  3.202 89.76 90.52 90.00 Sym.group:  129
1.0
   3.0467860000000000   -0.0000550000000000    0.0033390000000000
  -0.0000940000000000    3.1108709999999999   -0.0101860000000000
  -0.0328360000000000    0.0237280000000000    3.2015600000000002
H P
2 2
direct
   0.2426430000000000    0.7489150000000000    0.5106240000000000 H
   0.7460620000000000    0.2478020000000000    0.4908810000000000 H
   0.2442380000000000    0.7486159999999999    0.9688870000000001 P
   0.7444740000000000    0.2483850000000000    0.0326210000000000 P
EA51    4.796  2.354  4.879 90.01 119.41 90.00 Sym.group:  123
1.0
   4.7943530000000001    0.0034510000000000   -0.1058000000000000
  -0.0016520000000000    2.3544399999999999   -0.0011250000000000
  -2.3010370000000000   -0.0006120000000000    4.3019639999999999
Na Si
2 2
direct
   0.7457680000000000    0.7559950000000000    0.7465190000000000 Na
   0.2459260000000000    0.7541940000000000    0.7466760000000000 Na
   0.2460550000000000    0.2547740000000000    0.2466200000000000 Si
   0.7464430000000000    0.2548220000000000    0.2467900000000000 Si
EA147   2.996  2.999  5.178 73.37 73.35 60.38 Sym.group:  216
1.0
   1.4932460000000001   -2.5971039999999999    0.0180820000000000
   2.9985070000000000    0.0145310000000000    0.0061030000000000
   1.4761340000000001   -0.8287470000000000    4.8930449999999999
B P
2 2
direct
   0.9908850000000000    0.6463530000000000    0.3190910000000000 B
   0.4906340000000000    0.1463590000000000    0.8190930000000000 B
   0.3659650000000000    0.0219840000000000    0.1948480000000000 P
   0.8657210000000000    0.5219900000000000    0.6948470000000000 P
EA5     2.791  2.792  3.569 89.82 89.86 60.04 Sym.group:  187
1.0
   1.4297830000000000    2.3968550000000000   -0.0448400000000000
  -1.3630290000000000    2.4357240000000000   -0.0493280000000000
  -0.0070970000000000    0.0812810000000000    3.5685330000000000
O Li
2 2
direct
   0.3330630000000000    0.0810250000000000    0.5309900000000000 O
   0.3322780000000000    0.0798410000000000    0.9545490000000000 O
   0.9994960000000001    0.7465440000000000    0.7427790000000000 Li
   0.6655300000000000    0.4143290000000000    0.2427620000000000 Li
EA83    2.354  2.335  5.556 90.14 102.13 119.49 Sym.group:  166
1.0
   2.3518390000000000   -0.0925950000000000    0.0066780000000000
  -1.0686279999999999    2.0757140000000001    0.0172670000000000
  -1.2107920000000001   -0.6831660000000001    5.3792720000000003
Be F
2 2
direct
   0.4774560000000000    0.3644900000000000    0.3385240000000000 Be
   0.0195150000000000    0.1386650000000000    0.6588619999999999 Be
   0.4619270000000000    0.8595840000000000    0.8206120000000000 F
   0.0351830000000000    0.6438820000000000    0.1767780000000000 F
EA1     3.706  2.687  2.687 89.98 68.77 111.23 Sym.group:  139
1.0
   3.7063630000000001   -0.0127100000000000    0.0119180000000000
  -0.9640260000000000    2.5075820000000002   -0.0154630000000000
   0.9661270000000000    0.3877260000000000    2.4767039999999998
C B
2 2
direct
   0.2250170000000000    0.1202560000000000    0.8870150000000000 C
   0.7720690000000000    0.8942380000000000    0.1136900000000000 C
   0.4985170000000000    0.2574860000000000    0.2503560000000000 B
   0.4985700000000000    0.7570080000000000    0.7503500000000000 B
