NUMBER OF TEMPLATES 23
COMPOSITION A 1 B
pairs , SPACEGROUPS 
[C Si] , 216 
[Be O] , 186 
[B C] , 139 
[Li P] , 123 
[Cl Li] , 225 
[Al F] , 191 
[Be Cl] , 166 
[F Li] , 194 
[Na Si] , 123 
[Mg O] , 225 
[Al O] , 166 
[C H] , 164 
[Be S] , 119 
[C P] , 164 
[B Be] , 164 
[Al Si] , 141 
[F Mg] , 164 
[P Si] , 225 
[Al N] , 186 
[C Cl] , 166 
[Li Si] , 123 
[Al P] , 194 
[Na S] , 123 
RANKING VECTORS ENTHALPIES
0:[-136.68220471 -136.68092235 -136.68022208 -136.6800797  -136.5138824 -136.51361959 -136.51357072 -136.33410148 -136.33388179 -136.20265074 -135.92134817 -135.88949666 -135.82687635 -135.82276045 -135.63722325 -135.49640687 -135.22115035 -135.02265871 -135.01423628 -135.00766816 -135.00759032 -135.0007175  -134.87945094] 
1:[-414.37249339 -414.37190198 -414.36964902 -414.36681629 -414.18207648 -414.18082774 -414.1469078  -414.14502373 -414.14298168 -414.08076076 -414.07958939 -413.96233908 -413.75419511 -413.6939492  -413.55085158 -413.4487874  -413.37779012 -412.77945569 -412.77945394 -412.77945335 -412.77942273 -412.38958706 -410.9227007 ] 
2:[-119.79770711 -119.65513992 -119.62290633 -119.47881638 -119.47867246 -119.46950854 -119.46915752 -119.43508445 -119.38636821 -119.37994926 -119.36768936 -118.84165106 -118.84153098 -118.84101618 -118.66633666 -118.65356001 -118.57835228 -118.02767834 -117.88919843 -117.54023457 -117.24843402 -117.24832967 -117.23945935] 
3:[-189.19388391 -189.19124137 -189.19117177 -189.18690588 -189.04483322 -189.00711516 -188.69814983 -188.67005296 -188.63277723 -188.58828718 -188.52510544 -188.5248282  -188.52412929 -188.40738839 -188.25920092 -188.25911173 -188.25904511 -188.21946908 -188.19531973 -187.98135778 -187.79228375 -187.7839332  -186.97017321] 
4:[-318.96871684 -318.96865453 -318.96859741 -318.69515604 -318.69513849 -318.64215554 -318.54993192 -318.54436028 -318.54435951 -318.54433957 -318.54348849 -318.4650621  -318.46505169 -318.46501874 -318.46499758 -318.46498656 -318.35405491 -318.27701172 -318.25199865 -318.10928282 -318.10723341 -317.66950454 -317.16401719] 
5:[-364.23802846 -364.17279885 -364.15838393 -364.06796505 -364.05255801 -364.04506249 -364.04162296 -364.03668902 -364.0158293  -363.77069696 -363.59423454 -363.28591303 -363.17353178 -363.17327994 -363.1728854 -363.17284883 -362.80480181 -362.80199396 -362.72528073 -362.64266407 -362.64261114 -362.62659057 -362.16838497] 
6:[-409.43437692 -409.41838657 -409.28635918 -409.25933319 -409.25884211 -409.06871411 -408.94877887 -408.86025657 -408.83021031 -408.82413798 -408.82182662 -408.82088232 -408.82074908 -408.81933261 -408.80491485 -408.80408106 -408.77825231 -408.74183026 -408.74043337 -408.73948239 -408.53162174 -408.44068439 -408.36445426] 
7:[-432.96044377 -432.96018222 -432.95994229 -432.78909932 -432.78793924 -432.71830185 -432.6670681  -432.66706275 -432.6665441  -432.66552708 -432.66534214 -432.66447453 -432.66437085 -432.66392818 -432.66347333 -432.61021596 -432.54987636 -432.35574864 -432.3079571  -432.25015624 -432.24482355 -431.68401493 -431.43056852] 
8:[-674.52836178 -674.51883309 -674.51882454 -674.51846478 -674.43853852 -674.3111127  -674.29026977 -674.28036336 -674.22002314 -674.18372512 -673.97272872 -673.97154178 -673.97123822 -673.93825297 -673.7890729 -673.71985533 -673.18313005 -672.96413779 -672.96381647 -672.96379092 -671.93050972 -671.92789511 -671.29800586] 
9:[-1031.63800215 -1031.63669936 -1031.63623523 -1031.45571022 -1031.45562827 -1031.1731171  -1031.17304911 -1031.1718707 -1031.17174856 -1031.17168708 -1031.11715609 -1030.96549789 -1030.96379247 -1030.9637858  -1030.95738514 -1030.89388816 -1030.8728133  -1030.40951109 -1030.15701297 -1030.15570297 -1030.07780603 -1028.99762971 -1028.43087432] 
10:[-254.87313889 -254.43340894 -254.38927973 -254.28389728 -254.27767118 -254.23488596 -253.9286016  -253.92652194 -253.88760722 -253.87489188 -253.78400608 -253.71928622 -253.6651164  -253.66333183 -253.46218989 -253.46165472 -253.46124071 -253.11398775 -253.09923114 -253.09790848 -253.09749419 -252.9152524  -251.66854346] 
11:[-88.37504288 -88.37308147 -88.36963553 -88.36086138 -88.35997309 -87.95717818 -86.72998022 -86.72348534 -86.63551958 -86.59108109 -86.58301606 -86.47592515 -86.31977571 -86.3166952  -86.31619794 -86.20728417 -86.16203644 -85.83177494 -85.81342776 -85.71809611 -85.67775459 -85.67749902 -85.67576637] 
12:[-337.14667518 -337.14530887 -337.13729757 -337.13669346 -337.13003911 -337.12970586 -337.0828677  -337.06489338 -337.06341099 -337.02482945 -337.02429451 -336.56965965 -336.53763136 -336.51623738 -336.48490473 -336.35941019 -336.25671849 -336.22647834 -336.20373171 -336.20183483 -336.1975026  -336.0910905  -335.83906444] 
13:[-172.81744624 -172.52949818 -172.39125899 -172.35433212 -172.35015304 -172.31736452 -172.31731302 -172.31729582 -172.31355114 -172.30518643 -172.25667174 -172.23523076 -172.07862174 -172.06062284 -172.01788503 -171.97171284 -171.87463138 -171.54090371 -171.41509543 -171.17706514 -171.1769827  -171.17231722 -170.55053826] 
14:[-227.63960071 -227.62667475 -227.62578313 -227.62529306 -227.58387103 -227.57734614 -227.42173378 -227.4214598  -227.41803878 -227.4167776 -227.25847143 -227.24666945 -227.16264217 -226.7633474  -226.66253471 -226.64510143 -226.4826733  -226.42547649 -226.42268712 -226.35938474 -226.35818743 -226.35774724 -225.35365914] 
15:[-84.87089141 -84.86050838 -84.85787621 -84.85119597 -84.85117088 -84.83063871 -84.82090956 -84.76414242 -84.67526324 -84.60149574 -84.55593942 -84.38197413 -84.37836579 -84.19196688 -84.16077056 -84.16041942 -84.16029464 -84.13242136 -83.6040623  -83.27774656 -83.23540123 -83.2324328  -82.80233313] 
16:[-1140.74799411 -1140.74465249 -1140.72683316 -1140.70464306 -1140.58013092 -1140.25575203 -1140.23974822 -1140.23366869 -1140.20674065 -1140.12195497 -1140.11622588 -1140.10976871 -1140.10476538 -1140.1003466  -1140.07001478 -1140.05786373 -1140.02842914 -1139.83289786 -1139.83280349 -1139.8327467 -1139.83190127 -1139.8232711  -1138.97141415] 
17:[-147.5767674  -147.57663354 -147.57657138 -147.52707095 -147.52140209 -147.47943115 -147.46528582 -147.45823056 -147.44458149 -147.44172378 -147.43488252 -147.37248007 -147.32925409 -147.32585807 -147.32423382 -147.30352104 -147.25383914 -147.24530746 -147.09032182 -146.94304123 -146.92429442 -146.68160989 -146.63160764] 
18:[-171.41926819 -171.41898076 -171.41894884 -171.21263609 -171.21239484 -171.07509916 -171.07509777 -171.00368641 -171.00363316 -170.9733948 -170.97322321 -170.30170477 -169.93012292 -169.8817596  -169.84150177 -169.79984101 -169.76910382 -169.76566135 -169.76556412 -169.76176685 -168.36054891 -168.31054515 -168.02186496] 
19:[-301.09194934 -300.92843438 -300.87918812 -300.87834739 -300.87809849 -300.8719584  -298.90475099 -298.90454422 -298.90429608 -298.88756204 -298.77861225 -298.66589092 -298.62844305 -298.62693015 -298.61505876 -298.58333953 -298.43412737 -298.43193524 -298.43178564 -298.4207391 -298.4104085  -298.40602255 -297.64020078] 
20:[-152.25879708 -152.24325548 -152.24322418 -152.23898803 -152.14403485 -152.05162314 -151.9410421  -151.83344428 -151.80863626 -151.66197133 -151.65991133 -151.65775121 -151.50963107 -151.44615478 -151.4262201 -151.39403853 -151.28249017 -151.15998135 -151.15989342 -151.15986313 -150.59913884 -150.59425134 -149.70147916] 
21:[-121.75056433 -121.74998379 -121.67545079 -121.67502562 -121.67493357 -121.60698165 -121.59819073 -121.59344161 -121.59333129 -121.54287404 -121.51669463 -121.37653614 -121.35985337 -121.35909983 -121.31835644 -121.30134143 -121.16683186 -121.07441206 -120.91304946 -120.91264542 -120.91217778 -120.89978276 -120.46298415] 
22:[-767.90402286 -767.90345114 -767.90290211 -767.90285367 -767.75486274 -767.65232681 -767.60209356 -767.58820576 -767.43261754 -767.42129682 -767.23717575 -767.22467631 -767.04145218 -767.04115821 -767.04115602 -766.69252472 -766.62608779 -766.62576193 -766.62537151 -766.44672399 -766.19559813 -766.19436259 -765.56185288] 
RANKING VECTORS IDX
0:[18. 12.  1.  0. 17.  9.  4. 14. 16. 11. 19.  6.  7. 21. 13. 15. 10.  8. 22.  3. 20.  2.  5.] 
1:[ 1. 18.  0. 12. 16. 14. 17.  9.  4. 21.  7. 19.  6. 13. 15.  2. 10.  3. 22. 20.  8.  5. 11.] 
2:[ 2. 11. 19.  0. 12.  1. 18.  6. 14. 16. 13.  9.  4. 17.  7. 21. 10.  5. 15.  8.  3. 20. 22.] 
3:[22.  3. 20.  8.  7. 15. 19. 12. 10.  6. 21. 14. 16. 13. 17.  9.  4.  2.  5. 11. 18.  1.  0.] 
4:[17.  9.  4.  7. 21. 12. 15.  3. 20. 22.  8.  1. 18. 16. 14. 11.  0.  6. 13. 10.  2. 19.  5.] 
5:[ 5.  6. 19. 13.  1. 18. 16. 14. 10.  7. 11. 15. 22.  8.  3. 20.  0. 12. 21.  9.  4. 17.  2.] 
6:[19.  6. 13. 16. 14. 10. 12. 11.  8. 18.  3.  1. 22. 20. 21.  7. 15. 17.  9.  4.  2.  0.  5.] 
7:[17.  9.  4. 21.  7. 12.  1. 18. 14. 16.  8.  3. 11. 22. 20. 15.  0.  2. 13.  6. 10. 19.  5.] 
8:[22.  3.  8. 20. 19. 15.  7. 21.  6. 13. 11. 16. 14.  5. 12. 10.  2. 17.  4.  9.  1. 18.  0.] 
9:[17.  9.  4. 21.  7. 18.  1. 14. 16. 11. 12.  8. 22. 20.  3.  0. 15.  2.  6. 10. 13. 19.  5.] 
10:[10. 19.  6. 16. 14. 13. 18.  1.  0. 12.  2. 15. 21.  7.  9.  4. 17.  8.  3. 22. 20.  5. 11.] 
11:[11. 16. 14. 19.  6. 13. 21.  7.  5.  2.  1. 15.  8. 20.  3. 22. 10. 12. 18.  0.  4. 17.  9.] 
12:[12.  0.  1. 18.  7. 21.  9. 17.  4. 16. 14.  6.  2. 19. 13. 15. 10. 22.  3.  8. 20. 11.  5.] 
13:[11. 19. 13. 18.  1.  9. 12.  4. 17.  0. 14.  6.  7. 21.  2. 16. 15.  5. 10.  3. 20. 22.  8.] 
14:[19. 14. 11. 16.  7. 21.  3. 20. 22.  8. 15. 13.  6.  2. 12. 10.  5. 18.  1. 17.  9.  4.  0.] 
15:[15.  8. 22.  3. 20.  6.  7. 16. 19. 10. 11. 12.  5. 21. 17.  9.  4. 14. 13.  2.  1. 18.  0.] 
16:[16. 14. 19.  6. 13.  2. 21.  7.  1.  4. 15. 18. 17.  9. 12.  0. 10. 22. 20.  3.  8.  5. 11.] 
17:[17.  9.  4. 12.  5.  7. 21.  2.  3. 22. 10.  6. 14. 16. 19. 15. 20.  8. 13. 18.  1. 11.  0.] 
18:[17.  9.  4.  7. 21. 14. 16.  1. 18. 12.  0. 15. 13.  2.  6. 10.  8.  3. 20. 22. 19. 11.  5.] 
19:[ 6. 19. 11. 16. 14. 13. 17.  9.  4.  2. 15.  5. 21.  7. 10. 12. 22.  3. 20.  8.  1. 18.  0.] 
20:[22.  3. 20.  8. 15.  7. 19.  6. 13. 14. 16. 11. 12. 10.  2.  5. 21. 17.  9.  4.  1. 18.  0.] 
21:[ 7. 21. 17.  9.  4. 22.  8.  3. 20. 15. 10. 13.  6. 16.  5. 19. 11. 14. 12.  1. 18.  0.  2.] 
22:[ 3. 22.  8. 20. 12. 15. 21.  7.  6. 19. 13. 10. 17.  9.  4.  5. 16. 14. 11.  2. 18.  1.  0.] 
POSCARS
EA157   2.927  2.927  5.064 106.78 73.22 119.98 Sym.group:  216
1.0
   2.9268130000000001   -0.0061000000000000    0.0118420000000000
  -1.4573590000000001    2.5381730000000000   -0.0117750000000000
   1.4405770000000000   -0.8361280000000000    4.7824660000000003
C Si
2 2
direct
   0.1811680000000000    0.8183610000000000    0.1865780000000000 C
   0.6810480000000000    0.3187240000000000    0.6865980000000000 C
   0.8062030000000000    0.1933240000000000    0.3113380000000000 Si
   0.3060940000000000    0.6936730000000000    0.8113290000000000 Si
EA9     2.558  2.558  4.154 90.00 90.00 120.00 Sym.group:  186
1.0
   1.2797879999999999   -2.2145630000000001    0.0001290000000000
   1.2780560000000001    2.2155209999999999   -0.0019060000000000
   0.0026940000000000    0.0021730000000000    4.1543720000000004
O Be
2 2
direct
   0.3187550000000000    0.6586500000000000    0.1303500000000000 O
   0.6521370000000000    0.3252110000000000    0.6303460000000000 O
   0.6520600000000000    0.3252690000000000    0.0078250000000000 Be
   0.3187180000000000    0.6585320000000000    0.5077120000000001 Be
EA1     3.706  2.687  2.687 89.98 68.77 111.23 Sym.group:  139
1.0
   3.7063630000000001   -0.0127100000000000    0.0119180000000000
  -0.9640260000000000    2.5075820000000002   -0.0154630000000000
   0.9661270000000000    0.3877260000000000    2.4767039999999998
C B
2 2
direct
   0.2250170000000000    0.1202560000000000    0.8870150000000000 C
   0.7720690000000000    0.8942380000000000    0.1136900000000000 C
   0.4985170000000000    0.2574860000000000    0.2503560000000000 B
   0.4985700000000000    0.7570080000000000    0.7503500000000000 B
EA183   3.274  4.078  3.274 113.11 89.94 66.91 Sym.group:  123
1.0
   3.2736410000000000    0.0279210000000000    0.0009370000000000
   1.5674539999999999    3.7643650000000002   -0.0583620000000000
   0.0141150000000000   -1.3513850000000001    2.9816490000000000
Li P
2 2
direct
   0.5992670000000000    0.3271760000000000    0.0132770000000000 Li
   0.0992620000000000    0.3271960000000000    0.5133050000000000 Li
   0.3492850000000000    0.8271849999999999    0.7632910000000001 P
   0.8492810000000000    0.8271849999999999    0.2632960000000000 P
EA96    3.064  3.065  3.065 60.02 60.02 60.02 Sym.group:  225
1.0
   1.5412220000000001   -2.6484809999999999    0.0005390000000000
   3.0644819999999999    0.0113070000000000    0.0178740000000000
   1.5201570000000000   -0.8868710000000000    2.5093260000000002
Cl Li
1 1
direct
   0.2629950000000000    0.8232710000000000    0.1687850000000000 Cl
   0.7628950000000000    0.3232900000000000    0.6687460000000000 Li
EA38    2.493  4.344  3.535 90.06 90.01 89.98 Sym.group:  191
1.0
   2.4929779999999999    0.0120400000000000    0.0011120000000000
  -0.0193490000000000    4.3433999999999999    0.0228970000000000
  -0.0021150000000000   -0.0226460000000000    3.5351050000000002
Al F
2 2
direct
   0.1352800000000000    0.3769140000000000    0.3730740000000000 Al
   0.6352830000000000    0.8769150000000000    0.3735150000000000 Al
   0.6350260000000000    0.8773110000000000    0.8734630000000000 F
   0.1346930000000000    0.3773080000000000    0.8731260000000000 F
EA275   2.813  2.813  6.299 89.87 102.79 60.12 Sym.group:  166
1.0
   1.4122960000000000    2.4327350000000001    0.0061990000000000
  -1.4056450000000000    2.4363750000000000    0.0073130000000000
  -1.4058700000000000   -0.8123250000000000    6.0864279999999997
Be Cl
2 2
direct
   0.0196630000000000    0.5948790000000000    0.4055390000000000 Be
   0.5253679999999999    0.8440730000000000    0.6624949999999999 Be
   0.9806180000000000    0.1164900000000000    0.8455670000000000 Cl
   0.5644380000000000    0.3224570000000000    0.2224670000000000 Cl
EA119   2.508  2.508  4.329 89.99 89.99 60.01 Sym.group:  194
1.0
   1.2588120000000000   -2.1691220000000002    0.0047060000000000
   2.5082770000000001    0.0059160000000000    0.0021060000000000
  -0.0031460000000000    0.0062900000000000    4.3290970000000000
F Li
2 2
direct
   0.6648380000000000    0.6648790000000000    0.2534100000000000 F
   0.3314310000000000    0.3318450000000000    0.7534090000000000 F
   0.9980000000000000    0.9984980000000000    0.0034320000000000 Li
   0.9983980000000000    0.9984620000000000    0.5034570000000000 Li
EA51    4.796  2.354  4.879 90.01 119.41 90.00 Sym.group:  123
1.0
   4.7943530000000001    0.0034510000000000   -0.1058000000000000
  -0.0016520000000000    2.3544399999999999   -0.0011250000000000
  -2.3010370000000000   -0.0006120000000000    4.3019639999999999
Na Si
2 2
direct
   0.7457680000000000    0.7559950000000000    0.7465190000000000 Na
   0.2459260000000000    0.7541940000000000    0.7466760000000000 Na
   0.2460550000000000    0.2547740000000000    0.2466200000000000 Si
   0.7464430000000000    0.2548220000000000    0.2467900000000000 Si
EA23    2.797  2.797  2.797 60.00 120.00 90.00 Sym.group:  225
1.0
   2.7970839999999999   -0.0019080000000000   -0.0005040000000000
   0.0019740000000000    2.7972070000000002    0.0004340000000000
  -1.3971169999999999    1.3991499999999999    1.9785990000000000
O Mg
1 1
direct
   0.6095090000000000    0.4019480000000000    0.1968680000000000 O
   0.1094800000000000    0.9018730000000000    0.1968580000000000 Mg
EA16    2.634  2.632  5.796 77.11 89.87 119.64 Sym.group:  166
1.0
   2.5643349999999998   -0.5950740000000000    0.0862310000000000
  -0.7559740000000000    2.5187360000000001    0.1038400000000000
   0.0878040000000000    1.1436679999999999    5.6817510000000002
Al O
2 2
direct
   0.8713770000000000    0.2547800000000000    0.2520090000000000 Al
   0.3712730000000000    0.2545730000000000    0.7520200000000000 Al
   0.9803200000000000    0.4741660000000000    0.9259300000000000 O
   0.7625100000000000    0.0352760000000000    0.5780880000000000 O
EA54    2.431  2.432  3.419 89.93 89.92 60.01 Sym.group:  164
1.0
   2.4311050000000001   -0.0018390000000000   -0.0004700000000000
   1.2170589999999999    2.1050010000000001   -0.0004580000000000
   0.0054850000000000    0.0025470000000000    3.4190719999999999
C H
2 2
direct
   0.3421560000000000    0.8341480000000000    0.8283880000000000 C
   0.6756470000000000    0.1676600000000000    0.6961030000000000 C
   0.6762980000000000    0.1681510000000000    0.3806000000000000 H
   0.3415220000000000    0.8336330000000000    0.1438910000000000 H
EA231   4.336  3.143  3.143 90.00 89.99 90.00 Sym.group:  119
1.0
   4.3364339999999997    0.0001780000000000   -0.0005190000000000
  -0.0000800000000000    3.1427200000000002    0.0032470000000000
   0.0009940000000000   -0.0031540000000000    3.1431719999999999
Be S
2 2
direct
   0.1191090000000000    0.0092710000000000    0.2522740000000000 Be
   0.6191480000000000    0.5094050000000000    0.7523470000000000 Be
   0.3691760000000000    0.5092680000000001    0.2524190000000000 S
   0.8691770000000000    0.0093890000000000    0.7523570000000001 S
EA18    2.822  2.833  4.690 90.32 90.23 60.73 Sym.group:  164
1.0
   1.4439240000000000   -2.4244420000000000    0.0032630000000000
   2.8324150000000001    0.0742730000000000   -0.0098110000000000
  -0.0105710000000000    0.0217840000000000    4.6904250000000003
C P
2 2
direct
   0.9990000000000000    0.9942210000000000    0.3454370000000000 C
   0.9988210000000000    0.9991910000000001    0.6608760000000000 C
   0.3326470000000000    0.3291990000000000    0.1795880000000000 P
   0.6651750000000000    0.6642130000000001    0.8267250000000000 P
EA245   2.766  2.767  3.637 90.04 90.12 61.32 Sym.group:  164
1.0
   2.7660790000000000   -0.0258580000000000   -0.0020680000000000
   1.3504849999999999    2.4147609999999999   -0.0082960000000000
  -0.0049130000000000    0.0122750000000000    3.6371820000000001
B Be
2 2
direct
   0.0054240000000000    0.9968560000000000    0.3645330000000000 B
   0.6704410000000000    0.6611390000000000    0.1543400000000000 B
   0.0075860000000000    0.9983230000000000    0.8967300000000000 Be
   0.6683190000000000    0.6596810000000000    0.6221790000000000 Be
EA9     3.535  3.538  4.372 66.13 113.84 89.99 Sym.group:  141
1.0
   3.5016240000000001    0.4839560000000000   -0.0003920000000000
  -0.4839390000000000    3.5051120000000000    0.0003880000000000
  -1.9923460000000000    1.5102000000000000    3.5864750000000001
Al Si
2 2
direct
   0.7532250000000000    0.7507960000000000    0.4994310000000000 Al
   0.0030600000000000    0.0009340000000000    0.9991090000000000 Al
   0.5033750000000000    0.5006130000000000    0.9997300000000000 Si
   0.2529090000000000    0.2511170000000000    0.4988110000000000 Si
EA272   2.821  2.821  5.546 89.92 90.16 119.84 Sym.group:  164
1.0
   2.8214020000000000    0.0030940000000000    0.0052530000000000
  -1.4062340000000000    2.4455480000000001    0.0005210000000000
  -0.0261630000000000   -0.0068980000000000    5.5460919999999998
F Mg
2 2
direct
   0.3251680000000000    0.6632720000000000    0.6423250000000000 F
   0.6577290000000000    0.3290550000000000    0.3590160000000000 F
   0.3229400000000000    0.6630130000000000    0.1933900000000000 Mg
   0.6598600000000000    0.3292440000000000    0.8079980000000000 Mg
EA21    3.181  3.224  3.224 119.21 119.52 60.48 Sym.group:  225
1.0
   3.1807430000000001    0.0060770000000000   -0.0043340000000000
   1.5832590000000000    2.8086280000000001    0.0022880000000000
  -1.5833900000000001   -0.9159920000000000    2.6552099999999998
P Si
1 1
direct
   0.9917700000000000    0.9975650000000000    0.0039190000000000 P
   0.4917320000000000    0.4975890000000000    0.5038930000000000 Si
EA307   2.968  2.968  4.637 90.00 90.00 60.00 Sym.group:  186
1.0
   2.9680460000000002    0.0000440000000000    0.0000690000000000
   1.4838750000000001    2.5703659999999999   -0.0000850000000000
  -0.0001050000000000    0.0002080000000000    4.6365189999999998
Al N
2 2
direct
   0.3404440000000000    0.3333520000000000    0.1944030000000000 Al
   0.6736060000000000    0.6667860000000000    0.6944030000000000 Al
   0.6737930000000000    0.6666800000000001    0.3048440000000000 N
   0.3402560000000000    0.3334590000000000    0.8048440000000000 N
EA104   2.393  7.779  2.394 90.76 62.10 81.30 Sym.group:  166
1.0
   2.3920650000000001    0.0650340000000000    0.0412650000000000
   0.9647100000000000    7.7172099999999997    0.1542300000000000
   1.0897640000000000   -0.2104310000000000    2.1206930000000002
C Cl
2 2
direct
   0.9111640000000000    0.3648850000000000    0.1786930000000000 C
   0.5753700000000000    0.3649480000000000    0.8429700000000000 C
   0.0196780000000000    0.6956360000000000    0.6201170000000000 Cl
   0.4567960000000000    0.0341320000000000    0.3925650000000000 Cl
EA33    4.692  2.282  3.531 90.01 90.04 90.00 Sym.group:  123
1.0
   4.6914879999999997    0.0012920000000000   -0.0139000000000000
  -0.0006550000000000    2.2824710000000001   -0.0032430000000000
   0.0082610000000000    0.0045600000000000    3.5308790000000001
Li Si
2 2
direct
   0.2887400000000000    0.7046690000000000    0.8414420000000000 Li
   0.7887400000000000    0.7044020000000000    0.8414890000000000 Li
   0.5387830000000000    0.2046500000000000    0.3414680000000000 Si
   0.0387830000000000    0.2044340000000000    0.3414640000000000 Si
EA40    3.302  3.304  5.255 90.00 90.00 119.97 Sym.group:  194
1.0
   3.3019690000000002    0.0002330000000000   -0.0010690000000000
  -1.6505240000000001    2.8620000000000001   -0.0003000000000000
   0.0014970000000000    0.0013480000000000    5.2548159999999999
Al P
2 2
direct
   0.9987549999999999    0.0054590000000000    0.9985550000000000 Al
   0.9988020000000000    0.0054790000000000    0.4985540000000000 Al
   0.6655219999999999    0.3390830000000000    0.7485600000000000 P
   0.3320310000000000    0.6718530000000000    0.2485520000000000 P
EA120   2.598  2.598  7.015 89.99 90.00 90.12 Sym.group:  123
1.0
   2.5977730000000001    0.0045990000000000    0.0007530000000000
  -0.0099900000000000    2.5976319999999999   -0.0048070000000000
  -0.0022590000000000    0.0136650000000000    7.0149210000000002
Na S
2 2
direct
   0.2562920000000000    0.7504700000000000    0.2723070000000000 Na
   0.2587670000000000    0.7522600000000000    0.7722890000000000 Na
   0.7580800000000000    0.2533620000000000    0.0222570000000000 S
   0.7573110000000000    0.2499810000000000    0.5222440000000000 S
