NUMBER OF TEMPLATES 57
COMPOSITION A 2 B
pairs , SPACEGROUPS 
[N Al] , 166 
[H Be] , 164 
[Si Na] , 191 
[Cl Mg] , 186 
[Be Na] , 164 
[Li C] , 166 
[Be H] , 166 
[Li Be] , 164 
[Na Mg] , 191 
[N O] , 160 
[Be O] , 156 
[Li H] , 164 
[C Na] , 191 
[Si Mg] , 227 
[Si Li] , 191 
[Al F] , 187 
[Li F] , 164 
[Li B] , 164 
[C B] , 164 
[Si O] , 166 
[Li Al] , 191 
[Al C] , 164 
[Be Al] , 227 
[S P] , 166 
[Na C] , 191 
[Na Si] , 191 
[Na Li] , 164 
[B Be] , 216 
[Be N] , 166 
[P Cl] , 164 
[O C] , 166 
[Si Mg] , 191 
[Al Li] , 155 
[Na S] , 194 
[Be Si] , 216 
[Na N] , 191 
[Cl Mg] , 164 
[Be C] , 225 
[Mg F] , 164 
[Na O] , 166 
[Mg H] , 164 
[P S] , 164 
[Al B] , 164 
[Cl Mg] , 166 
[P C] , 166 
[B Si] , 166 
[Na S] , 225 
[Al O] , 166 
[Li S] , 225 
[C H] , 166 
[C S] , 166 
[Si Be] , 225 
[Si N] , 187 
[H S] , 224 
[Na B] , 191 
[Al Mg] , 164 
[Li O] , 225 
RANKING VECTORS ENTHALPIES
0:[-206.99684253 -206.41094839 -206.37206817 -206.30183296 -206.30162882 -206.29915406 -206.22860875 -206.19183612 -206.13909876 -205.88265698 -205.83631584 -205.83455082 -205.83230844 -205.81851762 -205.81838676 -205.81836151 -205.81474825 -205.81445726 -205.8128512  -205.81267689 -205.81254538 -205.79257107 -205.77188221 -205.77067401 -205.69828289 -205.64899253 -205.64896423 -205.64825298 -205.64808618 -205.64788187 -205.64587932 -205.64443351 -205.64262523 -205.6383379  -205.57853469 -205.27924073 -205.1965726  -205.11973186 -204.98420575 -204.98409409 -204.98408236 -204.98230144 -204.9750214  -204.97482566 -204.97316797 -204.97301257 -204.97224289 -204.97212251 -204.9354765  -204.93278821 -204.72759599 -204.67554406 -204.6300498  -204.45208062 -204.25198193 -204.21582453 -204.21576453] 
1:[-135.58725891 -135.58695063 -135.58664003 -135.58643201 -135.58627574 -135.58592348 -135.58548952 -135.58427856 -135.58333458 -135.58215088 -135.58062576 -135.57886655 -135.57694593 -135.56436097 -135.55048541 -135.55043252 -135.52120868 -135.33172388 -135.3293592  -135.31999381 -135.31689882 -135.31507341 -135.31364828 -135.31076754 -135.30828147 -135.30653516 -135.30420039 -135.30368116 -135.30208174 -135.29574193 -135.28721026 -135.28451391 -135.28249712 -135.25052505 -135.20958923 -135.18504083 -135.17044666 -135.16629773 -135.14693074 -135.13100608 -135.0744465  -135.06873152 -135.06827884 -135.06436405 -135.06130444 -135.05734273 -135.0552117  -135.05205779 -135.04740183 -135.02566333 -135.00622179 -135.00459491 -135.00452673 -134.9982921  -134.93973894 -134.92885665 -134.81493997] 
2:[-486.71964591 -486.70682007 -486.70226087 -486.70214921 -486.70149334 -486.70120294 -486.69662794 -486.69600858 -486.69562435 -486.69126814 -486.69125405 -486.69125392 -486.69035295 -486.68622968 -486.67670517 -486.56516996 -486.55744034 -486.55132315 -486.50750314 -486.5066489 -486.48843324 -486.48347593 -486.47993815 -486.45638912 -486.45318444 -486.45296096 -486.45082545 -486.44179396 -486.42252302 -486.37246267 -486.34065289 -486.33297063 -486.32262454 -486.31386396 -486.27405878 -486.23916907 -486.22629218 -486.2091228  -486.18952808 -486.09819413 -486.04785508 -486.02631087 -486.00571583 -486.00547142 -485.98363578 -485.89845684 -485.87192599 -485.83096242 -485.80553954 -485.75093863 -485.73298335 -485.42680695 -485.42673785 -485.42667604 -485.41379777 -485.41373529 -482.40452142] 
3:[-832.61931264 -832.61930938 -832.61930382 -832.61925696 -832.6187132 -832.61849599 -832.61170882 -832.60635244 -832.60526243 -832.60317158 -832.60236912 -832.59006485 -832.45585346 -832.36213126 -832.36153272 -832.36032911 -832.35616956 -832.3170612  -832.30107729 -832.2321938 -832.19978842 -832.19971605 -832.19967508 -832.19953435 -832.19953361 -832.1022389  -831.91595222 -831.78894209 -831.74371763 -831.73431477 -831.68675921 -831.62234065 -831.56451611 -831.46834393 -831.32625598 -831.19189682 -831.1908529  -831.15842204 -831.15429277 -831.15421535 -831.15336911 -831.15334544 -831.15331894 -831.15301362 -831.15276732 -831.15188123 -831.14963202 -831.148171   -831.10025101 -831.04106119 -830.94039478 -830.70374823 -830.64294023 -830.44623185 -830.35088375 -830.35085057 -830.32975766] 
4:[-663.82383185 -663.82015016 -663.80767213 -663.80760591 -663.79201373 -663.78521666 -663.78307483 -663.77766214 -663.77536331 -663.77520642 -663.77330602 -663.77289791 -663.77179244 -663.77169576 -663.77101305 -663.76558066 -663.75458603 -663.75329155 -663.74947756 -663.74591683 -663.72870629 -663.71844565 -663.70001014 -663.68289435 -663.68251877 -663.66259335 -663.65793711 -663.64615583 -663.64615581 -663.63606396 -663.61034145 -663.49705455 -663.48769739 -663.48458992 -663.48408027 -663.48406768 -663.48404414 -663.48281201 -663.48265706 -663.47933308 -663.47250274 -663.44095964 -663.29552027 -663.2905606  -663.14345354 -662.96117414 -662.9602168  -662.96018506 -662.95611695 -662.54178542 -662.51923811 -661.92375972 -661.92366115 -661.90960906 -661.90791658 -661.90780917 -660.27472265] 
5:[-182.80746488 -182.80447351 -182.50076509 -182.49982833 -182.49035441 -182.49034295 -182.49013824 -182.48957179 -182.48859181 -182.4818688 -182.48141478 -182.47871223 -182.46266996 -182.45296318 -182.42448455 -182.42355282 -182.4227714  -182.41967643 -182.41596194 -182.41207392 -182.40564944 -182.38180737 -182.3817929  -182.37787353 -182.37619065 -182.37280148 -182.21943157 -182.10435456 -182.02603358 -182.01822579 -181.98484339 -181.9844077  -181.98422982 -181.80768602 -181.78186143 -181.77895021 -181.77297828 -181.71259749 -181.71204409 -181.70795266 -181.68812192 -181.68695748 -181.67698462 -181.67583282 -181.6755299 -181.67505793 -181.60728222 -181.58996646 -181.5656608  -181.47808771 -181.38080055 -181.35906542 -181.34127671 -181.33204612 -181.22311937 -181.02527538 -180.54207607] 
6:[-256.3708317  -256.35102494 -256.34305256 -256.3430511  -256.32815252 -256.26518703 -256.23934896 -256.22841611 -256.21095042 -256.20974202 -256.20584924 -256.19077561 -256.18062089 -256.15347486 -256.14814102 -256.14361068 -256.14062086 -256.13364063 -256.13149461 -256.11711447 -256.11691489 -256.11319536 -256.11028698 -256.1096919  -256.10968889 -256.10965071 -256.06750729 -256.02371074 -256.01029326 -256.0039866 -255.97959595 -255.96913997 -255.92177975 -255.90986445 -255.81734925 -255.75093396 -255.74424116 -255.73488079 -255.50699174 -255.50445078 -255.49833845 -255.49831925 -255.49461243 -255.37046992 -255.36621437 -255.36105074 -255.36028302 -255.3602586  -255.35451788 -255.35425492 -255.35232805 -255.34022815 -255.31980612 -255.24059011 -255.22817565 -254.80604178 -254.78682702] 
7:[-254.0617308  -254.0585492  -254.05833216 -254.05791147 -254.05318754 -254.05226414 -254.05178648 -254.05092021 -254.05083738 -254.04886448 -254.04839596 -254.04745519 -254.04563936 -254.02813121 -254.02623356 -254.01759387 -254.01236007 -254.01228321 -254.01099069 -254.01002051 -254.00863788 -254.00842439 -254.0047572  -254.00470245 -254.00349863 -254.00322458 -254.00236694 -254.00170996 -253.99887062 -253.99810623 -253.99754392 -253.99746155 -253.9872859  -253.97113641 -253.96350206 -253.95096422 -253.95000031 -253.9443268  -253.90919623 -253.90205486 -253.90185445 -253.8934554  -253.85481852 -253.84501509 -253.84461031 -253.84378509 -253.80892629 -253.80889137 -253.79032021 -253.02133605 -253.00779602 -253.00760928 -253.0066936  -253.00538633 -253.00442509 -253.00389549 -252.11449774] 
8:[-1361.77796116 -1361.7765802  -1361.76483697 -1361.76444781 -1361.76363648 -1361.75682439 -1361.7564066  -1361.75523605 -1361.75480682 -1361.75078452 -1361.74828708 -1361.74479783 -1361.7441555  -1361.74122883 -1361.73615634 -1361.73376477 -1361.73105735 -1361.730999   -1361.73070032 -1361.73043651 -1361.73015568 -1361.72997358 -1361.72925074 -1361.72915336 -1361.72904481 -1361.72750153 -1361.72746038 -1361.71971381 -1361.71946208 -1361.713313   -1361.71171397 -1361.7031704 -1361.70317037 -1361.69947363 -1361.69893368 -1361.69468567 -1361.68903803 -1361.68249424 -1361.67970988 -1361.65675541 -1361.64261805 -1361.63303668 -1361.60548284 -1361.57960528 -1361.5750471  -1361.52681197 -1361.50801468 -1361.50680002 -1361.50299728 -1360.97376671 -1360.95523505 -1360.79616732 -1360.79540862 -1360.79038599 -1360.78994296 -1360.78993272 -1359.63434275] 
9:[-334.22766496 -333.85217422 -333.75921396 -333.71987137 -333.18516818 -333.09831963 -333.08583844 -333.05024904 -333.02197546 -332.97561841 -332.96440412 -332.9353515  -332.91421885 -332.89099339 -332.8851902 -332.88433042 -332.82303837 -332.81598582 -332.79543172 -332.76469917 -332.76079667 -332.75929146 -332.75884617 -332.75712997 -332.75576551 -332.7541271  -332.75263121 -332.71507677 -332.69703866 -332.69686799 -332.58345975 -332.57204716 -332.49904874 -332.49494117 -332.38826868 -332.32117946 -332.31879913 -331.90829881 -331.85471008 -331.83600567 -331.79870268 -331.79518192 -331.78543354 -331.7828234  -331.77887859 -331.77535946 -331.76158025 -331.65160507 -331.63316458 -331.42582463 -331.42349367 -331.34555505 -331.07374217 -331.06870356 -331.06812055 -331.06512378 -331.06306652] 
10:[-401.49782199 -401.48124197 -401.46229029 -401.45891404 -401.40255602 -401.39860497 -401.39839861 -401.39565124 -401.39533141 -401.39282127 -401.39281464 -401.39167394 -401.38115503 -401.36251921 -401.33455034 -401.27602959 -401.23094937 -401.17830486 -401.15445873 -401.15400779 -401.0874094  -401.03698847 -401.03142676 -400.99718228 -400.97525972 -400.91891194 -400.85146081 -400.8294106  -400.79139866 -400.4680935 -400.45201625 -400.44283343 -400.4405462  -400.43855879 -400.39122771 -400.05907739 -399.90620815 -399.90531761 -399.8935409  -399.89289666 -399.87907192 -399.87902034 -399.87870016 -399.56455809 -399.506352 -399.30035586 -399.28388954 -398.91457651 -398.91356704 -398.91265148 -398.91226488 -398.91054401 -398.91022879 -398.90912791 -398.90830345 -398.90696084 -398.90374949] 
11:[-133.77780627 -133.77672508 -133.77666953 -133.77613206 -133.7759752 -133.77589669 -133.77495226 -133.77484606 -133.77426244 -133.77387415 -133.77374959 -133.7736875  -133.77368741 -133.77354226 -133.76758933 -133.76753695 -133.76588432 -133.76016937 -133.75785158 -133.75002079 -133.73597082 -133.73056141 -133.71953712 -133.70337903 -133.69166781 -133.69091348 -133.69055438 -133.68952577 -133.6888057  -133.68837983 -133.68833357 -133.68664554 -133.65488623 -133.59855687 -133.5751134 -133.48721823 -133.47902554 -133.47455573 -133.47121681 -133.36615944 -133.32952138 -133.26554533 -133.03047293 -133.02288227 -132.96409083 -132.96407488 -132.96405884 -132.96363471 -132.96313661 -132.96100193 -132.96055603 -132.96054949 -132.96054626 -132.9548769  -132.89022404 -132.35874065 -132.34829399] 
12:[-520.77438904 -520.77357443 -520.76686325 -520.76674542 -520.76611532 -520.76553316 -520.76516705 -520.76311476 -520.76304651 -520.75376108 -520.63154837 -520.5502741  -520.54460522 -520.54442808 -520.48002267 -520.47688849 -520.47536409 -520.46747178 -520.46725834 -520.45043695 -520.44414817 -520.37382953 -520.3460424  -520.32204234 -520.30740396 -520.3027821  -519.22858778 -519.22812587 -518.9987681  -518.9190717 -518.91828673 -518.88615591 -518.84696845 -518.82700408 -518.8267846 -518.82601226 -518.82600319 -518.82515114 -518.82501457 -518.82071745 -518.82046212 -518.81725385 -518.80859282 -518.76718017 -518.56157975 -518.54236339 -518.51879702 -518.46904736 -518.31147523 -518.29802286 -517.81574986 -517.08874368 -517.08329999 -517.08324137 -517.08191177 -517.08126603 -514.39929099] 
13:[-610.94082547 -610.9329445  -610.93286181 -610.93281509 -610.93272457 -610.92812657 -610.92420565 -610.91582329 -610.9154259  -610.90399362 -610.81947185 -610.80378379 -610.80356567 -610.78214283 -610.76467502 -610.75131521 -610.75049316 -610.74449791 -610.7431431  -610.74146241 -610.73620038 -610.73199389 -610.7263872  -610.71239807 -610.71067813 -610.69260285 -610.64532728 -610.63866202 -610.63826893 -610.55100577 -610.53537084 -610.52552043 -610.51047081 -610.50200187 -610.47380005 -610.46462988 -610.46458338 -610.46389541 -610.39242163 -610.36688215 -610.36515567 -610.36223429 -610.35079281 -610.2907543  -610.25864622 -610.16685628 -610.15240138 -610.13321947 -610.13119393 -610.04615777 -609.97952611 -609.9644989  -609.94784759 -609.94771424 -609.94711654 -607.86576612 -606.85694477] 
14:[-138.38224892 -138.37464315 -138.3722155  -138.37079899 -138.37079828 -138.37079711 -138.36873665 -138.35855064 -138.35530045 -138.35481318 -138.35429729 -138.35380943 -138.35319244 -138.35243156 -138.35098057 -138.32692457 -138.28729313 -138.28235201 -138.27859373 -138.26174837 -138.25911668 -138.25467779 -138.24889768 -138.24660521 -138.21938951 -138.20763621 -138.20552429 -138.20516666 -138.19535772 -138.17221241 -138.15844847 -138.15797998 -138.1554804  -138.15275065 -138.14451704 -138.12635397 -138.12632363 -138.09933584 -138.09491545 -138.08792988 -138.08074828 -138.05766793 -138.0564251  -138.04804571 -138.04800647 -138.04573187 -138.04571741 -138.03479188 -138.0146726  -137.95973803 -137.95936066 -137.87450717 -137.85955532 -137.84660319 -137.70925707 -137.59653688 -135.9283734 ] 
15:[-262.37913539 -262.37747177 -262.30181315 -262.29508112 -262.28556642 -262.20512742 -262.16416077 -262.15835166 -262.06449039 -262.06323241 -262.06164436 -262.0570598  -262.0422659  -262.04016737 -262.040078 -262.03875998 -262.03854683 -262.0374095  -262.03739953 -262.03300982 -262.01279703 -262.00573652 -261.95484936 -261.85393944 -261.81553346 -261.73646557 -261.72821608 -261.62612149 -261.61534981 -261.59633121 -261.57833277 -261.57486878 -261.55563201 -261.50441726 -261.50335499 -261.50303847 -261.39641117 -261.25382634 -261.03992025 -261.03780638 -261.03552814 -261.03133765 -261.03131021 -261.03126824 -261.03048724 -261.02984496 -261.02939328 -261.02390502 -260.71026154 -260.71015146 -260.70977057 -260.70975264 -260.70973132 -260.60355406 -260.60235441 -260.27218009 -260.27197666] 
16:[-352.62581516 -352.61232384 -352.57264591 -352.56426693 -352.56137345 -352.55710929 -352.55662854 -352.55649835 -352.55646005 -352.55627561 -352.55619512 -352.55463676 -352.55462794 -352.55447358 -352.55386873 -352.53784981 -352.52551465 -352.39814501 -352.32444046 -352.3127307 -352.26083525 -352.26060075 -352.26050752 -352.2593093  -352.25839043 -352.23276065 -352.23060172 -352.16104771 -352.16051473 -352.14307435 -352.10398958 -352.10396321 -352.10392799 -352.10004271 -352.0987465 -352.09792461 -352.09754862 -352.0858013  -351.98608091 -351.89380454 -351.7960353  -351.68230452 -351.67298353 -351.50084893 -351.49172689 -351.45841611 -351.45837034 -351.45824971 -351.45814833 -351.45738156 -351.45698159 -351.45694772 -351.4569323  -351.45595757 -351.44763595 -351.20917566 -351.20687094] 
17:[-154.76829284 -154.76740491 -154.76675352 -154.76671157 -154.76581277 -154.76244849 -154.72097474 -154.71985238 -154.71954957 -154.71835135 -154.71780928 -154.71372262 -154.71364977 -154.71355182 -154.71303593 -154.71082349 -154.71008373 -154.70884534 -154.70396592 -154.47290637 -154.46914559 -154.43195602 -154.32632067 -154.21348656 -154.15950098 -154.11193684 -154.10660526 -154.10346218 -154.10026774 -154.09984093 -154.09966447 -154.09947224 -154.09897452 -154.09894375 -154.09769142 -154.08414973 -154.06808994 -154.06726603 -154.06026542 -154.05948148 -154.04052354 -153.91764223 -153.89043963 -153.88678682 -153.88223309 -153.88131739 -153.86963254 -153.78089752 -153.68790554 -153.46376046 -153.46373548 -153.4636366  -153.44810212 -153.44783982 -153.43210581 -153.4165821  -152.34058134] 
18:[-133.77816461 -133.76498948 -133.76465849 -133.71150042 -133.70516072 -133.30623174 -133.20983699 -133.20802089 -132.85694842 -132.82662267 -132.82300508 -132.75015127 -132.68121737 -132.65146957 -132.43954888 -132.43871151 -132.43830785 -132.43830673 -132.43780168 -132.4367247 -132.43204723 -132.38882925 -132.29245313 -132.20718621 -132.13903391 -132.09960689 -132.09721944 -132.0841616  -132.01327233 -132.01312299 -131.93876227 -131.86068199 -131.8469789  -131.75694587 -131.57335653 -131.57334302 -131.57333982 -131.57113404 -131.56684126 -131.56682884 -131.5126168  -131.50850781 -131.50689643 -131.49734855 -131.49699437 -131.49636214 -131.49556402 -131.26490815 -131.2627311  -131.2616516 -131.26117742 -131.2395111  -130.97819938 -130.97418848 -130.82773089 -130.24033846 -130.2403377 ] 
19:[-223.48760157 -223.47379313 -223.45947162 -223.41144917 -223.39553592 -223.38691278 -223.38280263 -223.36515287 -223.35363914 -223.35177337 -223.25184523 -223.185752   -223.09877503 -223.01782364 -222.98099147 -222.97765835 -222.94021992 -222.93982601 -222.93797621 -222.93004474 -222.92744208 -222.92518999 -222.9243932  -222.92425085 -222.88338147 -222.80696522 -222.79110334 -222.79083393 -222.79037352 -222.68651141 -222.62132131 -222.57982791 -222.56050639 -222.53469255 -222.2665447 -222.26621084 -222.24414065 -221.94811303 -221.94642367 -221.94521034 -221.94485921 -221.94246777 -221.94244513 -221.93898173 -221.93895685 -221.93889434 -221.63324306 -221.62914538 -221.57955877 -221.5795355 -221.56101704 -221.56101662 -221.56100991 -221.47563244 -221.42303826 -221.42301283 -220.41032168] 
20:[-148.21006124 -148.20976868 -148.20620674 -148.20605697 -148.20555046 -148.20514628 -148.20237491 -148.19980215 -148.19791563 -148.19645994 -148.14417635 -148.14339111 -148.14202076 -148.12109362 -148.12094159 -148.07200377 -148.05402198 -147.96311605 -147.96111995 -147.94679503 -147.94678416 -147.94070248 -147.93414317 -147.93344989 -147.93024283 -147.93015503 -147.92906201 -147.92632441 -147.92603096 -147.92571361 -147.92570388 -147.92435435 -147.92282251 -147.92038179 -147.89412817 -147.88852293 -147.88820952 -147.8592412  -147.85703024 -147.85186856 -147.80531107 -147.75444654 -147.7521892  -147.74315319 -147.72518759 -147.72126413 -147.65683806 -147.62871311 -147.60108438 -147.21999151 -147.19359104 -146.9734601  -146.97330764 -146.97320564 -146.96876477 -146.96847725 -145.42453549] 
21:[-93.26243589 -93.26091836 -93.26038588 -93.25921528 -93.25895577 -93.25875326 -93.25874395 -93.25835264 -93.25703151 -93.17532526 -93.13823    -93.12214106 -93.11884087 -93.10760316 -93.0651842 -93.0509114  -92.98478641 -92.9815759  -92.91877922 -92.89056795 -92.89056576 -92.86633761 -92.86246438 -92.83471062 -92.78322068 -92.74301356 -92.65666227 -92.53851845 -92.53840133 -92.52004749 -92.37717992 -92.37717877 -92.37717566 -92.37555301 -92.36784467 -92.34437123 -92.34186584 -92.26762106 -92.20635516 -92.13132991 -91.98364458 -91.78381811 -91.6670469  -91.29057379 -91.24910464 -91.16380323 -91.16379915 -91.16379617 -91.15731309 -91.1567709 -91.15112431 -91.14360143 -91.14357965 -91.13929749 -90.92777746 -90.83117039 -90.83114275] 
22:[-271.17584011 -271.16276167 -271.16141953 -270.92178597 -270.91984301 -270.91970112 -270.91966509 -270.91957317 -270.91954078 -270.91897132 -270.91402995 -270.91396378 -270.91390851 -270.913755   -270.90341868 -270.86121688 -270.77788065 -270.77581366 -270.75345602 -270.74955175 -270.74786268 -270.74083688 -270.74014972 -270.73833587 -270.73777603 -270.73705435 -270.73565303 -270.73449411 -270.71716199 -270.70639779 -270.70127942 -270.68229937 -270.67482336 -270.65620416 -270.63525474 -270.62394892 -270.62347794 -270.60369465 -270.60196304 -270.56424691 -270.54139639 -270.52064175 -270.49710054 -270.48512776 -270.47657652 -270.36747844 -270.33515157 -270.33377069 -270.31734023 -270.28301917 -270.23305399 -270.02327434 -270.02325268 -270.02212715 -270.00523318 -270.00127935 -267.15318039] 
23:[-258.47766132 -258.476481   -258.47588249 -258.47584462 -258.47575757 -258.47496956 -258.47308713 -258.47279787 -258.46547715 -258.45877028 -258.45827564 -258.44389713 -258.27038643 -258.25712513 -258.25600531 -258.23865917 -258.23319858 -258.23019642 -258.17837164 -258.15286929 -258.13732001 -258.099946   -258.09719135 -258.06248393 -258.05618597 -258.03944171 -258.03119872 -258.02494859 -258.02487863 -258.02475223 -258.01826538 -258.01329492 -257.99460525 -257.94351366 -257.8884531 -257.86004443 -257.76785243 -257.76556949 -257.76552142 -257.76210662 -257.76210575 -257.74854494 -257.73490781 -257.73259223 -257.73259039 -257.71230947 -257.70873891 -257.70765724 -257.70716834 -257.70535621 -257.69954838 -257.66176931 -257.32990213 -257.23275506 -257.19916007 -257.19788365 -257.1254383 ] 
24:[-879.14879507 -879.14133637 -879.1399285  -879.13976392 -879.13842636 -879.13697657 -879.03601574 -879.02989414 -878.67605549 -878.67589823 -878.67549738 -878.67541199 -878.66228039 -878.65908835 -878.6589977 -878.65595267 -878.65589104 -878.65549401 -878.65504096 -878.64786048 -878.64785486 -878.61535618 -878.61505302 -878.61387172 -878.57946081 -878.56279858 -878.5242651  -878.42522557 -878.42500801 -878.33828944 -878.30348887 -878.28549977 -878.28514317 -878.28505728 -878.11827258 -877.96648873 -877.95391316 -877.94540675 -877.88765618 -877.88710305 -877.88453547 -877.88426554 -877.88316233 -877.87005856 -877.86784032 -877.86701974 -877.85945452 -877.85876114 -877.84832401 -877.84725729 -877.74384252 -877.72327087 -877.61942522 -877.60867746 -877.46460086 -877.39154318 -876.47703628] 
25:[-862.40137157 -862.40136972 -862.40092452 -862.4008722  -862.40058787 -862.40051167 -862.399225   -862.39833835 -862.38286562 -862.38235638 -862.36912777 -862.32785679 -862.32773781 -862.14449498 -862.14446677 -862.14426517 -862.14369895 -862.1414854  -862.13964544 -862.08118806 -862.06384429 -862.03114209 -862.02971906 -862.02964359 -862.02579347 -862.01539178 -862.0118691  -862.00916918 -861.99628432 -861.99307736 -861.99297677 -861.99252686 -861.94071319 -861.90735271 -861.90426812 -861.90183373 -861.88254453 -861.87450645 -861.8735849  -861.8657594 -861.85719451 -861.82003153 -861.78799842 -861.78754012 -861.78750479 -861.77628776 -861.75249316 -861.74577998 -861.74506607 -861.19760264 -861.18663524 -860.96565051 -860.9653139  -860.96443492 -860.95231478 -860.95067697 -859.05983787] 
26:[-889.10975216 -889.10973868 -889.1035518  -889.10354904 -889.10267472 -889.10195332 -889.09867496 -889.09660063 -889.09634537 -889.09475252 -889.09467537 -889.09452593 -889.08891053 -889.08586797 -889.08581657 -889.08195152 -889.07724632 -889.07218172 -889.07199248 -889.07082144 -889.06628008 -889.06501619 -889.05673152 -889.05546518 -889.05227273 -889.05116366 -889.04829277 -889.04822406 -889.04814971 -889.04783557 -889.04744247 -889.04727626 -889.04702261 -889.04692707 -889.04616931 -889.04555077 -889.04190708 -889.04185308 -889.03900485 -889.03218089 -889.02967208 -889.02695883 -889.01044981 -889.00371405 -889.00190081 -888.99893836 -888.99882669 -888.9036283  -888.90330833 -888.59500591 -888.59467455 -888.5804901  -888.57044275 -888.57029848 -888.57012439 -888.56493897 -888.20934241] 
27:[-177.95721653 -177.94671181 -177.92202794 -177.87051318 -177.75753581 -177.74942457 -177.74597446 -177.7444819  -177.7424207  -177.74209701 -177.74132606 -177.7380302  -177.73614775 -177.73465844 -177.73456808 -177.73448064 -177.73414493 -177.73237701 -177.52715155 -177.4535348 -177.33480717 -177.33480674 -177.24273799 -177.23844877 -177.18575733 -177.18396221 -177.18276952 -177.17853455 -177.17851157 -177.17631185 -177.17549476 -177.17392527 -177.16998708 -177.16614871 -177.16454803 -177.16353238 -177.16342733 -177.16227467 -177.14392432 -177.14339864 -177.13637259 -177.12630635 -177.12575397 -177.10928866 -177.07588921 -177.07574048 -177.04522614 -177.04147779 -177.02067782 -177.01546516 -176.99372417 -176.9516458  -176.90847196 -176.86217772 -176.83063833 -176.61053995 -174.82968697] 
28:[-345.66708372 -345.58282837 -345.57949445 -345.49704572 -345.49669887 -345.40093061 -345.36648124 -345.3662113  -345.3651411  -345.35588711 -345.35417207 -345.35411877 -345.35403331 -345.35206787 -345.34981976 -345.34835834 -345.34826982 -345.34655733 -345.34528358 -345.25051377 -345.24439965 -345.07677767 -345.00622232 -345.00580731 -345.00406068 -344.95092975 -344.94844579 -344.9484133  -344.94838194 -344.9450513 -344.74926891 -344.74483749 -344.58534083 -344.51699058 -344.49106389 -344.11355736 -344.07318815 -344.07277685 -344.02943721 -344.029427 -344.02640871 -343.99248812 -343.85455047 -343.79889417 -343.79762071 -343.35264351 -343.34849605 -343.34492498 -343.33250992 -343.28728482 -343.27344379 -343.27004157 -343.26993221 -343.26851299 -343.24126723 -343.20608971 -342.36938713] 
29:[-269.69056297 -269.69026617 -269.68927934 -269.68899847 -269.62740095 -269.62591935 -269.62317517 -269.62308137 -269.62292003 -269.62101273 -269.61919763 -269.61023422 -269.56851306 -269.56030195 -269.52201063 -269.5220095  -269.52200727 -269.52175397 -269.52174942 -269.51530313 -269.51502834 -269.51461362 -269.50946294 -269.50946092 -269.50945996 -269.49060197 -269.48575248 -269.43241472 -269.42924205 -269.42852609 -269.42614214 -269.38826677 -269.36768491 -269.36231953 -269.36211266 -269.34716432 -269.34337464 -269.34134688 -269.32141685 -269.29806672 -269.2937858  -269.26016351 -269.22883646 -269.22734271 -269.22726383 -269.2271553  -269.17676129 -269.17407468 -268.92584302 -268.8599812 -268.85522776 -268.07193717 -268.07193623 -268.07106076 -268.04252724 -268.00886527 -266.91663255] 
30:[-351.45759748 -351.45704067 -351.45672633 -351.11120403 -350.75521493 -350.68408003 -350.65541637 -350.63567599 -350.60412316 -350.60397339 -350.60394816 -350.60373306 -350.60361036 -350.60352507 -350.60283435 -350.60117195 -350.60104044 -350.60049115 -350.59357967 -350.50595583 -349.86198048 -349.63199302 -349.56900759 -349.52946661 -349.46694252 -349.44686289 -349.38648499 -349.35529414 -349.35021004 -349.34926939 -349.26587695 -349.24573095 -349.20418676 -349.14451745 -349.12839403 -348.76329446 -348.76304788 -348.72656787 -348.71124124 -348.67976377 -348.67975711 -348.67971631 -348.67035091 -348.58889028 -348.58423228 -348.58284777 -348.58072086 -348.57821263 -348.31936313 -348.06724097 -347.80078379 -347.69537128 -347.66065628 -347.63677863 -347.62670878 -347.26047359 -347.25987618] 
31:[-610.94082547 -610.9329445  -610.93286181 -610.93281509 -610.93272457 -610.92812657 -610.92420565 -610.91582329 -610.9154259  -610.90399362 -610.81947185 -610.80378379 -610.80356567 -610.78214283 -610.76467502 -610.75131521 -610.75049316 -610.74449791 -610.7431431  -610.74146241 -610.73620038 -610.73199389 -610.7263872  -610.71239807 -610.71067813 -610.69260285 -610.64532728 -610.63866202 -610.63826893 -610.55100577 -610.53537084 -610.52552043 -610.51047081 -610.50200187 -610.47380005 -610.46462988 -610.46458338 -610.46389541 -610.39242163 -610.36688215 -610.36515567 -610.36223429 -610.35079281 -610.2907543  -610.25864622 -610.16685628 -610.15240138 -610.13321947 -610.13119393 -610.04615777 -609.97952611 -609.9644989  -609.94784759 -609.94771424 -609.94711654 -607.86576612 -606.85694477] 
32:[-103.43576512 -103.43438391 -103.42527178 -103.40316945 -103.40291503 -103.39928875 -103.38063207 -103.3798321  -103.37907288 -103.37904258 -103.37900779 -103.37893097 -103.37839815 -103.37204918 -103.37142024 -103.35149089 -103.34522205 -103.34187674 -103.33880485 -103.33798958 -103.33246379 -103.2941365  -103.28857162 -103.2491243  -103.22899901 -103.19144796 -103.17888847 -103.17517004 -103.15235914 -103.1504105 -103.14938449 -103.14687111 -103.14595297 -103.14534787 -103.14382354 -103.14298919 -103.14050979 -103.14050734 -103.07930028 -103.05489838 -103.05440157 -103.00302874 -102.98277947 -102.93534205 -102.93374855 -102.92028705 -102.91937566 -102.91871902 -102.91782211 -102.90785974 -102.90690438 -102.89403439 -102.87189395 -102.87183134 -102.58000563 -102.57667395 -101.10702877] 
33:[-925.40444052 -925.40375188 -925.21377217 -925.21374547 -925.21374535 -925.21370604 -925.21369994 -925.21368563 -925.21366623 -925.21330067 -925.2126479  -925.21257086 -925.21248449 -925.21226247 -925.21131459 -925.20888131 -925.20701041 -925.20651002 -925.18136628 -925.10980383 -925.10961505 -925.10795542 -925.10686305 -925.10139341 -925.10137345 -925.10054734 -925.09804861 -925.01588169 -925.01318724 -924.96691994 -924.96513354 -924.88301263 -924.87348277 -924.8733677  -924.87318652 -924.8728834  -924.87283586 -924.87227571 -924.87224674 -924.80746146 -924.78352392 -924.60782628 -924.60725264 -924.41930507 -924.16499725 -924.15529983 -924.10829169 -923.90485309 -923.87199274 -923.75837274 -923.64581927 -923.62389561 -923.51355833 -923.42034985 -923.34328729 -923.3396129  -922.73689787] 
34:[-288.40290581 -288.4028955  -288.28404997 -288.25141803 -288.2382827 -288.23715661 -288.23391456 -288.23316195 -288.22852198 -288.22785022 -288.22641951 -288.22636059 -288.22590316 -288.22434867 -288.22421256 -288.22043964 -288.21965649 -288.21857083 -288.21786728 -288.21740674 -288.21590407 -288.21578298 -288.21573826 -288.21527782 -288.20976435 -288.20945635 -288.20939277 -288.20931353 -288.20341435 -288.2017872 -288.19765171 -288.18491652 -288.18431236 -288.17276116 -288.15762413 -288.14950595 -288.11332806 -288.07783412 -288.07473752 -288.05151815 -288.03721522 -288.00546331 -287.93316332 -287.93311504 -287.93100852 -287.92973271 -287.92878179 -287.92876542 -287.92138812 -287.92083423 -287.89430616 -287.86414472 -287.85058422 -287.84963071 -287.83743553 -287.83722752 -285.62923999] 
35:[-919.12014055 -919.10901771 -919.10698559 -919.10685745 -919.09023682 -919.08891287 -919.08538121 -919.08342915 -919.08307061 -919.08306827 -919.08285201 -919.08147852 -919.08103866 -919.08068327 -919.0672445 -919.066976   -919.05802622 -919.05802247 -919.05544841 -918.98105019 -918.9804404  -918.79645101 -918.79586391 -918.79220388 -918.77638427 -918.770246   -918.76932961 -918.76916318 -918.76895045 -918.76474349 -918.63108394 -918.60149242 -918.59998263 -918.5995575  -918.59275484 -918.59274862 -918.59075877 -918.59043691 -918.59014932 -918.50100255 -918.49512731 -918.35133179 -918.05873027 -918.05353162 -918.04656443 -918.03198131 -918.03020344 -918.00925279 -917.95574609 -917.75146857 -917.73337543 -917.70418216 -917.61683671 -917.52817104 -917.47663971 -917.35135459 -917.16419692] 
36:[-832.61931264 -832.61930938 -832.61930382 -832.61925696 -832.6187132 -832.61849599 -832.61170882 -832.60635244 -832.60526243 -832.60317158 -832.60236912 -832.59006485 -832.45585346 -832.36213126 -832.36153272 -832.36032911 -832.35616956 -832.3170612  -832.30107729 -832.2321938 -832.19978842 -832.19971605 -832.19967508 -832.19953435 -832.19953361 -832.1022389  -831.91595222 -831.78894209 -831.74371763 -831.73431477 -831.68675921 -831.62234065 -831.56451611 -831.46834393 -831.32625598 -831.19189682 -831.1908529  -831.15842204 -831.15429277 -831.15421535 -831.15336911 -831.15334544 -831.15331894 -831.15301362 -831.15276732 -831.15188123 -831.14963202 -831.148171   -831.10025101 -831.04106119 -830.94039478 -830.70374823 -830.64294023 -830.44623185 -830.35088375 -830.35085057 -830.32975766] 
37:[-305.97977011 -305.9794268  -305.9791532  -305.97894955 -305.97722228 -305.97721727 -305.97719513 -305.97717163 -305.97629708 -305.97550844 -305.94780812 -305.68685217 -305.51144653 -305.46471321 -305.38918165 -305.24907981 -305.18564396 -305.17504577 -305.17227693 -305.1386965 -305.11757656 -305.10685023 -305.03270766 -305.03091554 -304.97749169 -304.97749085 -304.82851833 -304.81467418 -304.786258   -304.75070536 -304.71197999 -304.7094965  -304.70565554 -304.69672734 -304.69593597 -304.69500951 -304.68956154 -304.59052585 -304.54791971 -304.54629201 -304.53843284 -304.41696528 -304.23953902 -304.20233007 -304.18991633 -304.08942253 -304.08907966 -303.98142583 -303.97882084 -303.97345101 -303.95012827 -303.94997949 -303.94967817 -303.93905762 -303.93903642 -303.93385516 -303.92734295] 
38:[-1297.21920941 -1297.21479431 -1297.20994958 -1297.1979796 -1297.17034863 -1297.15059474 -1297.1361553  -1297.11447297 -1297.10377935 -1297.09839094 -1297.09837829 -1297.09801114 -1297.09716954 -1297.09692138 -1297.07761597 -1297.07434253 -1297.07425757 -1297.0701862  -1297.06928574 -1297.06357502 -1297.04994229 -1297.04082408 -1297.01068032 -1296.97115412 -1296.89728753 -1296.71367347 -1296.70655642 -1296.5560653 -1296.54206862 -1296.54158779 -1296.53535704 -1296.52841176 -1296.51161326 -1296.3311549  -1296.21822887 -1296.21811146 -1296.21585158 -1296.21585148 -1296.2121245  -1296.16407801 -1295.98989554 -1295.97360592 -1295.79473137 -1295.7942149 -1295.79368476 -1295.79324209 -1295.79164408 -1295.78937666 -1295.78743047 -1295.78739549 -1295.78507128 -1295.7834054 -1295.46045818 -1295.45944774 -1295.28637911 -1295.27511749 -1295.22223821] 
39:[-976.07435339 -976.07394852 -976.04652427 -975.87019003 -975.87016788 -975.87014412 -975.87005905 -975.87004637 -975.87003445 -975.86953401 -975.86139932 -975.85956965 -975.85813548 -975.85770629 -975.83720955 -975.81876917 -975.81816813 -975.81747126 -975.80720345 -975.80704009 -975.8068601  -975.80677394 -975.80672103 -975.80560115 -975.8034045 -975.8034012  -975.80338581 -975.80219847 -975.8020163  -975.7989532 -975.79807479 -975.79322957 -975.73117691 -975.70467713 -975.70467418 -975.7046725  -975.70467217 -975.70465771 -975.70447295 -975.70445937 -975.70436523 -975.70267113 -975.7015708  -975.68935257 -975.68919019 -975.6703663  -975.63210996 -975.48224293 -975.40686095 -975.20128497 -974.71455069 -974.71426349 -974.59390443 -974.39407839 -974.29415581 -973.66652934 -973.60898862] 
40:[-1078.60512652 -1078.6039545  -1078.60351006 -1078.60342145 -1078.60069859 -1078.60056171 -1078.60030685 -1078.5987605 -1078.59830864 -1078.59773482 -1078.59416633 -1078.57268333 -1078.56963617 -1078.55957095 -1078.55312946 -1078.54585557 -1078.54383077 -1078.52984549 -1078.52958256 -1078.52224454 -1078.51898368 -1078.51506377 -1078.47769195 -1078.46206203 -1078.45949764 -1078.44978924 -1078.42637531 -1078.42501894 -1078.42031754 -1078.38813513 -1078.23371882 -1078.23328132 -1078.23264849 -1078.13657583 -1078.07765912 -1078.07743569 -1078.07421959 -1078.0740559  -1078.07373506 -1077.95962068 -1077.93574589 -1077.82172839 -1077.70197321 -1077.29415536 -1077.29146839 -1077.29099262 -1077.29014332 -1077.28748375 -1077.28583625 -1077.28339123 -1077.27784114 -1077.27383427 -1077.26531904 -1076.95238813 -1076.90263594 -1076.72963169 -1076.72400231] 
41:[-221.35388951 -221.35208627 -221.35100313 -221.34894173 -221.34887373 -221.34864736 -221.34754458 -221.33648711 -221.33590349 -221.33447768 -221.33438313 -221.27488544 -221.24282701 -221.19861605 -221.17847984 -221.17488194 -221.14127198 -221.11067754 -221.07367804 -221.05771734 -221.05734393 -221.04244421 -221.04196451 -221.03598933 -221.0359891 -221.03577258 -221.03082575 -221.03077264 -221.03030666 -221.02909011 -221.02193866 -221.02183698 -221.00506766 -221.0026535  -221.00255933 -221.00238666 -221.00218516 -220.91202018 -220.88192037 -220.84988318 -220.83029284 -220.82773939 -220.78806264 -220.72752716 -220.71505058 -220.71466448 -220.70019286 -220.67491083 -220.58633847 -220.51720797 -220.51090847 -220.18548798 -220.18344268 -220.18144969 -220.17998174 -220.17533013 -219.061558  ] 
42:[-65.24482706 -65.24230339 -65.23985429 -65.2397686  -65.1124772 -65.04119582 -65.03759357 -65.00757386 -65.0072325  -65.00694486 -65.00594366 -65.00570913 -64.994735   -64.98982814 -64.98897265 -64.85425272 -64.84000618 -64.8382734  -64.83434104 -64.81311345 -64.80129707 -64.79852152 -64.79727053 -64.79541552 -64.79057016 -64.79035825 -64.78926033 -64.76777637 -64.7660588  -64.7616449 -64.75982137 -64.7559474  -64.75466946 -64.74994961 -64.51565575 -64.50125207 -64.49637091 -64.47540068 -64.34552786 -64.31562316 -64.30737727 -63.97054337 -63.92737221 -63.90567122 -63.90461112 -63.90461033 -63.89909223 -63.89787279 -63.89030675 -63.8903065 -63.88786198 -63.88785823 -63.88188504 -63.87600385 -63.69034679 -63.4852007  -63.45943888] 
43:[-832.61931264 -832.61930938 -832.61930382 -832.61925696 -832.6187132 -832.61849599 -832.61170882 -832.60635244 -832.60526243 -832.60317158 -832.60236912 -832.59006485 -832.45585346 -832.36213126 -832.36153272 -832.36032911 -832.35616956 -832.3170612  -832.30107729 -832.2321938 -832.19978842 -832.19971605 -832.19967508 -832.19953435 -832.19953361 -832.1022389  -831.91595222 -831.78894209 -831.74371763 -831.73431477 -831.68675921 -831.62234065 -831.56451611 -831.46834393 -831.32625598 -831.19189682 -831.1908529  -831.15842204 -831.15429277 -831.15421535 -831.15336911 -831.15334544 -831.15331894 -831.15301362 -831.15276732 -831.15188123 -831.14963202 -831.148171   -831.10025101 -831.04106119 -830.94039478 -830.70374823 -830.64294023 -830.44623185 -830.35088375 -830.35085057 -830.32975766] 
44:[-176.53387528 -176.51134331 -176.49994885 -176.49037448 -176.32316092 -176.27417843 -176.1891517  -176.18688791 -176.16696238 -176.1667847 -176.16361415 -176.15756866 -176.14698295 -176.08424753 -176.07920975 -176.0790256  -176.07902354 -176.07852523 -176.07678331 -176.07579594 -176.07560982 -176.0638738  -176.05797677 -176.0578151  -175.99222156 -175.9870373  -175.96947964 -175.94958014 -175.87474984 -175.87445222 -175.87437788 -175.8522385  -175.78390893 -175.55819958 -175.54367105 -175.37588291 -175.33980459 -175.26530337 -175.21258247 -175.21257813 -175.21004123 -175.21002936 -175.20383102 -175.2031947  -175.19495015 -175.19494653 -175.19494428 -175.13803551 -175.06486928 -175.05883129 -175.05882391 -175.05881801 -175.01588059 -175.01586305 -175.01176252 -174.39591472 -174.39589875] 
45:[-88.89384723 -88.85989472 -88.85393086 -88.84469724 -88.84086227 -88.83473351 -88.8325087  -88.82678179 -88.82599974 -88.82488636 -88.82488602 -88.82416227 -88.82309357 -88.8095468  -88.70629938 -88.69642936 -88.69642718 -88.69626204 -88.69441555 -88.69434546 -88.69433704 -88.68955043 -88.68731866 -88.68731747 -88.68533382 -88.6294108  -88.62703885 -88.61877086 -88.59777217 -88.5897409 -88.57624995 -88.54024778 -88.4957402  -88.46184386 -88.42257865 -88.37339882 -88.3730078  -88.3729779  -88.35998191 -88.35240001 -88.34301415 -88.24088579 -88.14740621 -88.14698615 -88.14698569 -88.1467306  -88.14457116 -88.13094437 -88.08815634 -88.067061 -87.97779032 -87.95804119 -87.95804028 -87.9553332  -87.95105526 -87.71591108 -86.14154848] 
46:[-925.40444052 -925.40375188 -925.21377217 -925.21374547 -925.21374535 -925.21370604 -925.21369994 -925.21368563 -925.21366623 -925.21330067 -925.2126479  -925.21257086 -925.21248449 -925.21226247 -925.21131459 -925.20888131 -925.20701041 -925.20651002 -925.18136628 -925.10980383 -925.10961505 -925.10795542 -925.10686305 -925.10139341 -925.10137345 -925.10054734 -925.09804861 -925.01588169 -925.01318724 -924.96691994 -924.96513354 -924.88301263 -924.87348277 -924.8733677  -924.87318652 -924.8728834  -924.87283586 -924.87227571 -924.87224674 -924.80746146 -924.78352392 -924.60782628 -924.60725264 -924.41930507 -924.16499725 -924.15529983 -924.10829169 -923.90485309 -923.87199274 -923.75837274 -923.64581927 -923.62389561 -923.51355833 -923.42034985 -923.34328729 -923.3396129  -922.73689787] 
47:[-189.39345493 -189.26030126 -189.16470079 -189.1401136  -189.1310397 -189.11494661 -189.10828822 -189.08689501 -189.07667151 -189.06590505 -189.04536949 -189.04457955 -189.04375264 -189.0436507  -189.04327105 -189.04267457 -189.04196676 -189.04095135 -189.03544788 -189.00003351 -188.91752471 -188.90753223 -188.90744738 -188.87687331 -188.75354919 -188.58851375 -188.30496669 -188.2730456  -188.21169005 -188.17578463 -188.16772417 -188.16668977 -188.16649947 -188.0467042  -187.73588784 -187.65149102 -187.30191679 -187.30190758 -187.30190211 -187.29247268 -187.28907233 -187.28901595 -187.22165125 -186.92236715 -186.92217631 -186.92121366 -186.92009268 -186.91947037 -186.91946062 -186.91944966 -186.91899211 -186.9182809  -186.9182425  -186.62781874 -186.62460577 -186.61561746 -186.61552866] 
48:[-228.64860998 -228.64775571 -228.6395365  -228.45665825 -228.4565704 -228.45634003 -228.45632086 -228.45599043 -228.45596443 -228.45529515 -228.45523202 -228.45522833 -228.45503999 -228.45419463 -228.42497028 -228.42344206 -228.40486659 -228.39802945 -228.38162995 -228.37231624 -228.31673518 -228.31637905 -228.31635776 -228.31634524 -228.31618355 -228.31280451 -228.28467608 -228.28452872 -228.28450259 -228.28128459 -228.27355509 -228.26953618 -228.26854003 -228.2656012  -228.24313512 -228.24313147 -228.24313145 -228.24287744 -228.24287106 -228.24285464 -228.24284055 -228.2428058  -228.24280322 -228.2427532  -227.87468312 -227.75620395 -227.75546329 -227.41242617 -227.34118061 -227.1733642 -227.14854193 -227.10659603 -227.07129616 -227.01733884 -226.99027394 -226.82457454 -226.74873866] 
49:[-112.91670198 -112.91475742 -112.91475725 -112.91472927 -112.90685572 -112.89930445 -112.89296854 -112.50355447 -112.5009877  -112.50026317 -112.29747783 -112.28007959 -112.27997842 -112.23758987 -112.2343969 -111.81402712 -111.81119266 -111.81095148 -111.80994588 -111.8099443 -111.80884709 -111.80597856 -111.80517789 -111.80426892 -111.79943046 -111.75595312 -111.73613887 -111.73584829 -111.7279117  -111.49922967 -111.4458025  -111.44123623 -111.43773097 -111.35964254 -111.34851569 -111.20889884 -110.92089867 -110.88306117 -110.6762237  -110.67492522 -110.67378179 -110.67217678 -110.64849132 -110.50414169 -110.38982842 -110.28862155 -110.26784902 -110.26783108 -110.26781409 -110.26319155 -110.26313497 -110.22987215 -109.9002872  -109.90026873 -109.86100277 -109.70826357 -109.37651272] 
50:[-206.25411196 -206.21971185 -206.20146931 -205.9313853  -205.92101037 -205.9052345  -205.88031067 -205.88028854 -205.87993046 -205.87348764 -205.87324331 -205.87318109 -205.87310096 -205.87128944 -205.85987762 -205.84782542 -205.84184382 -205.83690643 -205.66826419 -205.47821471 -205.14895148 -205.14227835 -205.06110363 -204.62114274 -204.61894436 -204.61802689 -204.61802454 -204.61781207 -204.61702913 -204.61686453 -204.61260129 -204.58891363 -204.48368698 -204.44940428 -204.44429767 -204.42289126 -204.42284769 -204.42265655 -204.41582076 -204.41425071 -204.35853251 -204.29926993 -204.28609165 -204.19423569 -203.74014227 -203.65968241 -203.5703156  -203.57028618 -203.57028043 -203.55904391 -203.51163337 -203.51160874 -203.45991841 -203.24261001 -203.13400801 -202.95706656 -202.9570645 ] 
51:[-199.51362619 -199.50934467 -199.50509246 -199.50444513 -199.5018 -199.49860788 -199.4967499  -199.49603809 -199.49328113 -199.4848464 -199.46784672 -199.46693554 -199.46069794 -199.45733058 -199.45141139 -199.43057612 -199.4255246  -199.4044998  -199.39558234 -199.38581301 -199.3834837  -199.38336042 -199.38046334 -199.37974267 -199.37846622 -199.37845768 -199.36668282 -199.36665572 -199.35388148 -199.31305857 -199.31233563 -199.30007163 -199.2804351  -199.27334374 -199.26837059 -199.26797403 -199.26706709 -199.2567877  -199.25677577 -199.2567747 -199.24268685 -199.24266392 -199.23773943 -199.23536873 -199.23378705 -199.23321246 -199.23320002 -199.1819112  -199.1803714  -199.16680734 -199.05917611 -198.89293022 -198.87968267 -198.84816928 -198.84815957 -198.81180883 -197.67175379] 
52:[-167.87410855 -167.83760225 -167.61484519 -167.59370686 -167.56214845 -167.56128156 -167.55905734 -167.54410564 -167.54154314 -167.5194072 -167.47689107 -167.4220538  -167.37447885 -167.37221071 -167.37221016 -167.36902437 -167.36874423 -167.36796548 -167.36736954 -167.36586627 -167.33341284 -167.33332909 -167.30550467 -167.3054721  -167.22212432 -167.17971978 -166.93393744 -166.93354162 -166.93353241 -166.82856953 -166.7841909  -166.73876328 -166.6179735  -166.55583079 -166.46319577 -166.3790206  -165.9141145  -165.91410878 -165.91410133 -165.89821249 -165.83623837 -165.83621146 -165.77517801 -165.77246466 -165.77245263 -165.77128675 -165.77128196 -165.77127977 -165.77010777 -165.76899397 -165.76828205 -165.76475848 -165.75618987 -165.74724122 -165.67496128 -165.31215888 -165.31212843] 
53:[-108.09618731 -108.09189082 -107.99401906 -107.99060317 -107.98999601 -107.98933163 -107.97639768 -107.96246341 -107.89228432 -107.88248808 -107.88088394 -107.83288476 -107.80243839 -107.79500059 -107.79388111 -107.78116338 -107.77793498 -107.77702537 -107.77634924 -107.74831565 -107.74259938 -107.74037919 -107.73766926 -107.73670524 -107.73432018 -107.73428561 -107.73266235 -107.72967124 -107.72608508 -107.72343441 -107.71794021 -107.71361799 -107.71349628 -107.7103578  -107.70307014 -107.6994169  -107.69440214 -107.69326774 -107.67204132 -107.66637873 -107.66385126 -107.66211849 -107.60274824 -107.52843956 -107.51721963 -107.50986613 -107.42270055 -107.42133046 -107.41674722 -107.41214893 -107.41070207 -107.41041562 -107.41037621 -107.41036529 -107.4102946 -107.25178192 -107.25176482] 
54:[-851.05214045 -851.05213129 -851.01636538 -851.01521959 -851.01464646 -851.01162241 -851.01140825 -850.81563052 -850.81542252 -850.78247826 -850.78246279 -850.78182526 -850.78139216 -850.7811659  -850.78115432 -850.78091686 -850.76779002 -850.76735016 -850.76594838 -850.76309836 -850.76300811 -850.76231171 -850.7424462  -850.7374169  -850.71013676 -850.4783835  -850.37016633 -850.35163812 -850.31346739 -850.23466592 -850.23423341 -850.23418477 -850.19542361 -850.19398092 -850.18930364 -850.1877066  -850.18439704 -850.13796354 -850.1040976  -850.09094218 -850.07681132 -850.04430814 -850.03947253 -849.91170674 -849.89312968 -849.88016311 -849.85966949 -849.85497304 -849.79357797 -849.78441628 -849.75870118 -849.75791455 -849.7477236  -849.74761826 -849.74744747 -849.53343182 -848.3869894 ] 
55:[-575.94643027 -575.93427825 -575.9336502  -575.93141892 -575.93046855 -575.93038126 -575.92636911 -575.92569347 -575.92387592 -575.92197485 -575.92151063 -575.91795392 -575.91586721 -575.91357268 -575.90886583 -575.90478277 -575.9043275  -575.90172272 -575.88309797 -575.87549196 -575.87545419 -575.86962633 -575.86957812 -575.86807955 -575.86787064 -575.86675755 -575.86321136 -575.86171575 -575.85574294 -575.85552087 -575.8545561  -575.79858633 -575.76279978 -575.73478676 -575.71553392 -575.69683433 -575.68405737 -575.67447346 -575.52681448 -575.51316479 -575.4255044  -575.41762215 -575.34421514 -575.30924388 -575.30918394 -575.2684333  -575.24224858 -575.17187088 -575.1678669  -575.15750867 -575.13795983 -574.88811997 -574.88466702 -574.88461981 -574.88448387 -574.87341692 -572.10491738] 
56:[-279.57530963 -279.57528254 -279.57528045 -279.57523707 -279.57511676 -279.57494811 -279.57491415 -279.57439804 -279.57219723 -279.57209482 -279.57140661 -279.53122356 -279.5311207  -279.52643617 -279.52643087 -279.40516259 -279.40500024 -279.40371374 -279.28884283 -279.28881145 -279.28853326 -279.2884455  -279.26129006 -279.26124879 -279.26124849 -279.26118588 -279.26115786 -279.26109305 -279.26108636 -279.26089498 -279.2604545  -279.25335547 -279.25049821 -279.25041772 -279.24192198 -279.22876933 -279.22751698 -279.14494203 -279.12155117 -279.01468435 -279.00186486 -279.00185896 -279.00184547 -279.00184491 -279.00183885 -279.00181925 -279.00180055 -279.00162006 -278.99813327 -278.9543452 -278.92864452 -278.62321742 -278.51416362 -277.83096144 -277.83080207 -277.48618446 -277.12218854] 
RANKING VECTORS IDX
0:[ 0.  7. 42. 29. 17. 38. 16. 28.  9. 19. 44.  5. 32. 43. 48. 46. 23. 51. 45. 37. 56.  6. 30. 39.  3. 21. 40. 11. 36. 41. 55.  1.  4. 26. 33. 47. 52. 10. 20. 35. 24. 12. 31.  8.  2. 25. 54. 14. 34. 27. 18. 49. 53. 50. 15. 13. 22.] 
1:[55. 11. 36. 23.  1. 41. 26.  3. 21. 40.  5. 45. 43.  4. 42. 17.  0. 49. 52. 10. 29.  7. 39. 30. 38.  9. 46. 51. 56.  6. 48. 28. 37. 53. 44. 33. 16. 32. 19. 50. 25. 47. 18. 54.  8. 12. 35. 27. 31. 34. 14. 20. 24.  2. 13. 22. 15.] 
2:[41.  8. 13. 22. 31. 54. 55.  2. 25. 20. 35. 24. 21. 14. 12. 29. 42.  7. 23. 43. 36.  3. 40. 26.  4. 11. 17. 32.  0.  6. 19. 52. 16. 10. 38. 47.  1. 15. 33. 39. 50. 34. 27.  9. 30. 45. 49.  5. 44. 18. 28. 48. 37. 46. 51. 56. 53.] 
3:[21.  1. 40. 11. 36. 41.  3.  4. 45. 23. 43. 26. 42.  9. 39. 30. 55.  0. 50. 33. 37. 51. 48. 56. 46.  5. 32. 19. 10. 28. 16.  7. 17. 52. 53. 34. 27. 29. 31. 20.  2. 24. 14. 35. 25.  8.  6. 54. 12. 44. 38. 47. 15. 18. 13. 22. 49.] 
4:[42.  7. 19. 17.  6. 29. 38. 36.  3. 26.  4. 45. 41. 11.  1. 40. 23. 43. 16. 52. 10. 15. 47. 21. 55. 49. 50. 22. 13. 32. 18. 44. 14. 31. 20. 24. 35. 54.  8.  2. 12. 25. 28.  5. 33.  9. 39. 30.  0. 27. 34. 48. 46. 51. 37. 56. 53.] 
5:[ 5. 44. 31. 25. 55.  2. 20. 24. 35. 14. 12. 54.  8.  1. 41. 21. 40.  6. 36. 50. 18. 42. 38. 49. 17. 29. 33. 32. 28.  7.  9. 39. 30. 23. 43. 45.  3. 26. 11.  4. 37. 56.  0. 48. 51. 46. 16. 27. 34. 19. 13. 22. 52. 10. 47. 15. 53.] 
6:[ 6. 29. 38. 42. 44. 47. 49. 50. 19. 16. 52. 18. 28. 43. 10. 11.  4.  3. 45. 26. 41. 23. 53. 40. 21. 36.  1. 55. 15.  5.  0. 32.  7. 17. 33. 30.  9. 39. 48. 46. 51. 37. 56. 35. 14. 20.  2. 31. 24. 25. 54.  8. 12. 22. 13. 34. 27.] 
7:[35. 25. 55.  8.  2. 20. 54. 42. 24. 14. 31. 17.  7. 32. 41.  6. 36. 40.  3. 23. 19. 21.  4.  0. 26. 16.  1. 38. 28. 11. 29. 45. 43. 12. 47. 52. 18. 49. 15.  5. 10. 44. 50. 22. 13. 33.  9. 30. 39. 34. 51. 48. 46. 37. 27. 56. 53.] 
8:[38. 29. 40. 36. 21.  1. 26. 16. 11. 43.  4. 41.  3. 19. 45. 31.  2.  8. 20. 24. 35. 14. 32. 23. 55. 25. 54.  7. 17. 42.  0. 13. 22. 10. 52. 18. 44. 47.  6. 15. 12. 50. 28.  5. 33. 49. 30.  9. 39. 34. 27. 37. 56. 51. 48. 46. 53.] 
9:[ 9. 19. 10. 50.  0. 29.  6. 38.  7.  4. 23. 49. 43. 47. 45. 18.  5. 42.  3. 52. 41. 21. 40. 36.  1. 11. 17. 26. 30. 39. 15. 44. 16. 12. 28. 33. 32. 31. 20.  8. 54. 14. 24. 55. 25.  2. 35. 27. 34. 22. 13. 53. 37. 56. 51. 48. 46.] 
10:[10. 16. 19. 28. 36. 26. 11.  4.  1. 40. 21. 41. 55.  3. 23. 45. 17. 50.  0.  6. 52. 29. 38.  7. 44. 47. 42. 32.  5. 15. 30.  9. 43. 39. 53. 33. 13. 22. 37. 56. 51. 48. 46. 18. 49. 27. 34.  2. 20.  8. 25. 24. 31. 35. 12. 54. 14.] 
11:[44. 41.  4.  1. 55.  3. 16. 11. 26. 23. 43. 40. 21. 36. 18. 29. 38. 17.  0.  5.  7. 28. 19.  9. 48. 39. 46. 45. 30. 37. 51. 56.  6. 50. 49. 10. 33. 42. 52. 47. 53. 32. 34. 27.  8. 54. 25. 31. 14. 12. 20. 24. 35.  2. 15. 22. 13.] 
12:[36. 41.  4.  1. 11. 26. 12. 40. 21. 31.  3. 45. 23. 43. 29.  6.  7. 38. 42. 44. 10.  5. 18. 49. 50. 17.  9. 39. 30. 13. 22. 32.  0.  8. 14. 55.  2. 20. 25. 24. 54. 35. 28. 19. 47. 16. 52. 15. 34. 27. 33. 56. 48. 46. 37. 51. 53.] 
13:[14. 55. 20. 35. 24. 25.  8. 54. 31. 22.  2. 19. 13. 32. 23. 40. 26. 36.  4. 11.  1.  7.  3.  0. 42. 43. 38. 29.  6. 33. 16. 17. 44. 52. 10. 30.  9. 39. 47. 21. 41. 45. 50. 28. 15. 34.  5. 18. 27. 49. 51. 56. 48. 46. 37. 12. 53.] 
14:[41. 54.  8. 20. 24. 35. 25. 21. 31.  7. 17. 55. 12. 14.  2. 32. 16. 40. 36.  3. 26. 11.  1.  4. 33. 19. 23. 43.  0. 28. 38. 42. 29.  6. 18. 13. 22.  5. 44. 52. 47. 51. 48. 45. 56. 46. 37. 30. 10.  9. 39. 34. 27. 15. 50. 49. 53.] 
15:[29. 38. 44. 15. 42. 52. 10. 47. 23. 43. 19.  3. 41.  1. 11. 36. 26. 40. 21.  4. 16. 28. 45. 50. 18.  0. 55. 32.  6.  7. 17.  5. 49.  9. 39. 30. 53. 33. 25. 54.  2. 20. 24. 35.  8. 14. 31. 12. 37. 56. 48. 46. 51. 22. 13. 34. 27.] 
16:[28. 16. 43. 19. 45.  3. 41. 11. 26.  4.  1. 40. 21. 36. 55. 23.  0. 50. 18. 49. 29. 17. 42. 38.  7.  6. 10.  5. 44. 52. 37. 46. 51. 56. 30.  9. 39. 48. 47. 32. 33. 53. 15. 27. 34. 25.  8. 54. 31. 14. 20. 24. 35. 12.  2. 13. 22.] 
17:[29. 18. 42. 38. 17.  7. 41.  8. 21. 31. 54.  2. 20. 24. 35. 14. 25. 55. 12. 44.  5. 32. 28. 33. 23.  0. 45. 16. 26. 11.  3.  4. 40. 36.  1. 19. 39. 30.  9.  6. 43. 47. 10. 52. 22. 13. 49. 50. 15. 51. 48. 46. 37. 56. 27. 34. 53.] 
18:[18. 49. 50. 38.  6. 23.  5. 44. 29. 42. 17. 10. 47.  0. 36. 26. 21. 40. 11.  1. 41. 16.  3. 12. 28. 45. 52. 43.  9. 39. 19. 30.  7. 53. 51. 48. 46. 33. 37. 56. 55.  2. 25. 20. 24. 35. 14. 32. 31.  8. 54. 15. 34. 27.  4. 22. 13.] 
19:[29.  6. 38. 19. 17. 44. 47. 42. 10. 52. 15.  3. 16. 43. 28. 23. 36. 40. 41. 21. 11.  1. 26.  4.  0. 32.  9. 39. 30.  7.  5. 55. 53. 49. 50. 33. 18.  2. 14. 12. 54.  8. 31. 20. 35. 24. 34. 27. 37. 56. 51. 48. 46. 45. 22. 13. 25.] 
20:[55. 25.  2. 20. 24. 35. 14. 54. 31.  8. 42. 17.  7. 22. 13. 33. 32. 23. 43.  9. 30. 39. 19. 41. 45. 36.  3.  4.  1. 40. 21. 11. 26. 16. 28.  6.  0. 38.  5. 29. 44. 52. 10. 12. 47. 49. 50. 18. 15. 27. 34. 51. 48. 46. 37. 56. 53.] 
21:[11. 55.  1.  4. 36. 26. 41. 21. 40.  3. 16. 45. 43. 23. 28. 29.  0. 19.  6. 38. 42. 17. 50. 18. 10. 44. 49. 39. 30.  9. 51. 48. 46. 37. 56.  5. 47. 33. 52. 32. 53.  7. 15. 34. 27. 20. 24. 35. 14. 12. 54. 25.  2.  8. 31. 22. 13.] 
22:[32. 22. 13. 41. 31.  8. 20. 35. 24. 54. 55.  2. 25. 14. 12. 21. 43. 23.  3. 45. 49.  6. 36.  4. 40. 11. 26.  1. 16. 38. 29.  7. 17. 33. 44.  5. 19. 27. 34. 42. 28. 10. 52.  9. 47. 18. 30. 39.  0. 15. 50. 48. 46. 37. 51. 56. 53.] 
23:[ 1. 36. 21. 40. 26. 11. 41.  4. 45. 23. 43.  3. 16. 29. 38.  7. 17. 42.  0. 19. 28.  6. 50. 32. 55. 18. 33.  9. 30. 39. 47. 15.  5. 44. 10. 52. 54. 24. 14. 25.  2. 12. 31. 20. 35.  8. 51. 46. 37. 48. 56. 49. 27. 34. 22. 13. 53.] 
24:[38.  5. 42. 29. 17. 44. 50. 18. 55. 20.  2. 24. 11. 35. 14. 31.  8. 25. 54.  1. 12. 41. 21. 40.  6. 36. 49. 33.  3. 32.  7. 30.  9. 39. 28. 45. 43. 23. 48. 46. 37. 51. 56. 26.  4. 34. 27. 13. 16. 22.  0. 19. 52. 10. 47. 15. 53.] 
25:[ 8. 31. 25. 55.  2. 20. 24. 54. 35. 14. 12. 41. 21. 42. 17. 38.  7. 18. 29. 32. 43. 26. 11.  4. 16.  1.  6. 45.  0. 36. 40.  3. 23. 10. 33. 52. 13.  5. 44. 22. 50. 47. 30. 39.  9. 15. 19. 49. 28. 34. 27. 51. 48. 46. 37. 56. 53.] 
26:[42. 38.  3. 36. 29. 45. 26. 23.  1.  4. 43. 16. 11. 40. 21. 28. 32. 55.  0. 41. 17.  7.  6. 19. 10. 14. 24. 35. 20. 52. 31.  8. 25. 50.  2. 54. 18. 44. 47. 33. 12. 49.  5. 39. 15.  9. 30. 22. 13. 37. 56. 27. 51. 48. 46. 34. 53.] 
27:[27. 34.  9.  5. 14. 12. 31. 55.  2.  8. 20. 25.  7. 35. 54. 24. 41. 17.  0. 45. 22. 13. 50. 49. 39. 36. 16. 48. 46. 37. 21. 56. 40. 26. 11.  1.  4. 30. 51. 28. 38.  3. 29. 32. 18. 42. 23. 43. 19. 44.  6. 10. 47. 52. 33. 15. 53.] 
28:[28.  5. 52. 29.  7. 10. 23. 43. 45. 41.  4. 26. 36. 21.  1.  3. 55. 11. 40.  0. 16. 19. 39. 30.  9. 56. 51. 48. 46. 37. 53. 44. 47. 33. 32. 15. 27. 34. 38. 42.  6. 18. 17. 22. 13. 12. 31.  8. 50. 54. 14. 24. 25. 35.  2. 49. 20.] 
29:[42. 38. 29. 17.  1. 26. 40. 21. 41. 36. 11.  6. 44.  3. 25.  2. 55. 31.  8. 14. 54. 12. 20. 24. 35.  5. 45. 22. 23. 13. 43. 49. 28. 52. 16. 18. 50. 10.  0. 15.  7. 19. 47.  9. 30. 39.  4. 32. 33. 27. 34. 48. 46. 37. 56. 51. 53.] 
30:[39.  9. 30. 10. 53. 49. 50. 18.  1. 40. 41.  3. 21. 36. 11. 45. 23. 43. 26.  0.  5.  7. 47. 15. 52. 16. 28. 38. 17. 42. 29. 44. 32. 19.  6.  2. 25.  8. 55. 24. 35. 14. 54. 37. 51. 56. 48. 46. 33. 20.  4. 31. 12. 27. 34. 22. 13.] 
31:[14. 55. 20. 35. 24. 25.  8. 54. 31. 22.  2. 19. 13. 32. 23. 40. 26. 36.  4. 11.  1.  7.  3.  0. 42. 43. 38. 29.  6. 33. 16. 17. 44. 52. 10. 30.  9. 39. 47. 21. 41. 45. 50. 28. 15. 34.  5. 18. 27. 49. 51. 56. 48. 46. 37. 12. 53.] 
32:[23. 43. 33. 41. 55. 32. 11. 26.  4. 36.  1. 40. 21. 16.  3. 42. 17. 29. 38.  7.  6. 19. 44.  5. 18. 10.  0. 52.  2. 54. 31. 25. 14.  8. 20. 12. 24. 35. 47. 50. 28. 15. 49. 37. 56. 45. 51. 48. 46. 30. 39.  9. 22. 13. 34. 27. 53.] 
33:[ 3. 33. 20. 35. 24.  1. 25. 31. 14. 11. 41. 21. 40. 36.  8.  2. 54. 55. 12. 39.  0. 30.  9.  7. 17. 29. 42. 44.  5. 34. 27. 32. 37. 45. 43. 51. 48. 56. 46. 49. 23. 13. 22. 28. 26.  4. 16. 47. 52. 19. 15. 38. 50. 10.  6. 18. 53.] 
34:[22. 13.  6. 42. 43. 32. 29. 38. 36.  3.  9. 16. 27. 31.  8. 54. 14. 11.  4.  1. 55.  2. 25. 21. 20. 26. 35. 24. 41. 34. 40. 19. 23. 12. 17.  7. 33. 10. 47. 52.  5. 44. 37. 56. 50. 18. 48. 46. 51. 28. 15. 45. 30. 39.  0. 49. 53.] 
35:[ 5. 44. 41. 21. 11. 40. 36. 31. 20. 55. 25. 24.  2. 35. 14. 54. 12.  1.  8.  3. 33. 30.  9. 39. 29. 42. 18. 17. 38.  7. 32. 23. 43. 45. 46. 48. 37. 51. 56. 34. 27. 28.  0. 26.  4. 22. 13. 16.  6. 50. 49. 52. 47. 19. 10. 15. 53.] 
36:[21.  1. 40. 11. 36. 41.  3.  4. 45. 23. 43. 26. 42.  9. 39. 30. 55.  0. 50. 33. 37. 51. 48. 56. 46.  5. 32. 19. 10. 28. 16.  7. 17. 52. 53. 34. 27. 29. 31. 20.  2. 24. 14. 35. 25.  8.  6. 54. 12. 44. 38. 47. 15. 18. 13. 22. 49.] 
37:[ 9. 30. 45. 56. 51. 23. 48. 46. 43. 37. 39.  3.  5.  7. 33. 28. 41. 21.  1. 55. 27. 34.  6.  0. 38. 42. 18. 50. 44. 16. 49. 19. 11. 36. 40.  4. 26. 10. 53. 47. 32. 52. 17. 29. 15. 22. 13. 31.  8. 12. 20. 24. 35. 14. 54. 25.  2.] 
38:[29. 38. 17.  6. 42. 47. 52. 21. 11. 36.  1. 41.  4. 40. 19. 26. 44. 16. 23. 45. 10. 28.  3. 43.  0. 15. 53. 32.  9. 30. 39. 55.  5.  7. 48. 46. 51. 37. 56. 33. 18. 49. 14. 24. 20. 31. 25. 35. 54. 12.  8.  2. 22. 13. 34. 27. 50.] 
39:[16. 33.  3. 48. 51. 23. 56. 45. 46. 37. 43. 30. 39. 50.  0. 44.  5.  6. 41. 21. 40. 11.  1. 36. 17. 29. 38.  4.  7. 18. 42. 55. 26.  8. 25. 35. 24. 54. 12.  2. 31. 14. 20. 34. 27.  9. 32. 19. 28. 52. 13. 22. 10. 53. 49. 15. 47.] 
40:[ 3. 36.  1. 16. 40. 11.  4. 26. 41. 21. 55.  6. 23. 28. 45. 43. 47. 38. 42. 17. 29. 52. 53. 19. 49. 18. 10. 50.  0. 44. 30.  9. 39.  5. 48. 46. 37. 51. 56. 33. 15. 32.  7. 12. 14. 31. 20.  2. 25. 24. 54. 35.  8. 34. 27. 13. 22.] 
41:[ 1. 26. 41. 21. 40. 11. 36. 29. 17. 42. 38. 16.  6.  3.  5. 28. 19. 44. 45. 23. 43. 24. 54. 25.  2. 35. 55. 20. 14. 32. 12.  8.  7.  9. 30. 39. 31.  0. 15. 52. 10. 33. 47.  4. 22. 13. 18. 50. 49. 27. 34. 51. 48. 37. 46. 56. 53.] 
42:[29. 17. 42. 38.  6. 51. 48. 46. 37.  9. 39. 30. 56. 45. 18. 28. 49. 19. 16. 33. 26. 11.  4.  1. 36. 40.  5. 44. 55. 41. 23.  3. 21. 43. 32. 50.  0. 47. 52. 10.  7. 15. 34. 14. 31.  8. 27. 54. 24. 35. 25.  2. 12. 20. 53. 13. 22.] 
43:[21.  1. 40. 11. 36. 41.  3.  4. 45. 23. 43. 26. 42.  9. 39. 30. 55.  0. 50. 33. 37. 51. 48. 56. 46.  5. 32. 19. 10. 28. 16.  7. 17. 52. 53. 34. 27. 29. 31. 20.  2. 24. 14. 35. 25.  8.  6. 54. 12. 44. 38. 47. 15. 18. 13. 22. 49.] 
44:[44. 49. 18. 50. 52. 10. 38. 29. 47. 17.  7. 42. 16.  6. 41. 21. 40. 26.  1. 11. 36.  3. 55. 28. 23. 45. 43. 19.  9. 39. 30. 32.  0.  5. 15. 53.  4. 33. 31.  8. 25.  2. 54. 14. 20. 24. 35. 12. 34. 51. 48. 46. 37. 56. 27. 22. 13.] 
45:[ 5. 45.  3.  1. 11. 21. 40. 41. 23. 55.  4. 26. 43. 36.  6. 25.  2. 24. 14. 31.  8. 54. 20. 35. 12. 16. 38. 29. 28. 10. 47. 44. 32. 18. 49. 30. 39.  9.  7. 17. 42. 19. 15. 13. 22. 52. 50.  0. 34. 27. 51. 48. 46. 37. 56. 33. 53.] 
46:[ 3. 33. 20. 35. 24.  1. 25. 31. 14. 11. 41. 21. 40. 36.  8.  2. 54. 55. 12. 39.  0. 30.  9.  7. 17. 29. 42. 44.  5. 34. 27. 32. 37. 45. 43. 51. 48. 56. 46. 49. 23. 13. 22. 28. 26.  4. 16. 47. 52. 19. 15. 38. 50. 10.  6. 18. 53.] 
47:[47. 52. 16. 19.  6. 29. 38. 42. 17. 10. 26.  4. 36. 21.  1. 44. 11. 40. 41.  3. 28. 23. 43. 45.  0. 53. 15. 49. 32. 55.  9. 39. 30.  5.  7. 33. 48. 51. 46. 50. 37. 56. 18. 25.  2. 54. 14. 20. 35. 24. 12.  8. 31. 27. 34. 22. 13.] 
48:[16. 33.  3. 30. 39. 37. 43. 56. 45. 51. 23. 48. 46.  0. 27. 34. 19.  9. 44.  5.  7. 38. 42. 17. 18. 29. 11. 55.  1. 41. 21. 36. 40. 32. 20. 24. 35. 54. 14. 25.  2. 31.  8. 12. 28. 22. 13. 26.  4. 47.  6. 52. 10. 50. 49. 15. 53.] 
49:[49. 38. 42. 18.  7. 50. 17. 44. 23. 45.  9. 29.  3.  6. 10. 54. 41. 31. 40. 21.  1. 36.  4. 11. 12.  8. 20. 35.  2.  5. 39.  0. 30. 34. 27. 19. 43. 52. 24. 25. 47. 14. 55. 16. 28. 33. 48. 46. 51. 37. 56. 15. 13. 22. 32. 26. 53.] 
50:[49. 50. 18. 45.  4. 12. 20. 35. 24.  8.  2. 25. 54. 29. 31. 10.  6. 17. 14.  0. 38.  7. 44. 36. 41. 21. 40.  1. 26. 11. 55. 16. 19.  3. 47. 30.  9. 39. 28. 52. 15. 23. 43. 32. 53.  5. 51. 48. 46. 33. 37. 56. 42. 34. 27. 13. 22.] 
51:[36.  3.  6. 40. 26.  1.  4. 19. 11. 43. 29. 38. 23. 16. 32. 44.  5. 33. 51.  9. 30. 39. 45. 55. 48. 46. 37. 56. 28. 47. 52. 17. 42. 10.  7. 18. 49. 20. 35. 24. 31.  8. 54. 12. 14. 25.  2. 21. 41. 50. 15. 34. 27. 22. 13.  0. 53.] 
52:[47. 52. 10.  6. 29. 44. 38. 42. 17. 16. 19.  3. 36. 40. 21. 11. 26.  4. 41.  1. 45. 28. 23. 43.  0. 55.  9. 39. 30. 53. 32. 15.  7.  5. 18. 33. 51. 48. 46. 50. 37. 56. 54. 25.  2. 20. 24. 35.  8. 12. 14. 31. 34. 27. 49. 22. 13.] 
53:[32. 53. 29. 38.  7.  3. 50. 49. 18. 17.  5. 44.  0.  9. 39.  6. 47. 26. 19. 43. 28. 45. 41. 30. 21. 40.  1. 11. 37. 55. 23. 56. 48.  4. 33. 16. 36. 10. 15. 46. 51. 52. 42. 12. 34. 27. 14. 31. 25. 54.  8. 20. 24. 35.  2. 13. 22.] 
54:[38. 42. 29.  7. 17. 44.  5. 41. 21.  2. 55. 20.  1. 12. 36. 24. 14. 35. 54. 31.  8. 25. 49. 50. 18. 32. 28. 33.  6. 30.  9. 39. 40. 11. 26.  4. 16. 22. 13.  0. 19. 52. 10. 15. 43. 45. 23.  3. 27. 34. 37. 56. 48. 51. 46. 47. 53.] 
55:[32. 26. 23.  6. 40. 21. 38. 11.  4.  1. 29. 36.  3. 45.  7. 43. 42. 41. 55. 24. 35.  2. 25. 54. 20.  8. 31. 12. 22. 13. 14. 33. 47. 16. 52. 17.  0. 10. 44. 15. 19. 18.  5. 30. 39. 28. 50. 49. 27.  9. 34. 56. 48. 46. 37. 51. 53.] 
56:[37. 39. 45. 43. 48. 56. 46. 51. 30. 50. 23.  3. 49. 33. 16. 44.  5.  6.  7. 42. 18. 38.  1. 11. 41. 21. 40.  4. 36. 55. 26. 32. 27. 34. 29. 17.  9. 19. 28.  0. 20. 35. 25.  8. 54. 31. 14.  2. 12. 24. 52. 10. 53. 22. 13. 47. 15.] 
POSCARS
EA106   4.663  3.763  2.732 89.99 89.90 112.24 Sym.group:  166
1.0
   4.6628059999999998   -0.0151620000000000   -0.0081960000000000
  -1.4129769999999999    3.4880059999999999    0.0017240000000000
   0.0096680000000000    0.0031580000000000    2.7321949999999999
N Al
4 2
direct
   0.3976640000000000    0.0397100000000000    0.2545230000000000 N
   0.8976790000000000    0.5396620000000000    0.7542400000000000 N
   0.2721460000000000    0.2984130000000000    0.2554230000000000 N
   0.7721260000000000    0.7984450000000000    0.7551320000000000 N
   0.8349040000000000    0.1690540000000000    0.2546890000000000 Al
   0.3349030000000000    0.6690630000000000    0.7549700000000000 Al
EA51    2.082  3.603  3.121 90.29 90.14 89.99 Sym.group:  164
1.0
   2.0819700000000001   -0.0001630000000000    0.0019660000000000
   0.0007600000000000    3.6030259999999998    0.0136480000000000
  -0.0103260000000000   -0.0276680000000000    3.1206160000000001
H Be
4 2
direct
   0.0798060000000000    0.0811250000000000    0.8858450000000000 H
   0.5820650000000001    0.9174790000000000    0.4417410000000000 H
   0.0818940000000000    0.4165850000000000    0.4415250000000000 H
   0.5795290000000000    0.5817680000000000    0.8860740000000000 H
   0.5809510000000000    0.2493100000000000    0.1629260000000000 Be
   0.0807690000000000    0.7491130000000000    0.1645710000000000 Be
EA19    4.078  4.897  4.075 89.99 60.05 90.00 Sym.group:  191
1.0
   4.0729069999999998    0.0064040000000000    0.1964380000000000
  -0.0071290000000000    4.8973120000000003   -0.0129730000000000
   1.8623810000000001    0.0126920000000000    3.6249639999999999
Si Na
4 2
direct
   0.2350680000000000    0.9126420000000000    0.2721720000000000 Si
   0.2347630000000000    0.4126480000000000    0.2728560000000000 Si
   0.9013660000000000    0.4123150000000000    0.9395550000000000 Si
   0.9016810000000000    0.9123160000000000    0.9388649999999999 Si
   0.5682400000000000    0.6625160000000000    0.6059390000000000 Na
   0.5683340000000000    0.1625580000000000    0.6057100000000000 Na
EA93    3.117  3.124  9.674 89.99 90.00 119.78 Sym.group:  186
1.0
   3.1166220000000000   -0.0048310000000000   -0.0004350000000000
  -1.5472210000000000    2.7140770000000001   -0.0019760000000000
   0.0017260000000000    0.0092700000000000    9.6738750000000007
Cl Mg
4 2
direct
   0.8316720000000000    0.6687650000000001    0.1431300000000000 Cl
   0.4983810000000000    0.0085420000000000    0.3620350000000000 Cl
   0.1648590000000000    0.3380460000000000    0.6431430000000000 Cl
   0.4981750000000000    0.9983010000000000    0.8620160000000000 Cl
   0.1649560000000000    0.3332270000000000    0.0026910000000000 Mg
   0.8316560000000000    0.6735139999999999    0.5027260000000000 Mg
EA51    2.188  2.188  5.972 90.22 89.67 119.93 Sym.group:  164
1.0
   2.1879900000000001   -0.0076470000000000    0.0018420000000000
  -1.0849240000000000    1.8999870000000001   -0.0015950000000000
   0.0292190000000000   -0.0049000000000000    5.9719040000000003
Be Na
2 1
direct
   0.6642650000000000    0.6673140000000000    0.1995130000000000 Be
   0.9937110000000000    0.3343270000000000    0.4673260000000000 Be
   0.3320110000000000    0.0014090000000000    0.8331960000000000 Na
EA107   3.205  3.257  4.608 89.89 110.35 119.47 Sym.group:  166
1.0
   3.2049840000000001   -0.0005470000000000   -0.0017900000000000
  -1.6016349999999999    2.8354800000000000    0.0404360000000000
  -1.6001369999999999   -0.9534950000000000    4.2147930000000002
Li C
4 2
direct
   0.1024880000000000    0.9533090000000000    0.5706230000000000 Li
   0.7663770000000000    0.7883450000000000    0.0633690000000000 Li
   0.2408380000000000    0.5250580000000000    0.2755330000000000 Li
   0.9047050000000000    0.3600940000000000    0.7682610000000000 Li
   0.3992800000000000    0.1088070000000000    0.0087000000000000 C
   0.6079080000000000    0.2045960000000000    0.3301760000000000 C
EA333   8.079  2.072  2.054 119.70 89.64 97.35 Sym.group:  166
1.0
   7.8278400000000001   -1.0398710000000000   -1.7085140000000001
   0.0032390000000000    2.0724040000000001    0.0077980000000000
   0.2616510000000000   -1.0247809999999999    1.7609720000000000
Be H
4 2
direct
   0.0186730000000000    0.4754430000000000    0.6049830000000000 Be
   0.6031260000000001    0.2078130000000000    0.4719820000000000 Be
   0.2293400000000000    0.2696450000000000    0.0026470000000000 Be
   0.8137900000000000    0.0000040000000000    0.8692130000000000 Be
   0.4882500000000000    0.4577290000000000    0.0988800000000000 H
   0.3442040000000000    0.0216170000000000    0.3763610000000000 H
EA108   4.417  3.424  3.436 60.13 90.24 90.01 Sym.group:  164
1.0
   4.4142180000000000    0.0061850000000000    0.1652410000000000
  -0.0053740000000000    3.4236659999999999   -0.0005000000000000
  -0.1283580000000000    1.7117739999999999    2.9767969999999999
Li Be
4 2
direct
   0.5640970000000000    0.5892970000000000    0.4930420000000000 Li
   0.3918010000000000    0.9224880000000000    0.8266970000000000 Li
   0.9330820000000000    0.9232020000000000    0.8252840000000000 Li
   0.7607420000000000    0.2563880000000000    0.1589370000000000 Li
   0.2296500000000000    0.2560660000000000    0.1595500000000000 Be
   0.0951640000000000    0.5896230000000000    0.4924290000000000 Be
EA101   4.180  4.179  2.721 89.98 90.00 60.06 Sym.group:  191
1.0
   4.1797649999999997    0.0279380000000000    0.0059540000000000
   2.0619459999999998    3.6353819999999999    0.0041520000000000
  -0.0038960000000000   -0.0000370000000000    2.7208060000000001
Na Mg
2 1
direct
   0.7541830000000000    0.1782980000000000    0.7399900000000000 Na
   0.0875720000000000    0.5113799999999999    0.7390460000000000 Na
   0.4208390000000000    0.8448700000000000    0.2396090000000000 Mg
EA41    2.852  2.837  2.849 86.10 86.12 93.92 Sym.group:  160
1.0
   2.8520029999999998   -0.0015010000000000    0.0217260000000000
  -0.1924640000000000    2.8307199999999999   -0.0134330000000000
   0.1711230000000000    0.2194400000000000    2.8358140000000001
N O
2 1
direct
   0.1152700000000000    0.7649350000000000    0.0272890000000000 N
   0.8701680000000001    0.5211730000000000    0.2720110000000000 N
   0.6148169999999999    0.2663370000000000    0.5271880000000000 O
EA120   3.780  2.415  2.416 60.02 89.95 89.96 Sym.group:  156
1.0
   3.7801680000000002   -0.0048080000000000    0.0097010000000000
   0.0045870000000000    2.4149929999999999   -0.0060700000000000
  -0.0018750000000000    1.2122590000000000    2.0894080000000002
Be O
2 1
direct
   0.2547660000000000    0.0867840000000000    0.1593570000000000 Be
   0.6817360000000000    0.4191790000000000    0.4931180000000000 Be
   0.0896110000000000    0.4202190000000000    0.4931610000000000 O
EA169   2.257  2.263  3.997 89.87 90.05 60.39 Sym.group:  164
1.0
   2.2572359999999998   -0.0215040000000000    0.0110190000000000
   1.1366350000000001    1.9566300000000001    0.0029910000000000
  -0.0226790000000000    0.0175530000000000    3.9967709999999999
Li H
2 1
direct
   0.3386260000000000    0.9968200000000000    0.5780540000000000 Li
   0.6717959999999999    0.3330950000000000    0.0749370000000000 Li
   0.0053550000000000    0.6648140000000000    0.8264540000000000 H
EA7     2.514  2.514  3.827 90.00 90.00 60.00 Sym.group:  191
1.0
   1.2572360000000000    2.1772900000000002    0.0000260000000000
  -1.2570230000000000    2.1774719999999999    0.0026280000000000
   0.0041730000000000   -0.0024520000000000    3.8273950000000001
C Na
2 1
direct
   0.3382550000000000    0.3356890000000000    0.9009600000000000 C
   0.6716000000000000    0.6690010000000000    0.9011710000000001 C
   0.0031900000000000    0.0035400000000000    0.4010370000000000 Na
EA70    4.635  4.635  4.635 60.01 90.00 60.01 Sym.group:  227
1.0
  -0.0004930000000000    2.6765900000000000   -3.7836900000000000
  -2.3191320000000002   -1.3367920000000000   -3.7834070000000000
  -4.6351110000000002    0.0016310000000000    0.0021080000000000
Si Mg
4 2
direct
   0.0812260000000000    0.3330870000000000    0.7498570000000000 Si
   0.0813060000000000    0.8329680000000000    0.7503620000000000 Si
   0.0813040000000000    0.8332330000000000    0.2502930000000000 Si
   0.5812760000000000    0.3330160000000000    0.7505900000000000 Si
   0.7060550000000000    0.5832450000000000    0.1250730000000000 Mg
   0.4565270000000000    0.0832780000000000    0.3751040000000000 Mg
EA7     3.894  3.896  2.329 89.97 90.05 118.78 Sym.group:  191
1.0
   3.8935160000000000   -0.0205890000000000    0.0069580000000000
  -1.8576230000000000    3.4246089999999998   -0.0052370000000000
  -0.0060730000000000    0.0017520000000000    2.3293290000000000
Si Li
2 1
direct
   0.1654020000000000    0.1718740000000000    0.1499120000000000 Si
   0.5005440000000000    0.8365110000000000    0.1510130000000000 Si
   0.8330040000000000    0.5043600000000000    0.6502830000000001 Li
EA330  11.415  2.522  2.522 60.02 89.97 90.02 Sym.group:  187
1.0
  11.4146859999999997   -0.0000130000000000   -0.0038610000000000
  -0.0003210000000000    1.2623780000000000    2.1833990000000001
   0.0022490000000000   -1.2603400000000000    2.1845170000000000
Al F
4 2
direct
   0.2933500000000000    0.3053070000000000    0.9160239999999999 Al
   0.7933570000000000    0.9790680000000000    0.5791240000000000 Al
   0.6031290000000000    0.3097230000000000    0.9165300000000000 Al
   0.9835810000000000    0.3149590000000000    0.9101900000000001 Al
   0.1388780000000000    0.3012400000000000    0.9157350000000000 F
   0.4478170000000000    0.3102180000000000    0.9110590000000000 F
EA119   2.428  2.430  8.228 90.66 89.69 119.95 Sym.group:  164
1.0
   2.4275869999999999    0.0083930000000000    0.0036710000000000
  -1.2204649999999999    2.1016170000000001   -0.0004920000000000
   0.0318000000000000   -0.0888400000000000    8.2274510000000003
Li F
4 2
direct
   0.3402420000000000    0.6727370000000000    0.5363160000000000 Li
   0.6687000000000000    0.3199710000000000    0.7728030000000000 Li
   0.0023600000000000    0.0061590000000000    0.2998380000000000 Li
   0.3353360000000000    0.6627130000000000    0.0363190000000000 Li
   0.0020130000000000    0.9908480000000000    0.9037940000000000 F
   0.6687920000000001    0.3346540000000000    0.1688510000000000 F
EA159   3.005  4.958  3.003 90.33 60.33 90.06 Sym.group:  164
1.0
   3.0038040000000001    0.0794550000000000    0.0041180000000000
  -0.1361460000000000    4.9538320000000002    0.1546900000000000
   1.4845910000000000   -0.0581280000000000    2.6093030000000002
Li B
4 2
direct
   0.6598800000000000    0.3844180000000000    0.7470540000000000 Li
   0.9964850000000000    0.7966030000000000    0.0789650000000000 Li
   0.3181630000000000    0.5457200000000000    0.4170910000000000 Li
   0.6547670000000000    0.9579090000000000    0.7490030000000000 Li
   0.9988750000000000    0.2021890000000000    0.0762570000000000 B
   0.3157730000000000    0.1401380000000000    0.4197990000000000 B
EA133   6.525  2.430  2.430 119.90 89.91 90.07 Sym.group:  164
1.0
   6.5212760000000003    0.1361610000000000   -0.1691890000000000
  -0.0555420000000000    2.4279700000000002   -0.0713110000000000
   0.0832380000000000   -1.1476599999999999    2.1406049999999999
C B
4 2
direct
   0.0575180000000000    0.1685500000000000    0.0687550000000000 C
   0.8270000000000000    0.1679550000000000    0.0699420000000000 C
   0.1337590000000000    0.8348010000000000    0.4027020000000000 C
   0.7507580000000000    0.5017210000000000    0.7360100000000001 C
   0.3680180000000000    0.8350780000000000    0.4025920000000000 B
   0.5165000000000000    0.5017130000000000    0.7364620000000000 B
EA218  10.463  2.548  2.550 60.03 96.97 90.19 Sym.group:  166
1.0
  10.4625570000000003    0.0443850000000000    0.0225710000000000
  -0.0090950000000000    1.2838039999999999   -2.2010779999999999
  -0.3201460000000000    2.5297109999999998    0.0020160000000000
Si O
4 2
direct
   0.3082340000000000    0.3085510000000000    0.6752110000000000 Si
   0.9912060000000000    0.4044520000000000    0.4631930000000000 Si
   0.6252630000000000    0.1799360000000000    0.8978969999999999 Si
   0.8082330000000000    0.7913030000000000    0.6806660000000000 Si
   0.2203710000000000    0.0025980000000000    0.2846150000000000 O
   0.3961040000000000    0.6143040000000000    0.0658750000000000 O
EA205   3.692  2.378  3.684 90.08 60.63 90.07 Sym.group:  191
1.0
   3.6722120000000000    0.1490450000000000    0.3531230000000000
  -0.1051370000000000    2.3744369999999999    0.0598420000000000
   1.4936080000000000   -0.0237550000000000    3.3678469999999998
Li Al
2 1
direct
   0.6533660000000000    0.8247890000000000    0.7165230000000000 Li
   0.3212570000000000    0.8248650000000000    0.3840470000000000 Li
   0.9873120000000000    0.3248080000000000    0.0502860000000000 Al
EA63    2.890  8.046  2.878 89.87 119.39 89.78 Sym.group:  164
1.0
   1.6152820000000001    0.0472630000000000   -2.3957549999999999
  -0.1869380000000000    8.0441629999999993   -0.0040360000000000
   1.2884519999999999    0.0376980000000000    2.5729370000000000
Al C
4 2
direct
   0.5882390000000000    0.5494940000000000    0.3318760000000000 Al
   0.2607960000000000    0.3026170000000000    0.6667790000000000 Al
   0.5862790000000000    0.0494870000000000    0.3307470000000000 Al
   0.2588350000000000    0.8026090000000000    0.6656500000000000 Al
   0.9245510000000000    0.4260660000000000    0.9993480000000000 C
   0.9225240000000000    0.9260380000000000    0.9981780000000000 C
EA306   4.039  4.046  4.046 60.87 118.92 118.92 Sym.group:  227
1.0
   4.0386030000000002    0.0495900000000000    0.0339720000000000
  -1.9998830000000001    3.5173980000000000   -0.0254670000000000
  -1.9990310000000000    1.1536679999999999    3.3234450000000000
Be Al
4 2
direct
   0.8681640000000000    0.6190000000000000    0.1254580000000000 Be
   0.8676220000000000    0.1187650000000000    0.1254190000000000 Be
   0.8680710000000000    0.1190220000000000    0.6255110000000000 Be
   0.3679430000000000    0.1192270000000000    0.1256190000000000 Be
   0.2434810000000000    0.7448620000000000    0.7513580000000000 Al
   0.4924800000000000    0.4931520000000000    0.4996470000000000 Al
EA106   3.025  4.985  5.176 70.10 90.00 90.00 Sym.group:  166
1.0
   3.0245259999999998    0.0026800000000000   -0.0019100000000000
  -0.0042900000000000    4.9852800000000004    0.0147680000000000
   0.0014330000000000    1.7469749999999999    4.8721019999999999
S P
4 2
direct
   0.8783670000000000    0.9777670000000001    0.0756110000000000 S
   0.3784180000000000    0.4240790000000000    0.0891870000000000 S
   0.3783810000000000    0.9783530000000000    0.5745110000000000 S
   0.8784030000000000    0.4234920000000000    0.5902880000000000 S
   0.8783960000000000    0.7017000000000000    0.8321300000000000 P
   0.3783880000000000    0.7001470000000000    0.3326680000000000 P
EA112   3.754  3.768  2.211 90.08 89.85 119.84 Sym.group:  191
1.0
   1.8426240000000000    3.2602959999999999   -0.2620650000000000
  -3.7641760000000000   -0.0176650000000000    0.1705410000000000
   0.1024020000000000    0.1258160000000000    2.2046839999999999
Na C
2 1
direct
   0.3315370000000000    0.4990260000000000    0.1499130000000000 Na
   0.6651620000000000    0.1659850000000000    0.1493050000000000 Na
   0.9982230000000000    0.8324150000000000    0.6495960000000000 C
EA252   4.198  7.226  2.441 89.77 90.06 90.00 Sym.group:  191
1.0
   4.1975160000000002    0.0011000000000000    0.0108280000000000
  -0.0013600000000000    7.2257720000000001   -0.0844990000000000
  -0.0088560000000000    0.0381900000000000    2.4402159999999999
Na Si
4 2
direct
   0.9980000000000000    0.3338990000000000    0.6718290000000000 Na
   0.4977330000000000    0.1658450000000000    0.6718220000000000 Na
   0.4979320000000000    0.8335250000000000    0.6717680000000000 Na
   0.9980670000000000    0.6659350000000001    0.6723510000000000 Na
   0.9978240000000000    0.9998130000000000    0.1707730000000000 Si
   0.4980160000000000    0.4996880000000000    0.1715450000000000 Si
EA144   2.588  2.565  6.125 90.29 90.44 61.58 Sym.group:  164
1.0
   2.5874169999999999    0.0593180000000000   -0.0063500000000000
   1.1688030000000000    2.2837239999999999   -0.0101980000000000
  -0.0326880000000000    0.0094320000000000    6.1245110000000000
Na Li
2 1
direct
   0.3270970000000000    0.9863110000000000    0.8235930000000000 Na
   0.9786980000000000    0.6498610000000000    0.1951210000000000 Na
   0.6544540000000000    0.3195020000000000    0.5093760000000001 Li
EA101   4.973  2.881  2.881 60.02 106.83 90.00 Sym.group:  216
1.0
   4.9729789999999996   -0.0128860000000000    0.0208210000000000
   0.0075870000000000    2.8809380000000000    0.0193110000000000
  -0.8402300000000000    1.4257979999999999    2.3580739999999998
B Be
4 2
direct
   0.1339030000000000    0.0910250000000000    0.3194680000000000 B
   0.0083030000000000    0.4663170000000000    0.5689680000000000 B
   0.6339060000000000    0.5917030000000000    0.3190760000000000 B
   0.5083040000000000    0.9668330000000001    0.5686690000000000 B
   0.2576600000000000    0.7162290000000000    0.0688290000000000 Be
   0.7576600000000000    0.2170040000000000    0.0683800000000000 Be
EA111   2.639  2.640  5.887 102.90 90.07 119.92 Sym.group:  166
1.0
   2.6388360000000000    0.0208150000000000   -0.0267680000000000
  -1.3344360000000000    2.2775050000000001    0.0282890000000000
   0.0626870000000000   -1.5570400000000000    5.6769360000000004
Be N
4 2
direct
   0.4241150000000000    0.9366590000000000    0.3736920000000000 Be
   0.1830550000000000    0.4505770000000000    0.6459760000000000 Be
   0.6662010000000000    0.4228590000000000    0.1014260000000000 Be
   0.9245540000000000    0.9366290000000000    0.8737160000000000 Be
   0.8224460000000000    0.7299260000000000    0.5644150000000000 N
   0.0268590000000000    0.1435270000000000    0.1830240000000000 N
EA187   3.082  3.082  9.121 89.70 90.32 119.90 Sym.group:  164
1.0
   3.0824129999999998   -0.0002510000000000    0.0005820000000000
  -1.5362089999999999    2.6721729999999999   -0.0010000000000000
  -0.0528140000000000    0.0274400000000000    9.1204630000000009
P Cl
4 2
direct
   0.8061410000000000    0.6942350000000000    0.0317620000000000 P
   0.8004390000000000    0.6990300000000000    0.6080470000000000 P
   0.4687040000000000    0.0309960000000000    0.7374540000000001 P
   0.1378910000000000    0.3622820000000000    0.9023550000000000 P
   0.4727790000000000    0.0274150000000000    0.2096270000000000 Cl
   0.1328110000000000    0.3649650000000000    0.4301780000000000 Cl
EA71    2.824  2.818  2.818 86.66 93.33 86.65 Sym.group:  166
1.0
   2.8241459999999998    0.0049320000000000   -0.0024680000000000
   0.1596900000000000    2.8134939999999999    0.0016040000000000
  -0.1616060000000000    0.1722610000000000    2.8081339999999999
O C
2 1
direct
   0.5825060000000000    0.4112730000000000    0.2519760000000000 O
   0.0844320000000000    0.9095550000000000    0.7533350000000000 O
   0.8334380000000000    0.1604120000000000    0.5027180000000000 C
EA205   2.682  3.909  3.909 60.02 90.07 90.05 Sym.group:  191
1.0
   2.6823530000000000    0.0060960000000000    0.0223840000000000
  -0.0363820000000000    1.9575940000000001    3.3836800000000000
  -0.0288420000000000   -1.9525150000000000    3.3858180000000000
Si Mg
2 1
direct
   0.1179590000000000    0.0779170000000000    0.3554900000000000 Si
   0.1191710000000000    0.7444710000000000    0.0221410000000000 Si
   0.6182170000000000    0.4114790000000000    0.6885180000000000 Mg
EA150   4.299  4.300  4.777 63.32 63.31 60.05 Sym.group:  155
1.0
   4.2992970000000001    0.0083500000000000    0.0025360000000000
   2.1394660000000001    3.7301720000000000    0.0004900000000000
   2.1403390000000000    1.2443050000000000    4.0848040000000001
Al Li
4 2
direct
   0.0352760000000000    0.8617240000000000    0.2463610000000000 Al
   0.2049710000000000    0.3628750000000000    0.7476520000000000 Al
   0.5338050000000000    0.6920080000000000    0.7445090000000000 Al
   0.8613170000000000    0.0355760000000000    0.7463109999999999 Al
   0.7021670000000000    0.5312610000000000    0.2403010000000000 Li
   0.3658670000000000    0.1950160000000000    0.2514690000000000 Li
EA20    5.012  4.055  4.063 60.49 89.93 89.92 Sym.group:  194
1.0
   5.0123040000000003   -0.0093770000000000   -0.0066060000000000
   0.0130900000000000    4.0520849999999999    0.1460780000000000
   0.0131050000000000    1.8731380000000000    3.6059800000000002
Na S
4 2
direct
   0.8387450000000000    0.7536230000000000    0.8780810000000000 Na
   0.0890720000000000    0.0868620000000000    0.2101650000000000 Na
   0.3387800000000000    0.7537020000000000    0.8780900000000000 Na
   0.5888230000000000    0.4204910000000000    0.5459800000000000 Na
   0.0888340000000000    0.4208440000000000    0.5452210000000000 S
   0.5889980000000000    0.0864750000000000    0.2109880000000000 S
EA87    3.259  3.262  4.800 90.00 90.00 90.02 Sym.group:  216
1.0
   3.2589910000000000    0.0060430000000000    0.0105240000000000
  -0.0072080000000000    3.2618909999999999   -0.0027240000000000
  -0.0153590000000000    0.0038780000000000    4.7995640000000002
Be Si
4 2
direct
   0.9953040000000000    0.5055120000000000    0.7497310000000000 Be
   0.4953100000000000    0.0055240000000000    0.2497090000000000 Be
   0.9953700000000000    0.0055030000000000    0.9996100000000000 Be
   0.4953940000000000    0.5054820000000000    0.4996110000000000 Be
   0.9954280000000000    0.5055390000000000    0.2494980000000000 Si
   0.4953990000000000    0.0055100000000000    0.7495370000000000 Si
EA298   3.582  3.581  2.204 90.06 90.10 119.99 Sym.group:  191
1.0
   3.5818780000000001   -0.0013250000000000    0.0025200000000000
  -1.7889250000000001    3.1023160000000001    0.0015000000000000
  -0.0054200000000000   -0.0068890000000000    2.2036020000000001
Na N
2 1
direct
   0.9937290000000000    0.6576250000000000    0.8379400000000000 Na
   0.3271670000000000    0.3244150000000000    0.8378679999999999 Na
   0.6605410000000000    0.9910960000000000    0.3383810000000000 N
EA126   3.118  3.122  4.847 90.09 90.01 119.96 Sym.group:  164
1.0
   3.1180140000000001   -0.0034710000000000   -0.0000040000000000
  -1.5559550000000000    2.7064640000000000    0.0059250000000000
  -0.0011410000000000   -0.0197830000000000    4.8471539999999997
Cl Mg
2 1
direct
   0.6746490000000001    0.3392180000000000    0.2157000000000000 Cl
   0.3421510000000000    0.6736259999999999    0.7782680000000000 Cl
   0.0082050000000000    0.0062580000000000    0.4970350000000000 Mg
EA106   2.884  2.884  4.990 106.75 106.75 60.03 Sym.group:  225
1.0
   2.8833560000000000    0.0218490000000000   -0.0445210000000000
   1.4212780000000000    2.5088870000000001   -0.0440710000000000
  -1.3588800000000001   -0.7998189999999999    4.7339089999999997
Be C
4 2
direct
   0.3590910000000000    0.2910700000000000    0.0081400000000000 Be
   0.8595110000000000    0.7909480000000000    0.5081120000000000 Be
   0.1096250000000000    0.0410430000000000    0.2582580000000000 Be
   0.6092170000000000    0.5411460000000000    0.7582860000000000 Be
   0.4845840000000000    0.4160010000000000    0.3831870000000000 C
   0.9841310000000000    0.9161000000000000    0.8831840000000000 C
EA245   2.756  2.760  9.889 89.42 89.55 60.44 Sym.group:  164
1.0
   2.7560820000000001    0.0319560000000000   -0.0118030000000000
   1.3335140000000001    2.4164479999999999   -0.0159130000000000
   0.1186720000000000    0.1132730000000000    9.8880549999999996
Mg F
4 2
direct
   0.6586740000000000    0.6653770000000000    0.9846890000000000 Mg
   0.3263440000000000    0.3332300000000000    0.7689450000000000 Mg
   0.9926350000000000    0.9988410000000000    0.1984740000000000 Mg
   0.9947490000000000    0.0000650000000000    0.5550610000000000 Mg
   0.6612960000000000    0.6669730000000000    0.4581970000000000 F
   0.3259590000000000    0.3318840000000000    0.2953680000000000 F
EA86    3.110  3.080  3.096 105.61 73.42 106.49 Sym.group:  166
1.0
   3.1103760000000000    0.0043520000000000   -0.0019530000000000
  -0.8786130000000000    2.9521009999999999   -0.0013420000000000
   0.8863320000000000   -0.6039620000000000    2.9044509999999999
Na O
2 1
direct
   0.9774370000000000    0.0183860000000000    0.3153770000000000 Na
   0.3628210000000000    0.6335370000000000    0.6998960000000000 Na
   0.6697870000000000    0.3253480000000000    0.0078450000000000 O
EA157   2.728  2.719  4.467 89.53 90.60 119.78 Sym.group:  164
1.0
   2.7274699999999998   -0.0184590000000000    0.0064640000000000
  -1.3344790000000000    2.3693059999999999   -0.0056770000000000
  -0.0573660000000000    0.0208810000000000    4.4667599999999998
Mg H
2 1
direct
   0.0559830000000000    0.0479370000000000    0.1694330000000000 Mg
   0.3925780000000000    0.7182539999999999    0.6941120000000000 Mg
   0.7268520000000001    0.3826200000000000    0.4296680000000000 H
EA150   3.181  3.184  3.913 90.10 89.97 119.92 Sym.group:  164
1.0
   1.5973679999999999   -2.7509910000000000   -0.0103280000000000
   1.5889260000000001    2.7592639999999999    0.0233350000000000
  -0.0206560000000000   -0.0293840000000000    3.9130660000000002
P S
2 1
direct
   0.3370470000000000    0.6700770000000000    0.6456780000000000 P
   0.6701300000000000    0.3354650000000000    0.3519610000000000 P
   0.0035920000000000    0.0027740000000000    0.9988190000000000 S
EA242   2.755  2.755  8.971 89.98 89.99 60.02 Sym.group:  164
1.0
   1.4186240000000001    2.3620070000000002   -0.0316800000000000
  -1.3366659999999999    2.4091079999999998    0.0218160000000000
   0.1726250000000000    0.0178490000000000    8.9695219999999996
Al B
4 2
direct
   0.3330460000000000    0.5067400000000000    0.6288260000000000 Al
   0.6676060000000000    0.8387410000000000    0.8486860000000001 Al
   0.0001670000000000    0.1727220000000000    0.0689140000000000 Al
   0.0004730000000000    0.1727420000000000    0.4085990000000000 Al
   0.3336100000000000    0.5060400000000000    0.2362990000000000 B
   0.6670280000000000    0.8394160000000001    0.2412150000000000 B
EA74    5.203  3.112  3.112 60.03 107.37 107.37 Sym.group:  166
1.0
   5.2029069999999997   -0.0156530000000000   -0.0227160000000000
  -0.9200060000000000    2.9723739999999998    0.0297550000000000
  -0.9135400000000000    1.3180369999999999    2.6672449999999999
Cl Mg
2 1
direct
   0.7609390000000000    0.3732700000000000    0.0164150000000000 Cl
   0.3221310000000000    0.8934790000000000    0.5364190000000000 Cl
   0.0415610000000000    0.1334200000000000    0.7764219999999999 Mg
EA153   7.562  2.949  2.949 60.00 101.10 101.10 Sym.group:  166
1.0
   7.5599660000000002   -0.1381710000000000   -0.0767490000000000
  -0.5143600000000000    2.9037899999999999    0.0420390000000000
  -0.5167220000000000    1.3689100000000001    2.5605889999999998
P C
4 2
direct
   0.0522110000000000    0.7552830000000000    0.9768540000000000 P
   0.4362060000000000    0.5499000000000001    0.7712340000000000 P
   0.2205550000000000    0.1436890000000000    0.3651540000000000 P
   0.8365570000000000    0.3490680000000000    0.5707700000000000 P
   0.5365930000000000    0.9161859999999999    0.1375190000000000 C
   0.7361700000000000    0.9827820000000000    0.2044840000000000 C
EA356   3.610  2.759  2.770 119.43 111.61 67.59 Sym.group:  166
1.0
   3.5596440000000000    0.5586900000000000    0.2167380000000000
   0.6879000000000000    1.5748169999999999    2.1588310000000002
  -0.6409720000000000   -2.6635650000000002    0.4076150000000000
B Si
2 1
direct
   0.5939310000000000    0.9777500000000000    0.8591340000000000 B
   0.4106600000000000    0.3733300000000000    0.4616530000000000 B
   0.0022230000000000    0.1758300000000000    0.6604170000000000 Si
EA90    3.859  3.829  3.846 60.44 90.15 119.24 Sym.group:  225
1.0
   3.8593630000000001    0.0003860000000000    0.0004470000000000
  -1.8708190000000000    3.3412929999999998    0.0004710000000000
  -0.0104870000000000    2.1683859999999999    3.1769200000000000
Na S
2 1
direct
   0.7513350000000000    0.4898840000000000    0.7573350000000000 Na
   0.2359950000000000    0.4873410000000000    0.2499780000000000 Na
   0.4935700000000000    0.9885540000000000    0.5038300000000000 S
EA401   2.618  2.618  9.952 82.49 89.99 119.99 Sym.group:  166
1.0
   1.3094520000000001   -2.2668180000000002   -0.0125980000000000
   1.3085249999999999    2.2669410000000001    0.0141830000000000
   1.2962110000000000    0.6923120000000000    9.8430269999999993
Al O
4 2
direct
   0.5997220000000000    0.8680920000000000    0.0466240000000000 Al
   0.8373969999999999    0.3370320000000000    0.3331320000000000 Al
   0.0729280000000000    0.8148460000000000    0.6196430000000001 Al
   0.3359670000000000    0.3430230000000000    0.8331340000000000 Al
   0.1372780000000000    0.9375300000000000    0.4331060000000000 O
   0.5374660000000000    0.7367540000000000    0.2331520000000000 O
EA11    3.427  3.431  3.430 90.36 60.24 60.28 Sym.group:  225
1.0
   3.4266120000000000   -0.0317030000000000   -0.0424470000000000
   1.7281290000000000    2.9634230000000001   -0.0160090000000000
   1.7277460000000000   -1.0175829999999999    2.7829730000000001
Li S
2 1
direct
   0.4931640000000000    0.2465900000000000    0.7460900000000000 Li
   0.4935140000000000    0.7451000000000000    0.2467130000000000 Li
   0.9934809999999999    0.9956820000000000    0.9965830000000000 S
EA212   2.440  2.440  5.571 90.01 102.64 120.00 Sym.group:  166
1.0
   2.4392849999999999   -0.0288540000000000    0.0207810000000000
  -1.1944930000000000    2.1270989999999999   -0.0157260000000000
  -1.2733449999999999   -0.6758780000000000    5.3813849999999999
C H
4 2
direct
   0.1917260000000000    0.8676440000000000    0.2230850000000000 C
   0.3783170000000000    0.9604640000000000    0.5025030000000000 C
   0.7994750000000000    0.1716290000000000    0.1349180000000000 C
   0.7706320000000000    0.6565080000000000    0.5907210000000001 C
   0.6670070000000000    0.1047540000000000    0.9354640000000000 H
   0.9031800000000000    0.7233660000000000    0.7901250000000000 H
EA179   2.453  2.453  8.479 98.27 98.29 61.12 Sym.group:  166
1.0
   2.4531660000000000   -0.0031120000000000   -0.0240100000000000
   1.1876730000000000    2.1467040000000002   -0.0002580000000000
  -1.1420079999999999   -0.7602080000000000    8.3673110000000008
C S
4 2
direct
   0.5808790000000000    0.3100860000000000    0.6524070000000000 C
   0.6418920000000000    0.3693340000000000    0.8333270000000000 C
   0.8957560000000000    0.6252870000000000    0.5944250000000000 C
   0.3270010000000000    0.0541450000000000    0.8913090000000000 C
   0.8249510000000000    0.5554720000000000    0.3816380000000000 S
   0.3974250000000000    0.1242700000000000    0.1040960000000000 S
EA44    3.469  3.470  3.470 119.99 60.00 120.00 Sym.group:  225
1.0
   3.4694870000000000   -0.0028780000000000    0.0012850000000000
  -1.7321599999999999    3.0064050000000000   -0.0070530000000000
   1.7327619999999999   -0.9967580000000000    2.8358989999999999
Si Be
2 1
direct
   0.7492160000000000    0.2591080000000000    0.7515090000000000 Si
   0.2492550000000000    0.7591900000000000    0.2514450000000000 Si
   0.4991990000000000    0.5091010000000000    0.5014100000000000 Be
EA107   2.632  2.632  9.007 89.99 90.00 60.00 Sym.group:  187
1.0
   1.3351029999999999    2.2687569999999999    0.0008760000000000
  -1.2973479999999999    2.2903720000000001    0.0055040000000000
   0.0144470000000000   -0.0117510000000000    9.0071309999999993
Si N
4 2
direct
   0.3704620000000000    0.9529650000000000    0.4463850000000000 Si
   0.3702950000000000    0.9528350000000000    0.0414970000000000 Si
   0.0354910000000000    0.6208140000000000    0.2439390000000000 Si
   0.7054170000000000    0.2844180000000000    0.7439420000000000 Si
   0.7038790000000000    0.2862140000000000    0.5430520000000000 N
   0.7036380000000000    0.2862850000000000    0.9448310000000000 N
EA39    3.469  3.452  3.449 89.98 90.02 90.05 Sym.group:  224
1.0
   3.4685589999999999    0.0170140000000000    0.0090690000000000
  -0.0197140000000000    3.4517449999999998   -0.0015360000000000
  -0.0102770000000000    0.0028630000000000    3.4491070000000001
H S
4 2
direct
   0.4984280000000000    0.0047170000000000    0.0021610000000000 H
   0.0097970000000000    0.4906150000000000    0.9968230000000000 H
   0.9883110000000001    0.9979440000000001    0.5040350000000000 H
   0.4995720000000000    0.5118690000000000    0.4957120000000000 H
   0.2493610000000000    0.2497720000000000    0.2526540000000000 S
   0.7488380000000000    0.7497630000000000    0.7531140000000000 S
EA11    3.954  3.949  2.137 90.00 90.00 119.91 Sym.group:  191
1.0
   3.9536419999999999   -0.0050200000000000    0.0025890000000000
  -1.9646290000000000    3.4252150000000001   -0.0010560000000000
  -0.0014310000000000   -0.0000350000000000    2.1366869999999998
Na B
2 1
direct
   0.3191000000000000    0.6585060000000000    0.8244250000000000 Na
   0.6521230000000000    0.3251110000000000    0.8271440000000000 Na
   0.9856290000000000    0.9918160000000000    0.3264240000000000 B
EA39    4.188  4.188  2.465 90.00 90.00 119.99 Sym.group:  164
1.0
   4.1873459999999998   -0.0735090000000000    0.0372440000000000
  -2.0293350000000001    3.6638690000000000   -0.0106340000000000
  -0.0220450000000000   -0.0048510000000000    2.4646110000000001
Al Mg
2 1
direct
   0.1512130000000000    0.0379630000000000    0.9054210000000000 Al
   0.4849510000000000    0.7045840000000000    0.5940380000000000 Al
   0.8181560000000000    0.3713890000000000    0.2504430000000000 Mg
EA5     2.930  4.139  2.929 90.00 90.00 90.00 Sym.group:  225
1.0
   2.9296359999999999   -0.0001030000000000    0.0004110000000000
   0.0001720000000000    4.1391260000000001   -0.0000350000000000
  -0.0005410000000000    0.0000810000000000    2.9289740000000002
Li O
4 2
direct
   0.0034140000000000    0.2482700000000000    0.9175470000000000 Li
   0.5034220000000000    0.2478550000000000    0.4175690000000000 Li
   0.0033170000000000    0.7483440000000000    0.9170250000000000 Li
   0.5033480000000000    0.7477790000000000    0.4170190000000000 Li
   0.0033690000000000    0.9980720000000000    0.4172120000000000 O
   0.5033440000000000    0.4980520000000000    0.9172250000000000 O
