NUMBER OF TEMPLATES 48
COMPOSITION A 1 B
pairs , SPACEGROUPS 
[B N] , 216 
[Li O] , 187 
[H Li] , 225 
[B N] , 186 
[C Cl] , 166 
[Mg S] , 225 
[C Si] , 216 
[B P] , 216 
[Mg P] , 123 
[Mg Na] , 123 
[N Si] , 156 
[Al Si] , 141 
[B S] , 166 
[Al S] , 139 
[C Li] , 164 
[Al O] , 166 
[C H] , 164 
[Al B] , 166 
[Li Na] , 194 
[C P] , 164 
[F Mg] , 164 
[Al Si] , 123 
[Na Si] , 123 
[F P] , 129 
[Al Li] , 227 
[S Si] , 166 
[Cl Mg] , 164 
[P Si] , 225 
[Al P] , 194 
[Mg N] , 187 
[Al F] , 191 
[C F] , 164 
[Al Mg] , 123 
[C Li] , 160 
[Be O] , 186 
[Li Mg] , 123 
[F Na] , 225 
[Al Na] , 141 
[Li N] , 139 
[Be F] , 166 
[C H] , 166 
[N Si] , 166 
[H Si] , 191 
[Be Cl] , 166 
[Cl P] , 129 
[H P] , 129 
[B Be] , 164 
[Be Cl] , 164 
RANKING VECTORS ENTHALPIES
0:[-180.52723124 -180.52552052 -180.52546917 -180.52289577 -180.50580575 -180.50579788 -180.09384769 -180.09360002 -180.08898087 -180.06586174 -180.05867815 -180.03708662 -180.00248707 -180.00169864 -180.00165727 -179.99221543 -179.75454064 -179.33535871 -178.93390646 -178.92472705 -178.92392455 -178.9029461  -178.90279682 -178.86883406 -178.83417799 -178.72382083 -178.57927287 -178.5750976  -178.49008627 -178.39365474 -178.23999292 -178.06389207 -178.05780803 -178.05633114 -177.83709374 -177.80755167 -177.79686526 -177.79430882 -177.79386708 -177.79227049 -177.57604486 -176.76132423 -176.75135356 -176.74583096 -176.73955133 -176.36962077 -176.15412087 -176.10432759] 
1:[-321.00449173 -321.00429075 -320.91786662 -320.91599923 -320.79219327 -320.79086852 -320.79049859 -320.7897556  -320.78920993 -320.78639774 -320.78310441 -320.78279574 -320.76297936 -320.71675602 -320.69429345 -320.68570763 -320.67088195 -320.67072023 -320.66858968 -320.61525037 -320.60896242 -320.60501066 -320.57783857 -320.57712609 -320.57566427 -320.575511   -320.57519664 -320.57374444 -320.27540085 -320.27343937 -320.27340006 -320.27336064 -320.27315641 -320.27270322 -320.2726839 -320.27221449 -320.21973682 -320.1952179  -320.18039055 -320.1570987 -320.14240124 -320.06649752 -319.96957863 -319.89202835 -319.88884823 -319.88884686 -319.56012283 -319.55411889] 
2:[-104.52340365 -104.52305936 -104.52285825 -104.52256578 -104.52075166 -104.51966633 -104.51815025 -104.45580401 -104.4557728  -104.44908635 -104.41489689 -104.35098213 -104.33634911 -104.33614362 -104.33490408 -104.33477984 -104.33203932 -104.3319393  -104.33135631 -104.29367736 -104.29357034 -104.29309914 -104.29305794 -104.29301169 -104.29168514 -104.29153948 -104.28794452 -104.24976936 -104.24839154 -104.24808814 -104.20573278 -104.20534451 -104.20534143 -104.10983294 -104.10800463 -104.10740802 -103.93436219 -103.9307258  -103.91132272 -103.90526898 -103.86917597 -103.85948252 -103.82132208 -103.63618791 -103.60883806 -103.59911541 -103.19808602 -103.19170027] 
3:[-180.52723124 -180.52552052 -180.52546917 -180.52289577 -180.50580575 -180.50579788 -180.09384769 -180.09360002 -180.08898087 -180.06586174 -180.05867815 -180.03708662 -180.00248707 -180.00169864 -180.00165727 -179.99221543 -179.75454064 -179.33535871 -178.93390646 -178.92472705 -178.92392455 -178.9029461  -178.90279682 -178.86883406 -178.83417799 -178.72382083 -178.57927287 -178.5750976  -178.49008627 -178.39365474 -178.23999292 -178.06389207 -178.05780803 -178.05633114 -177.83709374 -177.80755167 -177.79686526 -177.79430882 -177.79386708 -177.79227049 -177.57604486 -176.76132423 -176.75135356 -176.74583096 -176.73955133 -176.36962077 -176.15412087 -176.10432759] 
4:[-301.09195054 -301.09194934 -301.01053368 -301.01048401 -300.95505899 -300.87918812 -300.87913862 -300.87834739 -300.87819147 -300.87809849 -300.87799018 -300.87407705 -300.8719584  -300.76907298 -300.18817286 -300.07211295 -300.07147438 -300.06569125 -299.62148932 -299.61962172 -299.28931661 -299.24978961 -298.90475099 -298.90433887 -298.89534655 -298.87096138 -298.77861225 -298.69120419 -298.68015152 -298.67443601 -298.66589092 -298.65654231 -298.64965024 -298.62844305 -298.61505876 -298.43945129 -298.43785892 -298.43642786 -298.43569097 -298.4345875 -298.4207391  -298.41124644 -298.4104085  -298.14351655 -298.10506134 -297.69420137 -297.64020078 -297.64020077] 
5:[-954.7470586  -954.74651717 -954.74647592 -954.74457196 -954.74381982 -954.74282932 -954.73969029 -954.73473844 -954.70013071 -954.36868686 -954.36688826 -954.36027827 -954.25153709 -954.25040473 -954.25015495 -954.2479129  -954.24744465 -954.2444438  -954.19939131 -954.12502977 -953.9567085  -953.95649958 -953.95579819 -953.95556979 -953.95552219 -953.95299992 -953.91612008 -953.83519036 -953.69967401 -953.69499511 -953.63408109 -953.63357948 -953.63352304 -953.55400419 -953.51833992 -953.48408783 -953.46944088 -953.46800643 -953.45672237 -953.33149254 -953.31708918 -953.2720745  -953.16149827 -953.1292597  -952.69433722 -952.6909609  -952.66994142 -952.59587179] 
6:[-136.68517466 -136.68273303 -136.68022208 -136.6800797  -136.68002434 -136.67717113 -136.53312758 -136.53017604 -136.5138824  -136.51357499 -136.48001143 -136.44886757 -136.44798338 -136.44705431 -136.42137477 -136.33530591 -136.33410148 -136.33388179 -136.33357749 -136.22973687 -136.20272975 -136.20265074 -136.19777373 -136.18150926 -136.0065814 -135.93859323 -135.93795667 -135.88949666 -135.88949594 -135.84058938 -135.82276045 -135.63722325 -135.49640687 -135.24374671 -135.22115035 -135.15262836 -135.03811027 -135.03347089 -135.03299031 -135.02265871 -135.01888612 -135.01868216 -135.01476162 -134.90076331 -134.87945094 -134.87767599 -134.63074505 -134.19113666] 
7:[-131.32148721 -131.32001472 -131.3191282  -131.31879505 -131.31255775 -130.94189509 -130.74634655 -130.73576221 -130.73461135 -130.73328799 -130.73261277 -130.73097716 -130.70818451 -130.70578992 -130.70568253 -130.70567774 -130.68222344 -130.67705375 -130.67695926 -130.67586767 -130.67586412 -130.67242775 -130.64535314 -130.64456523 -130.64078383 -130.63002968 -130.60692222 -130.58353175 -130.58140219 -130.5698798 -130.54258916 -130.44552954 -130.42192595 -130.40791225 -130.26539139 -130.2559555  -130.25317377 -130.2467499  -130.24235816 -130.14057012 -130.03550208 -130.01971795 -130.01711418 -130.01259852 -130.01218609 -129.85402029 -129.82760012 -129.81208929] 
8:[-897.8134292  -897.80747712 -897.78507395 -897.78377878 -897.78367639 -897.77875269 -897.77835891 -897.77261313 -897.67886905 -897.65179683 -897.64911297 -897.59961263 -897.59605133 -897.59388137 -897.54645451 -897.49048829 -897.48755443 -897.46891554 -897.46631162 -897.45442849 -897.43229866 -897.4311182  -897.43111355 -897.37148769 -897.33253217 -897.29808062 -897.28714598 -897.28694414 -897.24402019 -897.24348008 -897.23017802 -897.22473771 -897.20348834 -897.14494077 -897.10000957 -897.07741337 -896.93844271 -896.93513771 -896.91145096 -896.90413338 -896.82443471 -896.81936492 -896.81593717 -896.55211057 -896.55120362 -895.92987756 -895.92982137 -895.92104097] 
9:[-1423.92502982 -1423.90370431 -1423.90060161 -1423.89980148 -1423.89900069 -1423.89708689 -1423.89092896 -1423.8843263 -1423.88267893 -1423.87791003 -1423.87493324 -1423.87332009 -1423.86747849 -1423.86409263 -1423.86204159 -1423.84550272 -1423.83938476 -1423.83934916 -1423.83477672 -1423.82266465 -1423.82009988 -1423.81631599 -1423.81338026 -1423.81119999 -1423.79070188 -1423.7877692  -1423.78748509 -1423.78682871 -1423.7856758  -1423.78462658 -1423.78383734 -1423.78333203 -1423.7818216  -1423.78108987 -1423.7739265  -1423.72764096 -1423.72336316 -1423.40987571 -1423.40528835 -1423.26283972 -1423.25267085 -1423.24435189 -1423.23196077 -1423.09045452 -1423.06271262 -1422.003897   -1421.98873626 -1421.98864905] 
10:[-196.42899977 -196.42875569 -196.19346551 -196.09648348 -196.01460602 -195.97997259 -195.95636933 -195.89793851 -195.89667389 -195.87569539 -195.83592523 -195.75746735 -195.74436126 -195.74433379 -195.73108835 -195.73061877 -195.72838296 -195.7268481  -195.7263829  -195.68096467 -195.67549874 -195.56193427 -195.47134496 -195.47088902 -195.46753022 -195.46090726 -195.45950778 -195.44812536 -195.41176798 -195.41025151 -195.39480035 -194.93174577 -194.9284086  -194.9284022  -194.92652791 -194.92533951 -194.92483584 -194.92053614 -194.91807059 -194.74301736 -194.74267172 -194.51643358 -194.47263862 -194.33119625 -194.32392753 -194.31964613 -194.31558536 -193.68234239] 
11:[-84.87389993 -84.87266455 -84.87089141 -84.86345198 -84.86300363 -84.86050838 -84.85888928 -84.85798501 -84.83063871 -84.82803034 -84.81715462 -84.78357107 -84.78311752 -84.77946561 -84.77107769 -84.77054211 -84.76751268 -84.76414242 -84.7576771  -84.6857023 -84.68544076 -84.63974532 -84.62499593 -84.60149574 -84.59494957 -84.56314966 -84.55635923 -84.55593942 -84.5434905  -84.47277861 -84.39463806 -84.37836579 -84.27053047 -84.26438753 -84.22117303 -84.21749657 -84.19196688 -84.18787914 -84.18190709 -84.16077056 -84.16029703 -84.13459833 -84.13242136 -83.6040623  -83.23540123 -82.80233313 -82.80233134 -82.79865461] 
12:[-187.02092719 -186.94242881 -186.58542887 -186.5523587  -186.51365259 -186.49152024 -186.45937628 -186.40838178 -186.39893709 -186.39890402 -186.38215468 -186.37929281 -186.37813809 -186.37020972 -186.36965879 -186.36164171 -186.36092224 -186.35643112 -186.31338665 -186.3133838 -186.29659618 -186.26900166 -186.22135242 -186.21865992 -186.21854121 -186.19568364 -186.18619913 -186.18548594 -186.18316511 -186.09963543 -186.01326076 -185.97721853 -185.96049757 -185.939378   -185.78386431 -185.77673815 -185.72860756 -185.65038498 -185.63022936 -185.625096 -185.46596612 -185.46595594 -185.4608447  -185.45165139 -185.44187061 -185.26978501 -185.06530035 -184.93540276] 
13:[-177.84594982 -177.844278   -177.84047062 -177.79190283 -177.78478309 -177.78357692 -177.78299901 -177.78152349 -177.77796655 -177.77765666 -177.77599104 -177.7582275  -177.72602488 -177.71370814 -177.70993638 -177.69430794 -177.69376726 -177.50950929 -177.49534296 -177.46318548 -177.44248226 -177.42200132 -177.4192362  -177.41649077 -177.4085248 -177.37460806 -177.37166406 -177.37130079 -177.36917177 -177.30367469 -177.25075924 -177.18859276 -177.17830631 -177.17812913 -177.15294321 -177.15010242 -177.14880818 -177.14853331 -177.10078049 -177.02228872 -176.97431709 -176.97044366 -176.90604598 -176.83984411 -176.83470784 -176.72144267 -176.71039838 -176.71039455] 
14:[-177.51264274 -177.51253118 -177.51233591 -177.51209823 -177.51200291 -177.51102258 -177.50089849 -177.49934382 -177.46779915 -177.46273834 -177.45446883 -177.43567912 -177.41827319 -177.36661794 -177.19141016 -177.1399891  -177.04669819 -176.88109016 -176.82218902 -176.82030896 -176.81979285 -176.81874    -176.81633159 -176.77302072 -176.62659612 -176.598111   -176.5975921  -176.59724023 -176.45542995 -176.41554996 -176.28672826 -176.21325902 -176.13487151 -175.8263018  -175.60097699 -175.51762576 -175.50472487 -175.50442098 -175.50249258 -175.49963529 -175.46973215 -175.4058909  -175.40309379 -175.09186362 -175.09183236 -174.37375806 -174.37375683 -174.34214144] 
15:[-254.87313889 -254.86122199 -254.63633892 -254.62626843 -254.44021169 -254.38927973 -254.37645078 -254.37552409 -254.37412279 -254.37335262 -254.37325385 -254.36794425 -254.3107239  -254.30300746 -254.28389728 -254.27990493 -254.27979826 -254.27767118 -254.23488596 -254.22833403 -254.17844264 -254.17438311 -253.9955831  -253.92652194 -253.92403302 -253.88760722 -253.8875681  -253.88478302 -253.87746401 -253.71928622 -253.6651164  -253.47303534 -253.4617     -253.46124071 -253.46116896 -253.11581143 -253.11398775 -253.11211232 -253.10547149 -253.10257892 -253.09992375 -252.9170023  -252.9152524  -252.91048952 -251.87131601 -251.66854346 -251.66605852 -251.66505489] 
16:[-88.37504288 -88.37498626 -88.37308147 -88.37018075 -88.36963553 -88.36231441 -88.3605551  -88.35997309 -88.35745056 -88.35482105 -88.34258814 -88.2851077  -87.95717818 -87.67129334 -87.62792356 -87.48268848 -87.48257523 -87.48199149 -87.06490829 -86.88421409 -86.72998022 -86.67914426 -86.63551958 -86.63521654 -86.63371122 -86.5847281  -86.58301606 -86.47592515 -86.46249673 -86.45521429 -86.42280705 -86.31977571 -86.28404492 -86.26307744 -86.21223557 -86.2029635  -86.19247183 -86.16203644 -85.88137277 -85.8673706 -85.79680727 -85.71809612 -85.71809611 -85.69717286 -85.67774118 -85.67749902 -85.66179662 -85.63241736] 
17:[-68.5613201  -68.56072536 -68.48687261 -68.37843763 -68.34081391 -68.31664888 -68.30853017 -68.26869505 -68.26310036 -68.24949968 -68.2420162  -68.24201383 -68.24065064 -68.24045428 -68.2398192 -68.15749834 -68.15449543 -68.07554463 -67.98620959 -67.86635145 -67.86509203 -67.86089081 -67.85955952 -67.8581799  -67.85617438 -67.85276776 -67.85264925 -67.8506298  -67.84887689 -67.82940296 -67.79948273 -67.72343961 -67.70684769 -67.68749234 -67.68493807 -67.62996257 -67.46345113 -67.38493824 -67.20373707 -67.20347084 -67.19731319 -67.10756289 -67.07716704 -66.62129238 -66.60899552 -66.52469629 -66.52062856 -66.5206249 ] 
18:[-714.89537394 -714.89471654 -714.8925703  -714.89104481 -714.89024726 -714.89023604 -714.88975234 -714.8870512  -714.87995155 -714.87974199 -714.87779571 -714.87743676 -714.87634595 -714.87575219 -714.8754269 -714.87491479 -714.87410817 -714.87405071 -714.87402147 -714.87372238 -714.87365671 -714.87321123 -714.86780087 -714.86113831 -714.86019018 -714.85962339 -714.84262143 -714.84134057 -714.83496935 -714.83479246 -714.82454406 -714.82158553 -714.82074941 -714.81649886 -714.81622664 -714.7918539  -714.78577186 -714.77169443 -714.761666   -714.75114669 -714.74151977 -714.73962391 -714.72836257 -714.72607114 -714.68519317 -714.27392308 -714.27326381 -714.27325177] 
19:[-172.86076232 -172.81744624 -172.81377203 -172.79845665 -172.75086647 -172.6253521  -172.49669306 -172.41373787 -172.41206744 -172.39125899 -172.38986813 -172.36247401 -172.35015304 -172.34878062 -172.33467788 -172.31729582 -172.31355114 -172.30518643 -172.305065   -172.28742973 -172.28100326 -172.26433673 -172.25695639 -172.25667174 -172.23523076 -172.19579688 -172.19469975 -172.17204067 -172.09398246 -172.06062284 -171.97558641 -171.97171284 -171.95696968 -171.87463138 -171.55561847 -171.54090371 -171.53499691 -171.44527864 -171.43976484 -171.41509543 -171.18256856 -171.18030443 -171.17985304 -171.17841855 -171.1726361 -170.88535587 -170.80950224 -170.55053826] 
20:[-1140.88295972 -1140.88295887 -1140.88078794 -1140.74799411 -1140.74521522 -1140.74465249 -1140.74134008 -1140.72913642 -1140.72714384 -1140.7222383  -1140.71272507 -1140.70796282 -1140.70464306 -1140.68097048 -1140.6761157  -1140.58013092 -1140.55664107 -1140.54330587 -1140.53652207 -1140.23974822 -1140.21352376 -1140.20674065 -1140.16362641 -1140.16076149 -1140.15814528 -1140.13226976 -1140.12196492 -1140.11622588 -1140.11519889 -1140.10476538 -1140.07957727 -1140.05786373 -1140.05785609 -1140.02842914 -1140.01106425 -1139.83261514 -1139.83203267 -1139.83190127 -1139.83172756 -1139.83165763 -1139.830791   -1139.82606538 -1139.8232711  -1139.72689476 -1139.27519401 -1138.97141415 -1138.97005644 -1138.96756484] 
21:[-84.87389993 -84.87266455 -84.87089141 -84.86345198 -84.86300363 -84.86050838 -84.85888928 -84.85798501 -84.83063871 -84.82803034 -84.81715462 -84.78357107 -84.78311752 -84.77946561 -84.77107769 -84.77054211 -84.76751268 -84.76414242 -84.7576771  -84.6857023 -84.68544076 -84.63974532 -84.62499593 -84.60149574 -84.59494957 -84.56314966 -84.55635923 -84.55593942 -84.5434905  -84.47277861 -84.39463806 -84.37836579 -84.27053047 -84.26438753 -84.22117303 -84.21749657 -84.19196688 -84.18787914 -84.18190709 -84.16077056 -84.16029703 -84.13459833 -84.13242136 -83.6040623  -83.23540123 -82.80233313 -82.80233134 -82.79865461] 
22:[-674.56394829 -674.53095805 -674.53005941 -674.52917213 -674.52725541 -674.51882454 -674.43853852 -674.43784995 -674.43265713 -674.40754816 -674.34784609 -674.34740243 -674.33838775 -674.3111127  -674.3075254 -674.30069239 -674.28673193 -674.28036336 -674.24112513 -674.22841458 -674.22273021 -674.22002314 -674.18545108 -674.18372512 -674.12690752 -674.09657763 -674.073664   -674.0194845  -673.97272872 -673.97271171 -673.97154178 -673.97123822 -673.93825297 -673.92227693 -673.75855497 -673.71985533 -673.48794469 -673.47590525 -673.40922288 -673.40705871 -672.96827775 -672.96413779 -672.96382446 -672.9464586  -671.93050972 -671.29804793 -671.29800586 -671.27867863] 
23:[-426.17624575 -426.17604051 -426.17365683 -426.17030577 -426.16694224 -426.16603983 -426.06618491 -426.06556743 -426.06510903 -426.05408835 -425.85881104 -425.85877419 -425.74840254 -425.74206943 -425.63557969 -425.62360854 -425.5030723  -425.49084414 -425.46791441 -425.4672102 -425.4654731  -425.46464164 -425.45418477 -425.45365921 -425.45112492 -425.44955625 -425.44955238 -425.44954984 -425.44937057 -425.44911476 -425.44823902 -425.44569236 -425.38615031 -425.35376088 -425.34881452 -425.3295501  -425.30413907 -424.79894298 -424.44885996 -424.44856765 -424.38988639 -423.97931778 -423.97603698 -423.97474308 -423.96161717 -423.43101414 -423.43077885 -423.43026926] 
24:[-125.94910865 -125.94413702 -125.94373683 -125.94255142 -125.93883227 -125.93425911 -125.8724465  -125.87158525 -125.86594488 -125.83665695 -125.83212234 -125.81035013 -125.77927415 -125.77289761 -125.77241356 -125.75012082 -125.68996082 -125.68405564 -125.68263156 -125.67959496 -125.66667327 -125.65715393 -125.6558159  -125.65480624 -125.64806032 -125.56979083 -125.5480683  -125.54258702 -125.50994245 -125.50940966 -125.50888268 -125.50519636 -125.48043663 -125.47564581 -125.45673521 -125.32112195 -125.31437847 -125.24533868 -125.22379742 -125.05414886 -125.04592183 -125.02622108 -125.02596236 -125.00943655 -124.27196996 -123.56731656 -123.54598347 -123.54598005] 
25:[-203.46023722 -203.45107245 -203.45085605 -203.38044661 -203.38022156 -203.37682343 -203.37219651 -203.36648621 -203.34285767 -203.34015271 -203.29602124 -203.29384947 -203.27037709 -203.27011859 -203.26877457 -203.26585116 -203.26291427 -203.261345   -203.26007607 -203.25890417 -203.2568669  -203.25490902 -203.24103705 -203.23954316 -203.22377958 -203.20770227 -203.17735272 -203.08149876 -203.06779381 -203.04730453 -203.0445242  -203.04139592 -203.0217416  -203.02070966 -203.01605503 -203.0037952  -203.00263289 -202.99722558 -202.97419773 -202.96825304 -202.92963787 -202.92952007 -202.9235102  -202.92197979 -202.70541966 -201.91833907 -201.91833597 -201.90915354] 
26:[-1026.85454699 -1026.85441373 -1026.84991217 -1026.78714109 -1026.78278696 -1026.78209065 -1026.78153913 -1026.77907424 -1026.77799209 -1026.77684117 -1026.76949141 -1026.743345 -1026.69007971 -1026.68813711 -1026.68656335 -1026.68649835 -1026.68439181 -1026.68431719 -1026.68197528 -1026.63201146 -1026.62946511 -1026.60240044 -1026.59990006 -1026.59285483 -1026.5918916  -1026.58203551 -1026.36485006 -1026.30821077 -1026.30023896 -1026.22636523 -1026.19249304 -1026.19148768 -1026.17872793 -1026.17742635 -1026.1445542  -1026.07555732 -1026.07535601 -1026.04311032 -1025.88195229 -1025.88014191 -1025.76310369 -1025.7621025  -1025.75855668 -1025.75001984 -1025.74611604 -1025.50206188 -1025.4887595  -1025.48869936] 
27:[-147.59063228 -147.5767674  -147.57657371 -147.54250755 -147.53187419 -147.5272872  -147.52140209 -147.51183946 -147.49888369 -147.49436504 -147.46528582 -147.45504381 -147.45487904 -147.44643762 -147.44199479 -147.44156582 -147.43488252 -147.41916058 -147.37653416 -147.37248007 -147.36389486 -147.35889031 -147.34818499 -147.34708155 -147.33734552 -147.33709845 -147.33597275 -147.32925409 -147.32585807 -147.32427687 -147.32023571 -147.31452894 -147.30387848 -147.30352104 -147.25516619 -147.25171662 -147.24530746 -147.22296416 -147.22025262 -147.16256572 -147.09032182 -146.99316413 -146.92429442 -146.80289086 -146.68160989 -146.63160764 -146.63160362 -146.59995463] 
28:[-121.74998379 -121.70778699 -121.70626233 -121.70440136 -121.70310834 -121.67545079 -121.6749365  -121.64190352 -121.61730484 -121.61488093 -121.60740145 -121.59949221 -121.59819073 -121.59684276 -121.54287404 -121.51669463 -121.47499483 -121.47171191 -121.45118725 -121.4065187 -121.40137318 -121.39356258 -121.37841123 -121.37653614 -121.35985337 -121.35909983 -121.358135   -121.34631592 -121.33764011 -121.33723242 -121.32714872 -121.32340031 -121.31835644 -121.31311912 -121.31217814 -121.30729314 -121.19934977 -121.16701162 -121.16683186 -121.16189075 -121.15986625 -121.07441206 -120.91284619 -120.91264542 -120.91088807 -120.89978276 -120.89977654 -120.79352039] 
29:[-946.26043046 -946.25378227 -946.23359922 -946.0586664  -946.02822513 -946.00371766 -946.00278322 -946.00247193 -946.00219454 -946.00183931 -946.00172002 -945.99412122 -945.99253406 -945.9629758  -945.91236529 -945.9117461  -945.91171147 -945.90864705 -945.90586414 -945.90218306 -945.86738825 -945.85908601 -945.72518523 -945.57720918 -945.48223467 -945.48221268 -945.48203848 -945.4809695  -945.48095567 -945.30257646 -945.30186277 -945.09712753 -944.98415332 -944.98414465 -944.97975801 -944.86976907 -944.859071   -944.8284203  -944.56321875 -944.54488804 -944.4223248  -944.3980744  -944.36315712 -944.05205103 -944.05114337 -944.04793492 -943.60482652 -943.60248469] 
30:[-364.23876135 -364.23802846 -364.17732336 -364.17279885 -364.17127917 -364.16890427 -364.10967822 -364.07600408 -364.06796505 -364.05958141 -364.05255801 -364.0511922  -364.04162296 -364.03668902 -364.02981579 -364.02355082 -364.0158293  -363.99321665 -363.94196606 -363.93847329 -363.92973247 -363.84265485 -363.80252728 -363.80240616 -363.60987079 -363.59484559 -363.59423454 -363.56196218 -363.28591303 -363.19475506 -363.17472788 -363.17407963 -363.17384684 -363.17327994 -363.17311791 -363.17150277 -363.11826019 -362.89163189 -362.85573918 -362.85189268 -362.80480181 -362.80478903 -362.79816074 -362.72528073 -362.65010517 -362.64261487 -362.63741436 -362.62659057] 
31:[-414.63788139 -414.63787073 -414.6378637  -414.63776585 -414.63689335 -414.63687678 -414.63623796 -414.0325626  -413.73752945 -413.73603404 -413.73408083 -413.6098896  -413.5360151  -413.53391368 -413.53262398 -413.52556287 -413.44504688 -413.04455582 -413.00238142 -412.98631974 -412.68224914 -412.68224282 -412.11494111 -412.07403349 -412.0733707 -412.0596928  -411.89939196 -411.87125345 -411.86626658 -411.67172404 -411.6714381  -411.66768068 -411.66722141 -411.66546077 -411.66341878 -411.49000792 -411.4813063  -411.47774298 -411.43481517 -411.43419854 -411.42763968 -410.8304831  -410.82613454 -410.82612211 -410.82438033 -410.15539372 -410.15539351 -410.1546732 ] 
32:[-834.59946203 -834.57397404 -834.56814662 -834.56563543 -834.56429887 -834.5639257  -834.56259031 -834.54391265 -834.52291866 -834.51992847 -834.51918725 -834.51902563 -834.51795954 -834.51594779 -834.51487743 -834.51158188 -834.50970798 -834.50859739 -834.50432757 -834.50301535 -834.4742029  -834.47411788 -834.46377415 -834.45500229 -834.44442064 -834.40332921 -834.33409022 -834.25499947 -834.24648601 -834.21077997 -834.20270108 -834.20049257 -834.20035231 -834.15125546 -834.11093051 -833.91297246 -833.90000103 -833.66625886 -833.48900552 -833.48839117 -833.4874847  -833.4631002  -833.4430062  -833.12525381 -832.4345404 -831.65479887 -831.65479775 -831.63309051] 
33:[-177.51264274 -177.51253118 -177.51233591 -177.51209823 -177.51200291 -177.51102258 -177.50089849 -177.49934382 -177.46779915 -177.46273834 -177.45446883 -177.43567912 -177.41827319 -177.36661794 -177.19141016 -177.1399891  -177.04669819 -176.88109016 -176.82218902 -176.82030896 -176.81979285 -176.81874    -176.81633159 -176.77302072 -176.62659612 -176.598111   -176.5975921  -176.59724023 -176.45542995 -176.41554996 -176.28672826 -176.21325902 -176.13487151 -175.8263018  -175.60097699 -175.51762576 -175.50472487 -175.50442098 -175.50249258 -175.49963529 -175.46973215 -175.4058909  -175.40309379 -175.09186362 -175.09183236 -174.37375806 -174.37375683 -174.34214144] 
34:[-414.37379937 -414.37249339 -414.36984658 -414.36964902 -414.36951236 -414.36835721 -414.18438958 -414.18236946 -414.18207648 -414.18082774 -414.17461939 -414.14835191 -414.14823056 -414.1469078  -414.14660901 -414.14630788 -414.14317887 -414.14180929 -414.11774559 -414.08076076 -414.04021279 -413.96144578 -413.95077033 -413.80853577 -413.76632896 -413.76489485 -413.75622699 -413.75419511 -413.75135973 -413.6939492 -413.61565754 -413.61424446 -413.61011704 -413.55085158 -413.38439082 -413.37779012 -412.81973128 -412.77946012 -412.77943144 -412.77942273 -412.77941737 -412.77552021 -412.77510324 -412.39198616 -412.38958706 -411.0458985  -410.9325836  -410.9227007 ] 
35:[-901.54918838 -901.54131758 -901.53514858 -901.52883233 -901.52413478 -901.52245032 -901.48056886 -901.47876901 -901.4715911  -901.4679044 -901.39793856 -901.38835728 -901.38825399 -901.38339087 -901.38312056 -901.3736624  -901.35779198 -901.35706695 -901.35604312 -901.34365652 -901.32891009 -901.32031174 -901.31935397 -901.31455239 -901.30746541 -901.30714057 -901.30151245 -901.27126506 -901.24870606 -901.23553903 -901.21238503 -901.2114962  -901.1969086  -901.1922721  -901.18586097 -901.18276082 -901.17919523 -901.17624572 -901.16003977 -901.15972092 -901.15900808 -901.13163625 -901.13033788 -901.07393943 -901.06892919 -899.86145296 -899.86143847 -899.86017159] 
36:[-955.56030206 -955.56029628 -955.55991802 -955.55984853 -955.55901182 -955.55681194 -955.45453305 -955.45429523 -955.45417043 -955.45393931 -955.45340743 -955.45313379 -955.45221428 -955.44504777 -955.40742886 -955.40558909 -955.40102894 -955.38417417 -955.3173861  -955.16238163 -955.16122218 -955.15110122 -954.94587239 -954.90496005 -954.90470397 -954.90461938 -954.90401231 -954.90390053 -954.90386509 -954.90258331 -954.901292   -954.85425091 -954.85414059 -954.85147235 -954.85005777 -954.85005198 -954.85001369 -954.8484334  -954.81095195 -954.6486843 -954.59191618 -954.59189224 -954.59186641 -954.55743142 -954.55595314 -954.42114569 -953.78938722 -953.78910169] 
37:[-648.25956144 -648.25394237 -648.25142361 -648.24614845 -648.24593125 -648.21872607 -648.14040044 -648.10770895 -648.10727444 -648.10697655 -648.10531982 -648.07941453 -648.078219   -648.07077615 -648.06633418 -648.06085644 -648.05493474 -648.05233361 -648.0199387  -648.01826235 -648.01816979 -648.01706364 -647.9991563  -647.99797901 -647.99632087 -647.99529706 -647.95637308 -647.95308166 -647.94555824 -647.94267738 -647.93813314 -647.9230797  -647.86487753 -647.81501371 -647.81112938 -647.17422212 -647.17397665 -647.16369245 -647.05235333 -647.04518242 -646.91566099 -646.91418377 -646.86437096 -646.86392519 -645.84718121 -645.35096235 -645.31613962 -645.31609007] 
38:[-237.17184506 -237.16858212 -237.00136182 -237.00077914 -236.77681677 -236.7707081  -236.66811787 -236.6394628  -236.58333967 -236.48351122 -236.4565451  -236.45560377 -236.45557977 -236.45476284 -236.45471104 -236.20627926 -236.19763006 -236.15663683 -236.11452232 -236.0997106 -235.93364298 -235.91595197 -235.91483565 -235.91421348 -235.80075873 -235.7375521  -235.73456815 -235.7325767  -235.72951147 -235.69498922 -235.68860416 -235.68836314 -235.66698317 -235.65498577 -235.62416583 -235.62035792 -235.57581643 -235.54608046 -235.5038941  -235.49570956 -235.38014423 -235.3800719  -235.27645731 -235.27041153 -235.17445173 -234.7624073  -234.7476656  -234.74766486] 
39:[-523.52535917 -523.52463793 -523.50766542 -523.49671869 -523.46506294 -523.46388473 -523.4638007  -523.46083429 -523.46000012 -523.44045663 -523.42332101 -523.35281077 -523.33215738 -523.29354578 -523.27503712 -523.19929053 -523.09937745 -523.00899424 -522.92240423 -522.91366499 -522.60902972 -522.60889136 -522.60099078 -522.58377538 -522.58376043 -522.57589239 -522.57281243 -522.56408696 -522.41083318 -522.4106711 -522.32280766 -522.18721488 -522.16312619 -522.16301988 -522.15672496 -521.95389832 -521.88999734 -521.88655901 -521.87249778 -521.87094003 -521.86842404 -521.764327   -521.76428821 -521.76426359 -521.76397008 -521.76379022 -521.76360538 -521.28590238] 
40:[-88.37504288 -88.37498626 -88.37308147 -88.37018075 -88.36963553 -88.36231441 -88.3605551  -88.35997309 -88.35745056 -88.35482105 -88.34258814 -88.2851077  -87.95717818 -87.67129334 -87.62792356 -87.48268848 -87.48257523 -87.48199149 -87.06490829 -86.88421409 -86.72998022 -86.67914426 -86.63551958 -86.63521654 -86.63371122 -86.5847281  -86.58301606 -86.47592515 -86.46249673 -86.45521429 -86.42280705 -86.31977571 -86.28404492 -86.26307744 -86.21223557 -86.2029635  -86.19247183 -86.16203644 -85.88137277 -85.8673706 -85.79680727 -85.71809612 -85.71809611 -85.69717286 -85.67774118 -85.67749902 -85.66179662 -85.63241736] 
41:[-196.42899977 -196.42875569 -196.19346551 -196.09648348 -196.01460602 -195.97997259 -195.95636933 -195.89793851 -195.89667389 -195.87569539 -195.83592523 -195.75746735 -195.74436126 -195.74433379 -195.73108835 -195.73061877 -195.72838296 -195.7268481  -195.7263829  -195.68096467 -195.67549874 -195.56193427 -195.47134496 -195.47088902 -195.46753022 -195.46090726 -195.45950778 -195.44812536 -195.41176798 -195.41025151 -195.39480035 -194.93174577 -194.9284086  -194.9284022  -194.92652791 -194.92533951 -194.92483584 -194.92053614 -194.91807059 -194.74301736 -194.74267172 -194.51643358 -194.47263862 -194.33119625 -194.32392753 -194.31964613 -194.31558536 -193.68234239] 
42:[-62.62287527 -62.48794351 -62.48247069 -62.47427056 -62.46681771 -62.46457179 -62.4589842  -62.45081246 -62.43302688 -62.43107021 -62.43035103 -62.42922131 -62.42702457 -62.42522766 -62.42504293 -62.42339049 -62.41497066 -62.41439122 -62.39428638 -62.39352114 -62.3900932  -62.38901819 -62.38503522 -62.37740209 -62.37580848 -62.36979742 -62.35415406 -62.3541385  -62.34790136 -62.33609344 -62.33378951 -62.32487406 -62.29963562 -62.29962313 -62.29743035 -62.29712072 -62.2949554  -62.28904428 -62.28561777 -62.26411634 -62.25825311 -62.25329966 -62.24674419 -62.22233827 -62.13917078 -62.13897042 -62.08907854 -61.9942887 ] 
43:[-409.43437692 -409.43346335 -409.41838657 -409.41698223 -409.31050364 -409.30067078 -409.28635918 -409.25933319 -409.25884211 -409.25746111 -409.2557458  -409.25250457 -409.22723226 -409.13307916 -409.12624303 -409.09561985 -409.06871411 -409.02989212 -409.02891112 -409.02352885 -408.87780539 -408.87423243 -408.86025657 -408.84901333 -408.84820598 -408.83197392 -408.83129902 -408.83021031 -408.82921436 -408.82605146 -408.82587241 -408.82106652 -408.82088232 -408.80491485 -408.77825231 -408.77254068 -408.74183026 -408.73955369 -408.73722401 -408.44068439 -408.44068028 -408.43435941 -408.36445426 -408.35766594 -408.2859034 -408.10315122 -407.98263574 -407.84731113] 
44:[-312.45662642 -312.45643357 -312.45639419 -312.41844626 -312.41637951 -312.41605719 -312.30045302 -312.29271199 -312.27165575 -312.25821812 -312.2582008  -312.25804307 -312.25590147 -312.23362436 -312.22053315 -312.21986671 -312.21604174 -312.20672173 -312.19252859 -312.18456819 -312.06792414 -312.05330864 -312.03324462 -312.02489664 -312.02472325 -312.02332796 -312.01807938 -312.01303725 -311.85108382 -311.85031906 -311.84672761 -311.84554943 -311.84554241 -311.83932225 -311.81016401 -311.79980921 -311.76324408 -311.74052606 -311.45422739 -311.44971539 -311.28796228 -311.27423261 -311.26898985 -311.25634337 -310.41907151 -309.88578231 -309.88577896 -309.86795122] 
45:[-99.27956435 -99.19851986 -99.19412888 -99.1824063  -99.17630417 -99.11945507 -99.09069654 -99.06965173 -99.06964985 -99.0501186 -99.04242863 -99.03623934 -99.01565325 -98.99686508 -98.98961033 -98.98250701 -98.98228171 -98.97980567 -98.97978863 -98.97643219 -98.95137087 -98.9418078  -98.93778684 -98.93483534 -98.91987561 -98.9134748  -98.88666847 -98.88606809 -98.88578807 -98.88556027 -98.88475757 -98.8768643  -98.85719552 -98.85605183 -98.84676805 -98.83557093 -98.80987918 -98.78718164 -98.78654513 -98.78529316 -98.77857855 -98.73412015 -98.71598426 -98.70939387 -98.70442781 -98.55664474 -98.53778524 -98.53759161] 
46:[-227.63864378 -227.62667475 -227.62609122 -227.62578313 -227.62529306 -227.62017352 -227.57734614 -227.51354713 -227.43419024 -227.41906156 -227.4174937  -227.4167776  -227.41131342 -227.40806215 -227.40279081 -227.39660749 -227.2624992  -227.25847143 -227.25808246 -227.25630361 -227.24666945 -227.20470525 -227.17160307 -227.16264217 -227.16119182 -227.15485444 -227.12669416 -227.10740491 -227.09786591 -227.05214673 -227.02429604 -226.9531612  -226.93989061 -226.88465031 -226.86725877 -226.8582671  -226.64510143 -226.4826733  -226.48048455 -226.42476855 -226.42268712 -226.35938474 -226.35781858 -226.31428877 -226.27826522 -225.35365914 -225.35365592 -225.33693507] 
47:[-409.43437692 -409.43346335 -409.41838657 -409.41698223 -409.31050364 -409.30067078 -409.28635918 -409.25933319 -409.25884211 -409.25746111 -409.2557458  -409.25250457 -409.22723226 -409.13307916 -409.12624303 -409.09561985 -409.06871411 -409.02989212 -409.02891112 -409.02352885 -408.87780539 -408.87423243 -408.86025657 -408.84901333 -408.84820598 -408.83197392 -408.83129902 -408.83021031 -408.82921436 -408.82605146 -408.82587241 -408.82106652 -408.82088232 -408.80491485 -408.77825231 -408.77254068 -408.74183026 -408.73955369 -408.73722401 -408.44068439 -408.44068028 -408.43435941 -408.36445426 -408.35766594 -408.2859034 -408.10315122 -407.98263574 -407.84731113] 
RANKING VECTORS IDX
0:[ 0.  6.  7. 33.  3. 34. 20. 26. 46. 47. 12. 10. 39. 43. 17. 25.  4. 19.  2. 36. 27.  5. 28. 41. 15. 45. 13. 38. 37. 42. 11. 18.  1. 29. 40. 44. 23. 31. 16. 14. 30.  8. 21. 35.  9. 22. 24. 32.] 
1:[29.  1. 13. 38. 22. 21. 32. 35.  9.  4.  8. 25. 10. 33. 19. 28. 39. 40. 43. 11. 18.  5. 23. 44. 27.  2. 36. 45. 26. 46. 20. 16. 31.  3. 34. 14. 15. 37. 12. 41. 17. 47. 24.  0.  6.  7. 30. 42.] 
2:[45.  2. 23.  5. 27. 44. 36.  1. 29. 18. 28. 10. 21. 33. 35.  8. 32. 22.  9. 16. 31. 46.  3. 34. 14. 20. 26. 11. 13. 38.  0.  6.  7. 12.  4. 25. 39. 43. 19. 47. 15. 41. 37. 17. 40. 24. 42. 30.] 
3:[ 0.  6.  7. 33.  3. 34. 20. 26. 46. 47. 12. 10. 39. 43. 17. 25.  4. 19.  2. 36. 27.  5. 28. 41. 15. 45. 13. 38. 37. 42. 11. 18.  1. 29. 40. 44. 23. 31. 16. 14. 30.  8. 21. 35.  9. 22. 24. 32.] 
4:[25. 43. 39. 17. 33. 16. 31. 20. 14. 46. 26. 40. 19.  4. 10. 44. 23. 45. 38. 13. 47. 12. 27. 36.  2.  5. 11. 18.  1. 29. 30. 42. 41. 28. 15. 35.  8. 32.  9. 21. 22.  3. 34. 24. 37.  0.  6.  7.] 
5:[44. 45.  2. 23. 27. 36. 33.  5. 28. 18. 29.  1.  8. 22.  9. 21. 35. 32. 11. 13. 14. 34.  3. 46. 20. 16. 38. 12. 37. 10.  0.  7.  6. 25.  4. 43. 17. 39. 24. 41. 15. 47. 26. 19. 30. 42. 31. 40.] 
6:[ 0.  3. 34.  6.  7. 33. 23.  2. 27. 36.  5.  1. 29. 18. 10. 26. 46. 20. 14. 40. 31. 16. 39. 47. 12. 13. 38. 43. 25.  4. 28. 19. 11. 41. 15. 44. 17. 32.  9. 22.  8. 35. 21. 37. 30. 42. 45. 24.] 
7:[ 0.  6.  3. 34.  7. 47. 19. 26. 14. 20.  2. 46. 13. 38. 36. 27. 10.  1. 29.  4. 18. 39. 43. 25.  5. 12. 40. 31. 16. 33. 28. 30. 42. 44. 11. 23. 45. 41. 15. 17. 37. 35. 32.  8. 21. 24.  9. 22.] 
8:[37. 11. 35. 22.  9. 21.  8. 32. 28. 29.  1. 45. 44. 23. 18. 13. 38. 17. 24.  5. 27.  2. 36. 43. 15. 26. 20. 14. 39. 25.  4. 33. 41. 47. 10. 12. 40. 19. 31. 16. 30. 46. 42. 34.  3.  7.  6.  0.] 
9:[43. 39. 46. 33. 26. 14. 20. 19. 25. 28. 23. 18. 45. 10. 44.  4. 24. 17. 37. 11. 15. 40. 31. 16. 41. 22.  3. 34. 21. 12.  8. 32. 35.  9. 47. 30. 42. 38. 13. 36.  2. 27.  5.  1. 29.  0.  6.  7.] 
10:[13. 38. 10. 19. 39. 17. 43. 34.  3. 33. 47.  0.  6.  7. 28. 14. 20. 26. 46. 25. 12. 11.  1. 29.  2. 44. 23. 18. 36. 27.  5. 21. 22. 41. 32.  9. 15. 35.  8. 42. 30. 37. 45. 40. 31. 16.  4. 24.] 
11:[ 8. 37. 11. 32.  9. 22. 35. 21. 43. 18. 39. 33. 23. 45. 14. 44. 25. 20. 26. 17. 24. 47. 12. 15.  4.  3. 31. 16. 40. 41. 42. 30. 29.  1. 13. 38. 28. 10.  2. 27. 36.  5. 46. 19. 34.  6.  7.  0.] 
12:[47. 12. 10. 39. 43. 44. 25. 31. 36. 27.  5.  2. 19.  3. 34. 38. 13. 33.  6.  7. 14.  0.  1. 29. 18. 28. 26. 46. 20. 16.  4. 41. 11. 15. 42. 30. 45. 17. 23. 40. 32.  9. 35.  8. 21. 37. 24. 22.] 
13:[29. 18.  1. 21. 22. 35. 32.  8. 13. 38.  9. 28.  5. 44.  2. 27. 36. 10. 39. 41. 43. 15. 11. 33. 25. 20. 46. 14. 26. 19. 47. 12.  3. 34. 30. 42. 17. 37. 40. 16.  4. 31. 24. 23. 45.  0.  6.  7.] 
14:[20. 31. 14. 46. 16. 26. 40. 33. 25. 43. 17. 39. 19.  4. 28. 13. 12.  8. 22. 32.  9. 21. 35. 10. 47. 44. 23. 45. 11. 38. 37. 18. 24. 41. 15.  2. 27. 36.  1. 29.  5. 42. 30.  3. 34.  6.  7.  0.] 
15:[15. 41. 10. 13. 25. 43. 39. 17. 45. 23. 44.  4. 33. 12. 20. 26. 14. 46. 19. 47.  1. 29. 38. 34.  3.  6.  7.  0. 18. 11. 28.  2. 36. 27.  5.  8. 22.  9. 32. 21. 35. 42. 30. 37. 24. 16. 31. 40.] 
16:[16. 31. 20. 14. 46. 40. 26. 43. 39. 17. 25.  4. 19. 10. 33. 45. 23. 44. 47. 13. 28. 38. 30. 42. 12.  3. 34. 11. 37. 41. 24. 22. 21.  8. 32.  9. 35. 15.  1. 29. 18.  7.  6.  0. 36. 27.  5.  2.] 
17:[39. 17. 43. 33. 40. 47. 25. 29.  1. 16. 31. 14. 20. 46. 26. 13. 38. 12. 28.  8. 21. 35. 22.  9. 44. 32. 11. 23. 45. 10. 19.  5.  2. 27. 36. 18.  4. 37.  3. 34. 41. 15. 24. 30. 42.  0.  6.  7.] 
18:[33. 20. 44. 45. 40. 14. 26. 16. 46. 39. 43. 23. 18.  8. 19. 22. 21. 32. 28. 25.  9. 35. 10. 41.  1. 29. 31. 47. 12. 11. 37. 34.  3. 17. 24. 30. 42. 15.  2.  5. 27. 36. 38. 13.  4.  0.  6.  7.] 
19:[47. 16. 31. 40.  4. 12. 10. 38. 13. 19. 17. 33. 34.  3.  5. 36. 27.  6.  7.  0.  2. 39. 14. 46. 43.  1. 29. 18. 44. 28. 26. 20. 25. 11. 45. 30. 42. 41. 23. 15. 35. 32.  9.  8. 21. 37. 24. 22.] 
20:[23. 44. 45. 20. 14. 46. 26. 25. 13. 38. 33.  4. 43. 39. 17. 19. 12. 10. 47. 28.  3. 34. 29. 18.  1.  5. 36. 11.  2. 27.  0.  6.  7. 15. 41. 35. 42. 22. 32.  9.  8. 21. 30. 37. 24. 16. 40. 31.] 
21:[ 8. 37. 11. 32.  9. 22. 35. 21. 43. 18. 39. 33. 23. 45. 14. 44. 25. 20. 26. 17. 24. 47. 12. 15.  4.  3. 31. 16. 40. 41. 42. 30. 29.  1. 13. 38. 28. 10.  2. 27. 36.  5. 46. 19. 34.  6.  7.  0.] 
22:[ 8. 32.  9. 21. 35. 22.  4. 25. 17. 40. 44. 45. 23. 11. 24. 18. 37. 28. 39. 26. 47. 43. 12. 19. 33.  3. 41. 31. 16. 14. 20. 46. 30. 42. 10. 15.  1. 29. 13. 38.  2. 27. 36.  5. 34.  7.  6.  0.] 
23:[37. 11.  4. 40. 17. 24. 45. 23. 44. 31.  3. 34. 30. 42. 15. 10. 41. 19. 18. 20. 26. 14. 22. 25.  8. 32. 43.  9. 35. 21. 39. 46. 16. 12. 33. 38. 47. 13.  1. 29. 28.  5. 36.  2. 27.  6.  7.  0.] 
24:[22.  9. 32. 21.  8. 35. 23. 44. 45. 37. 24. 11. 29.  1. 18. 28. 33. 39. 17.  4. 14. 20. 46. 31. 26. 19. 43. 25. 13. 38. 41. 47. 15.  3. 12. 40. 16. 30. 42.  2.  5. 27. 36. 10. 34.  0.  6.  7.] 
25:[43. 39. 17. 14. 20. 46. 26. 33. 38. 13.  5. 25. 27. 36. 18. 28. 21.  1.  2.  8. 35. 29.  9. 32.  4. 47. 10. 19. 40. 42. 12. 30. 44. 23. 45. 31. 16. 41. 15. 11.  3. 34. 24. 37. 22.  6.  7.  0.] 
26:[45. 44. 23. 17. 25. 20. 43. 46. 26. 14. 39. 33. 21.  9. 32. 22.  8. 35. 28. 13. 38. 10. 47. 18. 12. 19. 11. 34.  3.  5. 27. 36.  2. 41. 15. 29.  1. 37.  4. 24. 30. 42. 40. 31. 16.  0.  6.  7.] 
27:[ 5. 27. 36.  2. 29.  1. 30. 42. 13. 38. 28. 41.  9. 35. 21.  8. 15. 39. 37. 43. 25.  4. 44. 33. 23. 45. 14. 46. 20. 40. 31. 17. 26. 11. 18. 32. 22. 24. 10. 47. 19. 12. 34.  3. 16.  6.  7.  0.] 
28:[28. 44.  2. 45. 23. 27. 36.  5.  9.  8. 21. 35. 22. 32. 11. 15.  1. 29. 18. 13. 38. 37. 41. 19. 43. 20. 39. 14. 17. 24. 26. 33. 30. 42. 25. 12. 47. 31. 16.  4. 40. 46.  3. 34.  0.  6.  7. 10.] 
29:[18. 29.  1. 10.  5. 27.  2. 23. 36. 45. 44. 13. 38. 28. 35. 22.  9. 21. 32.  8. 25.  4. 11. 19.  3. 46. 34. 26. 20. 39. 43. 12.  6.  7.  0. 15. 37. 41. 47. 17. 33. 14. 24. 40. 16. 31. 30. 42.] 
30:[42. 30. 39. 43. 25. 17. 33. 10. 19.  4. 34.  3. 20. 46. 14. 26. 15. 41. 12. 44. 47. 18. 45. 23. 38. 31. 16. 40. 11. 37.  8. 35.  9. 22. 32. 21. 13. 24.  1. 29.  6.  7.  0. 28.  5. 36.  2. 27.] 
31:[20. 46. 14. 26. 31. 16. 40. 33. 23. 45. 44. 38. 43. 25.  4. 39. 19. 17. 10. 28.  3. 34. 15. 30. 42. 41. 13. 12. 47.  9. 22. 32. 35. 21.  8.  1. 18. 29. 37. 11. 24.  5. 27. 36.  2.  6.  7.  0.] 
32:[ 4.  8. 21. 32. 35. 22.  9. 11. 24. 39. 18.  1. 37. 29. 46. 26. 14. 33. 17. 20. 45. 44. 23. 25. 43. 19. 47. 41. 12. 40.  3. 16. 31. 38. 15. 42. 30. 28. 13. 27. 36.  5.  2. 10. 34.  7.  6.  0.] 
33:[20. 31. 14. 46. 16. 26. 40. 33. 25. 43. 17. 39. 19.  4. 28. 13. 12.  8. 22. 32.  9. 21. 35. 10. 47. 44. 23. 45. 11. 38. 37. 18. 24. 41. 15.  2. 27. 36.  1. 29.  5. 42. 30.  3. 34.  6.  7.  0.] 
34:[ 3. 34.  0.  6.  7. 33. 31. 14. 20. 46. 26. 45. 23. 27. 44.  2. 36.  5. 10. 28. 12. 25.  4. 47. 38. 13. 39. 43. 17. 19. 18.  1. 29. 11. 41. 15. 37. 35. 32. 22.  9. 21.  8. 42. 30. 24. 40. 16.] 
35:[21. 35.  8. 32. 22.  9. 44. 11. 45. 23. 25. 24. 17. 37. 43. 40. 18. 29.  1. 39. 28. 33. 14. 20. 46. 26. 12. 10. 47.  4. 19. 15. 34.  3. 38. 13.  2. 41. 27. 36.  5. 31. 16. 42. 30.  6.  7.  0.] 
36:[22.  9. 21.  8. 35. 32. 44. 27.  2.  5. 36. 23. 33. 45. 18. 29.  1. 28. 11. 13. 38. 10. 37. 34. 16. 46. 20. 14. 31.  3. 26. 25. 40.  4. 39. 24. 43. 17. 12. 19.  6.  0.  7. 41. 15. 47. 42. 30.] 
37:[40. 11. 37. 24. 17.  4. 39. 46. 14. 33. 20. 26. 19. 44. 28. 23. 45. 18. 21. 35. 32.  9. 22.  8. 43. 25. 16. 41. 31. 47.  3. 12. 15. 30. 42. 38. 13. 10. 29.  1.  5.  2. 27. 36. 34.  0.  6.  7.] 
38:[38. 13. 29.  1.  4. 25. 19. 10. 39.  8. 22.  9. 32. 21. 35. 28. 11. 18. 17. 43. 37. 23. 45. 44. 24. 26. 20. 46. 31.  2. 27. 36.  5. 14. 47. 33. 12. 15. 16. 40.  3. 34. 42. 30. 41.  0.  6.  7.] 
39:[43. 25. 17. 39. 14. 46. 26. 33. 20. 19.  4. 47. 12. 15. 41. 10. 13. 38.  1. 29. 16. 31. 40.  3. 34. 42. 30. 44. 23. 45. 18. 11.  6.  7.  0. 37. 28.  5.  2. 27. 36. 32.  9. 22. 21.  8. 35. 24.] 
40:[16. 31. 20. 14. 46. 40. 26. 43. 39. 17. 25.  4. 19. 10. 33. 45. 23. 44. 47. 13. 28. 38. 30. 42. 12.  3. 34. 11. 37. 41. 24. 22. 21.  8. 32.  9. 35. 15.  1. 29. 18.  7.  6.  0. 36. 27.  5.  2.] 
41:[13. 38. 10. 19. 39. 17. 43. 34.  3. 33. 47.  0.  6.  7. 28. 14. 20. 26. 46. 25. 12. 11.  1. 29.  2. 44. 23. 18. 36. 27.  5. 21. 22. 41. 32.  9. 15. 35.  8. 42. 30. 37. 45. 40. 31. 16.  4. 24.] 
42:[ 4. 25. 43. 30. 42. 38. 13. 47. 46. 16. 26. 14. 20. 44. 31. 40. 39. 17. 36. 11. 27. 18. 37.  1. 12. 29.  3. 34. 28. 33. 10. 41.  9. 32.  8.  2.  5. 22. 21. 45. 19. 23. 15. 35.  6.  7.  0. 24.] 
43:[ 4. 39. 43. 25. 33. 10. 19. 20. 46. 26. 14. 47. 12. 13. 38. 41. 15. 18. 29.  1. 23. 44. 16. 31. 40.  9.  8. 22. 35. 21. 32.  3. 34. 28. 11.  5. 27. 36.  2.  6.  7.  0. 30. 42. 17. 37. 45. 24.] 
44:[23. 44. 45. 39. 17. 43. 33. 47. 31. 46. 14. 26. 20. 10.  3.  4. 37. 11. 24. 25. 30. 42. 18. 19. 12. 15. 41. 28. 35. 22. 21. 32.  9.  8. 13. 38. 40. 16.  1. 29.  2. 27. 36.  5. 34.  6.  7.  0.] 
45:[44. 17. 40. 45. 23. 31. 47.  3. 34. 39. 42. 30. 15. 21.  8. 25. 38.  9. 32. 13. 12. 43. 37. 11. 24. 33. 20. 16. 10. 46. 26. 14.  4. 41. 35. 22. 19.  1. 18. 29. 28.  2. 36.  5. 27.  0.  6.  7.] 
46:[40. 46. 31. 16. 20. 14. 28.  4. 33. 21. 35. 22.  8. 32.  9. 13. 23. 11. 44. 45. 19. 37. 18. 43. 25. 17. 10. 47. 39. 26. 12. 38. 24. 41.  1. 29. 15. 30. 42.  3. 34. 27. 36.  2.  5.  6.  7.  0.] 
47:[ 4. 39. 43. 25. 33. 10. 19. 20. 46. 26. 14. 47. 12. 13. 38. 41. 15. 18. 29.  1. 23. 44. 16. 31. 40.  9.  8. 22. 35. 21. 32.  3. 34. 28. 11.  5. 27. 36.  2.  6.  7.  0. 30. 42. 17. 37. 45. 24.] 
POSCARS
EA97    4.276  2.469  2.469 119.97 73.24 106.76 Sym.group:  216
1.0
   4.2761579999999997    0.0215250000000000    0.0394400000000000
  -0.7002260000000000    1.2684359999999999   -1.9996860000000001
   0.6871410000000000    1.2016739999999999    2.0448279999999999
N B
2 2
direct
   0.6083840000000000    0.6889510000000000    0.8151490000000000 N
   0.1083840000000000    0.1885460000000000    0.3157960000000000 N
   0.9834430000000000    0.8135540000000000    0.6908970000000000 B
   0.4834420000000000    0.3139750000000000    0.1902190000000000 B
EA5     2.791  2.792  3.569 89.82 89.86 60.04 Sym.group:  187
1.0
   1.4297830000000000    2.3968550000000000   -0.0448400000000000
  -1.3630290000000000    2.4357240000000000   -0.0493280000000000
  -0.0070970000000000    0.0812810000000000    3.5685330000000000
O Li
2 2
direct
   0.3330630000000000    0.0810250000000000    0.5309900000000000 O
   0.3322780000000000    0.0798410000000000    0.9545490000000000 O
   0.9994960000000001    0.7465440000000000    0.7427790000000000 Li
   0.6655300000000000    0.4143290000000000    0.2427620000000000 Li
EA5     2.359  2.360  4.082 106.80 90.01 60.03 Sym.group:  225
1.0
   1.1935640000000001   -2.0350649999999999   -0.0041010000000000
   2.3600629999999998    0.0172160000000000    0.0214400000000000
  -1.2097329999999999   -0.7161810000000000    3.8327450000000001
H Li
2 2
direct
   0.6184950000000000    0.7575160000000000    0.3815790000000000 H
   0.1190320000000000    0.7566050000000000    0.8816970000000000 H
   0.8690400000000000    0.2571020000000000    0.6313450000000000 Li
   0.3686920000000000    0.2571480000000000    0.1312920000000000 Li
EA14    2.461  2.461  4.073 90.00 90.00 120.00 Sym.group:  186
1.0
   2.4611839999999998    0.0001860000000000   -0.0017710000000000
  -1.2306960000000000    2.1314380000000002    0.0008860000000000
   0.0031600000000000    0.0000000000000000    4.0726279999999999
N B
2 2
direct
   0.6728370000000000    0.3458740000000000    0.1324850000000000 N
   0.3397440000000000    0.6799690000000000    0.6324850000000000 N
   0.3395030000000000    0.6792210000000000    0.0064780000000000 B
   0.6730610000000000    0.3466200000000000    0.5064770000000000 B
EA104   2.393  7.779  2.394 90.76 62.10 81.30 Sym.group:  166
1.0
   2.3920650000000001    0.0650340000000000    0.0412650000000000
   0.9647100000000000    7.7172099999999997    0.1542300000000000
   1.0897640000000000   -0.2104310000000000    2.1206930000000002
C Cl
2 2
direct
   0.9111640000000000    0.3648850000000000    0.1786930000000000 C
   0.5753700000000000    0.3649480000000000    0.8429700000000000 C
   0.0196780000000000    0.6956360000000000    0.6201170000000000 Cl
   0.4567960000000000    0.0341320000000000    0.3925650000000000 Cl
EA161   4.663  3.307  3.307 90.00 90.00 90.00 Sym.group:  225
1.0
   4.6632980000000002   -0.0034580000000000    0.0014890000000000
   0.0022380000000000    3.3066650000000002   -0.0021100000000000
  -0.0009630000000000    0.0023220000000000    3.3070949999999999
Mg S
2 2
direct
   0.1267730000000000    0.7812550000000000    0.7745649999999999 Mg
   0.6280880000000000    0.2806070000000000    0.2750160000000000 Mg
   0.1280070000000000    0.2813220000000000    0.2745110000000000 S
   0.6270160000000000    0.7806980000000000    0.7749300000000000 S
EA157   2.927  2.927  5.064 106.78 73.22 119.98 Sym.group:  216
1.0
   2.9268130000000001   -0.0061000000000000    0.0118420000000000
  -1.4573590000000001    2.5381730000000000   -0.0117750000000000
   1.4405770000000000   -0.8361280000000000    4.7824660000000003
C Si
2 2
direct
   0.1811680000000000    0.8183610000000000    0.1865780000000000 C
   0.6810480000000000    0.3187240000000000    0.6865980000000000 C
   0.8062030000000000    0.1933240000000000    0.3113380000000000 Si
   0.3060940000000000    0.6936730000000000    0.8113290000000000 Si
EA147   2.996  2.999  5.178 73.37 73.35 60.38 Sym.group:  216
1.0
   1.4932460000000001   -2.5971039999999999    0.0180820000000000
   2.9985070000000000    0.0145310000000000    0.0061030000000000
   1.4761340000000001   -0.8287470000000000    4.8930449999999999
B P
2 2
direct
   0.9908850000000000    0.6463530000000000    0.3190910000000000 B
   0.4906340000000000    0.1463590000000000    0.8190930000000000 B
   0.3659650000000000    0.0219840000000000    0.1948480000000000 P
   0.8657210000000000    0.5219900000000000    0.6948470000000000 P
EA54    2.761  3.165  2.761 90.01 90.06 90.05 Sym.group:  123
1.0
   2.7611260000000000   -0.0058660000000000    0.0104370000000000
   0.0041570000000000    3.1652330000000002   -0.0010700000000000
  -0.0132800000000000    0.0004560000000000    2.7611740000000000
Mg P
1 1
direct
   0.4719270000000000    0.5237270000000001    0.5175190000000000 Mg
   0.9723230000000000    0.0236670000000000    0.0171820000000000 P
EA116   3.716  3.714  4.013 89.99 89.98 90.02 Sym.group:  123
1.0
   3.7163780000000002   -0.0053910000000000    0.0154880000000000
   0.0039180000000000    3.7143590000000000    0.0157850000000000
  -0.0152380000000000   -0.0163190000000000    4.0129180000000000
Na Mg
2 2
direct
   0.3733960000000000    0.8768629999999999    0.9967110000000000 Na
   0.8733960000000000    0.3768490000000000    0.9966699999999999 Na
   0.3732840000000000    0.3770070000000000    0.4963710000000000 Mg
   0.8732600000000000    0.8769950000000000    0.4963460000000000 Mg
EA255   2.808  7.269  2.809 89.99 119.98 90.01 Sym.group:  156
1.0
   1.4083650000000001   -0.0007640000000000    2.4297300000000002
   0.0079270000000000    7.2686140000000004   -0.0038130000000000
  -2.8088030000000002    0.0037370000000000    0.0056440000000000
N Si
3 3
direct
   0.5507530000000000    0.1724370000000000    0.9972450000000000 N
   0.8840190000000000    0.9074050000000000    0.6634409999999999 N
   0.8834540000000000    0.4380670000000000    0.6644550000000000 N
   0.8841000000000000    0.1756560000000000    0.6637750000000000 Si
   0.2167830000000000    0.5436650000000000    0.3309670000000000 Si
   0.5505630000000000    0.8060200000000000    0.9970550000000000 Si
EA9     3.535  3.538  4.372 66.13 113.84 89.99 Sym.group:  141
1.0
   3.5016240000000001    0.4839560000000000   -0.0003920000000000
  -0.4839390000000000    3.5051120000000000    0.0003880000000000
  -1.9923460000000000    1.5102000000000000    3.5864750000000001
Al Si
2 2
direct
   0.7532250000000000    0.7507960000000000    0.4994310000000000 Al
   0.0030600000000000    0.0009340000000000    0.9991090000000000 Al
   0.5033750000000000    0.5006130000000000    0.9997300000000000 Si
   0.2529090000000000    0.2511170000000000    0.4988110000000000 Si
EA197   2.847  2.845  5.780 75.79 75.77 60.12 Sym.group:  166
1.0
   2.8470230000000001    0.0280920000000000    0.0087170000000000
   1.3929590000000001    2.4807440000000001    0.0406380000000000
   1.3965620000000001    0.7523430000000000    5.5580829999999999
B S
2 2
direct
   0.9827570000000000    0.6458840000000000    0.2853540000000000 B
   0.0785050000000000    0.7424670000000000    0.9946940000000000 B
   0.7925930000000000    0.4566900000000000    0.8509330000000001 S
   0.2686690000000000    0.9316610000000000    0.4291140000000000 S
EA273   3.267  5.262  3.275 72.09 89.92 72.14 Sym.group:  139
1.0
   3.2572770000000002   -0.2366790000000000   -0.0918090000000000
   1.9823670000000000    3.8341449999999999    3.0104280000000001
   0.0149660000000000   -1.0586789999999999    3.0996350000000001
Al S
2 2
direct
   0.8955780000000000    0.9574260000000000    0.0383110000000000 Al
   0.6404490000000000    0.4558070000000000    0.7833750000000000 Al
   0.1248000000000000    0.4889460000000000    0.2676990000000000 S
   0.4112270000000000    0.9242870000000000    0.5539870000000000 S
EA105   2.428  2.428  5.036 90.05 90.04 60.01 Sym.group:  164
1.0
   1.2154870000000000   -2.1018800000000000    0.0020810000000000
   2.4280529999999998    0.0019900000000000    0.0042800000000000
  -0.0133960000000000    0.0014390000000000    5.0355910000000002
C Li
2 2
direct
   0.0379250000000000    0.6681760000000000    0.9610740000000000 C
   0.7046490000000000    0.3349480000000000    0.0347930000000000 C
   0.7042840000000000    0.3343490000000000    0.6734100000000000 Li
   0.0382670000000000    0.6689450000000000    0.3224520000000000 Li
EA16    2.634  2.632  5.796 77.11 89.87 119.64 Sym.group:  166
1.0
   2.5643349999999998   -0.5950740000000000    0.0862310000000000
  -0.7559740000000000    2.5187360000000001    0.1038400000000000
   0.0878040000000000    1.1436679999999999    5.6817510000000002
Al O
2 2
direct
   0.8713770000000000    0.2547800000000000    0.2520090000000000 Al
   0.3712730000000000    0.2545730000000000    0.7520200000000000 Al
   0.9803200000000000    0.4741660000000000    0.9259300000000000 O
   0.7625100000000000    0.0352760000000000    0.5780880000000000 O
EA54    2.431  2.432  3.419 89.93 89.92 60.01 Sym.group:  164
1.0
   2.4311050000000001   -0.0018390000000000   -0.0004700000000000
   1.2170589999999999    2.1050010000000001   -0.0004580000000000
   0.0054850000000000    0.0025470000000000    3.4190719999999999
C H
2 2
direct
   0.3421560000000000    0.8341480000000000    0.8283880000000000 C
   0.6756470000000000    0.1676600000000000    0.6961030000000000 C
   0.6762980000000000    0.1681510000000000    0.3806000000000000 H
   0.3415220000000000    0.8336330000000000    0.1438910000000000 H
EA73    2.789  5.243  2.809 91.06 60.23 105.42 Sym.group:  166
1.0
   1.3985540000000001   -0.3513360000000000    2.3871799999999999
  -1.4309570000000000    5.0436110000000003   -0.0478810000000000
  -1.4091160000000000   -0.4309690000000000    2.3911660000000001
Al B
2 2
direct
   0.8150870000000000    0.2544920000000000    0.2685300000000000 Al
   0.4180680000000000    0.6509380000000000    0.4598690000000000 Al
   0.2867430000000000    0.9585540000000000    0.0297150000000000 B
   0.9464220000000000    0.9468760000000001    0.6986730000000000 B
EA105   2.477  2.478  8.283 89.47 90.44 119.82 Sym.group:  194
1.0
   1.2481599999999999   -2.1395260000000000   -0.0028470000000000
   1.2360940000000000    2.1478910000000000    0.0029720000000000
   0.0116030000000000    0.0694510000000000    8.2828850000000003
Na Li
2 2
direct
   0.3184730000000000    0.6603190000000000    0.2539640000000000 Na
   0.6474820000000000    0.3277020000000000    0.7538940000000000 Na
   0.9940530000000000    0.0029500000000000    0.0041030000000000 Li
   0.0000310000000000    0.0120860000000000    0.5037840000000000 Li
EA18    2.822  2.833  4.690 90.32 90.23 60.73 Sym.group:  164
1.0
   1.4439240000000000   -2.4244420000000000    0.0032630000000000
   2.8324150000000001    0.0742730000000000   -0.0098110000000000
  -0.0105710000000000    0.0217840000000000    4.6904250000000003
C P
2 2
direct
   0.9990000000000000    0.9942210000000000    0.3454370000000000 C
   0.9988210000000000    0.9991910000000001    0.6608760000000000 C
   0.3326470000000000    0.3291990000000000    0.1795880000000000 P
   0.6651750000000000    0.6642130000000001    0.8267250000000000 P
EA272   2.821  2.821  5.546 89.92 90.16 119.84 Sym.group:  164
1.0
   2.8214020000000000    0.0030940000000000    0.0052530000000000
  -1.4062340000000000    2.4455480000000001    0.0005210000000000
  -0.0261630000000000   -0.0068980000000000    5.5460919999999998
F Mg
2 2
direct
   0.3251680000000000    0.6632720000000000    0.6423250000000000 F
   0.6577290000000000    0.3290550000000000    0.3590160000000000 F
   0.3229400000000000    0.6630130000000000    0.1933900000000000 Mg
   0.6598600000000000    0.3292440000000000    0.8079980000000000 Mg
EA122   3.658  3.658  3.371 90.00 90.00 92.66 Sym.group:  123
1.0
   3.6567090000000002   -0.0867660000000000   -0.0089370000000000
  -0.0832930000000000    3.6570149999999999    0.0165820000000000
   0.0077750000000000   -0.0150320000000000    3.3704790000000000
Al Si
2 2
direct
   0.7587080000000000    0.2476840000000000    0.4975030000000000 Al
   0.2581390000000000    0.7474740000000000    0.4974190000000000 Al
   0.2589800000000000    0.2473450000000000    0.9974730000000001 Si
   0.7578530000000000    0.7477740000000000    0.9974440000000000 Si
EA51    4.796  2.354  4.879 90.01 119.41 90.00 Sym.group:  123
1.0
   4.7943530000000001    0.0034510000000000   -0.1058000000000000
  -0.0016520000000000    2.3544399999999999   -0.0011250000000000
  -2.3010370000000000   -0.0006120000000000    4.3019639999999999
Na Si
2 2
direct
   0.7457680000000000    0.7559950000000000    0.7465190000000000 Na
   0.2459260000000000    0.7541940000000000    0.7466760000000000 Na
   0.2460550000000000    0.2547740000000000    0.2466200000000000 Si
   0.7464430000000000    0.2548220000000000    0.2467900000000000 Si
EA351   3.101  4.005  3.168 89.75 90.00 89.84 Sym.group:  129
1.0
   3.1013400000000000   -0.0014890000000000    0.0003730000000000
   0.0128550000000000    4.0047420000000002   -0.0016520000000000
  -0.0004820000000000    0.0152050000000000    3.1680720000000000
F P
2 2
direct
   0.7378749999999999    0.9171750000000000    0.2530480000000000 F
   0.2378290000000000    0.0927400000000000    0.7519990000000000 F
   0.7508330000000000    0.5162980000000000    0.2485800000000000 P
   0.2511700000000000    0.4936080000000000    0.7513919999999999 P
EA115   3.872  3.872  3.872 90.03 119.99 119.98 Sym.group:  227
1.0
   0.0885970000000000   -2.2011989999999999   -3.1837399999999998
   1.8915800000000000    3.3775230000000001    0.0702230000000000
   1.8911380000000000   -1.1273070000000001    3.1854429999999998
Al Li
2 2
direct
   0.6172470000000000    0.8650330000000001    0.1149040000000000 Al
   0.1173490000000000    0.6150020000000000    0.3650230000000000 Al
   0.6173140000000000    0.3650650000000000    0.6149790000000001 Li
   0.1173030000000000    0.1150330000000000    0.8650220000000000 Li
EA237   3.077  3.077  6.387 103.80 103.81 60.08 Sym.group:  166
1.0
   1.5414200000000000    2.6636389999999999    0.0010510000000000
  -1.5398769999999999    2.6643400000000002   -0.0072570000000000
  -0.0179460000000000   -1.7529170000000001    6.1412370000000003
S Si
2 2
direct
   0.8843330000000000    0.1459110000000000    0.9263890000000000 S
   0.1010140000000000    0.3622070000000000    0.5762550000000000 S
   0.7013260000000000    0.9626040000000000    0.3776210000000000 Si
   0.2840180000000000    0.5455179999999999    0.1250220000000000 Si
EA88    2.997  2.995  6.979 90.01 90.09 119.93 Sym.group:  164
1.0
   2.9968309999999998   -0.0235090000000000    0.0037260000000000
  -1.4738770000000001    2.6074269999999999    0.0030110000000000
  -0.0203500000000000   -0.0214480000000000    6.9790400000000004
Cl Mg
2 2
direct
   0.0072470000000000    0.9945030000000000    0.0901720000000000 Cl
   0.3412810000000000    0.6617450000000000    0.7858309999999999 Cl
   0.3416280000000000    0.6614900000000000    0.2944480000000000 Mg
   0.0067290000000000    0.9948920000000000    0.5815460000000000 Mg
EA21    3.181  3.224  3.224 119.21 119.52 60.48 Sym.group:  225
1.0
   3.1807430000000001    0.0060770000000000   -0.0043340000000000
   1.5832590000000000    2.8086280000000001    0.0022880000000000
  -1.5833900000000001   -0.9159920000000000    2.6552099999999998
P Si
1 1
direct
   0.9917700000000000    0.9975650000000000    0.0039190000000000 P
   0.4917320000000000    0.4975890000000000    0.5038930000000000 Si
EA40    3.302  3.304  5.255 90.00 90.00 119.97 Sym.group:  194
1.0
   3.3019690000000002    0.0002330000000000   -0.0010690000000000
  -1.6505240000000001    2.8620000000000001   -0.0003000000000000
   0.0014970000000000    0.0013480000000000    5.2548159999999999
Al P
2 2
direct
   0.9987549999999999    0.0054590000000000    0.9985550000000000 Al
   0.9988020000000000    0.0054790000000000    0.4985540000000000 Al
   0.6655219999999999    0.3390830000000000    0.7485600000000000 P
   0.3320310000000000    0.6718530000000000    0.2485520000000000 P
EA111   3.064  3.065  4.052 89.99 90.03 60.00 Sym.group:  187
1.0
   3.0644469999999999    0.0054710000000000    0.0071540000000000
   1.5274850000000000    2.6566920000000001   -0.0020150000000000
  -0.0114100000000000    0.0102490000000000    4.0519959999999999
N Mg
2 2
direct
   0.9948500000000000    0.0043460000000000    0.8350550000000000 N
   0.9939829999999999    0.0049470000000000    0.3959230000000000 N
   0.3279030000000000    0.3378790000000000    0.1154070000000000 Mg
   0.6611650000000000    0.6712720000000000    0.6155530000000000 Mg
EA38    2.493  4.344  3.535 90.06 90.01 89.98 Sym.group:  191
1.0
   2.4929779999999999    0.0120400000000000    0.0011120000000000
  -0.0193490000000000    4.3433999999999999    0.0228970000000000
  -0.0021150000000000   -0.0226460000000000    3.5351050000000002
Al F
2 2
direct
   0.1352800000000000    0.3769140000000000    0.3730740000000000 Al
   0.6352830000000000    0.8769150000000000    0.3735150000000000 Al
   0.6350260000000000    0.8773110000000000    0.8734630000000000 F
   0.1346930000000000    0.3773080000000000    0.8731260000000000 F
EA12    2.446  2.445  4.951 90.04 90.14 60.01 Sym.group:  164
1.0
   1.2238709999999999    2.1174430000000002    0.0050860000000000
  -1.2220370000000000    2.1179109999999999    0.0011470000000000
  -0.0159580000000000   -0.0163780000000000    4.9512000000000000
C F
2 2
direct
   0.5732030000000000    0.5824680000000000    0.4103930000000000 C
   0.2392400000000000    0.2492650000000000    0.3130770000000000 C
   0.5750720000000000    0.5818719999999999    0.6815540000000000 F
   0.2371290000000000    0.2495140000000000    0.0419140000000000 F
EA56    2.543  4.045  2.494 90.00 89.96 90.00 Sym.group:  123
1.0
   2.5430709999999999    0.0003640000000000   -0.0105260000000000
  -0.0005950000000000    4.0454439999999998   -0.0003850000000000
   0.0122430000000000    0.0002370000000000    2.4935969999999998
Al Mg
1 1
direct
   0.0410140000000000    0.6772810000000000    0.1313260000000000 Al
   0.5412470000000000    0.1772920000000000    0.6312200000000000 Mg
EA114   2.436  2.439  5.169 77.55 76.80 60.13 Sym.group:  160
1.0
   2.4355069999999999    0.0326110000000000    0.0116820000000000
   1.1858379999999999    2.1292949999999999    0.0868090000000000
   1.1506099999999999    0.4304810000000000    5.0213619999999999
C Li
2 2
direct
   0.5081329999999999    0.2797530000000000    0.7069520000000000 C
   0.1531480000000000    0.9274030000000000    0.7711570000000000 C
   0.3870170000000000    0.1686560000000000    0.0696140000000000 Li
   0.9309630000000000    0.7045960000000000    0.4353600000000000 Li
EA9     2.558  2.558  4.154 90.00 90.00 120.00 Sym.group:  186
1.0
   1.2797879999999999   -2.2145630000000001    0.0001290000000000
   1.2780560000000001    2.2155209999999999   -0.0019060000000000
   0.0026940000000000    0.0021730000000000    4.1543720000000004
O Be
2 2
direct
   0.3187550000000000    0.6586500000000000    0.1303500000000000 O
   0.6521370000000000    0.3252110000000000    0.6303460000000000 O
   0.6520600000000000    0.3252690000000000    0.0078250000000000 Be
   0.3187180000000000    0.6585320000000000    0.5077120000000001 Be
EA7     3.625  3.625  3.332 90.00 90.00 90.00 Sym.group:  123
1.0
   3.6252330000000001   -0.0011210000000000    0.0003220000000000
   0.0011950000000000    3.6252190000000000    0.0016460000000000
  -0.0002880000000000   -0.0015150000000000    3.3316040000000000
Mg Li
2 2
direct
   0.6201150000000000    0.6232880000000000    0.6368300000000000 Mg
   0.1202830000000000    0.1232430000000000    0.6365030000000000 Mg
   0.1199110000000000    0.6231380000000000    0.1366970000000000 Li
   0.6202810000000000    0.1232470000000000    0.1366900000000000 Li
EA1     2.891  2.880  4.081 89.57 90.09 90.00 Sym.group:  225
1.0
   2.8911319999999998   -0.0003270000000000    0.0019110000000000
   0.0002030000000000    2.8802469999999998   -0.0082450000000000
  -0.0088840000000000    0.0424570000000000    4.0804640000000001
F Na
2 2
direct
   0.3711040000000000    0.8696680000000000    0.9639440000000000 F
   0.8750260000000000    0.3707220000000000    0.4635940000000000 F
   0.8712290000000000    0.3703310000000000    0.9633980000000000 Na
   0.3753950000000000    0.8713330000000000    0.4642500000000000 Na
EA114   4.141  4.141  4.162 60.89 119.12 88.62 Sym.group:  141
1.0
   2.0541250000000000    3.5947680000000002    0.0624260000000000
  -2.0546489999999999    1.2305200000000001    3.3777879999999998
   0.0434070000000000   -2.4165770000000002    3.3888379999999998
Al Na
2 2
direct
   0.6281440000000000    0.2378450000000000    0.7580070000000000 Al
   0.3775850000000000    0.9872760000000000    0.2580290000000000 Al
   0.1281480000000000    0.7376060000000000    0.7579740000000000 Na
   0.8776800000000000    0.4874720000000000    0.2579760000000000 Na
EA114   2.546  2.586  4.018 108.38 72.25 89.09 Sym.group:  139
1.0
   2.5375939999999999   -0.1679290000000000    0.1117830000000000
   0.2128880000000000    2.5775969999999999   -0.0226080000000000
   0.9802280000000000   -1.3202320000000001    3.6662240000000001
N Li
2 2
direct
   0.1015080000000000    0.9211620000000000    0.8257960000000000 N
   0.9305960000000000    0.0943010000000000    0.1707700000000000 N
   0.6756560000000000    0.3464750000000000    0.6766320000000000 Li
   0.3564550000000000    0.6689889999999999    0.3199300000000000 Li
EA83    2.354  2.335  5.556 90.14 102.13 119.49 Sym.group:  166
1.0
   2.3518390000000000   -0.0925950000000000    0.0066780000000000
  -1.0686279999999999    2.0757140000000001    0.0172670000000000
  -1.2107920000000001   -0.6831660000000001    5.3792720000000003
Be F
2 2
direct
   0.4774560000000000    0.3644900000000000    0.3385240000000000 Be
   0.0195150000000000    0.1386650000000000    0.6588619999999999 Be
   0.4619270000000000    0.8595840000000000    0.8206120000000000 F
   0.0351830000000000    0.6438820000000000    0.1767780000000000 F
EA128   2.434  2.435  3.699 70.87 109.14 119.97 Sym.group:  166
1.0
   2.4335160000000000    0.0063920000000000   -0.0327730000000000
  -1.2215300000000000    2.1059269999999999    0.0282300000000000
  -1.1679610000000000    0.6774920000000000    3.4434990000000001
C H
2 2
direct
   0.6287880000000000    0.1051270000000000    0.8125530000000000 C
   0.2516170000000000    0.4822160000000000    0.6810370000000000 C
   0.1471790000000000    0.5860860000000000    0.3666050000000000 H
   0.7332090000000000    0.0006370000000000    0.1269880000000000 H
EA184   2.628  2.628  5.549 76.48 89.99 60.00 Sym.group:  166
1.0
   2.6278120000000000   -0.0009680000000000   -0.0010900000000000
   1.3147050000000000    2.2752759999999999    0.0152080000000000
   0.0035370000000000    1.4601759999999999    5.3531079999999998
N Si
2 2
direct
   0.1769520000000000    0.4017870000000000    0.2829340000000000 N
   0.3939690000000000    0.9685220000000000    0.9215370000000001 N
   0.2838900000000000    0.1855700000000000    0.6022390000000000 Si
   0.7855080000000000    0.1851400000000000    0.1022340000000000 Si
EA52    3.213  2.318  2.318 120.00 89.99 90.01 Sym.group:  191
1.0
   3.2133159999999998    0.0024550000000000   -0.0044090000000000
  -0.0041960000000000    1.1843830000000000   -1.9923780000000000
   0.0022070000000000    1.1333370000000000    2.0218630000000002
H Si
1 1
direct
   0.3412390000000000    0.2445300000000000    0.9988190000000000 H
   0.8412180000000000    0.2504320000000000    0.0009270000000000 Si
EA275   2.813  2.813  6.299 89.87 102.79 60.12 Sym.group:  166
1.0
   1.4122960000000000    2.4327350000000001    0.0061990000000000
  -1.4056450000000000    2.4363750000000000    0.0073130000000000
  -1.4058700000000000   -0.8123250000000000    6.0864279999999997
Be Cl
2 2
direct
   0.0196630000000000    0.5948790000000000    0.4055390000000000 Be
   0.5253679999999999    0.8440730000000000    0.6624949999999999 Be
   0.9806180000000000    0.1164900000000000    0.8455670000000000 Cl
   0.5644380000000000    0.3224570000000000    0.2224670000000000 Cl
EA123   5.647  3.102  3.101 90.00 90.03 90.01 Sym.group:  129
1.0
   5.6474359999999999   -0.0058580000000000    0.0235360000000000
   0.0028310000000000    3.1019470000000000   -0.0016190000000000
  -0.0143380000000000    0.0016730000000000    3.1010089999999999
Cl P
2 2
direct
   0.0491200000000000    0.8893030000000000    0.6548640000000000 Cl
   0.3445530000000000    0.3894800000000000    0.1569170000000000 Cl
   0.6991170000000000    0.8893890000000000    0.6615680000000000 P
   0.6945690000000000    0.3892620000000000    0.1612970000000000 P
EA125   3.047  3.111  3.202 89.76 90.52 90.00 Sym.group:  129
1.0
   3.0467860000000000   -0.0000550000000000    0.0033390000000000
  -0.0000940000000000    3.1108709999999999   -0.0101860000000000
  -0.0328360000000000    0.0237280000000000    3.2015600000000002
H P
2 2
direct
   0.2426430000000000    0.7489150000000000    0.5106240000000000 H
   0.7460620000000000    0.2478020000000000    0.4908810000000000 H
   0.2442380000000000    0.7486159999999999    0.9688870000000001 P
   0.7444740000000000    0.2483850000000000    0.0326210000000000 P
EA245   2.766  2.767  3.637 90.04 90.12 61.32 Sym.group:  164
1.0
   2.7660790000000000   -0.0258580000000000   -0.0020680000000000
   1.3504849999999999    2.4147609999999999   -0.0082960000000000
  -0.0049130000000000    0.0122750000000000    3.6371820000000001
B Be
2 2
direct
   0.0054240000000000    0.9968560000000000    0.3645330000000000 B
   0.6704410000000000    0.6611390000000000    0.1543400000000000 B
   0.0075860000000000    0.9983230000000000    0.8967300000000000 Be
   0.6683190000000000    0.6596810000000000    0.6221790000000000 Be
EA268   2.874  2.873  6.121 89.71 90.32 119.87 Sym.group:  164
1.0
   2.8744070000000002   -0.0061880000000000    0.0068930000000000
  -1.4253830000000001    2.4946869999999999   -0.0017290000000000
  -0.0491440000000000    0.0120510000000000    6.1205809999999996
Be Cl
2 2
direct
   0.9931480000000000    0.0035690000000000    0.1559510000000000 Be
   0.9977680000000000    0.0010590000000000    0.8496060000000000 Be
   0.3303930000000000    0.6685950000000001    0.6854789999999999 Cl
   0.6605470000000000    0.3360420000000000    0.3201440000000000 Cl
