NUMBER OF TEMPLATES 25
COMPOSITION A 3 B
pairs , SPACEGROUPS 
[Al Li] , 139 
[B S] , 164 
[Na F] , 164 
[S Cl] , 162 
[Na O] , 176 
[Na Si] , 139 
[Al Mg] , 221 
[C H] , 166 
[P Si] , 123 
[C B] , 115 
[Be O] , 160 
[C F] , 166 
[S Li] , 229 
[C N] , 160 
[Mg Be] , 123 
[F P] , 148 
[Al F] , 166 
[Na P] , 225 
[Li F] , 160 
[P Na] , 191 
[Mg N] , 164 
[Be Cl] , 129 
[P Si] , 139 
[S H] , 107 
[Al S] , 123 
RANKING VECTORS ENTHALPIES
0:[-92.28301491 -92.26820952 -92.2659712  -92.26248038 -92.26194785 -92.25040042 -92.24541177 -92.2300863  -92.20794777 -92.20463179 -92.20067    -92.1355273  -92.07735938 -92.06791609 -92.00692155 -91.96417654 -91.92580887 -91.89719317 -91.85494699 -91.73963606 -91.637108   -91.58102874 -91.46201256 -91.24149285 -91.22799012] 
1:[-132.16509091 -132.15112584 -131.94239566 -131.89435806 -131.84497595 -131.8107828  -131.79337788 -131.77426034 -131.76987563 -131.70083432 -131.67323076 -131.6399066  -131.60658792 -131.59872412 -131.59026419 -131.58811394 -131.58706674 -131.53139873 -131.39150555 -131.36459252 -131.00542469 -130.75885949 -130.70091321 -130.64640737 -130.63868322] 
2:[-1096.45150665 -1096.44747173 -1096.37860177 -1096.37782077 -1096.34730383 -1096.3307762  -1096.2563101  -1096.25155921 -1096.12308721 -1096.03581673 -1096.03447997 -1096.02427457 -1096.01246966 -1095.99449428 -1095.98847692 -1095.9354002 -1095.8943044  -1095.84371853 -1095.80603522 -1095.78277919 -1095.75234202 -1095.73160764 -1095.65482298 -1095.52974975 -1095.09645213] 
3:[-331.5686082  -331.51258765 -331.4982846  -331.48207766 -331.46212641 -331.43626876 -331.39475472 -331.35705838 -331.32970205 -331.32509004 -331.30272408 -331.29930448 -331.23364429 -331.23159406 -331.22921834 -331.21048982 -331.20296791 -331.14099495 -331.13887651 -331.13547731 -331.13208927 -331.12030104 -331.09791778 -331.05553765 -330.58369684] 
4:[-1041.38621913 -1041.3271907  -1041.08543875 -1041.08527405 -1041.08478137 -1041.07676862 -1041.07177519 -1041.07036522 -1041.02036869 -1040.99716991 -1040.96525046 -1040.91780775 -1040.91298861 -1040.88308584 -1040.88279049 -1040.88197778 -1040.87057082 -1040.67591818 -1040.65326268 -1040.52421442 -1040.3828668  -1040.29886678 -1040.06164684 -1039.96044508 -1039.58411545] 
5:[-956.12574467 -956.11714984 -956.11407292 -956.10817882 -956.10770369 -956.07879432 -956.01373113 -956.01319654 -955.99962924 -955.97631796 -955.97105073 -955.94819275 -955.92324414 -955.85454041 -955.85097439 -955.83996604 -955.79314658 -955.73376409 -955.6855415  -955.64615638 -955.64005755 -955.63277321 -955.60661044 -955.59621215 -955.4642692 ] 
6:[-446.68962113 -446.66919831 -446.66785912 -446.654316   -446.64087182 -446.60987054 -446.56391118 -446.54092616 -446.52789925 -446.51751104 -446.51659854 -446.46902579 -446.46833705 -446.41939284 -446.40745922 -446.36256954 -446.33876939 -446.22653542 -446.01080692 -445.93031715 -445.9146533  -445.90202937 -445.58196458 -445.55799907 -445.54820186] 
7:[-125.19792927 -125.19152437 -124.25793986 -124.21715901 -124.21652253 -123.77738881 -123.76894479 -123.70946569 -123.45267814 -123.2276723 -122.79731392 -122.73878149 -122.72644675 -122.71899423 -122.69281496 -122.6870346  -122.68399822 -122.65736375 -122.64625921 -122.64352048 -122.21554058 -121.83714287 -121.83437994 -121.82678566 -121.76792603] 
8:[-165.92143852 -165.91889146 -165.90449    -165.90297259 -165.90064434 -165.77507706 -165.7750314  -165.72829213 -165.72650995 -165.7105673 -165.70669069 -165.67294513 -165.66014748 -165.65419768 -165.64610818 -165.60378284 -165.56875156 -165.56757982 -165.56675894 -165.54622195 -165.53697399 -165.51997233 -165.46585803 -165.27305352 -165.05504121] 
9:[-140.83141055 -140.83035618 -140.79323567 -140.75913201 -140.75874218 -140.75108224 -140.12880638 -139.61656854 -139.37573025 -139.10361182 -139.09709682 -139.03023768 -139.00741382 -138.81668974 -138.81499815 -138.44259898 -138.44091986 -138.25805    -138.18207136 -137.71671992 -137.40674233 -137.32761063 -137.32673486 -137.31616757 -137.17200226] 
10:[-395.31078056 -395.24606114 -395.22478181 -395.22195532 -395.19855921 -395.1906048  -395.18685622 -395.10054026 -395.0741533  -394.91367708 -394.82809526 -394.7522462  -394.70519875 -394.62567771 -394.59941203 -394.57542393 -394.5016617  -394.45187452 -394.4472129  -394.44116594 -394.37853074 -393.90039957 -393.81219256 -393.46624221 -393.44755251] 
11:[-288.34771459 -288.33074123 -287.49865069 -286.76573985 -286.53282718 -286.50869374 -286.36629177 -286.30438505 -285.93130833 -285.87146318 -285.73484686 -285.73008444 -285.68647192 -285.52311098 -285.50427065 -285.27646053 -285.23603894 -285.20571587 -285.15245783 -285.09744244 -284.55850485 -284.54886616 -284.54772985 -284.48051526 -283.94933957] 
12:[-270.37968927 -270.37952445 -270.30054811 -270.28223041 -270.21449551 -270.16803354 -270.15860349 -270.13025717 -270.03928025 -269.96431872 -269.94683768 -269.94097019 -269.89848017 -269.87214752 -269.87190889 -269.85248272 -269.85207901 -269.84723171 -269.83543138 -269.82100922 -269.76465626 -269.74460604 -269.65128076 -269.50989857 -269.46239238] 
13:[-191.29072715 -190.95830629 -190.95050634 -190.87423472 -190.87227663 -190.55869245 -190.53550267 -190.49187471 -189.91441556 -189.4015662 -189.17837816 -189.16301878 -189.02584049 -189.01644647 -188.94823819 -188.89133698 -188.61952637 -188.61721606 -188.40670903 -188.28509683 -187.39849664 -187.19031384 -187.18813091 -187.17325958 -186.82973229] 
14:[-1301.92496878 -1301.91924476 -1301.90979244 -1301.90597144 -1301.89943592 -1301.8993979  -1301.89905358 -1301.89516311 -1301.83295134 -1301.80610973 -1301.76998993 -1301.75011345 -1301.72587504 -1301.6095438  -1301.59403716 -1301.51076752 -1301.49743793 -1301.49451942 -1301.48332809 -1301.30115309 -1301.22353829 -1301.22180255 -1301.20144328 -1300.99166158 -1300.91763747] 
15:[-547.31641182 -547.04533284 -547.00216124 -546.93585553 -546.68439482 -546.66222721 -546.48709389 -546.45266967 -546.4407698  -546.42358779 -546.39415156 -546.37431291 -546.32597072 -546.29035805 -546.18662599 -546.16308383 -546.14843685 -546.08541727 -545.92869214 -545.64416653 -545.61531584 -545.6114501  -545.58918486 -545.57805547 -545.54490022] 
16:[-211.41815922 -211.33004777 -211.18762682 -211.18662098 -211.15011193 -211.14730214 -211.12047027 -211.11959935 -211.03456221 -211.00729476 -210.89370255 -210.88948739 -210.78586756 -210.74899193 -210.71015708 -210.70990341 -210.70584485 -210.6761039  -210.66511666 -210.559342 -210.52044889 -210.49339151 -210.41681681 -210.34295635 -210.15828811] 
17:[-975.27410385 -975.27402716 -975.26637639 -975.2520572  -974.99917711 -974.97595124 -974.93965131 -974.91052655 -974.76451451 -974.75004624 -974.67766358 -974.57444914 -974.5631005  -974.43223573 -974.43123246 -974.40267584 -974.35102387 -974.3034569  -974.26337724 -974.23579627 -974.20683925 -974.16284839 -974.11905803 -974.11453548 -974.01443709] 
18:[-312.49312207 -312.48649732 -312.45335959 -312.4457701  -312.43543505 -312.43320103 -312.4116014  -312.37120772 -312.33813705 -312.3356535 -312.22674183 -312.17566148 -312.090019   -312.03720945 -311.98903702 -311.95515584 -311.80795191 -311.78331952 -311.76153735 -311.74363775 -311.72237814 -311.66323792 -311.61778444 -311.55029597 -311.43842553] 
19:[-447.95384147 -447.65108973 -447.63705715 -447.59697926 -447.57633443 -447.49477158 -447.48199339 -447.48042261 -447.48016751 -447.47646057 -447.39303082 -447.38442349 -447.38033632 -447.38020327 -447.33420703 -447.32904268 -447.25664196 -447.23701543 -447.14330264 -447.12278924 -447.08979057 -447.03939383 -446.99739677 -446.99190159 -446.66651388] 
20:[-1278.47996304 -1278.42298757 -1278.42269661 -1278.40043588 -1278.3758129  -1278.3110504  -1278.21270504 -1278.08850419 -1278.06242372 -1277.98124237 -1277.75059428 -1277.72292549 -1277.6855458  -1277.68540872 -1277.62944475 -1277.46854727 -1277.34566842 -1277.26257268 -1277.15901392 -1277.0182224 -1277.0085939  -1276.97238227 -1276.92986374 -1276.74426421 -1276.69862862] 
21:[-393.32126511 -392.65959158 -392.64164964 -392.63829067 -392.58715642 -392.58359086 -392.57167582 -392.55421264 -392.54939188 -392.54195577 -392.53658198 -392.48425264 -392.47832567 -392.47220831 -392.44222242 -392.43735934 -392.37491638 -392.31533285 -392.30344398 -392.28537937 -392.2833757  -392.24367737 -392.03092688 -392.02624282 -391.94807962] 
22:[-165.92143852 -165.91889146 -165.90449    -165.90297259 -165.90064434 -165.77507706 -165.7750314  -165.72829213 -165.72650995 -165.7105673 -165.70669069 -165.67294513 -165.66014748 -165.65419768 -165.64610818 -165.60378284 -165.56875156 -165.56757982 -165.56675894 -165.54622195 -165.53697399 -165.51997233 -165.46585803 -165.27305352 -165.05504121] 
23:[-224.99750888 -224.85018405 -224.82742703 -224.82001175 -224.7936405 -224.76660364 -224.76329405 -224.76260071 -224.7583964  -224.7245101 -224.72345738 -224.72065962 -224.71817069 -224.71501929 -224.7149875 -224.70210113 -224.70165517 -224.62262184 -224.55649059 -224.40927572 -224.40589053 -224.40294602 -224.39821238 -224.39194963 -224.33745319] 
24:[-118.22881578 -118.20917169 -118.06910513 -118.05372223 -118.03394947 -118.01831518 -117.94625153 -117.94528457 -117.92973697 -117.88685473 -117.8540402  -117.853405   -117.84638452 -117.84502195 -117.81807665 -117.7672546  -117.7671917  -117.70948106 -117.69880694 -117.64991865 -117.64718238 -117.62553382 -117.54742041 -117.50439945 -117.4140998 ] 
RANKING VECTORS IDX
0:[ 6. 17.  1. 21. 14.  5.  0.  4. 23.  2. 20. 15. 18. 11. 13.  3. 10. 16. 19. 24.  9. 22.  7. 12.  8.] 
1:[ 9.  1. 16.  4.  7. 18. 10. 13. 11. 21.  3. 15. 22. 23.  8. 12. 20.  2. 24. 19. 14.  0.  5.  6. 17.] 
2:[14. 21. 20.  2. 18. 13. 22.  3.  4.  9. 10.  1.  6.  7. 11. 23.  0.  5. 17.  8. 24. 19. 12. 15. 16.] 
3:[ 3. 20.  7.  1.  2. 11. 19. 21. 15. 16. 10. 18. 22.  4.  0. 17. 14.  8.  9.  5. 23. 12.  6. 24. 13.] 
4:[ 4.  1.  2. 20. 15.  3. 21. 14.  6. 13. 18.  5.  0. 11. 23. 10. 17. 22. 12.  8. 19. 24.  7.  9. 16.] 
5:[ 0. 17.  5. 23. 15. 19. 21. 14.  7.  1.  3.  6.  4.  2. 20. 13.  9. 11. 18. 16. 12. 24. 22. 10.  8.] 
6:[ 6. 21.  1.  0. 14.  2. 17.  5.  4. 18. 20. 23. 15. 19. 13. 10. 16.  3.  9. 24.  7. 11. 22.  8. 12.] 
7:[ 7. 11. 15. 13.  3. 10. 18.  9. 22. 24. 23. 12. 19. 21.  4. 14.  8.  1. 20.  2. 16.  5.  0. 17.  6.] 
8:[23. 22. 12.  8. 15. 20.  2. 17. 10.  4. 18. 14.  0.  5. 24. 19. 16. 11.  7.  1. 21.  3.  6. 13.  9.] 
9:[11.  7.  9. 18. 13. 15. 10.  3.  1.  8. 22. 23. 12.  2. 20.  4. 21. 19. 24. 16. 14.  0.  5. 17.  6.] 
10:[10. 18. 11.  7. 21.  2. 20. 13. 22.  9. 23. 14.  1.  5. 16.  3.  4.  0. 24.  8. 15.  6. 19. 17. 12.] 
11:[11.  7.  3. 15. 13. 18. 10.  9. 16. 22. 20.  2. 19.  4. 21. 23.  1. 12. 14.  8. 17. 24.  0.  5.  6.] 
12:[12. 15. 23.  8. 22. 21.  9. 14.  4. 20.  0.  1.  5. 11.  7. 18.  3.  2.  6. 24. 17. 19. 10. 13. 16.] 
13:[13.  1. 15. 18. 10.  7. 11.  9. 16.  3. 23. 19. 22. 12.  8. 21.  2. 20.  4. 24. 14.  5.  0. 17.  6.] 
14:[21. 14.  1.  4. 23.  0.  5. 17.  6. 15.  2. 18. 20. 10. 13.  7. 11.  3. 19. 16. 22.  9. 24. 12.  8.] 
15:[15.  1. 21. 23.  4.  3. 22. 17.  7.  0.  5.  6.  9. 16. 14. 24. 13. 12. 10. 11. 19.  2. 20. 18.  8.] 
16:[11. 16. 13.  2. 10. 18. 24. 20. 15.  7. 21. 14.  9. 23.  5. 17.  4.  3.  0.  1. 22. 12.  6.  8. 19.] 
17:[23.  0. 17.  5.  1. 15.  4.  6. 19.  3. 12. 21. 14.  2. 20. 18. 22.  9. 10. 24.  8.  7. 13. 11. 16.] 
18:[20.  2. 13. 21. 18. 14.  3. 22.  7. 11. 10.  9.  1.  6.  4. 15. 16.  5. 24.  0.  8. 23. 19. 17. 12.] 
19:[19.  6. 20. 21.  1.  4. 18. 14.  0. 15.  3. 23. 17.  5.  2. 10. 22. 24. 16.  8. 12.  9. 11.  7. 13.] 
20:[22.  2. 20. 18.  3. 21. 14.  4. 13. 10. 23.  1.  6.  5. 15.  9. 24. 17.  8. 11.  7. 16. 19. 12.  0.] 
21:[21. 18. 10. 14. 15.  4.  3.  7. 11.  2. 20.  1. 22. 16.  8. 24.  9. 19. 13.  0.  5. 23.  6. 12. 17.] 
22:[23. 22. 12.  8. 15. 20.  2. 17. 10.  4. 18. 14.  0.  5. 24. 19. 16. 11.  7.  1. 21.  3.  6. 13.  9.] 
23:[23. 13. 18. 21. 16. 10. 20. 12.  3. 14.  1.  2. 22. 11.  7. 15.  4.  8. 24.  5. 19.  0.  9.  6. 17.] 
24:[21. 14.  2. 20. 18. 24.  5. 15.  0. 23. 16.  1. 10.  4.  6.  7. 11. 17.  3. 13. 22.  8. 12.  9. 19.] 
POSCARS
EA177   4.251  4.252  5.159 90.00 90.00 75.05 Sym.group:  139
1.0
   4.2154579999999999    0.5472930000000000   -0.0052450000000000
   0.5589560000000000    4.2148469999999998    0.0066010000000000
   0.0078940000000000   -0.0094680000000000    5.1587009999999998
Al Li
6 2
direct
   0.0010910000000000    0.4990050000000000    0.7501610000000000 Al
   0.0011200000000000    0.4990300000000000    0.2504570000000000 Al
   0.5013290000000000    0.9987460000000000    0.7504430000000000 Al
   0.5013069999999999    0.9987150000000000    0.2501470000000000 Al
   0.5013890000000000    0.4983640000000000    0.0002660000000000 Al
   0.0010260000000000    0.9993800000000000    0.5003410000000000 Al
   0.5003830000000000    0.4998140000000000    0.4999400000000000 Li
   0.0020690000000000    0.9979560000000000    0.0006490000000000 Li
EA37    4.264  4.264  4.208 90.00 90.01 120.00 Sym.group:  164
1.0
   4.2638410000000002   -0.0001180000000000   -0.0004540000000000
  -2.1315990000000000    3.6926410000000001    0.0000530000000000
   0.0000810000000000    0.0002780000000000    4.2083029999999999
B S
6 2
direct
   0.1314800000000000    0.2601690000000000    0.1607050000000000 B
   0.7458590000000000    0.8756090000000000    0.1606640000000000 B
   0.1304490000000000    0.8744990000000000    0.1597110000000000 B
   0.8732080000000000    0.7472510000000000    0.8391130000000000 B
   0.2588290000000000    0.1318100000000000    0.8391550000000000 B
   0.8742340000000000    0.1329190000000000    0.8401110000000001 B
   0.6689410000000000    0.3370830000000000    0.6199970000000000 S
   0.3357490000000000    0.6703380000000000    0.3798190000000000 S
EA108   2.663  2.633  7.262 90.15 89.75 60.53 Sym.group:  164
1.0
   2.6627109999999998   -0.0028240000000000   -0.0033660000000000
   1.2975570000000001    2.2906209999999998    0.0006150000000000
   0.0414410000000000   -0.0478060000000000    7.2615650000000000
Na F
3 1
direct
   0.0076430000000000    0.0054250000000000    0.0009020000000000 Na
   0.3353380000000000    0.3333280000000000    0.3144020000000000 Na
   0.6486459999999999    0.6776870000000000    0.6873670000000000 Na
   0.9918040000000000    0.0055350000000000    0.5009270000000000 F
EA10    6.277  6.261  3.017 89.78 89.91 119.42 Sym.group:  162
1.0
   6.2771420000000004    0.0051010000000000    0.0010780000000000
  -3.0795029999999999    5.4508450000000002   -0.0025160000000000
   0.0043460000000000    0.0173220000000000    3.0167220000000001
S Cl
6 2
direct
   0.0052370000000000    0.7161200000000000    0.1596360000000000 S
   0.2856130000000000    0.9971670000000000    0.8429150000000000 S
   0.2830900000000000    0.2805870000000000    0.1550340000000000 S
   0.0011910000000000    0.2836330000000000    0.8412310000000000 S
   0.7208710000000000    0.0026590000000000    0.1582200000000000 S
   0.7233140000000000    0.7192170000000000    0.8460250000000000 S
   0.3400640000000000    0.6651760000000000    0.5004800000000000 Cl
   0.6663070000000000    0.3346740000000000    0.5003850000000000 Cl
EA10    5.183  5.181  3.339 90.00 90.00 60.60 Sym.group:  176
1.0
   5.1810440000000000    0.1465580000000000    0.0015340000000000
   2.4146570000000001    4.5836880000000004   -0.0019450000000000
  -0.0009210000000000    0.0018450000000000    3.3391280000000001
Na O
6 2
direct
   0.1099990000000000    0.7430430000000000    0.2488900000000000 Na
   0.0084090000000000    0.4756650000000000    0.7489700000000000 Na
   0.4758600000000000    0.6429760000000000    0.7490860000000000 Na
   0.7467190000000000    0.2745400000000000    0.2491110000000000 Na
   0.6459410000000000    0.0068380000000000    0.7491600000000000 Na
   0.2795080000000000    0.1076340000000000    0.2489400000000000 Na
   0.7098780000000000    0.7095900000000001    0.2491000000000000 O
   0.0455230000000000    0.0408160000000000    0.7489410000000000 O
EA117   3.686  3.819  4.492 115.05 113.77 90.23 Sym.group:  139
1.0
   3.6835429999999998    0.1437160000000000    0.0188630000000000
  -0.1644540000000000    3.8152990000000000   -0.0003170000000000
  -1.7533550000000000   -1.9791099999999999    3.6315640000000000
Na Si
3 1
direct
   0.6949160000000000    0.6942930000000000    0.0041610000000000 Na
   0.4442080000000000    0.9416679999999999    0.4990780000000000 Na
   0.9449760000000000    0.4471550000000000    0.5097550000000000 Na
   0.1948900000000000    0.1945280000000000    0.0045180000000000 Si
EA27    5.199  5.199  5.198 90.23 119.94 119.79 Sym.group:  221
1.0
   5.1961139999999997   -0.1626340000000000    0.0358440000000000
  -2.4738859999999998    2.7106680000000001   -3.6819389999999999
  -2.5381490000000002    2.6473810000000002    3.6838940000000000
Al Mg
6 2
direct
   0.2527550000000000    0.1257330000000000    0.5020970000000000 Al
   0.7527690000000000    0.6257790000000000    0.5021580000000000 Al
   0.2527910000000000    0.6257600000000000    0.5021620000000000 Al
   0.7527910000000000    0.1256950000000000    0.0021050000000000 Al
   0.2527530000000000    0.1257050000000000    0.0021000000000000 Al
   0.2528040000000000    0.6257260000000000    0.0021480000000000 Al
   0.7527600000000000    0.1257660000000000    0.5020820000000000 Mg
   0.7527650000000000    0.6256420000000000    0.0021430000000000 Mg
EA388   2.442  2.441  7.519 80.69 89.98 120.00 Sym.group:  166
1.0
   2.4415070000000001   -0.0014230000000000    0.0000090000000000
  -1.2194659999999999    2.1151059999999999    0.0013180000000000
   0.0036320000000000    1.4018969999999999    7.3867339999999997
C H
6 2
direct
   0.6888590000000000    0.8923990000000001    0.4183610000000000 C
   0.0436120000000000    0.6018510000000000    0.3540340000000000 C
   0.1972540000000000    0.9105150000000000    0.8925380000000001 C
   0.8424400000000000    0.2010090000000000    0.9568640000000000 C
   0.6214240000000000    0.7576550000000000    0.6217480000000000 C
   0.2656230000000000    0.0461570000000000    0.6891530000000000 C
   0.0925950000000000    0.6991190000000000    0.2084280000000000 H
   0.7941610000000000    0.1044490000000000    0.1024720000000000 H
EA79    3.220  3.220  4.486 88.98 90.87 90.05 Sym.group:  123
1.0
   3.2199049999999998    0.0293950000000000    0.0354640000000000
  -0.0316260000000000    3.2194669999999999   -0.0432630000000000
  -0.1189550000000000    0.1390870000000000    4.4818020000000001
P Si
3 1
direct
   0.7979940000000000    0.5007340000000000    0.8683130000000000 P
   0.2945930000000000    0.0038410000000000    0.3675610000000000 P
   0.2991380000000000    0.9994350000000000    0.8673410000000000 P
   0.7946010000000000    0.5037080000000000    0.3680920000000000 Si
EA26    3.787  2.390  2.421 89.99 89.77 90.00 Sym.group:  115
1.0
   3.7741810000000000   -0.1598870000000000   -0.2637700000000000
   0.0910430000000000    2.3835430000000000   -0.1420740000000000
   0.1841920000000000    0.1371600000000000    2.4098830000000002
C B
3 1
direct
   0.3904840000000000    0.9936980000000000    0.3644610000000000 C
   0.8456630000000001    0.4936930000000000    0.8664590000000000 C
   0.6190260000000000    0.4937060000000000    0.3710200000000000 C
   0.1220860000000000    0.9937420000000000    0.8721710000000000 B
EA50    2.325  2.337  5.624 101.95 78.12 119.17 Sym.group:  160
1.0
   1.1538839999999999    2.0183399999999998   -0.0068750000000000
  -2.3369849999999999    0.0238200000000000   -0.0025830000000000
   1.1653640000000001    0.6859080000000000    5.4589270000000001
Be O
3 1
direct
   0.5895020000000000    0.0465390000000000    0.4783490000000000 Be
   0.8375490000000000    0.8004210000000000    0.7570350000000000 Be
   0.3921720000000000    0.2453210000000000    0.0743110000000000 Be
   0.6856810000000000    0.9497940000000000    0.1980460000000000 O
EA421   2.441  2.441  9.044 97.49 97.70 60.05 Sym.group:  166
1.0
   2.4404210000000002    0.0263450000000000   -0.0126750000000000
   1.1958730000000000    2.1279390000000000   -0.0421010000000000
  -1.1598180000000000   -0.5240660000000000    8.9535909999999994
C F
6 2
direct
   0.0677500000000000    0.7396820000000000    0.6030700000000000 C
   0.2387960000000000    0.8964950000000000    0.1041810000000000 C
   0.4197060000000000    0.0903880000000000    0.6578920000000000 C
   0.8294400000000000    0.4935540000000000    0.8815600000000000 C
   0.4770630000000000    0.1426080000000000    0.8256920000000000 C
   0.8868200000000001    0.5457820000000000    0.0493590000000000 C
   0.2895180000000000    0.9448990000000000    0.2539940000000000 F
   0.0173660000000000    0.6913899999999999    0.4532580000000000 F
EA6     3.853  3.852  3.853 109.46 109.48 109.46 Sym.group:  229
1.0
   3.8525220000000000   -0.0087600000000000   -0.0092680000000000
  -1.2750619999999999    3.6347939999999999   -0.0060750000000000
  -1.2813500000000000   -1.8047100000000000    3.1533329999999999
S Li
3 1
direct
   0.8762550000000000    0.3775450000000000    0.8753350000000000 S
   0.8765030000000000    0.8773590000000000    0.3752980000000000 S
   0.3763370000000000    0.8773690000000000    0.8753400000000000 S
   0.3765350000000000    0.3778190000000000    0.3754550000000000 Li
EA95    2.373  2.373  8.911 82.47 89.97 119.99 Sym.group:  160
1.0
   2.3725350000000001   -0.0336700000000000   -0.0071800000000000
  -1.1565369999999999    2.0716329999999998    0.0160510000000000
   0.0489850000000000    1.2963789999999999    8.8161459999999998
C N
6 2
direct
   0.5548920000000001    0.7312220000000000    0.4105940000000000 C
   0.6111420000000000    0.8435170000000000    0.2390030000000000 C
   0.7067110000000000    0.0331810000000000    0.9501900000000000 C
   0.2970490000000000    0.2150450000000000    0.1809280000000000 C
   0.3541080000000000    0.3281690000000000    0.0085820000000000 C
   0.7642800000000000    0.1480480000000000    0.7752320000000000 C
   0.8702280000000000    0.3620270000000000    0.4650060000000000 N
   0.4491640000000000    0.5177619999999999    0.7201100000000000 N
EA215   7.049  2.588  2.595 90.04 90.00 89.99 Sym.group:  123
1.0
   7.0485369999999996   -0.0119420000000000    0.0001870000000000
   0.0046390000000000    2.5878009999999998   -0.0082420000000000
  -0.0002180000000000    0.0066300000000000    2.5954510000000002
Mg Be
3 1
direct
   0.1614360000000000    0.9038929999999999    0.0973680000000000 Mg
   0.7317030000000000    0.9044200000000000    0.0972230000000000 Mg
   0.4465850000000000    0.4048460000000000    0.5968610000000000 Mg
   0.9466000000000000    0.4042040000000000    0.5970490000000001 Be
EA250   4.111  4.113  4.100 94.76 94.83 94.63 Sym.group:  148
1.0
   4.1110970000000000    0.0022630000000000   -0.0198340000000000
  -0.3344760000000000    4.0995119999999998   -0.0433880000000000
  -0.3254540000000000   -0.3246420000000000    4.0743809999999998
F P
6 2
direct
   0.5926410000000000    0.1641030000000000    0.2918080000000000 F
   0.4030230000000000    0.8392050000000000    0.7123280000000000 F
   0.2867760000000000    0.5947590000000000    0.1640870000000000 F
   0.7089500000000000    0.4087220000000000    0.8401100000000000 F
   0.8348540000000000    0.7116540000000000    0.4074860000000000 F
   0.1606750000000000    0.2915180000000000    0.5964050000000000 F
   0.2185440000000000    0.2212390000000000    0.2219280000000000 P
   0.7771740000000000    0.7821820000000000    0.7819650000000000 P
EA45    2.522  7.996  2.523 81.25 119.72 98.73 Sym.group:  166
1.0
   1.3194550000000000   -0.1798700000000000    2.1420859999999999
  -1.0865490000000000    7.9216199999999999   -0.0948340000000000
  -2.5211690000000000    0.0426920000000000    0.0838500000000000
Al F
3 1
direct
   0.2403200000000000    0.2044950000000000    0.1986550000000000 Al
   0.6647700000000000    0.4795850000000000    0.7699070000000000 Al
   0.0889900000000000    0.7546210000000000    0.3478020000000000 Al
   0.1681640000000000    0.9795300000000000    0.2715610000000000 F
EA116   4.096  4.095  4.099 60.09 60.09 90.09 Sym.group:  225
1.0
   4.0959519999999996    0.0070610000000000   -0.0055870000000000
  -0.0135790000000000    4.0946309999999997    0.0019490000000000
   2.0443020000000001    2.0494849999999998    2.9018890000000002
Na P
3 1
direct
   0.7443610000000001    0.6901700000000000    0.0603990000000000 Na
   0.2448690000000000    0.1903020000000000    0.0600230000000000 Na
   0.4945900000000000    0.9402199999999999    0.5602090000000000 Na
   0.9946650000000000    0.4402530000000000    0.5601770000000000 P
EA461   2.370  2.378  6.254 79.25 79.25 60.29 Sym.group:  160
1.0
   1.1861610000000000   -2.0519140000000000   -0.0014570000000000
   2.3775270000000002    0.0131660000000000   -0.0111830000000000
   1.1990989999999999   -0.6582090000000000    6.1025679999999998
Li F
3 1
direct
   0.1620430000000000    0.8175460000000000    0.6258640000000000 Li
   0.9183680000000000    0.5940960000000000    0.3065120000000000 Li
   0.3761920000000000    0.0294630000000000    0.9845739999999999 Li
   0.7694970000000000    0.4235700000000000    0.8048020000000000 F
EA78    4.526  4.526  2.584 90.03 89.94 120.00 Sym.group:  191
1.0
   4.5262710000000004    0.0057160000000000    0.0080270000000000
  -2.2680570000000002    3.9170410000000002   -0.0050100000000000
  -0.0020650000000000    0.0003320000000000    2.5836489999999999
P Na
3 1
direct
   0.5022240000000000    0.9998580000000000    0.7494200000000000 P
   0.0021860000000000    0.4997720000000000    0.7515100000000000 P
   0.0022110000000000    0.9997400000000000    0.7494260000000000 P
   0.5021330000000001    0.4999180000000000    0.2511170000000000 Na
EA215   2.900  6.201  2.901 89.89 60.06 89.92 Sym.group:  164
1.0
   2.9000569999999999   -0.0011820000000000    0.0008240000000000
   0.0113450000000000    6.2013040000000004   -0.0053170000000000
   1.4471220000000000    0.0048800000000000    2.5139710000000002
Mg N
3 1
direct
   0.3270950000000000    0.8593220000000000    0.2148300000000000 Mg
   0.9945610000000000    0.5350670000000000    0.8830330000000000 Mg
   0.6567060000000000    0.1970950000000000    0.5532350000000000 Mg
   0.6609840000000000    0.6972100000000000    0.5488080000000000 N
EA219   2.852  2.982  7.726 90.02 89.83 89.99 Sym.group:  129
1.0
   2.8521420000000002    0.0016230000000000   -0.0367690000000000
  -0.0010410000000000    2.9821219999999999    0.0043180000000000
   0.1220830000000000   -0.0136820000000000    7.7250930000000002
Be Cl
6 2
direct
   0.8723040000000000    0.7484800000000000    0.1366030000000000 Be
   0.8737510000000001    0.2485270000000000    0.9417920000000000 Be
   0.8708350000000000    0.2484660000000000    0.3062960000000000 Be
   0.3708680000000000    0.7484740000000000    0.3103850000000000 Be
   0.3724110000000000    0.2485140000000000    0.1156390000000000 Be
   0.3736830000000000    0.7483900000000000    0.9460270000000000 Be
   0.8708830000000000    0.7456130000000000    0.7453030000000000 Cl
   0.3708740000000000    0.2448870000000000    0.5067150000000000 Cl
EA254   8.979  3.208  3.208 90.00 90.00 90.00 Sym.group:  139
1.0
   8.9778990000000007   -0.0210800000000000    0.1612760000000000
   0.0075610000000000    3.2084350000000001    0.0078890000000000
  -0.0574200000000000   -0.0076740000000000    3.2078350000000002
P Si
6 2
direct
   0.9959240000000000    0.0006480000000000    0.6254990000000000 P
   0.9981870000000000    0.5007260000000000    0.1264080000000000 P
   0.4981660000000000    0.0007590000000000    0.6267880000000000 P
   0.7470720000000000    0.5003520000000000    0.1226110000000000 P
   0.2470370000000000    0.0005580000000000    0.6270460000000000 P
   0.4959460000000000    0.5007290000000000    0.1277360000000000 P
   0.2470680000000000    0.5005550000000000    0.1269450000000000 Si
   0.7470440000000000    0.0003620000000000    0.6228669999999999 Si
EA2     3.768  3.749  3.766 108.79 109.00 110.48 Sym.group:  107
1.0
   1.1982489999999999   -1.8385670000000001   -3.0631460000000001
   1.1596070000000001    3.5647400000000000   -0.0719440000000000
   1.4112130000000001   -1.6733359999999999    3.0643660000000001
S H
3 1
direct
   0.3439790000000000    0.3512090000000000    0.0017120000000000 S
   0.3158530000000000    0.8223350000000000    0.5021450000000000 S
   0.8155240000000000    0.3221430000000000    0.5016010000000000 S
   0.0248190000000000    0.0256390000000000    0.0030680000000000 H
EA255   4.468  4.468  2.491 90.05 90.03 89.99 Sym.group:  123
1.0
   4.4678649999999998   -0.0009370000000000    0.0023130000000000
   0.0013610000000000    4.4678690000000003    0.0049230000000000
  -0.0024130000000000   -0.0049830000000000    2.4912660000000000
Al S
3 1
direct
   0.0421480000000000    0.6911100000000000    0.5145990000000000 Al
   0.0355200000000000    0.1913820000000000    0.0128100000000000 Al
   0.5423990000000000    0.6843800000000000    0.0160920000000000 Al
   0.5358320000000000    0.1846910000000000    0.0132800000000000 S
