NUMBER OF TEMPLATES 17
COMPOSITION A 4 B
pairs , SPACEGROUPS 
[P Na] , 166 
[Li Si] , 166 
[Li Al] , 87 
[C Mg] , 164 
[Al H] , 139 
[O B] , 119 
[Li Na] , 87 
[P Mg] , 83 
[H C] , 121 
[S Cl] , 123 
[Li N] , 166 
[Mg C] , 221 
[Mg H] , 121 
[Al Cl] , 156 
[P Si] , 129 
[Mg S] , 87 
[O Li] , 140 
RANKING VECTORS ENTHALPIES
0:[-395.03214973 -394.98980654 -394.98027512 -394.90106047 -394.89119932 -394.8505596  -394.84535503 -394.78957851 -394.70488413 -394.67641029 -394.60496433 -394.56221664 -394.51203541 -394.33869115 -394.33565553 -393.90729781 -392.45762621] 
1:[-176.71434272 -176.71102541 -176.69085821 -176.60784124 -176.60721138 -176.42135704 -176.37200708 -176.24783857 -176.21952781 -176.11810413 -176.1180925  -176.09732944 -176.08691789 -176.04228255 -175.87921776 -175.87820452 -175.29477118] 
2:[-165.92225777 -165.89896047 -165.89250986 -165.86681676 -165.86663053 -165.81595151 -165.77048037 -165.62925173 -165.48919326 -165.46432971 -165.46107123 -165.43613094 -165.40665516 -165.37749371 -165.3080546 -165.10736243 -164.48194763] 
3:[-451.6357631  -451.41166682 -451.25480076 -451.13195816 -450.80280348 -450.28323605 -450.16597383 -450.11044421 -450.04636606 -450.01942109 -450.01194397 -449.58342159 -449.53247992 -449.39452349 -449.18856387 -448.40079125 -446.44628409] 
4:[-49.90328917 -49.89429857 -49.89296318 -49.8902329  -49.87641969 -49.85709029 -49.85039718 -49.76512001 -49.74663839 -49.72065229 -49.71627632 -49.70410879 -49.66471917 -49.62573485 -49.4446559 -49.25072036 -49.09673828] 
5:[-372.53879588 -371.92275584 -371.67686396 -371.61551089 -371.56526537 -371.53135915 -371.51718922 -371.4109369  -371.40511803 -371.38092166 -371.36786213 -371.32814606 -371.32693228 -371.0608716  -371.03275668 -370.91200618 -370.87147171] 
6:[-401.40685188 -401.31433851 -401.31205462 -401.31149468 -401.29692021 -401.28788844 -401.27968272 -401.25954783 -401.25614727 -401.2514738 -401.24502139 -401.20372986 -401.12789397 -401.07503862 -401.06431727 -400.97663469 -400.68911797] 
7:[-469.57124978 -469.57035352 -469.55045735 -469.50374463 -469.42255415 -469.41642278 -469.4160411  -469.34175989 -469.32254515 -469.23289455 -469.20074869 -469.11332271 -469.02881826 -468.97412331 -468.96232585 -468.71351133 -467.37669609] 
8:[-44.19180816 -44.18604056 -43.70224271 -43.62183992 -43.57454605 -43.45643344 -43.40302665 -43.35801314 -43.35005576 -43.26767366 -43.24973371 -43.23346529 -43.14899179 -43.11736856 -43.10084412 -42.90166559 -42.74008467] 
9:[-324.20437802 -324.1963601  -324.15129197 -324.15127624 -324.14155848 -324.1209777  -324.07729422 -324.01921423 -324.01578499 -323.98304444 -323.83344262 -323.79576221 -323.79020937 -323.74112384 -323.73446663 -323.61626625 -322.83901176] 
10:[-210.99710049 -210.85689586 -210.84686264 -210.81661711 -210.78657663 -210.77858573 -210.67129129 -210.67017943 -210.6470061  -210.59067948 -210.51347686 -210.46913412 -210.43150741 -210.42047672 -210.33283322 -209.76345514 -209.61875532] 
11:[-1320.59261414 -1320.45492753 -1320.45464019 -1320.45196845 -1320.44906805 -1320.4462699  -1320.44563062 -1320.44542026 -1320.43254307 -1320.42161493 -1320.39274732 -1320.38926809 -1320.37457718 -1320.28996422 -1320.24356621 -1320.19021145 -1319.8066037 ] 
12:[-1291.28883724 -1291.26919835 -1291.26582453 -1291.25310851 -1291.23130412 -1291.22212767 -1291.21673436 -1291.16199287 -1291.09432388 -1291.09022917 -1291.04615249 -1291.03855528 -1290.99668462 -1290.8949458  -1290.79399206 -1290.6343885 -1290.0461981 ] 
13:[-135.33811561 -135.07112492 -135.06987402 -135.0210743  -135.01127549 -134.98527705 -134.98159303 -134.94799175 -134.89454805 -134.64495679 -134.63448194 -134.57547089 -134.5453682  -134.47156902 -134.26317725 -134.189439   -133.78131913] 
14:[-169.58576487 -169.43555606 -169.41021717 -169.35268886 -169.35131687 -169.33115649 -169.32911586 -169.32076369 -169.28718981 -169.1993902 -169.19586154 -169.1915867  -169.18506701 -169.18252507 -169.16959433 -168.98077879 -168.10364131] 
15:[-1347.85281303 -1347.84772065 -1347.6798656  -1347.66457065 -1347.64976675 -1347.64705335 -1347.6459119  -1347.59787464 -1347.55894507 -1347.4895597  -1347.46259394 -1347.3916001 -1347.36379162 -1347.26811443 -1347.26172128 -1347.07458922 -1346.92656474] 
16:[-395.5199099  -395.25399147 -395.09182313 -394.96675368 -394.76059912 -394.60196771 -394.5854132  -394.51050449 -394.46292427 -394.39298561 -394.29249736 -394.28451716 -394.18542368 -394.15448223 -394.14697405 -394.06433036 -393.41510185] 
RANKING VECTORS IDX
0:[ 7.  0.  1.  6. 15.  9. 14.  5. 16.  2.  3. 13. 10.  8. 12.  4. 11.] 
1:[ 2.  1. 10. 15.  6. 14.  7.  0.  3. 13.  9.  8. 12.  5. 16.  4. 11.] 
2:[10.  2.  1.  6. 15. 14.  7. 13.  0.  9.  3. 12.  5.  8. 16.  4. 11.] 
3:[ 3. 13.  1.  0. 10. 14.  7.  9.  2. 16.  5.  8. 12.  6. 15.  4. 11.] 
4:[14. 13. 11.  4.  8.  0. 12.  3. 15.  2.  6. 10.  1.  5. 16.  7.  9.] 
5:[ 5.  3.  2.  0. 12. 14.  8.  1. 16.  7. 11.  9.  4. 10. 13.  6. 15.] 
6:[ 0.  1.  6. 10.  7.  3. 13.  5. 15. 14.  2. 12. 16.  8.  9.  4. 11.] 
7:[ 7.  1.  0.  6. 10. 14.  9. 15.  2. 13. 16.  3. 12.  8.  5.  4. 11.] 
8:[ 8. 12.  4.  6. 13.  2.  3.  1.  0. 14.  5. 10. 11.  9. 16. 15.  7.] 
9:[ 7. 13. 15.  6.  9.  2.  5.  0.  1. 14.  3.  8. 12. 10. 16.  4. 11.] 
10:[10.  1.  0.  2. 15.  6. 12.  8. 16.  9.  4.  7. 14. 11.  3.  5. 13.] 
11:[13. 16.  4. 11.  8. 15.  2.  6. 14. 12. 10.  1.  0.  9.  3.  7.  5.] 
12:[ 4. 14. 13. 11.  0.  8. 12.  3.  6. 15. 10.  1.  5. 16.  7.  9.  2.] 
13:[13. 15.  0.  3.  2.  1. 10.  6.  5. 12.  8.  4.  7. 14. 16.  9. 11.] 
14:[14.  7. 10.  5.  0. 16. 15.  6.  1.  2.  3. 13.  4.  9. 12.  8. 11.] 
15:[ 2. 15.  0. 14. 10.  8.  1. 12.  3. 16. 13.  7.  4.  9.  5. 11.  6.] 
16:[16.  7.  1. 12. 14.  6.  5.  3.  9.  8.  2.  0. 13. 10. 15.  4. 11.] 
POSCARS
EA113   3.156  3.157  7.311 102.46 89.97 60.06 Sym.group:  166
1.0
   1.6377010000000001    2.6981780000000000   -0.0140840000000000
  -1.5213790000000000    2.7663259999999998   -0.0177360000000000
   1.5523190000000000   -0.9003750000000000    7.0871769999999996
P Na
4 1
direct
   0.5624160000000000    0.7021460000000000    0.4891300000000000 P
   0.2816390000000000    0.2627410000000000    0.3289050000000000 P
   0.8313460000000000    0.1645080000000000    0.6844970000000000 P
   0.1121990000000000    0.6036990000000000    0.8447230000000000 P
   0.6970810000000000    0.4327690000000000    0.0868090000000000 Na
EA220   3.635  3.656  7.720 76.71 103.55 119.81 Sym.group:  166
1.0
   1.8299040000000000    3.1405430000000001    0.0193060000000000
  -3.6544279999999998    0.0268370000000000   -0.0914140000000000
  -1.9674620000000000   -0.9926750000000000    7.3989190000000002
Li Si
8 2
direct
   0.3816910000000000    0.1758520000000000    0.2838100000000000 Li
   0.6850760000000000    0.8754160000000000    0.1899930000000000 Li
   0.9886160000000001    0.5750900000000000    0.0961470000000000 Li
   0.1851070000000000    0.3755390000000000    0.6900170000000000 Li
   0.5833290000000000    0.9750960000000000    0.8845450000000000 Li
   0.4786300000000000    0.0828720000000000    0.5713780000000001 Li
   0.8916470000000000    0.6681220000000000    0.8085290000000001 Li
   0.7870770000000000    0.7757830000000000    0.4954130000000000 Li
   0.0864850000000000    0.4723220000000000    0.3972690000000000 Si
   0.2839350000000000    0.2785660000000000    0.9827300000000000 Si
EA292   5.113  3.455  5.114 90.00 89.99 89.96 Sym.group:   87
1.0
   5.1133040000000003    0.0006660000000000   -0.0017870000000000
   0.0018440000000000    3.4553639999999999   -0.0004530000000000
   0.0023360000000000    0.0003370000000000    5.1138269999999997
Li Al
8 2
direct
   0.6738900000000000    0.7477180000000000    0.5484740000000000 Li
   0.5522940000000000    0.2472530000000000    0.8278670000000000 Li
   0.9532870000000000    0.2476760000000000    0.6701980000000000 Li
   0.8316200000000000    0.7472860000000000    0.9495860000000000 Li
   0.3315810000000000    0.2472830000000000    0.4495410000000000 Li
   0.4531970000000000    0.7477900000000000    0.1702080000000000 Li
   0.0522250000000000    0.7471550000000000    0.3279530000000000 Li
   0.1738190000000000    0.2476630000000000    0.0484640000000000 Li
   0.7527400000000000    0.2475030000000000    0.2490200000000000 Al
   0.2528110000000000    0.7474610000000000    0.7490620000000000 Al
EA149   2.489  2.489  5.829 89.99 90.00 60.00 Sym.group:  164
1.0
   2.4893719999999999    0.0003590000000000    0.0020700000000000
   1.2443610000000001    2.1561430000000001   -0.0020840000000000
  -0.0049820000000000    0.0094280000000000    5.8286239999999996
C Mg
4 1
direct
   0.3367050000000000    0.3343970000000000    0.7871250000000000 C
   0.6702080000000000    0.6673890000000000    0.2190720000000000 C
   0.0034070000000000    0.0010340000000000    0.8748660000000000 C
   0.0035350000000000    0.0007560000000000    0.1313260000000000 C
   0.0031870000000000    0.0008440000000000    0.5030300000000000 Mg
EA105   3.701  3.701  7.264 90.00 90.00 90.00 Sym.group:  139
1.0
   3.7010860000000001   -0.0000910000000000    0.0000480000000000
   0.0002270000000000    3.7010329999999998    0.0000080000000000
  -0.0001710000000000   -0.0000370000000000    7.2637980000000004
Al H
8 2
direct
   0.5570140000000000    0.9944940000000000    0.3868080000000000 Al
   0.0568770000000000    0.4945220000000000    0.8867930000000001 Al
   0.5569930000000000    0.9944870000000000    0.9000180000000000 Al
   0.0569180000000000    0.4945180000000000    0.4000030000000000 Al
   0.0576220000000000    0.9942920000000000    0.1434090000000000 Al
   0.0555230000000000    0.9946590000000000    0.6434050000000000 Al
   0.5562700000000000    0.4948280000000000    0.6434040000000000 Al
   0.5582990000000000    0.4943630000000000    0.1434090000000000 Al
   0.0601280000000000    0.4940660000000000    0.1433510000000000 H
   0.5535470000000000    0.9952670000000000    0.6434430000000000 H
EA11    2.245  2.244  6.784 99.44 80.57 89.82 Sym.group:  119
1.0
   2.2443740000000001   -0.0034160000000000    0.0298890000000000
   0.0107450000000000    2.2440669999999998   -0.0346750000000000
   1.0213410000000001   -1.0151699999999999    6.6293620000000004
O B
4 1
direct
   0.6253570000000001    0.5203340000000000    0.9944590000000000 O
   0.8957670000000000    0.2501840000000000    0.4533460000000000 O
   0.9844880000000000    0.1612350000000000    0.2745760000000000 O
   0.2549830000000000    0.8902250000000000    0.7330710000000000 O
   0.1901670000000000    0.4553000000000000    0.8637580000000000 B
EA228   5.873  5.882  2.788 90.39 89.54 89.74 Sym.group:   87
1.0
   5.8704530000000004   -0.0621560000000000   -0.1421000000000000
   0.0905210000000000    5.8805220000000000    0.0706030000000000
   0.0892560000000000   -0.0535800000000000    2.7864570000000000
Li Na
8 2
direct
   0.3083490000000000    0.1044710000000000    0.0031930000000000 Li
   0.8940840000000000    0.3131880000000000    0.9995340000000000 Li
   0.0986020000000000    0.6901659999999999    0.0057900000000000 Li
   0.6844370000000000    0.9002700000000000    0.0033100000000000 Li
   0.1842940000000000    0.3999820000000000    0.5033970000000000 Li
   0.5982070000000000    0.1902830000000000    0.5055660000000000 Li
   0.3945640000000000    0.8137350000000000    0.5009340000000000 Li
   0.8083110000000000    0.6043920000000000    0.5019080000000000 Li
   0.4966950000000000    0.5020210000000001    0.0023070000000000 Na
   0.9968420000000000    0.0015860000000000    0.5020790000000001 Na
EA11    4.891  4.891  2.480 89.84 89.88 90.00 Sym.group:   83
1.0
   4.8906749999999999   -0.0082930000000000   -0.0020310000000000
   0.0086150000000000    4.8910200000000001   -0.0057490000000000
   0.0063080000000000    0.0099020000000000    2.4802759999999999
P Mg
4 1
direct
   0.1960810000000000    0.7937070000000001    0.8996499999999999 P
   0.7959900000000000    0.6045490000000000    0.8989800000000000 P
   0.0068890000000000    0.1937890000000000    0.9029140000000000 P
   0.6067970000000000    0.0046590000000000    0.9023430000000000 P
   0.4014020000000000    0.3992030000000000    0.4013080000000000 Mg
EA197   3.027  2.870  2.868 89.91 61.75 118.22 Sym.group:  121
1.0
   3.0265270000000002   -0.0128250000000000    0.0234160000000000
  -1.3461090000000000    2.5348350000000002   -0.0257120000000000
   1.3419470000000000    0.7421080000000000    2.4234950000000000
H C
4 1
direct
   0.0655840000000000    0.1244430000000000    0.5515260000000000 H
   0.5325280000000000    0.8581240000000000    0.2521590000000000 H
   0.0623700000000000    0.5575639999999999    0.9888940000000001 H
   0.5356180000000000    0.2956970000000000    0.8140690000000000 H
   0.7988020000000000    0.2087840000000000    0.9015680000000000 C
EA7     3.347  6.454  6.102 89.72 90.05 90.00 Sym.group:  123
1.0
   3.3473980000000001   -0.0000310000000000    0.0000330000000000
   0.0000470000000000    6.4537399999999998   -0.0002590000000000
  -0.0050190000000000    0.0301250000000000    6.1014530000000002
S Cl
8 2
direct
   0.5007850000000000    0.0024370000000000    0.3338450000000000 S
   0.0013400000000000    0.2529800000000000    0.3349790000000000 S
   0.5017280000000000    0.0000580000000000    0.6624650000000000 S
   0.0022140000000000    0.2496000000000000    0.6624090000000000 S
   0.5016980000000000    0.5024250000000000    0.3348910000000000 S
   0.0013060000000000    0.7526389999999999    0.3349990000000000 S
   0.5028400000000000    0.5000400000000000    0.6635130000000000 S
   0.0022470000000000    0.7499680000000000    0.6623740000000000 S
   0.9976060000000000    0.0005360000000000    0.9984720000000000 Cl
   0.0050680000000000    0.5007710000000000    0.9988950000000000 Cl
EA116   7.803  3.134  3.136 119.95 78.47 101.55 Sym.group:  166
1.0
   7.8028370000000002    0.0117160000000000    0.0005320000000000
  -0.6319360000000001    3.0696260000000000   -0.0014660000000000
   0.6289430000000000   -1.4679789999999999    2.6991700000000001
Li N
8 2
direct
   0.8703860000000000    0.9589450000000000    0.0510620000000000 Li
   0.5056530000000000    0.5038340000000000    0.5049560000000000 Li
   0.0233090000000000    0.3422960000000000    0.6626270000000000 Li
   0.1408010000000000    0.7146709999999999    0.2891890000000000 Li
   0.6363560000000000    0.2144710000000000    0.7963720000000000 Li
   0.3880550000000000    0.7973010000000000    0.2087070000000000 Li
   0.2574330000000000    0.0867510000000000    0.9172270000000000 Li
   0.7528930000000000    0.5865480000000000    0.4244750000000000 Li
   0.2630260000000000    0.4218280000000000    0.5819670000000000 N
   0.6306710000000000    0.8793650000000000    0.1316600000000000 N
EA30    3.934  3.934  3.934 89.99 90.01 90.01 Sym.group:  221
1.0
   3.9339700000000000   -0.0063210000000000   -0.0018010000000000
   0.0054810000000000    3.9339759999999999    0.0031300000000000
   0.0014510000000000   -0.0027200000000000    3.9339469999999999
Mg C
4 1
direct
   0.9967490000000000    0.6998190000000000    0.1972420000000000 Mg
   0.9968350000000000    0.1999600000000000    0.6954129999999999 Mg
   0.4965360000000000    0.1999700000000000    0.1974380000000000 Mg
   0.4965660000000000    0.6999590000000000    0.6974230000000000 Mg
   0.9965400000000000    0.1997940000000000    0.1951160000000000 C
EA265   3.936  3.937  4.643 115.05 64.95 89.95 Sym.group:  121
1.0
   3.9359489999999999   -0.0176720000000000    0.0031050000000000
   0.0213020000000000    3.9371100000000001   -0.0051690000000000
   1.9544900000000001   -1.9720759999999999    3.7219289999999998
Mg H
4 1
direct
   0.2162550000000000    0.0595880000000000    0.8499610000000000 Mg
   0.7325540000000000    0.5759570000000001    0.8499400000000000 Mg
   0.4724070000000000    0.3196000000000000    0.3373590000000000 Mg
   0.9886720000000000    0.8032600000000000    0.3372440000000000 Mg
   0.6023269999999999    0.1899270000000000    0.5940110000000000 H
EA138   2.664 20.036  2.662 90.01 60.02 90.02 Sym.group:  156
1.0
   1.3344750000000001    0.0025090000000000    2.3050860000000002
   0.0042840000000000   20.0355479999999986   -0.0343500000000000
  -1.3294800000000000    0.0038120000000000    2.3067370000000000
Al Cl
8 2
direct
   0.8962320000000000    0.1556440000000000    0.6280780000000000 Al
   0.5616360000000000    0.0516400000000000    0.2936040000000000 Al
   0.2303040000000000    0.2598490000000000    0.9624500000000000 Al
   0.8953470000000000    0.3646870000000000    0.6310440000000000 Al
   0.5599090000000000    0.8479960000000000    0.2931240000000000 Al
   0.8958040000000000    0.9489090000000000    0.6253690000000000 Al
   0.2248660000000000    0.5676960000000000    0.9632730000000000 Al
   0.5593250000000000    0.4675750000000000    0.2979270000000000 Al
   0.8902710000000000    0.6502329999999999    0.6298370000000000 Cl
   0.2264440000000000    0.7654220000000000    0.9594500000000000 Cl
EA167   3.195  3.204 11.238 90.03 89.95 89.99 Sym.group:  129
1.0
   3.1950590000000001   -0.0011590000000000    0.0479060000000000
   0.0007590000000000    3.2038600000000002    0.0464430000000000
  -0.1595170000000000   -0.1682510000000000   11.2360030000000002
P Si
8 2
direct
   0.0503000000000000    0.2709030000000000    0.3205930000000000 P
   0.5506070000000000    0.7706570000000000    0.5212820000000000 P
   0.0495560000000000    0.2699720000000000    0.5213670000000000 P
   0.5513050000000000    0.7715360000000000    0.3205120000000000 P
   0.0565150000000000    0.2756170000000000    0.1211930000000000 P
   0.5436210000000000    0.7653690000000000    0.7206820000000000 P
   0.0490380000000000    0.2696000000000000    0.9202810000000000 P
   0.5515300000000000    0.7719680000000000    0.9215950000000001 P
   0.5566030000000000    0.7755910000000000    0.1206940000000000 Si
   0.0435560000000000    0.2654180000000000    0.7211800000000000 Si
EA26    6.686  6.731  2.913 89.99 89.99 90.41 Sym.group:   87
1.0
   6.6864390000000000    0.0081930000000000   -0.0061650000000000
  -0.0567960000000000    6.7310949999999998   -0.0118870000000000
   0.0029670000000000    0.0057520000000000    2.9126989999999999
Mg S
8 2
direct
   0.7218390000000000    0.0819990000000000    0.5463650000000000 Mg
   0.0831580000000000    0.2785000000000000    0.5462340000000000 Mg
   0.9194870000000001    0.7220600000000000    0.5461180000000000 Mg
   0.2810690000000000    0.9182620000000000    0.5462230000000000 Mg
   0.2221290000000000    0.5823680000000000    0.0462880000000000 Mg
   0.5837730000000000    0.7781560000000000    0.0464360000000000 Mg
   0.4189680000000000    0.2223850000000000    0.0464410000000000 Mg
   0.7806410000000000    0.4179460000000000    0.0464570000000000 Mg
   0.0017200000000000    0.0003120000000000    0.0461540000000000 S
   0.5015630000000000    0.5003420000000000    0.5464920000000000 S
EA84    4.387  4.389  4.550 61.18 118.81 89.97 Sym.group:  140
1.0
   4.3871750000000000   -0.0036040000000000    0.0326290000000000
   0.0058230000000000    4.3886760000000002    0.0069470000000000
  -2.2156840000000000    2.1911969999999998    3.3159610000000002
O Li
8 2
direct
   0.9089730000000000    0.9173740000000000    0.5057180000000000 O
   0.5694450000000000    0.5771940000000000    0.5055440000000000 O
   0.4088370000000000    0.0768910000000000    0.5056130000000000 O
   0.7548760000000000    0.3915270000000000    0.8766090000000000 O
   0.0694860000000000    0.4175270000000000    0.5056140000000000 O
   0.2549920000000000    0.2320310000000000    0.8766940000000000 O
   0.5943580000000001    0.8913740000000000    0.8767230000000000 O
   0.0943820000000000    0.7317040000000000    0.8767880000000000 O
   0.5820120000000000    0.4045690000000000    0.1913780000000000 Li
   0.0818190000000000    0.9043630000000000    0.1909020000000000 Li
