NUMBER OF TEMPLATES 39
COMPOSITION A 2 B
pairs , SPACEGROUPS 
[Al O] , 166 
[Al N] , 164 
[Be Mg] , 227 
[Na F] , 123 
[Si B] , 164 
[N Mg] , 194 
[Si O] , 166 
[B Si] , 166 
[Li F] , 164 
[Al B] , 164 
[Mg F] , 164 
[O C] , 166 
[N Li] , 187 
[Na S] , 225 
[Be Li] , 164 
[Si Na] , 191 
[B Al] , 191 
[Li Al] , 191 
[Al Si] , 164 
[N Li] , 194 
[Na Mg] , 191 
[C Be] , 156 
[Na Si] , 191 
[N Li] , 166 
[Li Be] , 164 
[Si N] , 187 
[Mg H] , 164 
[Al N] , 1164 
[C Li] , 191 
[P Cl] , 164 
[N Al] , 166 
[P S] , 164 
[N O] , 160 
[Na Al] , 191 
[H S] , 224 
[Al Si] , 1164 
[B Be] , 216 
[Na O] , 166 
[Li H] , 164 
RANKING VECTORS ENTHALPIES
0:[-189.39345493 -189.26030126 -189.16470079 -189.16106477 -189.1401136 -189.11494661 -189.10828822 -189.08689501 -189.06582015 -189.04547534 -189.04387556 -189.04196676 -189.04095135 -189.04031209 -189.03544788 -188.91069285 -188.87687331 -188.75354919 -188.74750104 -188.71793912 -188.71257584 -188.69291084 -188.58851375 -188.51852992 -188.16772417 -188.16668977 -188.16649947 -187.7359782  -187.73588784 -187.30190211 -186.92236715 -186.92236104 -186.92233635 -186.92217631 -186.92149462 -186.91947037 -186.9182809  -186.62781874 -186.61548308] 
1:[-133.67040991 -133.66768769 -133.56970083 -133.56946074 -133.56915802 -133.56754025 -133.56514056 -133.56318796 -133.55933694 -133.5043009 -133.42971469 -133.19120956 -133.18301943 -133.15079879 -133.14108883 -133.1356894  -133.09964651 -133.01414283 -133.00437894 -132.85890013 -132.58648747 -132.58047783 -132.56950623 -132.35955063 -132.34970204 -132.34854502 -132.34851004 -131.7843498  -131.58760396 -131.56402089 -130.82928329 -130.8262256  -130.82121734 -130.82121401 -130.82116482 -130.81577188 -130.81226106 -130.81122196 -130.5568561 ] 
2:[-788.39243394 -788.02166376 -788.02079191 -788.02057427 -788.01938587 -788.01822257 -788.01755401 -788.01742176 -788.0172722  -788.01669549 -788.01598871 -787.96573214 -787.96488845 -787.95798573 -787.80349004 -787.76902547 -787.76814829 -787.76507568 -787.75555489 -787.75282407 -787.75238251 -787.75021962 -787.73267829 -787.72942759 -787.58356283 -787.58134726 -787.56818599 -787.55883195 -787.55875764 -787.5575608 -787.39308311 -787.37248119 -787.34646416 -787.34628753 -787.34428668 -787.34334872 -786.70129432 -785.72114953 -784.11205072] 
3:[-1049.3896073  -1049.38879484 -1049.34395071 -1049.3399151 -1049.33988623 -1049.33584696 -1049.33578933 -1049.3357484 -1049.33375557 -1049.28600477 -1049.27206507 -1049.26030653 -1049.25164746 -1049.24467961 -1049.22936917 -1049.18303155 -1049.10678939 -1049.10492428 -1049.10397862 -1049.09699612 -1049.09639503 -1049.09619366 -1049.09617813 -1049.09387567 -1048.91247063 -1048.86686492 -1048.85907804 -1048.65538904 -1048.64882144 -1048.64812595 -1048.64805817 -1048.64786843 -1048.64645657 -1048.62405949 -1048.62317164 -1048.61530819 -1048.53775436 -1048.34318038 -1048.11150869] 
4:[-99.81608876 -99.81167123 -99.81041259 -99.81007524 -99.80988975 -99.8045254  -99.70993782 -99.70621764 -99.70138465 -99.69958456 -99.69909243 -99.68731979 -99.68369407 -99.57789455 -99.57749801 -99.57749381 -99.56285247 -99.55853094 -99.55519697 -99.54411181 -99.53967637 -99.53926293 -99.4048151  -99.34441213 -99.31731001 -99.31678291 -99.3153404  -99.30539468 -99.23288733 -98.795146 -98.78227333 -98.78014543 -98.77742735 -98.77742726 -98.77742719 -98.77241851 -98.7665399  -98.42404473 -98.3020323 ] 
5:[-724.00587701 -724.00583919 -724.00210613 -724.00161597 -723.97095222 -723.73807818 -723.31869254 -723.25218423 -723.25036861 -722.91039602 -722.8957408  -722.87732688 -722.87687042 -722.87637525 -722.87102496 -722.86596638 -722.8550305  -722.84757388 -722.81464281 -722.81463111 -722.81461213 -722.81233835 -722.81041137 -722.80961041 -722.7870478 -722.77668795 -722.77065558 -722.62307988 -722.53299503 -722.52809042 -722.46627942 -722.4569324  -722.33701324 -722.22257085 -722.07879754 -721.97413757 -721.96878592 -721.45480183 -720.31233613] 
6:[-223.48760157 -223.45947162 -223.41144917 -223.38280263 -223.36515287 -223.35177337 -223.34594309 -223.09877503 -223.07481542 -222.93982601 -222.93797621 -222.93004629 -222.92844378 -222.92744208 -222.92445073 -222.90436844 -222.90396729 -222.89889769 -222.88338147 -222.86421295 -222.79110334 -222.79083393 -222.79037352 -222.68651141 -222.58158986 -222.57946539 -222.56050639 -222.20369819 -221.94811303 -221.94246777 -221.94144494 -221.94020301 -221.93898173 -221.93771435 -221.62914538 -221.56100991 -221.47563244 -221.42297614 -220.41032168] 
7:[-88.85989472 -88.84086227 -88.83669212 -88.83383289 -88.8325087 -88.83221392 -88.82678179 -88.82416912 -88.69643003 -88.69642936 -88.69642718 -88.69433704 -88.69013925 -88.68731866 -88.68481255 -88.6294108  -88.62703885 -88.62425554 -88.61877086 -88.61669918 -88.59026215 -88.57624995 -88.37339882 -88.3730078  -88.3729779 -88.35998191 -88.34301415 -88.24088579 -88.14698454 -88.1467306 -88.1426606  -88.1379481  -88.13567016 -88.13094437 -88.067061 -87.95804028 -87.94772719 -86.96116676 -86.14154848] 
8:[-352.61898567 -352.61232384 -352.56426693 -352.56137345 -352.55662854 -352.55649835 -352.55546771 -352.55470783 -352.55463798 -352.55463676 -352.54818512 -352.52551465 -352.52404448 -352.52168921 -352.51645349 -352.50605861 -352.38801424 -352.26083525 -352.26050752 -352.2593093 -352.25839043 -352.15081182 -352.14307435 -352.10396321 -352.0987465 -352.09792461 -352.09754862 -352.09138328 -351.98608091 -351.68230452 -351.50084893 -351.45841611 -351.4584036  -351.45837034 -351.45698159 -351.45609821 -351.45480805 -351.44763595 -351.20569877] 
9:[-65.24482706 -65.23985429 -65.2397686  -65.00757386 -65.00694486 -65.00594366 -65.00570913 -64.98982814 -64.8382734  -64.83434104 -64.8252225  -64.79852152 -64.79036701 -64.79035825 -64.78658574 -64.7616449  -64.75380537 -64.74777447 -64.57731898 -64.50473849 -64.49637091 -64.48596264 -64.48383639 -64.47540068 -64.44569641 -64.34552786 -64.31283163 -64.30737727 -64.26077686 -63.91496064 -63.91241287 -63.90461033 -63.89909223 -63.88786198 -63.88786153 -63.88785823 -63.87600385 -63.69034679 -63.48519925] 
10:[-1297.21920941 -1297.21479431 -1297.17034863 -1297.15059474 -1297.1361553  -1297.11395048 -1297.10377935 -1297.10328785 -1297.09801114 -1297.09734487 -1297.09692138 -1297.09544877 -1297.09034362 -1297.07761597 -1297.0701862  -1297.06357502 -1296.96235032 -1296.89728753 -1296.89215953 -1296.89096577 -1296.88975101 -1296.87685634 -1296.8404238  -1296.70655642 -1296.54206862 -1296.54158779 -1296.53535704 -1296.3311549 -1296.32802346 -1296.21811146 -1295.79464016 -1295.79368476 -1295.79164408 -1295.79059965 -1295.79009007 -1295.78507128 -1295.7834054  -1295.45984916 -1295.27511749] 
11:[-351.45759748 -351.45704067 -351.45672633 -351.11113192 -350.75521493 -350.60397339 -350.60394816 -350.60394274 -350.60392503 -350.60377725 -350.60347384 -350.60283435 -350.60117195 -350.50595583 -350.50337943 -350.50329968 -350.50324847 -349.80945055 -349.66188473 -349.63199302 -349.56900759 -349.46694252 -349.44686289 -349.36918482 -349.35529414 -349.34926939 -349.26718528 -349.26587695 -349.14451745 -348.76329446 -348.76329289 -348.76304788 -348.72656787 -348.57821263 -348.06724097 -347.69955476 -347.68304448 -347.63677863 -347.25485999] 
12:[-251.27292163 -251.27195007 -251.27075152 -251.25986353 -251.23582906 -250.83773774 -250.82680415 -250.07371249 -250.06027921 -250.05557624 -250.05234224 -250.03736217 -250.02995325 -250.02940362 -250.02415558 -249.93613992 -249.93538424 -249.93324654 -249.92382408 -249.92381767 -249.92327289 -249.91679053 -249.91382652 -249.90112071 -249.89660147 -249.88604216 -249.71230736 -249.70787804 -249.6544848  -249.61499395 -249.53951853 -249.5256635  -249.51739984 -249.47227746 -249.40554107 -249.40100914 -249.34931827 -248.44225712 -247.57502351] 
13:[-925.21377217 -925.21369994 -925.21369128 -925.21368734 -925.21357772 -925.21345908 -925.21330067 -925.21304895 -925.2126479  -925.21252441 -925.21248449 -925.21131459 -925.20888131 -925.10980383 -925.10961505 -925.10795542 -925.10686305 -925.10139341 -925.10054734 -925.09811791 -925.09804861 -924.96513354 -924.8733677  -924.87224674 -924.8314019 -924.60769387 -924.16400507 -924.14183069 -924.10829169 -924.09962174 -924.05001759 -923.98376987 -923.90485309 -923.87199274 -923.84527935 -923.75837274 -923.62389561 -923.41844752 -922.73689787] 
14:[-315.85650952 -315.85611556 -315.84405862 -315.8394794  -315.83604391 -315.77056997 -315.74669428 -315.74607762 -315.74569515 -315.737471 -315.73564676 -315.73511936 -315.73350119 -315.73082338 -315.73069843 -315.70158029 -315.69968834 -315.69832399 -315.69819619 -315.69701675 -315.6316414  -315.63163813 -315.63138132 -315.62851472 -315.6263193 -315.6245844  -315.6220271  -315.50370829 -315.50133182 -315.50116773 -315.49682707 -315.48964109 -315.29146777 -315.28914621 -315.26976749 -314.66701831 -314.4842692  -314.31479338 -312.84712092] 
15:[-486.71964591 -486.70682007 -486.70213708 -486.70145252 -486.69988645 -486.69600858 -486.69562435 -486.69561914 -486.69126814 -486.68847284 -486.67576737 -486.56516996 -486.55744034 -486.55132315 -486.47993815 -486.47993547 -486.4784623  -486.45988102 -486.45296096 -486.4467065 -486.42252302 -486.40699642 -486.40618628 -486.39492528 -486.38904756 -486.34065289 -486.33297063 -486.32262454 -486.27405878 -486.24603515 -486.23916907 -486.09819413 -486.00571583 -486.00547142 -485.98363578 -485.89845684 -485.42667604 -484.07992292 -482.40452142] 
16:[-71.98378079 -71.9826735  -71.98266731 -71.98266646 -71.98248657 -71.98171845 -71.98142737 -71.9810081  -71.98081084 -71.97763385 -71.97710517 -71.97634455 -71.97543916 -71.97374435 -71.61973029 -71.48469959 -71.48165334 -71.47905195 -71.47367329 -71.45742638 -71.29539154 -71.28940646 -71.10154371 -71.08112804 -71.07655237 -71.03281124 -71.02392171 -70.99003176 -70.98905887 -70.82746879 -70.80153772 -70.69003602 -70.68654069 -70.6630637  -70.64266728 -70.55391724 -70.33610108 -68.9618697  -67.72102143] 
17:[-148.20976868 -148.20912592 -148.20620674 -148.20605697 -148.20523127 -148.20414977 -148.19815707 -148.19645994 -148.14417635 -148.14202076 -148.14176593 -148.12050781 -147.94679503 -147.94678416 -147.94070248 -147.93414317 -147.93344989 -147.93024283 -147.92670067 -147.92573504 -147.92571361 -147.92435435 -147.92038179 -147.91725301 -147.88898818 -147.88820952 -147.87703491 -147.87635469 -147.86896048 -147.8592412 -147.85186856 -147.75444654 -147.74938288 -147.74585362 -147.72518759 -147.21999151 -146.97320564 -146.84812173 -145.42453549] 
18:[-76.17242536 -76.17239422 -76.16865859 -76.16589962 -76.1612266 -76.15993343 -76.14878084 -76.12954686 -76.12269316 -76.05241836 -76.04841832 -76.02438016 -76.00395053 -75.98291683 -75.94430372 -75.93125108 -75.91963134 -75.91463835 -75.90126823 -75.89984154 -75.88900309 -75.86849723 -75.86841608 -75.86814857 -75.84947111 -75.8480772  -75.84335065 -75.83398535 -75.73445115 -75.72866422 -75.72843836 -75.66742154 -75.52625496 -75.49332775 -75.40637136 -75.39690886 -75.3372929  -74.65904175 -73.1259814 ] 
19:[-251.27292163 -251.27195007 -251.27075152 -251.25986353 -251.23582906 -250.83773774 -250.82680415 -250.07371249 -250.06027921 -250.05557624 -250.05234224 -250.03736217 -250.02995325 -250.02940362 -250.02415558 -249.93613992 -249.93538424 -249.93324654 -249.92382408 -249.92381767 -249.92327289 -249.91679053 -249.91382652 -249.90112071 -249.89660147 -249.88604216 -249.71230736 -249.70787804 -249.6544848  -249.61499395 -249.53951853 -249.5256635  -249.51739984 -249.47227746 -249.40554107 -249.40100914 -249.34931827 -248.44225712 -247.57502351] 
20:[-1361.77796116 -1361.7765802  -1361.76483697 -1361.76463085 -1361.76267441 -1361.75545736 -1361.75523605 -1361.75480682 -1361.75468779 -1361.74479783 -1361.74122883 -1361.73615634 -1361.73431172 -1361.73124388 -1361.73105735 -1361.730999 -1361.73070032 -1361.73011588 -1361.72952338 -1361.72896949 -1361.72815762 -1361.72762173 -1361.72750153 -1361.71971381 -1361.713313   -1361.71171397 -1361.71040632 -1361.69893368 -1361.69884975 -1361.68249424 -1361.67498657 -1361.6442348 -1361.50801468 -1361.50680002 -1361.50299728 -1360.95523505 -1360.78993272 -1360.50999017 -1359.63434275] 
21:[-233.36890721 -233.29631028 -233.21505033 -233.21474442 -233.21364152 -233.21357424 -233.21348563 -233.21314048 -233.21177989 -233.06966171 -233.06671177 -233.06628305 -233.06511258 -233.03991598 -232.77460483 -232.77025968 -232.45072529 -232.44876656 -232.44797582 -232.44226664 -232.37657336 -232.37566163 -232.3048524  -232.26747871 -232.19870528 -232.19596178 -232.11927267 -231.97085793 -231.84564922 -231.81442337 -231.74593613 -231.72916692 -231.7286196  -231.72860566 -231.71107343 -231.41959335 -231.24642711 -230.88671847 -230.40718824] 
22:[-862.41360477 -862.40137157 -862.40092452 -862.40058787 -862.40051167 -862.40026427 -862.36986503 -862.36903141 -862.32785679 -862.30842096 -862.14449498 -862.14426517 -862.14369895 -862.13990068 -862.13964544 -862.04213868 -862.02971906 -862.02579347 -862.02400096 -862.00916918 -862.00871817 -862.00343296 -862.0008834  -861.99628432 -861.99297677 -861.99229882 -861.98944079 -861.90183373 -861.89464088 -861.88248897 -861.82003153 -861.78799842 -861.78754012 -861.78750479 -861.75249316 -861.18663524 -860.96443492 -860.58738134 -859.05983787] 
23:[-251.27292163 -251.27195007 -251.27075152 -251.25986353 -251.23582906 -250.83773774 -250.82680415 -250.07371249 -250.06027921 -250.05557624 -250.05234224 -250.03736217 -250.02995325 -250.02940362 -250.02415558 -249.93613992 -249.93538424 -249.93324654 -249.92382408 -249.92381767 -249.92327289 -249.91679053 -249.91382652 -249.90112071 -249.89660147 -249.88604216 -249.71230736 -249.70787804 -249.6544848  -249.61499395 -249.53951853 -249.5256635  -249.51739984 -249.47227746 -249.40554107 -249.40100914 -249.34931827 -248.44225712 -247.57502351] 
24:[-254.0585492  -254.05806664 -254.05791147 -254.05318754 -254.05241837 -254.0523451  -254.05226414 -254.05095562 -254.05092021 -254.04563936 -254.02623356 -254.01506537 -254.0143145  -254.01228321 -254.01196883 -254.01100893 -254.00863788 -254.00754367 -254.00706259 -254.00470245 -254.00322458 -254.00170996 -253.99936286 -253.99810623 -253.99754392 -253.99749074 -253.99746155 -253.98152218 -253.96350206 -253.95426239 -253.95096422 -253.84803821 -253.80892629 -253.80889137 -253.79032021 -253.16626286 -253.0066936  -253.00442509 -252.11449774] 
25:[-167.87410855 -167.83760225 -167.61481781 -167.56214845 -167.55905734 -167.54410564 -167.53225285 -167.5194072  -167.51296453 -167.47689107 -167.3722109  -167.37221071 -167.369981   -167.36902437 -167.36878626 -167.36736954 -167.33341284 -167.32670235 -167.25259636 -167.24913472 -167.24395247 -167.22212432 -167.2164124  -167.01480441 -166.93393744 -166.93354162 -166.93353241 -166.82856953 -166.6179735  -165.91410133 -165.77246466 -165.77246374 -165.77245263 -165.77128675 -165.77010777 -165.76717842 -165.76417194 -165.74724122 -165.3121228 ] 
26:[-1078.6054032  -1078.60396171 -1078.60342145 -1078.60179671 -1078.60086781 -1078.60069859 -1078.60056171 -1078.59830864 -1078.55687433 -1078.55312946 -1078.54383077 -1078.52984549 -1078.52958256 -1078.51898368 -1078.51506377 -1078.47769195 -1078.46206203 -1078.42685104 -1078.42031754 -1078.41325464 -1078.41150682 -1078.39729078 -1078.39620794 -1078.30259607 -1078.23371882 -1078.23328132 -1078.23264849 -1078.07743569 -1077.70197321 -1077.69924779 -1077.29134285 -1077.29014332 -1077.28748375 -1077.28583625 -1077.282292   -1077.27425059 -1077.26531904 -1076.90263594 -1076.69528541] 
27:[-133.67040991 -133.66768769 -133.56970083 -133.56946074 -133.56915802 -133.56754025 -133.56514056 -133.56318796 -133.55933694 -133.5043009 -133.42971469 -133.19120956 -133.18301943 -133.15079879 -133.14108883 -133.1356894  -133.09964651 -133.01414283 -133.00437894 -132.85890013 -132.58648747 -132.58047783 -132.56950623 -132.35955063 -132.34970204 -132.34854502 -132.34851004 -131.7843498  -131.58760396 -131.56402089 -130.82928329 -130.8262256  -130.82121734 -130.82121401 -130.82116482 -130.81577188 -130.81226106 -130.81122196 -130.5568561 ] 
28:[-172.48359678 -172.47904233 -172.47883389 -172.47857131 -172.47740068 -172.47710333 -172.47668187 -172.47438226 -172.47254286 -172.35654632 -172.21864496 -172.15892999 -172.15720788 -172.15002578 -172.12001002 -171.08104748 -171.08044785 -171.07656329 -171.07634742 -171.07478345 -171.0278465  -170.88709642 -170.85316612 -170.84685839 -170.83576553 -170.81848354 -170.79198804 -170.79018514 -170.78614071 -170.72071434 -170.71804439 -170.64512227 -170.49868307 -170.4797744  -170.45054693 -170.12817145 -169.67219205 -168.73949581 -167.66346467] 
29:[-269.69056297 -269.69026617 -269.68927934 -269.62324182 -269.62317517 -269.62295652 -269.62292003 -269.62177352 -269.61919763 -269.52201063 -269.52201038 -269.5220095  -269.52174942 -269.51535695 -269.51354727 -269.5098052  -269.50946294 -269.48575248 -269.42852449 -269.36231953 -269.36211266 -269.36016112 -269.35976901 -269.33982139 -269.3393691 -269.33570353 -269.32185005 -269.32141685 -269.2937858  -269.27761965 -269.26016351 -269.22883646 -269.22734271 -269.22726383 -269.2271553 -268.8599812  -268.07193623 -267.75502618 -266.91663255] 
30:[-206.99726711 -206.99684253 -206.99304955 -206.99236913 -206.83417362 -206.41094839 -206.37206817 -206.37201896 -206.30183296 -206.29915406 -206.22860875 -206.22821914 -206.13909876 -205.88265698 -205.81836151 -205.8128512  -205.77188221 -205.77067401 -205.64897603 -205.64896423 -205.64825298 -205.64788187 -205.64505384 -205.64386531 -205.64310384 -205.54178691 -205.27924073 -205.1965726  -204.98420575 -204.98220065 -204.97726293 -204.97482566 -204.97316797 -204.97301257 -204.97291604 -204.93278821 -204.75358941 -204.6300498  -204.21578588] 
31:[-221.35100313 -221.3500874  -221.34890553 -221.34887373 -221.34864736 -221.34813074 -221.34711548 -221.33648711 -221.33447768 -221.33438313 -221.27557615 -221.27488544 -221.14127198 -221.07367804 -221.03598933 -221.03598917 -221.0359891  -221.03077264 -221.02183698 -221.01998562 -221.01673254 -221.00506766 -221.0026535  -221.00255933 -221.00238666 -220.99696819 -220.92639331 -220.91202018 -220.88914364 -220.87172456 -220.85224175 -220.84988318 -220.830463   -220.78806264 -220.74727124 -220.51720797 -220.17998174 -220.1311459  -219.061558  ] 
32:[-334.22766496 -333.85217422 -333.75730918 -333.73769773 -333.19499758 -333.18744983 -333.18516818 -333.18295184 -333.17514846 -333.09831963 -333.05024904 -333.02197546 -332.89099339 -332.8851902  -332.81598582 -332.76469917 -332.76079667 -332.7592704  -332.75884617 -332.75807087 -332.75581492 -332.7541271  -332.69703866 -332.69686799 -332.64737259 -332.49904874 -332.49849187 -332.01509497 -332.0054764  -331.85471008 -331.83600567 -331.77887859 -331.77833084 -331.77535946 -331.65160507 -331.41889083 -331.39890723 -331.34555505 -331.06306652] 
33:[-844.67555369 -844.65149463 -844.64768278 -844.6471129  -844.64021961 -844.63989696 -844.63373291 -844.633705   -844.63030971 -844.62945826 -844.62916667 -844.61434189 -844.60903797 -844.56730431 -844.55909104 -844.55296531 -844.55250303 -844.55044901 -844.54827514 -844.54729264 -844.54607029 -844.54401722 -844.54235512 -844.53858238 -844.5370838 -844.53590287 -844.53498347 -844.5215489  -844.46324601 -844.45532866 -844.43697078 -844.4343731  -844.17814914 -844.17813749 -844.17811495 -843.58079541 -843.32826501 -843.00881823 -841.69931966] 
34:[-108.09189082 -107.99401906 -107.99060317 -107.98999601 -107.87875076 -107.80243839 -107.79500059 -107.79388111 -107.77793498 -107.77634924 -107.74723744 -107.74563838 -107.7436373  -107.74037919 -107.73766926 -107.73670524 -107.73633676 -107.73430221 -107.73428561 -107.73217477 -107.72967124 -107.71458659 -107.71050525 -107.70486932 -107.6994169 -107.66637873 -107.66211849 -107.60274824 -107.60124838 -107.5442914 -107.52761426 -107.50986613 -107.41674722 -107.41673485 -107.41070207 -107.41041562 -107.4102946  -107.40835571 -107.25177912] 
35:[-76.17242536 -76.17239422 -76.16865859 -76.16589962 -76.1612266 -76.15993343 -76.14878084 -76.12954686 -76.12269316 -76.05241836 -76.04841832 -76.02438016 -76.00395053 -75.98291683 -75.94430372 -75.93125108 -75.91963134 -75.91463835 -75.90126823 -75.89984154 -75.88900309 -75.86849723 -75.86841608 -75.86814857 -75.84947111 -75.8480772  -75.84335065 -75.83398535 -75.73445115 -75.72866422 -75.72843836 -75.66742154 -75.52625496 -75.49332775 -75.40637136 -75.39690886 -75.3372929  -74.65904175 -73.1259814 ] 
36:[-177.95721653 -177.92202794 -177.75144385 -177.74826595 -177.74598181 -177.7424207  -177.74209701 -177.74132606 -177.73903022 -177.7380302 -177.73614775 -177.73429687 -177.73414493 -177.73254286 -177.52715155 -177.4535348  -177.33478848 -177.18575733 -177.18358137 -177.18276952 -177.17851157 -177.16998708 -177.16998657 -177.1665453  -177.16454803 -177.16227467 -177.13637259 -177.12575397 -177.10173002 -177.07574048 -177.07420417 -177.06741935 -177.05886508 -177.02067782 -176.97258458 -176.90847196 -176.86217772 -175.59728666 -174.82968697] 
37:[-976.07435339 -976.07428689 -975.87004637 -975.87003445 -975.85956965 -975.85813548 -975.83720955 -975.80720345 -975.80718174 -975.80704606 -975.80690231 -975.8068601  -975.80677394 -975.80644554 -975.8034012 -975.80338581 -975.8020163  -975.79807479 -975.79500031 -975.70467713 -975.70467418 -975.70467258 -975.70445937 -975.70445106 -975.70439215 -975.7015708  -975.68919019 -975.6703663  -975.48224293 -975.20128497 -975.19369335 -975.19115668 -975.16854455 -975.12606754 -974.95120304 -974.71354815 -974.60306365 -974.39407839 -973.60898862] 
38:[-133.77672508 -133.77643003 -133.77520322 -133.77495226 -133.77484606 -133.7739038  -133.77370797 -133.7736928  -133.7736875  -133.76753695 -133.76588432 -133.75785158 -133.754916   -133.75480289 -133.75342989 -133.73786218 -133.73597082 -133.71953712 -133.71061696 -133.70916124 -133.70337903 -133.69091348 -133.69055438 -133.68952577 -133.6888057 -133.47455573 -133.47121681 -133.45889385 -133.36615944 -133.32952138 -133.02288227 -132.96409083 -132.96405884 -132.9640557  -132.96055603 -132.95769024 -132.9548769  -132.90805064 -132.33864197] 
RANKING VECTORS IDX
0:[ 0. 25.  8.  1.  6. 29. 10.  9. 21. 18.  4. 38. 26. 27. 31. 35.  7. 30. 23. 19.  5. 12. 34.  3. 32. 37. 11. 14. 24. 13. 22. 33. 28. 15. 16. 17. 20. 36.  2.] 
1:[ 1.  8. 27. 26.  4. 38. 18. 31. 35.  6.  7. 30. 23.  3. 19.  5. 21. 12. 25.  0. 29. 10.  9. 34. 32. 11. 37. 13. 24. 14. 36. 20. 22. 33. 15. 17. 28. 16.  2.] 
2:[ 2. 28. 31. 17. 35.  4. 15. 22. 33. 20. 16. 24.  9. 14.  7. 29.  6. 10. 38. 18. 27. 26.  8.  1. 21. 25.  0. 11. 32. 37. 36. 12. 19. 23. 30.  5. 13.  3. 34.] 
3:[ 8.  1.  6. 38. 31.  4. 27. 26. 18. 35. 30. 19. 12. 23.  5.  3. 13. 37. 11.  7. 14. 29.  9. 24. 21. 25.  0. 10. 20. 17. 15. 28. 22. 36. 16. 32. 33. 34.  2.] 
4:[31.  4. 27. 38. 26. 18. 24.  1.  8.  9. 10. 29. 14. 32. 11. 37. 30. 23.  6.  5. 19.  7. 12.  3.  0. 35. 25. 13. 21. 36. 17. 20. 22. 33. 15. 28. 16. 34.  2.] 
5:[30. 23. 19.  5. 12. 32.  9. 14. 24.  8.  1.  4. 27. 26. 35. 31. 18. 38. 20. 22. 33. 15. 28. 16. 10. 17.  6.  7. 11. 37. 13.  0. 36.  2. 21. 25. 29.  3. 34.] 
6:[29. 10.  6.  0.  9. 25. 21.  8.  1. 26. 31. 27.  4. 38. 18. 19. 23.  5. 30. 12. 32. 37. 11. 24. 14. 35. 34.  3. 15. 20. 16. 28. 17. 33. 36. 13.  7.  2. 22.] 
7:[ 7. 38.  4. 27. 26. 35. 31. 18. 33. 22. 15. 20. 28. 17. 16.  8. 10.  1. 29. 14. 21.  0. 11. 37. 32. 24.  9.  6.  2. 25. 19. 23.  5. 30. 36. 13. 12.  3. 34.] 
8:[ 1.  8.  6.  7. 31. 38. 18.  4. 27. 26. 35. 30. 19.  5. 23. 12.  3. 29.  9. 10. 24. 14. 25. 13. 11. 32. 37. 21.  0. 34. 36. 22. 33. 20. 17. 28. 16. 15.  2.] 
9:[29.  9. 10. 13. 32. 37. 11.  7.  6.  8.  1. 38. 27. 26. 18. 31. 35.  4.  3. 12. 30.  5. 19.  0. 23. 25. 14. 24. 21. 16. 28. 20. 36. 22. 33. 15. 17. 34.  2.] 
10:[29. 10.  9.  0. 25.  4. 38. 18. 31.  1. 26. 27. 35.  6.  8.  7. 21. 30. 23.  5. 19. 12.  3. 34. 32. 11. 37. 24. 14. 13. 16. 17. 22. 33. 28. 20. 15.  2. 36.] 
11:[37. 32. 11. 21. 34. 26. 31. 27. 35. 18.  4. 38.  7. 30. 19. 23.  5.  3. 12. 24.  0. 25.  8.  1. 10.  9. 14. 29.  6. 15. 33. 22. 20. 13. 17. 16. 28. 36.  2.] 
12:[19.  5. 30. 23. 12. 32. 37.  7. 18. 38. 26. 35.  4. 31.  9. 15. 21. 20. 17. 16. 28. 27. 22.  1.  8. 14.  0. 29. 10. 33.  6. 11.  2. 13. 24. 36. 25.  3. 34.] 
13:[17. 22. 16. 33. 35.  4. 38. 28. 31. 27. 26. 20. 15. 37. 30. 11. 32. 24. 29. 14.  9. 36.  7. 13.  1.  2. 18. 19.  8. 23. 12.  5.  0. 25.  3.  6. 10. 21. 34.] 
14:[14. 24. 35. 31.  4.  0. 38.  7. 18.  2. 26.  1. 27.  8.  6.  9. 25. 21. 29. 10. 22. 33. 16. 28. 20. 15. 17. 12. 19. 30.  5. 23. 37. 11. 32. 36. 13.  3. 34.] 
15:[31. 20.  2. 35. 28. 15. 22. 33. 17.  4. 16. 29.  9. 24. 26. 27. 18.  1. 38. 14. 30. 12. 19.  5. 23.  6. 25.  8. 10. 21.  0. 37. 36. 32. 11.  7. 13.  3. 34.] 
16:[ 4. 15. 22. 33. 38. 31. 28. 17. 18. 20. 16. 27. 26. 35.  7. 29. 24.  9. 14. 10.  8.  1.  2.  0. 32. 21. 36. 11. 37. 25.  6. 19.  5. 30. 23. 12. 13.  3. 34.] 
17:[22. 33. 15. 17. 16.  4. 35. 20.  9. 24. 14.  2. 32. 11. 37.  6. 31.  7. 18. 27. 26. 38.  8.  1. 12. 30. 19.  5. 23. 10. 29. 25. 21. 28.  0. 36. 13.  3. 34.] 
18:[27. 26. 18. 38.  1.  8.  6. 10. 29. 35.  9. 14. 24. 25. 21.  5. 19. 30.  0. 23. 12. 22. 33. 15. 16. 20. 17. 28. 37. 32. 11.  2.  7. 13.  4. 31. 36.  3. 34.] 
19:[19.  5. 30. 23. 12. 32. 37.  7. 18. 38. 26. 35.  4. 31.  9. 15. 21. 20. 17. 16. 28. 27. 22.  1.  8. 14.  0. 29. 10. 33.  6. 11.  2. 13. 24. 36. 25.  3. 34.] 
20:[10. 29. 26. 27.  4.  1.  8. 38. 18. 31.  6.  7. 35. 19. 15. 20. 17. 12. 23. 16. 33.  5. 22. 24.  9. 30. 14. 25. 21.  0.  2. 28. 11. 32. 37. 36. 13.  3. 34.] 
21:[21.  7.  4. 31. 26. 27. 38. 18. 35. 29. 10. 24. 14.  9. 16. 28. 30. 23. 19.  5.  8.  1.  0. 12. 37. 32.  6. 11. 13. 25. 17. 20. 22. 33. 15. 36.  2.  3. 34.] 
22:[ 4. 20. 22. 15. 17. 33. 35. 16. 31. 28.  9. 10. 24. 14. 29. 18. 38.  8. 23.  7. 12.  5. 19. 30. 26. 27.  1. 25. 21.  2.  0. 11. 37. 32.  6. 36. 13.  3. 34.] 
23:[19.  5. 30. 23. 12. 32. 37.  7. 18. 38. 26. 35.  4. 31.  9. 15. 21. 20. 17. 16. 28. 27. 22.  1.  8. 14.  0. 29. 10. 33.  6. 11.  2. 13. 24. 36. 25.  3. 34.] 
24:[22. 33. 20. 15. 35. 16. 17. 28.  9. 24. 31. 23.  1. 26. 27. 19.  6.  5. 12. 30.  8. 10.  4. 38. 29. 18.  7. 14.  0. 21. 25.  2. 32. 11. 37.  3. 13. 36. 34.] 
25:[ 0. 25. 21. 29. 10.  9. 14.  8.  1.  6. 27. 26.  4. 38. 18. 31.  7. 35. 12.  5. 19. 30. 23.  3. 32. 37. 11. 34. 24. 13. 22. 33. 15. 17. 20. 16. 28. 36.  2.] 
26:[ 4. 18.  8.  1. 27. 26. 38. 31.  3.  7.  0. 10.  9. 29. 25. 34.  6. 21. 30. 23. 35.  5. 19. 12. 11. 32. 37. 13. 24. 14. 28. 17. 15. 22. 33. 16. 20. 36.  2.] 
27:[ 1.  8. 27. 26.  4. 38. 18. 31. 35.  6.  7. 30. 23.  3. 19.  5. 21. 12. 25.  0. 29. 10.  9. 34. 32. 11. 37. 13. 24. 14. 36. 20. 22. 33. 15. 17. 28. 16.  2.] 
28:[35. 16. 38.  4. 27. 28. 26. 18. 31.  7. 10. 29.  9. 14. 21. 15. 20. 22. 33. 17. 32.  2. 19.  5. 24. 12. 23. 30. 36.  8.  1.  6. 37. 11. 25. 13.  0.  3. 34.] 
29:[ 9. 10. 29. 27. 26.  4. 31. 18. 38. 22. 33. 15. 20. 28. 35. 16. 17.  7.  2. 25.  8. 12.  1. 21. 19.  5. 23. 30. 24. 14.  6.  0. 32. 11. 37. 36. 13.  3. 34.] 
30:[23. 30.  5. 19. 12. 24.  9. 14. 29. 10.  8.  1. 32.  6. 13.  7. 11. 37. 27. 26. 38. 31.  4. 18. 35.  3.  0. 25. 17. 28. 16. 20. 15. 22. 33. 36. 21. 34.  2.] 
31:[31.  4. 27. 26. 38. 18. 35. 29.  9. 10.  1.  8.  6.  7. 22. 33. 15. 17. 20. 28. 16. 24. 32. 11. 37. 14. 23. 30. 12. 19.  5. 25. 21.  0.  2. 36. 13.  3. 34.] 
32:[32.  6. 21. 14.  5. 23. 30. 12. 19. 29. 10. 24.  0.  7.  9. 25. 31. 27. 26.  4. 18. 38. 11. 37. 35.  8.  1. 16. 28. 17. 20. 22. 33. 15. 36.  2.  3. 34. 13.] 
33:[31. 24.  9. 14. 15. 17. 16. 35. 20. 22. 33. 28.  4. 10.  6. 26. 27.  7. 38. 29.  1.  8. 18. 23. 19. 12. 30.  5. 21. 25.  2.  0. 11. 32. 37. 36. 13.  3. 34.] 
34:[34. 29. 10. 24. 14. 30. 32. 37.  0.  6. 19.  5. 12.  7. 31. 11.  4. 27. 26. 35. 38. 23. 18.  1.  8. 13. 25.  9.  3. 21. 28. 36. 22. 33. 20. 17. 15. 16.  2.] 
35:[27. 26. 18. 38.  1.  8.  6. 10. 29. 35.  9. 14. 24. 25. 21.  5. 19. 30.  0. 23. 12. 22. 33. 15. 16. 20. 17. 28. 37. 32. 11.  2.  7. 13.  4. 31. 36.  3. 34.] 
36:[36. 32. 28. 16. 35. 15. 20. 17.  4. 22. 24. 33. 31. 14. 30.  7.  2. 37.  1.  8. 13. 26. 27. 18. 38. 11. 10. 29. 23.  9.  5. 19. 12.  6. 21.  0. 25.  3. 34.] 
37:[ 8.  1.  7. 13. 11. 37. 30. 31.  4. 35. 27. 26. 38. 18. 29. 10. 24.  9. 14. 20. 22. 33. 15. 28. 16. 17. 36. 32.  6. 25.  5. 23. 19.  3. 12.  2. 21. 34.  0.] 
38:[31. 35.  4.  8. 38.  1. 18. 27. 26. 29. 10. 30. 23. 19.  5. 14. 24.  6.  3. 12. 32. 37. 13.  7. 11.  9. 25. 21.  0. 34. 36. 20. 22. 33. 17. 16. 15. 28.  2.] 
POSCARS
EA401   2.618  2.618  9.952 82.49 89.99 119.99 Sym.group:  166
1.0
   1.3094520000000001   -2.2668180000000002   -0.0125980000000000
   1.3085249999999999    2.2669410000000001    0.0141830000000000
   1.2962110000000000    0.6923120000000000    9.8430269999999993
Al O
4 2
direct
   0.5997220000000000    0.8680920000000000    0.0466240000000000 Al
   0.8373969999999999    0.3370320000000000    0.3331320000000000 Al
   0.0729280000000000    0.8148460000000000    0.6196430000000001 Al
   0.3359670000000000    0.3430230000000000    0.8331340000000000 Al
   0.1372780000000000    0.9375300000000000    0.4331060000000000 O
   0.5374660000000000    0.7367540000000000    0.2331520000000000 O
EA106   2.721  8.415  2.722 90.00 60.00 90.00 Sym.group:  164
1.0
   2.7214619999999998   -0.0008370000000000    0.0005190000000000
   0.0026800000000000    8.4150690000000008   -0.0454450000000000
   1.3602520000000000    0.0124400000000000    2.3574600000000001
Al N
4 2
direct
   0.2385610000000000    0.0728040000000000    0.8357420000000000 Al
   0.2384240000000000    0.5728070000000000    0.8359070000000000 Al
   0.9051470000000000    0.8399500000000000    0.5026250000000000 Al
   0.5719030000000001    0.3056610000000000    0.1691090000000000 Al
   0.9051620000000000    0.4402660000000000    0.5024880000000000 N
   0.5717560000000000    0.7053490000000000    0.1693020000000000 N
EA109   4.161  4.161  4.162 119.97 60.02 119.98 Sym.group:  227
1.0
   4.1605699999999999   -0.0061490000000000    0.0014390000000000
  -2.0737450000000002    3.6071830000000000   -0.0060590000000000
   2.0769039999999999   -1.1982470000000001    3.4015590000000002
Be Mg
4 2
direct
   0.9972940000000000    0.0048580000000000    0.0032270000000000 Be
   0.4973660000000000    0.5048420000000000    0.0030430000000000 Be
   0.9971680000000001    0.5047280000000000    0.0031750000000000 Be
   0.9974150000000001    0.5047920000000000    0.5030810000000000 Be
   0.3723680000000000    0.1298420000000000    0.3781330000000000 Mg
   0.6221960000000000    0.8796810000000000    0.6282489999999999 Mg
EA187   2.826  2.816  4.033 89.37 90.13 89.99 Sym.group:  123
1.0
   2.8258329999999998   -0.0044490000000000    0.0054870000000000
   0.0051190000000000    2.8160289999999999   -0.0114980000000000
  -0.0165440000000000    0.0605380000000000    4.0322370000000003
Na F
2 1
direct
   0.3344360000000000    0.9966530000000000    0.3285940000000000 Na
   0.8332349999999999    0.4949620000000000    0.8287280000000000 Na
   0.3330740000000000    0.9947589999999999    0.8285070000000000 F
EA3     2.934  2.934  3.748 90.00 90.00 60.00 Sym.group:  164
1.0
   1.4671660000000000   -2.5409649999999999    0.0006470000000000
   2.9341309999999998    0.0001350000000000    0.0009950000000000
  -0.0011320000000000    0.0002090000000000    3.7480030000000002
Si B
2 1
direct
   0.6799550000000000    0.6571020000000000    0.2465980000000000 Si
   0.0132860000000000    0.9903729999999999    0.7841360000000001 Si
   0.3466210000000000    0.3237370000000000    0.5153670000000000 B
EA16    2.735  2.738  7.377 90.00 90.00 60.11 Sym.group:  194
1.0
   2.7346240000000002    0.0007270000000000   -0.0017130000000000
   1.3637280000000001    2.3742749999999999   -0.0006100000000000
   0.0047750000000000   -0.0007220000000000    7.3772510000000002
N Mg
4 2
direct
   0.6695160000000000    0.6618140000000000    0.1650350000000000 N
   0.6700930000000000    0.6617090000000000    0.3306820000000000 N
   0.3364490000000000    0.3308240000000000    0.6650470000000001 N
   0.3362880000000000    0.3310100000000000    0.8306730000000000 N
   0.0026770000000000    0.9965780000000000    0.9979130000000000 Mg
   0.0032910000000000    0.9963379999999999    0.4979130000000000 Mg
EA218  10.463  2.548  2.550 60.03 96.97 90.19 Sym.group:  166
1.0
  10.4625570000000003    0.0443850000000000    0.0225710000000000
  -0.0090950000000000    1.2838039999999999   -2.2010779999999999
  -0.3201460000000000    2.5297109999999998    0.0020160000000000
Si O
4 2
direct
   0.3082340000000000    0.3085510000000000    0.6752110000000000 Si
   0.9912060000000000    0.4044520000000000    0.4631930000000000 Si
   0.6252630000000000    0.1799360000000000    0.8978969999999999 Si
   0.8082330000000000    0.7913030000000000    0.6806660000000000 Si
   0.2203710000000000    0.0025980000000000    0.2846150000000000 O
   0.3961040000000000    0.6143040000000000    0.0658750000000000 O
EA356   3.610  2.759  2.770 119.43 111.61 67.59 Sym.group:  166
1.0
   3.5596440000000000    0.5586900000000000    0.2167380000000000
   0.6879000000000000    1.5748169999999999    2.1588310000000002
  -0.6409720000000000   -2.6635650000000002    0.4076150000000000
B Si
2 1
direct
   0.5939310000000000    0.9777500000000000    0.8591340000000000 B
   0.4106600000000000    0.3733300000000000    0.4616530000000000 B
   0.0022230000000000    0.1758300000000000    0.6604170000000000 Si
EA119   2.428  2.430  8.228 90.66 89.69 119.95 Sym.group:  164
1.0
   2.4275869999999999    0.0083930000000000    0.0036710000000000
  -1.2204649999999999    2.1016170000000001   -0.0004920000000000
   0.0318000000000000   -0.0888400000000000    8.2274510000000003
Li F
4 2
direct
   0.3402420000000000    0.6727370000000000    0.5363160000000000 Li
   0.6687000000000000    0.3199710000000000    0.7728030000000000 Li
   0.0023600000000000    0.0061590000000000    0.2998380000000000 Li
   0.3353360000000000    0.6627130000000000    0.0363190000000000 Li
   0.0020130000000000    0.9908480000000000    0.9037940000000000 F
   0.6687920000000001    0.3346540000000000    0.1688510000000000 F
EA242   2.755  2.755  8.971 89.98 89.99 60.02 Sym.group:  164
1.0
   1.4186240000000001    2.3620070000000002   -0.0316800000000000
  -1.3366659999999999    2.4091079999999998    0.0218160000000000
   0.1726250000000000    0.0178490000000000    8.9695219999999996
Al B
4 2
direct
   0.3330460000000000    0.5067400000000000    0.6288260000000000 Al
   0.6676060000000000    0.8387410000000000    0.8486860000000001 Al
   0.0001670000000000    0.1727220000000000    0.0689140000000000 Al
   0.0004730000000000    0.1727420000000000    0.4085990000000000 Al
   0.3336100000000000    0.5060400000000000    0.2362990000000000 B
   0.6670280000000000    0.8394160000000001    0.2412150000000000 B
EA245   2.756  2.760  9.889 89.42 89.55 60.44 Sym.group:  164
1.0
   2.7560820000000001    0.0319560000000000   -0.0118030000000000
   1.3335140000000001    2.4164479999999999   -0.0159130000000000
   0.1186720000000000    0.1132730000000000    9.8880549999999996
Mg F
4 2
direct
   0.6586740000000000    0.6653770000000000    0.9846890000000000 Mg
   0.3263440000000000    0.3332300000000000    0.7689450000000000 Mg
   0.9926350000000000    0.9988410000000000    0.1984740000000000 Mg
   0.9947490000000000    0.0000650000000000    0.5550610000000000 Mg
   0.6612960000000000    0.6669730000000000    0.4581970000000000 F
   0.3259590000000000    0.3318840000000000    0.2953680000000000 F
EA71    2.824  2.818  2.818 86.66 93.33 86.65 Sym.group:  166
1.0
   2.8241459999999998    0.0049320000000000   -0.0024680000000000
   0.1596900000000000    2.8134939999999999    0.0016040000000000
  -0.1616060000000000    0.1722610000000000    2.8081339999999999
O C
2 1
direct
   0.5825060000000000    0.4112730000000000    0.2519760000000000 O
   0.0844320000000000    0.9095550000000000    0.7533350000000000 O
   0.8334380000000000    0.1604120000000000    0.5027180000000000 C
EA58    4.238  3.748  2.491 90.00 90.02 90.00 Sym.group:  187
1.0
   4.2377710000000004   -0.0069410000000000    0.0034870000000000
   0.0059120000000000    3.7480680000000000   -0.0008110000000000
  -0.0030090000000000    0.0007370000000000    2.4910839999999999
N Li
4 2
direct
   0.3040340000000000    0.3496850000000000    0.4205170000000000 N
   0.3041110000000000    0.6552950000000000    0.4205120000000000 N
   0.8040450000000000    0.3496850000000000    0.9204670000000000 N
   0.8041050000000000    0.6552980000000000    0.9204680000000000 N
   0.6417610000000000    0.0024770000000000    0.4201170000000000 Li
   0.1417760000000000    0.0024700000000000    0.9202040000000000 Li
EA90    3.859  3.829  3.846 60.44 90.15 119.24 Sym.group:  225
1.0
   3.8593630000000001    0.0003860000000000    0.0004470000000000
  -1.8708190000000000    3.3412929999999998    0.0004710000000000
  -0.0104870000000000    2.1683859999999999    3.1769200000000000
Na S
2 1
direct
   0.7513350000000000    0.4898840000000000    0.7573350000000000 Na
   0.2359950000000000    0.4873410000000000    0.2499780000000000 Na
   0.4935700000000000    0.9885540000000000    0.5038300000000000 S
EA116   3.311  3.311  4.153 89.98 90.01 119.99 Sym.group:  164
1.0
   1.6556280000000001   -2.8674320000000000    0.0019370000000000
   1.6559390000000000    2.8677340000000000   -0.0004970000000000
  -0.0009050000000000    0.0027590000000000    4.1529460000000000
Be Li
4 2
direct
   0.2006970000000000    0.9753990000000000    0.9569040000000000 Be
   0.5340740000000000    0.6420120000000000    0.7620270000000000 Be
   0.2004020000000000    0.9746960000000000    0.4906720000000000 Be
   0.8673450000000000    0.3085620000000000    0.6855280000000000 Be
   0.8671250000000000    0.3083780000000000    0.1787130000000000 Li
   0.5336120000000000    0.6411520000000001    0.2688450000000000 Li
EA19    4.078  4.897  4.075 89.99 60.05 90.00 Sym.group:  191
1.0
   4.0729069999999998    0.0064040000000000    0.1964380000000000
  -0.0071290000000000    4.8973120000000003   -0.0129730000000000
   1.8623810000000001    0.0126920000000000    3.6249639999999999
Si Na
4 2
direct
   0.2350680000000000    0.9126420000000000    0.2721720000000000 Si
   0.2347630000000000    0.4126480000000000    0.2728560000000000 Si
   0.9013660000000000    0.4123150000000000    0.9395550000000000 Si
   0.9016810000000000    0.9123160000000000    0.9388649999999999 Si
   0.5682400000000000    0.6625160000000000    0.6059390000000000 Na
   0.5683340000000000    0.1625580000000000    0.6057100000000000 Na
EA171   3.022  2.844  2.844 60.17 90.06 89.65 Sym.group:  191
1.0
   2.2411759999999998   -0.8250630000000000    1.8512329999999999
   0.9712010000000000    2.6730489999999998    0.0442100000000000
  -0.9564870000000000    1.8202890000000000    1.9642290000000000
B Al
2 1
direct
   0.8287380000000000    0.3307850000000000    0.7243410000000000 B
   0.8287300000000000    0.6647180000000000    0.0583240000000000 B
   0.3287310000000000    0.9976900000000000    0.3914120000000000 Al
EA205   3.692  2.378  3.684 90.08 60.63 90.07 Sym.group:  191
1.0
   3.6722120000000000    0.1490450000000000    0.3531230000000000
  -0.1051370000000000    2.3744369999999999    0.0598420000000000
   1.4936080000000000   -0.0237550000000000    3.3678469999999998
Li Al
2 1
direct
   0.6533660000000000    0.8247890000000000    0.7165230000000000 Li
   0.3212570000000000    0.8248650000000000    0.3840470000000000 Li
   0.9873120000000000    0.3248080000000000    0.0502860000000000 Al
EA137   5.855  4.445  2.659 90.00 90.01 89.87 Sym.group:  164
1.0
   5.8546279999999999   -0.0035110000000000   -0.0078290000000000
   0.0128370000000000    4.4449519999999998   -0.0020550000000000
   0.0032690000000000    0.0011070000000000    2.6591570000000000
Al Si
4 2
direct
   0.7553190000000000    0.7851990000000000    0.8993650000000000 Al
   0.7553190000000000    0.2851970000000000    0.3993060000000000 Al
   0.4081560000000000    0.4492510000000000    0.8988180000000000 Al
   0.4081560000000000    0.9492500000000000    0.3987580000000000 Al
   0.0817350000000000    0.6171020000000000    0.3981780000000000 Si
   0.0817360000000000    0.1171010000000000    0.8980320000000001 Si
EA198   2.464  2.463  7.405 90.03 90.02 60.03 Sym.group:  194
1.0
   2.4637349999999998   -0.0001120000000000   -0.0000020000000000
   1.2306930000000000    2.1339649999999999    0.0001630000000000
  -0.0026470000000000   -0.0035630000000000    7.4054580000000003
N Li
4 2
direct
   0.6633250000000001    0.6742060000000000    0.1689210000000000 N
   0.6628590000000000    0.6748130000000000    0.3239060000000000 N
   0.3305730000000000    0.3415670000000000    0.6689270000000000 N
   0.3312350000000000    0.3417330000000000    0.8238990000000000 N
   0.9982940000000000    0.0075700000000000    0.9964130000000000 Li
   0.9957260000000000    0.0086390000000000    0.4964130000000000 Li
EA101   4.180  4.179  2.721 89.98 90.00 60.06 Sym.group:  191
1.0
   4.1797649999999997    0.0279380000000000    0.0059540000000000
   2.0619459999999998    3.6353819999999999    0.0041520000000000
  -0.0038960000000000   -0.0000370000000000    2.7208060000000001
Na Mg
2 1
direct
   0.7541830000000000    0.1782980000000000    0.7399900000000000 Na
   0.0875720000000000    0.5113799999999999    0.7390460000000000 Na
   0.4208390000000000    0.8448700000000000    0.2396090000000000 Mg
EA21    2.407  2.410  3.489 89.78 90.16 60.05 Sym.group:  156
1.0
   2.4072070000000001    0.0102260000000000   -0.0268380000000000
   1.1941560000000000    2.0929920000000002   -0.0223170000000000
   0.0291860000000000    0.0358100000000000    3.4882339999999998
C Be
2 1
direct
   0.2261210000000000    0.5525810000000000    0.5941770000000000 C
   0.5578250000000000    0.8857450000000000    0.4413710000000000 C
   0.2232940000000000    0.5545949999999999    0.0873100000000000 Be
EA252   4.198  7.226  2.441 89.77 90.06 90.00 Sym.group:  191
1.0
   4.1975160000000002    0.0011000000000000    0.0108280000000000
  -0.0013600000000000    7.2257720000000001   -0.0844990000000000
  -0.0088560000000000    0.0381900000000000    2.4402159999999999
Na Si
4 2
direct
   0.9980000000000000    0.3338990000000000    0.6718290000000000 Na
   0.4977330000000000    0.1658450000000000    0.6718220000000000 Na
   0.4979320000000000    0.8335250000000000    0.6717680000000000 Na
   0.9980670000000000    0.6659350000000001    0.6723510000000000 Na
   0.9978240000000000    0.9998130000000000    0.1707730000000000 Si
   0.4980160000000000    0.4996880000000000    0.1715450000000000 Si
EA181   3.971  2.459  2.464 60.08 72.00 71.99 Sym.group:  166
1.0
   3.2225790000000001    2.3205010000000001    0.0276310000000000
  -0.0029230000000000    1.3296479999999999   -2.0684860000000000
  -0.7516670000000000    2.3463430000000001    0.0482040000000000
N Li
2 1
direct
   0.9739090000000000    0.9371360000000000    0.4579770000000000 N
   0.2833550000000000    0.8343860000000000    0.3544610000000000 N
   0.6286250000000000    0.3857670000000000    0.9062570000000000 Li
EA108   4.417  3.424  3.436 60.13 90.24 90.01 Sym.group:  164
1.0
   4.4142180000000000    0.0061850000000000    0.1652410000000000
  -0.0053740000000000    3.4236659999999999   -0.0005000000000000
  -0.1283580000000000    1.7117739999999999    2.9767969999999999
Li Be
4 2
direct
   0.5640970000000000    0.5892970000000000    0.4930420000000000 Li
   0.3918010000000000    0.9224880000000000    0.8266970000000000 Li
   0.9330820000000000    0.9232020000000000    0.8252840000000000 Li
   0.7607420000000000    0.2563880000000000    0.1589370000000000 Li
   0.2296500000000000    0.2560660000000000    0.1595500000000000 Be
   0.0951640000000000    0.5896230000000000    0.4924290000000000 Be
EA107   2.632  2.632  9.007 89.99 90.00 60.00 Sym.group:  187
1.0
   1.3351029999999999    2.2687569999999999    0.0008760000000000
  -1.2973479999999999    2.2903720000000001    0.0055040000000000
   0.0144470000000000   -0.0117510000000000    9.0071309999999993
Si N
4 2
direct
   0.3704620000000000    0.9529650000000000    0.4463850000000000 Si
   0.3702950000000000    0.9528350000000000    0.0414970000000000 Si
   0.0354910000000000    0.6208140000000000    0.2439390000000000 Si
   0.7054170000000000    0.2844180000000000    0.7439420000000000 Si
   0.7038790000000000    0.2862140000000000    0.5430520000000000 N
   0.7036380000000000    0.2862850000000000    0.9448310000000000 N
EA157   2.728  2.719  4.467 89.53 90.60 119.78 Sym.group:  164
1.0
   2.7274699999999998   -0.0184590000000000    0.0064640000000000
  -1.3344790000000000    2.3693059999999999   -0.0056770000000000
  -0.0573660000000000    0.0208810000000000    4.4667599999999998
Mg H
2 1
direct
   0.0559830000000000    0.0479370000000000    0.1694330000000000 Mg
   0.3925780000000000    0.7182539999999999    0.6941120000000000 Mg
   0.7268520000000001    0.3826200000000000    0.4296680000000000 H
EA5     4.237  2.716  2.716 120.00 89.99 90.01 Sym.group:  164
1.0
   4.2370510000000001    0.0071440000000000   -0.0012340000000000
  -0.0034130000000000    1.3620699999999999   -2.3501639999999999
  -0.0013460000000000    1.3544210000000001    2.3547419999999999
Al N
2 1
direct
   0.7287680000000000    0.1725380000000000    0.0096100000000000 Al
   0.2640330000000000    0.8393350000000001    0.3430010000000000 Al
   0.9964830000000000    0.5059780000000000    0.6765190000000000 N
EA38    2.495  3.975  3.922 113.71 71.48 108.18 Sym.group:  191
1.0
   2.4931030000000001   -0.0840380000000000    0.0333730000000000
  -1.1140239999999999    3.8137110000000001    0.1071380000000000
   1.1529460000000000   -1.4047050000000001    3.4759120000000001
C Li
4 2
direct
   0.8565570000000000    0.5159680000000000    0.5146700000000000 C
   0.8611890000000000    0.1876500000000000    0.1761520000000000 C
   0.3612230000000000    0.6877060000000000    0.6761040000000000 C
   0.3564670000000000    0.0159050000000000    0.0147330000000000 C
   0.1099120000000000    0.1018780000000000    0.5954410000000000 Li
   0.6077840000000000    0.6017140000000000    0.0953630000000000 Li
EA187   3.082  3.082  9.121 89.70 90.32 119.90 Sym.group:  164
1.0
   3.0824129999999998   -0.0002510000000000    0.0005820000000000
  -1.5362089999999999    2.6721729999999999   -0.0010000000000000
  -0.0528140000000000    0.0274400000000000    9.1204630000000009
P Cl
4 2
direct
   0.8061410000000000    0.6942350000000000    0.0317620000000000 P
   0.8004390000000000    0.6990300000000000    0.6080470000000000 P
   0.4687040000000000    0.0309960000000000    0.7374540000000001 P
   0.1378910000000000    0.3622820000000000    0.9023550000000000 P
   0.4727790000000000    0.0274150000000000    0.2096270000000000 Cl
   0.1328110000000000    0.3649650000000000    0.4301780000000000 Cl
EA106   4.663  3.763  2.732 89.99 89.90 112.24 Sym.group:  166
1.0
   4.6628059999999998   -0.0151620000000000   -0.0081960000000000
  -1.4129769999999999    3.4880059999999999    0.0017240000000000
   0.0096680000000000    0.0031580000000000    2.7321949999999999
N Al
4 2
direct
   0.3976640000000000    0.0397100000000000    0.2545230000000000 N
   0.8976790000000000    0.5396620000000000    0.7542400000000000 N
   0.2721460000000000    0.2984130000000000    0.2554230000000000 N
   0.7721260000000000    0.7984450000000000    0.7551320000000000 N
   0.8349040000000000    0.1690540000000000    0.2546890000000000 Al
   0.3349030000000000    0.6690630000000000    0.7549700000000000 Al
EA150   3.181  3.184  3.913 90.10 89.97 119.92 Sym.group:  164
1.0
   1.5973679999999999   -2.7509910000000000   -0.0103280000000000
   1.5889260000000001    2.7592639999999999    0.0233350000000000
  -0.0206560000000000   -0.0293840000000000    3.9130660000000002
P S
2 1
direct
   0.3370470000000000    0.6700770000000000    0.6456780000000000 P
   0.6701300000000000    0.3354650000000000    0.3519610000000000 P
   0.0035920000000000    0.0027740000000000    0.9988190000000000 S
EA41    2.852  2.837  2.849 86.10 86.12 93.92 Sym.group:  160
1.0
   2.8520029999999998   -0.0015010000000000    0.0217260000000000
  -0.1924640000000000    2.8307199999999999   -0.0134330000000000
   0.1711230000000000    0.2194400000000000    2.8358140000000001
N O
2 1
direct
   0.1152700000000000    0.7649350000000000    0.0272890000000000 N
   0.8701680000000001    0.5211730000000000    0.2720110000000000 N
   0.6148169999999999    0.2663370000000000    0.5271880000000000 O
EA23    4.826  4.970  4.322 64.34 89.83 118.91 Sym.group:  191
1.0
   4.8244080000000000   -0.0773670000000000   -0.0893280000000000
  -2.3326259999999999    4.3884449999999999    0.0144290000000000
   0.1167360000000000    2.1696149999999998    3.7363390000000001
Na Al
4 2
direct
   0.1682030000000000    0.6630300000000000    0.6722270000000000 Na
   0.0018910000000000    0.3306540000000000    0.3384650000000000 Na
   0.5019760000000000    0.3304970000000000    0.3391620000000000 Na
   0.6682770000000000    0.6628039999999999    0.6729940000000000 Na
   0.0856370000000000    0.9968100000000000    0.0059390000000000 Al
   0.5855080000000000    0.9964810000000000    0.0058500000000000 Al
EA39    3.469  3.452  3.449 89.98 90.02 90.05 Sym.group:  224
1.0
   3.4685589999999999    0.0170140000000000    0.0090690000000000
  -0.0197140000000000    3.4517449999999998   -0.0015360000000000
  -0.0102770000000000    0.0028630000000000    3.4491070000000001
H S
4 2
direct
   0.4984280000000000    0.0047170000000000    0.0021610000000000 H
   0.0097970000000000    0.4906150000000000    0.9968230000000000 H
   0.9883110000000001    0.9979440000000001    0.5040350000000000 H
   0.4995720000000000    0.5118690000000000    0.4957120000000000 H
   0.2493610000000000    0.2497720000000000    0.2526540000000000 S
   0.7488380000000000    0.7497630000000000    0.7531140000000000 S
EA131   3.906  3.906  2.695 90.01 90.00 60.01 Sym.group:  164
1.0
   1.9543809999999999    3.3815029999999999   -0.0013930000000000
  -1.9520850000000001    3.3837280000000001   -0.0136380000000000
  -0.0079950000000000    0.0057360000000000    2.6945239999999999
Al Si
2 1
direct
   0.3337470000000000    0.9993690000000000    0.0455790000000000 Al
   0.6670670000000000    0.3327050000000000    0.6303190000000000 Al
   0.0004220000000000    0.6660180000000000    0.3387230000000000 Si
EA101   4.973  2.881  2.881 60.02 106.83 90.00 Sym.group:  216
1.0
   4.9729789999999996   -0.0128860000000000    0.0208210000000000
   0.0075870000000000    2.8809380000000000    0.0193110000000000
  -0.8402300000000000    1.4257979999999999    2.3580739999999998
B Be
4 2
direct
   0.1339030000000000    0.0910250000000000    0.3194680000000000 B
   0.0083030000000000    0.4663170000000000    0.5689680000000000 B
   0.6339060000000000    0.5917030000000000    0.3190760000000000 B
   0.5083040000000000    0.9668330000000001    0.5686690000000000 B
   0.2576600000000000    0.7162290000000000    0.0688290000000000 Be
   0.7576600000000000    0.2170040000000000    0.0683800000000000 Be
EA86    3.110  3.080  3.096 105.61 73.42 106.49 Sym.group:  166
1.0
   3.1103760000000000    0.0043520000000000   -0.0019530000000000
  -0.8786130000000000    2.9521009999999999   -0.0013420000000000
   0.8863320000000000   -0.6039620000000000    2.9044509999999999
Na O
2 1
direct
   0.9774370000000000    0.0183860000000000    0.3153770000000000 Na
   0.3628210000000000    0.6335370000000000    0.6998960000000000 Na
   0.6697870000000000    0.3253480000000000    0.0078450000000000 O
EA169   2.257  2.263  3.997 89.87 90.05 60.39 Sym.group:  164
1.0
   2.2572359999999998   -0.0215040000000000    0.0110190000000000
   1.1366350000000001    1.9566300000000001    0.0029910000000000
  -0.0226790000000000    0.0175530000000000    3.9967709999999999
Li H
2 1
direct
   0.3386260000000000    0.9968200000000000    0.5780540000000000 Li
   0.6717959999999999    0.3330950000000000    0.0749370000000000 Li
   0.0053550000000000    0.6648140000000000    0.8264540000000000 H
