NUMBER OF TEMPLATES 25
COMPOSITION A 2 B
pairs , SPACEGROUPS 
[Na Be] , 164 
[Na F] , 139 
[O Si] , 136 
[N B] , 160 
[F Si] , 140 
[Na C] , 191 
[Na F] , 123 
[Li Si] , 191 
[Al Si] , 139 
[N Cl] , 123 
[Al H] , 129 
[Cl Si] , 140 
[Al Si] , 164 
[Li F] , 164 
[Al Si] , 1164 
[Si O] , 166 
[P Cl] , 164 
[Be Na] , 164 
[Na O] , 139 
[Si B] , 164 
[P Al] , 119 
[B Be] , 216 
[C B] , 141 
[Be O] , 156 
[Na P] , 191 
RANKING VECTORS ENTHALPIES
0:[-950.51463337 -950.50706973 -950.50423873 -950.50339771 -950.50135478 -950.49870862 -950.46672611 -950.44641721 -950.43798765 -950.43717825 -950.39116284 -950.38188486 -950.38081775 -950.34184451 -950.30843974 -950.28046652 -950.21715253 -950.20081295 -950.19642877 -950.01624049 -949.84323437 -949.80599942 -949.51278502 -949.25787104 -949.05896313] 
1:[-1049.44646694 -1049.44540613 -1049.42700896 -1049.40801566 -1049.40128125 -1049.3896073  -1049.34395071 -1049.33849826 -1049.33584696 -1049.33375557 -1049.28600477 -1049.18303155 -1049.13438855 -1049.09619366 -1048.94507732 -1048.91170561 -1048.89191221 -1048.89083041 -1048.85578149 -1048.82119625 -1048.64812601 -1048.64808605 -1048.64647049 -1048.62405949 -1047.96673   ] 
2:[-337.08001761 -336.72828501 -336.7282489  -336.72686393 -336.70566215 -336.67854693 -336.36926613 -336.2527032  -336.11767839 -335.89553727 -335.45185605 -335.44887484 -335.39257184 -335.08804297 -335.08510745 -335.04585995 -334.85431956 -334.85411623 -334.43376626 -334.39202636 -334.24337911 -333.9296257  -333.45460198 -333.45208527 -333.44953159] 
3:[-212.92133075 -212.64773465 -212.4288363  -212.41486177 -212.3678495 -212.32641511 -212.08811855 -211.73394435 -211.46696283 -211.42811394 -211.42662772 -211.41999138 -211.41701958 -211.35525183 -211.35067236 -211.23190162 -211.14623406 -210.74628206 -210.74624487 -210.73899473 -209.85768486 -209.85116814 -209.84957888 -209.8489294  -209.536253  ] 
4:[-483.14163387 -483.14112753 -482.81453408 -482.81409011 -482.49614687 -482.44185376 -482.12939667 -482.09328088 -482.08566598 -482.07621789 -481.96166266 -481.95792799 -481.9548841  -481.85807478 -481.8435441 -481.83463607 -481.75452398 -481.70867328 -481.69781864 -481.68612661 -481.67648851 -481.56200197 -481.56100809 -481.53985938 -481.14639448] 
5:[-879.13976392 -878.70531883 -878.67624835 -878.67541199 -878.66234097 -878.65532135 -878.65520864 -878.64743659 -878.61193325 -878.61170809 -878.49776938 -878.49624525 -878.49588045 -878.36017209 -878.13193348 -877.87722889 -877.86784032 -877.86364649 -877.85945452 -877.84832401 -877.72327087 -877.67923201 -877.60867746 -877.55353418 -877.13536484] 
6:[-1049.44646694 -1049.44540613 -1049.42700896 -1049.40801566 -1049.40128125 -1049.3896073  -1049.34395071 -1049.33849826 -1049.33584696 -1049.33375557 -1049.28600477 -1049.18303155 -1049.13438855 -1049.09619366 -1048.94507732 -1048.91170561 -1048.89191221 -1048.89083041 -1048.85578149 -1048.82119625 -1048.64812601 -1048.64808605 -1048.64647049 -1048.62405949 -1047.96673   ] 
7:[-165.94002742 -165.9399674  -165.93339673 -165.93266637 -165.92604425 -165.89158214 -165.89125259 -165.88771647 -165.597103   -165.59409799 -165.52984565 -165.52131365 -165.4856458  -165.39898734 -165.36426057 -165.354118   -165.34740733 -165.29961799 -165.24792142 -165.21442746 -164.97898488 -164.94133207 -164.93872332 -164.7128167  -164.49394223] 
8:[-76.18045129 -76.1799433  -76.16865859 -76.16104438 -76.15993343 -76.14878084 -76.12269316 -76.08372916 -76.05955682 -76.05241836 -75.9446937  -75.86851915 -75.84343721 -75.84311944 -75.7704387 -75.75690207 -75.71446784 -75.67494222 -75.57814822 -75.50256273 -75.49821949 -75.40637136 -75.3372929  -74.71063159 -74.65904175] 
9:[-332.56699534 -332.49008804 -332.11130811 -332.09752929 -332.08549444 -332.08481523 -332.07896722 -332.07344953 -331.94486832 -331.51286335 -331.44762781 -331.43350071 -331.3983212  -331.38481768 -331.2975214 -331.23815292 -331.05415919 -331.00465342 -330.8918028  -330.71433488 -330.68093589 -330.67315459 -330.58671693 -330.3973185  -330.13120838] 
10:[-44.02366036 -44.01286914 -44.006288   -43.99238903 -43.98248502 -43.97879614 -43.9510336  -43.91963197 -43.91163596 -43.90923156 -43.86918676 -43.81110126 -43.80973211 -43.76163913 -43.75423473 -43.74391103 -43.63161025 -43.50581412 -43.5011868  -43.37759335 -43.02886608 -42.69763136 -42.6976303  -42.68936886 -42.25628051] 
11:[-331.46737495 -331.46678232 -330.93405161 -330.9313599  -330.8783603 -330.86727932 -330.86635274 -330.84596629 -330.83975822 -330.83955037 -330.83207826 -330.79356989 -330.76365962 -330.75100607 -330.72122801 -330.71520128 -330.69501186 -330.68780942 -330.53990661 -330.44114377 -330.27886076 -330.21587473 -330.21211534 -330.21211253 -329.69006224] 
12:[-76.18045129 -76.1799433  -76.16865859 -76.16104438 -76.15993343 -76.14878084 -76.12269316 -76.08372916 -76.05955682 -76.05241836 -75.9446937  -75.86851915 -75.84343721 -75.84311944 -75.7704387 -75.75690207 -75.71446784 -75.67494222 -75.57814822 -75.50256273 -75.49821949 -75.40637136 -75.3372929  -74.71063159 -74.65904175] 
13:[-352.61232384 -352.56426693 -352.55627561 -352.55546771 -352.55470783 -352.54818512 -352.54603599 -352.4734995  -352.47267047 -352.47238622 -352.42796854 -352.42548089 -352.42489675 -352.38801424 -352.31820545 -352.26083525 -352.23060172 -352.18261174 -352.08483093 -352.02403471 -352.02372948 -351.50084893 -351.45842271 -351.4569848  -351.45694772] 
14:[-76.18045129 -76.1799433  -76.16865859 -76.16104438 -76.15993343 -76.14878084 -76.12269316 -76.08372916 -76.05955682 -76.05241836 -75.9446937  -75.86851915 -75.84343721 -75.84311944 -75.7704387 -75.75690207 -75.71446784 -75.67494222 -75.57814822 -75.50256273 -75.49821949 -75.40637136 -75.3372929  -74.71063159 -74.65904175] 
15:[-223.48760157 -223.41144917 -223.35363914 -223.344761   -223.1721748 -223.09877503 -222.97539875 -222.97316021 -222.96851486 -222.92844378 -222.92445073 -222.92425085 -222.57946908 -222.57946539 -222.52175073 -222.5009951  -222.50020303 -222.47148697 -222.47121014 -222.31335351 -222.20369819 -221.94831599 -221.93895913 -221.93889434 -221.62914538] 
16:[-269.68927934 -269.62295652 -269.62177352 -269.53336689 -269.52201107 -269.51502762 -269.51462968 -269.51354727 -269.50946335 -269.50946092 -269.4112348  -269.36211266 -269.34416528 -269.34337236 -269.34134688 -269.33976938 -269.27330219 -269.26016351 -269.17676129 -269.06987873 -268.8599812  -268.73684709 -268.73155514 -268.01843687 -267.75502618] 
17:[-663.80767213 -663.78521666 -663.77330602 -663.76550345 -663.74947756 -663.72870629 -663.68991733 -663.68801664 -663.68282053 -663.64492842 -663.63567626 -663.63366347 -663.49911405 -663.48407929 -663.48406768 -663.48369279 -663.14374818 -663.13967495 -663.0162077  -662.81541487 -662.81533316 -662.78263731 -662.54178542 -661.81238571 -661.21371271] 
18:[-976.07435339 -975.8974967  -975.89741335 -975.8967571  -975.87272865 -975.80718174 -975.80704606 -975.80644554 -975.80580162 -975.8034012 -975.80219847 -975.70469493 -975.70468454 -975.70467217 -975.68919019 -975.48224293 -975.41979894 -975.32230888 -975.26784199 -975.26438614 -975.12606754 -974.74398135 -974.70337943 -974.7030518  -974.59390443] 
19:[-99.81167123 -99.8045254  -99.80298313 -99.70138465 -99.68731979 -99.62800971 -99.55519697 -99.46953462 -99.46900234 -99.46881841 -99.34517466 -99.34448655 -99.34441213 -99.3375312  -99.33676604 -99.31678291 -99.31563579 -99.27901845 -99.2458371  -99.23198146 -99.22221043 -98.795146   -98.78227348 -98.78227328 -98.77743473] 
20:[-143.04693895 -142.48817491 -142.48805329 -142.48744519 -142.48574309 -142.42650319 -142.34968386 -142.33079502 -142.32440483 -142.30930188 -142.30889765 -142.30745204 -142.30562963 -142.28644341 -142.27213888 -142.23789834 -142.18544125 -142.16698436 -142.09039698 -142.00830625 -141.90885457 -141.83776059 -141.83014829 -141.36780397 -141.29831939] 
21:[-177.95721653 -177.74598181 -177.7408393  -177.74072099 -177.73903022 -177.73448064 -177.7223837  -177.60771917 -177.57570349 -177.39815191 -177.36954975 -177.32166262 -177.18276952 -177.1665453  -177.16342733 -177.15295217 -177.15290716 -177.12575397 -177.02067782 -176.9516458 -176.76532933 -176.33844523 -176.32415326 -176.3041941  -175.59728666] 
22:[-133.79457503 -133.66677929 -133.09555362 -132.85694842 -132.79452818 -132.75015127 -132.44489279 -132.43797019 -132.4377733  -132.38882925 -132.33575824 -132.33416002 -132.04646461 -132.03043035 -131.93876227 -131.60486563 -131.5695366  -131.5183123  -131.50642787 -131.49788176 -131.49699437 -131.46789959 -131.18949326 -130.97418848 -130.82773089] 
23:[-401.49782199 -401.48124197 -401.46229029 -401.39859543 -401.39715013 -401.39565124 -401.39266474 -401.37542791 -401.19242253 -401.11609914 -401.03853277 -401.03698847 -400.88399217 -400.88286559 -400.85674886 -400.67856515 -400.67305577 -400.63638652 -400.62478906 -400.58465115 -400.56469921 -399.30035586 -398.91387494 -398.9132726  -398.91054401] 
24:[-887.46450471 -887.461413   -887.45878978 -887.44180277 -887.43844474 -887.43148771 -887.12164801 -887.1022379  -886.8984997  -886.87844605 -886.84546526 -886.75029777 -886.73789356 -886.73775279 -886.72180549 -886.56673397 -886.53238759 -886.48377457 -886.48372868 -886.43478021 -886.36879698 -886.24102301 -886.02638745 -885.77370218 -885.65333457] 
RANKING VECTORS IDX
0:[19.  7.  5. 24. 14.  0. 10. 16. 11.  4. 12. 17. 13. 23. 15.  9.  8. 18. 20.  3.  1.  2. 21.  6. 22.] 
1:[ 8.  1. 18.  9. 10. 13. 15. 17. 19. 12. 14.  6.  2. 16. 20. 23. 11.  4.  0.  3.  7.  5. 24. 21. 22.] 
2:[ 2. 19. 12. 17.  0. 14.  6. 23. 22.  3. 11.  4. 13.  1.  8. 18.  9. 10. 16. 15. 20. 21. 24.  7.  5.] 
3:[ 3. 16. 20. 22. 11.  4. 15. 23. 13. 12. 19. 14. 17.  2. 10.  6.  9.  8.  1. 18. 24.  0.  7.  5. 21.] 
4:[11.  4.  0. 14. 23.  2.  3. 12. 19. 17.  1. 18.  8.  7. 24.  5. 20.  6. 22. 13. 15. 10.  9. 21. 16.] 
5:[16. 20.  7.  5. 19. 24.  0. 14. 11.  4. 18.  8.  1. 10.  9.  2. 17. 12. 21. 13. 15.  3. 23.  6. 22.] 
6:[ 8.  1. 18.  9. 10. 13. 15. 17. 19. 12. 14.  6.  2. 16. 20. 23. 11.  4.  0.  3.  7.  5. 24. 21. 22.] 
7:[24.  0.  7.  5. 14.  8.  1. 18.  9. 10. 12. 17. 13.  3. 15. 20. 16. 23. 19. 22. 21. 11.  4.  2.  6.] 
8:[ 8.  1. 12. 17. 13. 15. 16. 18.  0. 14. 23. 24.  7.  5. 10.  9.  3. 22. 20.  4. 11. 19. 21.  2.  6.] 
9:[ 9. 10. 14. 22. 17. 12. 19. 16.  4. 20.  1. 23. 18. 11.  8.  3. 15. 13.  0.  2. 24.  7.  5.  6. 21.] 
10:[10. 17. 12. 19. 16. 13.  6.  4.  2. 11. 23.  3. 15. 18.  8.  1. 22. 14.  0.  9. 20.  7.  5. 24. 21.] 
11:[ 4. 11. 14.  0. 18.  1.  8. 22. 17. 19. 12. 23. 15. 13.  2.  3.  6. 16.  9. 10. 20. 24.  7.  5. 21.] 
12:[ 8.  1. 12. 17. 13. 15. 16. 18.  0. 14. 23. 24.  7.  5. 10.  9.  3. 22. 20.  4. 11. 19. 21.  2.  6.] 
13:[13. 15. 17. 12. 19. 14.  0.  1.  8. 18.  3. 10.  9.  6.  2. 16. 23. 20. 22.  4. 11. 21. 24.  7.  5.] 
14:[ 8.  1. 12. 17. 13. 15. 16. 18.  0. 14. 23. 24.  7.  5. 10.  9.  3. 22. 20.  4. 11. 19. 21.  2.  6.] 
15:[16. 15. 23.  3. 10. 13. 22.  4. 11. 19. 12. 17.  0. 14. 20.  2. 18.  8.  1.  9.  6. 24.  7.  5. 21.] 
16:[16. 19. 12.  9. 24.  0. 10. 14.  7.  5.  3. 13.  1.  8. 23. 18. 22. 15. 17. 20. 21.  4. 11.  2.  6.] 
17:[15. 16. 17. 12. 13. 23. 14.  0. 19.  8. 18.  1.  3.  7.  5. 24.  9. 10. 20. 11.  4. 22. 21.  2.  6.] 
18:[13.  1.  8. 18.  3. 19. 14. 12.  0. 16. 17.  7. 24.  5. 21. 15.  2. 20.  9. 10.  6. 22. 11.  4. 23.] 
19:[19. 12. 17. 13. 16. 10. 15.  8.  1. 18. 20. 11.  6.  4.  3. 14.  0.  2. 22. 23.  9. 21.  7.  5. 24.] 
20:[22. 13.  8.  1. 20. 18. 19. 24. 17.  7.  5. 14.  0. 16. 15. 12. 10.  9. 23.  3. 21.  4. 11.  2.  6.] 
21:[21. 14.  7. 24. 19.  5.  0. 22.  3.  9. 10. 18. 13. 12. 17.  8.  1. 16. 15. 23. 20. 11.  4.  2.  6.] 
22:[22. 20. 10. 16.  3. 23. 14. 19. 12. 13. 11.  4. 18.  8. 15.  2.  9.  0. 24.  7.  5.  6.  1. 21. 17.] 
23:[23. 13. 15. 12.  0. 17. 19. 14.  6.  3. 22. 16. 11.  4.  2.  1.  8. 18. 10.  9. 20. 21.  7. 24.  5.] 
24:[19. 24.  7.  0.  5. 14. 18.  8. 10.  9.  3. 20. 13. 12. 17.  1. 23.  4. 11. 21. 16. 15.  2. 22.  6.] 
POSCARS
EA26    4.230  4.233  2.093 90.10 90.07 60.03 Sym.group:  164
1.0
   4.2298330000000002   -0.0004340000000000    0.0018640000000000
   2.1148889999999998    3.6665070000000002    0.0023410000000000
  -0.0034870000000000   -0.0036120000000000    2.0927180000000001
Na Be
2 1
direct
   0.9995640000000000    0.3335670000000000    0.1344610000000000 Na
   0.6662490000000000    0.0002510000000000    0.2147930000000000 Na
   0.3329810000000000    0.6669119999999999    0.6838440000000000 Be
EA158   3.539  5.121  3.456 90.01 89.96 70.96 Sym.group:  139
1.0
   3.5373690000000000    0.1068990000000000   -0.0073920000000000
   1.5233939999999999    4.8895549999999997    0.0013210000000000
   0.0100000000000000   -0.0044000000000000    3.4557630000000001
Na F
4 2
direct
   0.2037140000000000    0.2404590000000000    0.0741140000000000 Na
   0.4570020000000000    0.7556710000000000    0.5743930000000000 Na
   0.7038250000000000    0.2402140000000000    0.5741230000000000 Na
   0.9573600000000000    0.7551410000000000    0.0743960000000000 Na
   0.5805080000000000    0.4979010000000000    0.0742220000000000 F
   0.0805040000000000    0.4978530000000000    0.5742310000000000 F
EA47    4.012  4.013  2.607 90.00 90.01 89.99 Sym.group:  136
1.0
   4.0117039999999999    0.0020750000000000    0.0021240000000000
  -0.0013130000000000    4.0129450000000002   -0.0000360000000000
  -0.0019040000000000   -0.0000240000000000    2.6073729999999999
O Si
4 2
direct
   0.3014490000000000    0.3055430000000000    0.0026490000000000 O
   0.6964900000000001    0.7000680000000000    0.0031420000000000 O
   0.8014190000000000    0.2000310000000000    0.5021610000000000 O
   0.1965120000000000    0.8054870000000000    0.5026230000000000 O
   0.9989990000000000    0.0027850000000000    0.0022330000000000 Si
   0.4989980000000000    0.5027890000000000    0.5030670000000000 Si
EA194   2.461  2.462  7.863 81.08 90.00 119.98 Sym.group:  160
1.0
   2.4611459999999998   -0.0028400000000000    0.0104920000000000
  -1.2275290000000001    2.1338620000000001    0.0062310000000000
  -0.0308620000000000    1.3659170000000000    7.7438330000000004
N B
4 2
direct
   0.3174410000000000    0.9532720000000000    0.9239570000000000 N
   0.2690000000000000    0.8566940000000000    0.0655210000000000 N
   0.5117000000000000    0.3369480000000000    0.3420030000000000 N
   0.7433060000000000    0.7984770000000000    0.6487760000000000 N
   0.8433659999999999    0.0000180000000000    0.3472970000000000 B
   0.4071740000000000    0.1260470000000000    0.6574230000000000 B
EA126   4.034  4.033  4.033 106.95 107.54 114.00 Sym.group:  140
1.0
   4.0325189999999997   -0.0106670000000000    0.0980080000000000
  -1.6277100000000000    3.6878039999999999   -0.1338450000000000
  -1.3031850000000000   -1.7377929999999999    3.3985799999999999
F Si
4 2
direct
   0.3134600000000000    0.3303400000000000    0.6430860000000000 F
   0.8129490000000000    0.1621510000000000    0.9747120000000000 F
   0.4839690000000000    0.8309730000000000    0.3134920000000000 F
   0.9835130000000000    0.6623370000000000    0.6451990000000000 F
   0.1483890000000000    0.9965520000000000    0.1441380000000000 Si
   0.6485080000000000    0.4965920000000000    0.1442640000000000 Si
EA112   3.754  3.768  2.211 90.08 89.85 119.84 Sym.group:  191
1.0
   1.8426240000000000    3.2602959999999999   -0.2620650000000000
  -3.7641760000000000   -0.0176650000000000    0.1705410000000000
   0.1024020000000000    0.1258160000000000    2.2046839999999999
Na C
2 1
direct
   0.3315370000000000    0.4990260000000000    0.1499130000000000 Na
   0.6651620000000000    0.1659850000000000    0.1493050000000000 Na
   0.9982230000000000    0.8324150000000000    0.6495960000000000 C
EA187   2.826  2.816  4.033 89.37 90.13 89.99 Sym.group:  123
1.0
   2.8258329999999998   -0.0044490000000000    0.0054870000000000
   0.0051190000000000    2.8160289999999999   -0.0114980000000000
  -0.0165440000000000    0.0605380000000000    4.0322370000000003
Na F
2 1
direct
   0.3344360000000000    0.9966530000000000    0.3285940000000000 Na
   0.8332349999999999    0.4949620000000000    0.8287280000000000 Na
   0.3330740000000000    0.9947589999999999    0.8285070000000000 F
EA3     2.238  3.689  3.689 119.99 89.97 90.02 Sym.group:  191
1.0
   2.2377980000000002    0.0023890000000000   -0.0144990000000000
  -0.0053580000000000    3.6891600000000002   -0.0492520000000000
   0.0246410000000000   -1.8009980000000001    3.2192419999999999
Li Si
2 1
direct
   0.9869100000000000    0.6677149999999999    0.6619230000000000 Li
   0.0184500000000000    0.3345510000000000    0.9949150000000000 Li
   0.5024340000000000    0.0011410000000000    0.3284310000000000 Si
EA103   2.623  2.623 10.030 90.00 90.00 90.01 Sym.group:  139
1.0
   2.6226810000000000   -0.0123410000000000    0.0039610000000000
   0.0116880000000000    2.6226840000000000    0.0031740000000000
  -0.0154440000000000   -0.0124360000000000   10.0301629999999999
Al Si
4 2
direct
   0.4984270000000000    0.5040810000000000    0.1663390000000000 Al
   0.9988180000000000    0.0046750000000000    0.3399370000000000 Al
   0.9994410000000000    0.0051750000000000    0.6663760000000000 Al
   0.4993210000000000    0.5052850000000000    0.8399920000000000 Al
   0.9987650000000000    0.0042970000000000    0.0031670000000000 Si
   0.4995010000000000    0.5048890000000000    0.5031540000000000 Si
EA50    2.405  2.405  5.130 90.22 89.76 89.92 Sym.group:  123
1.0
   2.4004249999999998   -0.1378860000000000   -0.0549340000000000
   0.1431240000000000    2.3994140000000002    0.0809830000000000
   0.1272830000000000   -0.2003350000000000    5.1243650000000001
N Cl
2 1
direct
   0.2564120000000000    0.8193400000000000    0.6487060000000000 N
   0.2596820000000000    0.8161380000000000    0.8615200000000000 N
   0.7586840000000000    0.3184270000000000    0.2550830000000000 Cl
EA32    2.621  2.619  7.581 90.00 90.00 89.99 Sym.group:  129
1.0
   2.6173670000000002   -0.0998220000000000    0.0914490000000000
   0.1038710000000000    2.6151789999999999   -0.1008330000000000
  -0.2528620000000000    0.3021140000000000    7.5711529999999998
Al H
4 2
direct
   0.9146000000000000    0.0793800000000000    0.3933260000000000 Al
   0.4150850000000000    0.5793380000000000    0.6137520000000000 Al
   0.4146660000000000    0.5798470000000000    0.1611530000000000 Al
   0.9153800000000000    0.0799590000000000    0.8457480000000001 Al
   0.4151530000000000    0.0804070000000000    0.0033820000000000 H
   0.9151319999999999    0.5807240000000000    0.0036390000000000 H
EA48    4.702  4.637  4.703 119.53 104.06 60.47 Sym.group:  140
1.0
   2.4257010000000001    4.0277180000000001    0.0025010000000000
  -2.2771740000000000    4.0395909999999997    0.0006250000000000
   1.1369020000000001   -2.0210569999999999    4.0916969999999999
Cl Si
4 2
direct
   0.9996699999999999    0.0720200000000000    0.8160849999999999 Cl
   0.6804650000000000    0.5725200000000000    0.4979480000000000 Cl
   0.9993400000000000    0.7526460000000000    0.1771530000000000 Cl
   0.3199700000000000    0.2527470000000000    0.4978370000000000 Cl
   0.4991340000000000    0.9128210000000000    0.9980760000000000 Si
   0.5003370000000000    0.4123870000000000    0.9984050000000000 Si
EA137   5.855  4.445  2.659 90.00 90.01 89.87 Sym.group:  164
1.0
   5.8546279999999999   -0.0035110000000000   -0.0078290000000000
   0.0128370000000000    4.4449519999999998   -0.0020550000000000
   0.0032690000000000    0.0011070000000000    2.6591570000000000
Al Si
4 2
direct
   0.7553190000000000    0.7851990000000000    0.8993650000000000 Al
   0.7553190000000000    0.2851970000000000    0.3993060000000000 Al
   0.4081560000000000    0.4492510000000000    0.8988180000000000 Al
   0.4081560000000000    0.9492500000000000    0.3987580000000000 Al
   0.0817350000000000    0.6171020000000000    0.3981780000000000 Si
   0.0817360000000000    0.1171010000000000    0.8980320000000001 Si
EA119   2.428  2.430  8.228 90.66 89.69 119.95 Sym.group:  164
1.0
   2.4275869999999999    0.0083930000000000    0.0036710000000000
  -1.2204649999999999    2.1016170000000001   -0.0004920000000000
   0.0318000000000000   -0.0888400000000000    8.2274510000000003
Li F
4 2
direct
   0.3402420000000000    0.6727370000000000    0.5363160000000000 Li
   0.6687000000000000    0.3199710000000000    0.7728030000000000 Li
   0.0023600000000000    0.0061590000000000    0.2998380000000000 Li
   0.3353360000000000    0.6627130000000000    0.0363190000000000 Li
   0.0020130000000000    0.9908480000000000    0.9037940000000000 F
   0.6687920000000001    0.3346540000000000    0.1688510000000000 F
EA131   3.906  3.906  2.695 90.01 90.00 60.01 Sym.group:  164
1.0
   1.9543809999999999    3.3815029999999999   -0.0013930000000000
  -1.9520850000000001    3.3837280000000001   -0.0136380000000000
  -0.0079950000000000    0.0057360000000000    2.6945239999999999
Al Si
2 1
direct
   0.3337470000000000    0.9993690000000000    0.0455790000000000 Al
   0.6670670000000000    0.3327050000000000    0.6303190000000000 Al
   0.0004220000000000    0.6660180000000000    0.3387230000000000 Si
EA218  10.463  2.548  2.550 60.03 96.97 90.19 Sym.group:  166
1.0
  10.4625570000000003    0.0443850000000000    0.0225710000000000
  -0.0090950000000000    1.2838039999999999   -2.2010779999999999
  -0.3201460000000000    2.5297109999999998    0.0020160000000000
Si O
4 2
direct
   0.3082340000000000    0.3085510000000000    0.6752110000000000 Si
   0.9912060000000000    0.4044520000000000    0.4631930000000000 Si
   0.6252630000000000    0.1799360000000000    0.8978969999999999 Si
   0.8082330000000000    0.7913030000000000    0.6806660000000000 Si
   0.2203710000000000    0.0025980000000000    0.2846150000000000 O
   0.3961040000000000    0.6143040000000000    0.0658750000000000 O
EA187   3.082  3.082  9.121 89.70 90.32 119.90 Sym.group:  164
1.0
   3.0824129999999998   -0.0002510000000000    0.0005820000000000
  -1.5362089999999999    2.6721729999999999   -0.0010000000000000
  -0.0528140000000000    0.0274400000000000    9.1204630000000009
P Cl
4 2
direct
   0.8061410000000000    0.6942350000000000    0.0317620000000000 P
   0.8004390000000000    0.6990300000000000    0.6080470000000000 P
   0.4687040000000000    0.0309960000000000    0.7374540000000001 P
   0.1378910000000000    0.3622820000000000    0.9023550000000000 P
   0.4727790000000000    0.0274150000000000    0.2096270000000000 Cl
   0.1328110000000000    0.3649650000000000    0.4301780000000000 Cl
EA51    2.188  2.188  5.972 90.22 89.67 119.93 Sym.group:  164
1.0
   2.1879900000000001   -0.0076470000000000    0.0018420000000000
  -1.0849240000000000    1.8999870000000001   -0.0015950000000000
   0.0292190000000000   -0.0049000000000000    5.9719040000000003
Be Na
2 1
direct
   0.6642650000000000    0.6673140000000000    0.1995130000000000 Be
   0.9937110000000000    0.3343270000000000    0.4673260000000000 Be
   0.3320110000000000    0.0014090000000000    0.8331960000000000 Na
EA102   2.890  3.713  2.824 112.01 90.00 67.15 Sym.group:  139
1.0
   2.8898480000000002    0.0176440000000000    0.0036530000000000
   1.4211090000000000    3.4304070000000002   -0.0369890000000000
   0.0037030000000000   -1.1194560000000000    2.5931730000000002
Na O
2 1
direct
   0.2110190000000000    0.2481750000000000    0.7167980000000000 Na
   0.8983340000000000    0.8726470000000000    0.0298370000000000 Na
   0.5542540000000000    0.5603790000000000    0.3732810000000000 O
EA3     2.934  2.934  3.748 90.00 90.00 60.00 Sym.group:  164
1.0
   1.4671660000000000   -2.5409649999999999    0.0006470000000000
   2.9341309999999998    0.0001350000000000    0.0009950000000000
  -0.0011320000000000    0.0002090000000000    3.7480030000000002
Si B
2 1
direct
   0.6799550000000000    0.6571020000000000    0.2465980000000000 Si
   0.0132860000000000    0.9903729999999999    0.7841360000000001 Si
   0.3466210000000000    0.3237370000000000    0.5153670000000000 B
EA108   4.370  4.368  4.777 116.47 116.31 89.90 Sym.group:  119
1.0
   4.3656459999999999   -0.1111660000000000   -0.1632580000000000
   0.1116160000000000    4.3628499999999999   -0.1918640000000000
  -2.0231180000000002   -1.9095640000000000    3.8830570000000000
P Al
4 2
direct
   0.4720830000000000    0.1336410000000000    0.5780630000000000 P
   0.0340730000000000    0.1856500000000000    0.6961150000000000 P
   0.7261060000000000    0.8804810000000000    0.0775890000000000 P
   0.4203440000000000    0.5712270000000000    0.4589760000000000 P
   0.1554340000000000    0.8012910000000000    0.9330580000000001 Al
   0.8058620000000000    0.4520470000000000    0.2231030000000000 Al
EA101   4.973  2.881  2.881 60.02 106.83 90.00 Sym.group:  216
1.0
   4.9729789999999996   -0.0128860000000000    0.0208210000000000
   0.0075870000000000    2.8809380000000000    0.0193110000000000
  -0.8402300000000000    1.4257979999999999    2.3580739999999998
B Be
4 2
direct
   0.1339030000000000    0.0910250000000000    0.3194680000000000 B
   0.0083030000000000    0.4663170000000000    0.5689680000000000 B
   0.6339060000000000    0.5917030000000000    0.3190760000000000 B
   0.5083040000000000    0.9668330000000001    0.5686690000000000 B
   0.2576600000000000    0.7162290000000000    0.0688290000000000 Be
   0.7576600000000000    0.2170040000000000    0.0683800000000000 Be
EA145   5.959  2.427  2.427 89.86 78.32 78.32 Sym.group:  141
1.0
   5.9586899999999998   -0.0047310000000000   -0.0069140000000000
   0.4931810000000000    2.3764759999999998   -0.0035760000000000
   0.4939800000000000   -0.0929830000000000    2.3744980000000000
C B
4 2
direct
   0.9645359999999999    0.7461320000000000    0.6428100000000000 C
   0.6036820000000001    0.4260490000000000    0.3227530000000000 C
   0.1036820000000000    0.6751250000000000    0.0736340000000000 C
   0.4645370000000000    0.9952240000000000    0.3937210000000000 C
   0.2841100000000000    0.0862570000000000    0.9825610000000000 B
   0.7841080000000000    0.3350040000000000    0.7339070000000000 B
EA120   3.780  2.415  2.416 60.02 89.95 89.96 Sym.group:  156
1.0
   3.7801680000000002   -0.0048080000000000    0.0097010000000000
   0.0045870000000000    2.4149929999999999   -0.0060700000000000
  -0.0018750000000000    1.2122590000000000    2.0894080000000002
Be O
2 1
direct
   0.2547660000000000    0.0867840000000000    0.1593570000000000 Be
   0.6817360000000000    0.4191790000000000    0.4931180000000000 Be
   0.0896110000000000    0.4202190000000000    0.4931610000000000 O
EA169   4.059  4.711  4.751 116.81 64.72 115.32 Sym.group:  191
1.0
   4.0581360000000002   -0.0862700000000000   -0.0105380000000000
  -1.9235920000000000    4.2999340000000004    0.0208420000000000
   2.0081540000000002   -1.4684790000000001    4.0470899999999999
Na P
4 2
direct
   0.7507180000000000    0.4194010000000000    0.9151840000000000 Na
   0.7492290000000000    0.9190850000000000    0.4154590000000000 Na
   0.0837500000000000    0.2515290000000000    0.0818270000000000 Na
   0.0823180000000000    0.7512529999999999    0.5820200000000000 Na
   0.4168180000000000    0.8357750000000000    0.9991210000000000 P
   0.4160130000000000    0.3350330000000000    0.4985030000000000 P
