NUMBER OF TEMPLATES 48
COMPOSITION A 3 B
pairs , SPACEGROUPS 
[N Al] , 123 
[P Si] , 139 
[Mg Be] , 123 
[F Al] , 127 
[C B] , 115 
[Al Mg] , 221 
[P Si] , 129 
[Cl Al] , 148 
[Li H] , 162 
[Al Be] , 123 
[S H] , 107 
[Na Mg] , 123 
[H C] , 148 
[Be Cl] , 129 
[Mg Si] , 221 
[Na Al] , 221 
[C F] , 166 
[C B] , 1115 
[Be B] , 160 
[Na Si] , 139 
[Si Na] , 191 
[Al C] , 166 
[Be O] , 160 
[Be Si] , 167 
[F P] , 148 
[Li F] , 164 
[Na H] , 164 
[Si S] , 229 
[P S] , 164 
[F C] , 148 
[Si Li] , 191 
[Mg P] , 221 
[Mg H] , 155 
[F Si] , 139 
[Al N] , 156 
[Na N] , 225 
[N B] , 187 
[Li F] , 160 
[B F] , 164 
[Mg O] , 166 
[Al S] , 123 
[Na P] , 225 
[Na O] , 176 
[Al Si] , 123 
[Li O] , 164 
[Li P] , 225 
[N B] , 160 
[Be Li] , 139 
RANKING VECTORS ENTHALPIES
0:[-224.82049602 -224.75540966 -224.35986502 -224.33042107 -224.32647409 -224.19405034 -224.0854397  -224.07340495 -224.0179309  -224.01245803 -224.00381455 -223.98004283 -223.97680933 -223.93318527 -223.92201209 -223.85750571 -223.81928123 -223.64509755 -223.63591285 -223.61065565 -223.60844716 -223.59949875 -223.59074558 -223.56486899 -223.55650933 -223.53144178 -223.52379762 -223.51445812 -223.4982358  -223.45948931 -223.43185721 -223.38566623 -223.29042459 -223.25354865 -223.17879112 -223.11864645 -223.06978514 -223.06978066 -223.06971109 -223.06765853 -223.04946013 -222.99213357 -222.9716115  -222.90777413 -222.90437628 -222.90434727 -222.88817505 -222.73205668] 
1:[-165.92932441 -165.92911384 -165.92153769 -165.92143852 -165.91889146 -165.90593794 -165.90064434 -165.88886599 -165.83154384 -165.79886214 -165.78473643 -165.78434431 -165.77887254 -165.77874723 -165.72829213 -165.72650995 -165.7105673  -165.70669069 -165.68214068 -165.67338093 -165.67294513 -165.66526893 -165.6613072  -165.65870608 -165.65419768 -165.64846544 -165.64610818 -165.62657229 -165.62525317 -165.61828759 -165.61566251 -165.56729892 -165.56613032 -165.55956505 -165.53697399 -165.52846566 -165.50377257 -165.48597979 -165.46585803 -165.46585389 -165.46584748 -165.46411489 -165.45716007 -165.06350905 -165.05504121 -164.79413671 -164.51807202 -164.2716879 ] 
2:[-1301.92496878 -1301.92379852 -1301.91924476 -1301.90597144 -1301.89943592 -1301.89929549 -1301.89905358 -1301.89665674 -1301.89516311 -1301.89046845 -1301.87455535 -1301.84277106 -1301.84228603 -1301.84204789 -1301.83295134 -1301.8262203 -1301.81444164 -1301.81251032 -1301.8072257  -1301.80660605 -1301.80610973 -1301.80151687 -1301.78902401 -1301.78458559 -1301.77353534 -1301.76900535 -1301.75011345 -1301.73136294 -1301.69504399 -1301.69263108 -1301.6095438  -1301.54431488 -1301.49743793 -1301.48434942 -1301.4838023  -1301.45283568 -1301.43122705 -1301.40345432 -1301.22569065 -1301.22353829 -1301.22180255 -1301.20144328 -1301.09126977 -1300.99316349 -1300.87360475 -1300.84937673 -1300.57394497 -1300.43476949] 
3:[-517.57818026 -517.55900561 -517.53904649 -517.44662185 -517.3987784 -517.39214969 -517.38940797 -517.35760523 -517.32755585 -517.3169202 -517.15982062 -517.12672835 -517.10300773 -517.10115558 -516.97384766 -516.92643852 -516.84052558 -516.83994636 -516.83994341 -516.81986963 -516.81513104 -516.68649752 -516.6811008  -516.66063336 -516.64321768 -516.64052997 -516.59890122 -516.55078839 -516.53922132 -516.52751272 -516.51973354 -516.47531179 -516.4749225  -516.47455749 -516.47442531 -516.47427566 -516.45669192 -516.33747034 -516.31383358 -516.31293409 -516.25195088 -516.24981056 -516.20874305 -516.01252331 -515.1112926 -515.08743174 -514.20733709 -513.84767246] 
4:[-140.84077301 -140.83692459 -140.79323567 -140.7931045  -140.75913201 -140.75108224 -140.71827329 -140.40403282 -140.30726938 -140.30619855 -140.12880638 -140.01383431 -139.6548889  -139.64830927 -139.52034878 -139.47793889 -139.46744051 -139.26728095 -139.17167472 -139.10692857 -139.09709682 -139.09501614 -139.04809381 -139.03023768 -139.00590274 -138.81627429 -138.81499238 -138.70721405 -138.55332841 -138.52373411 -138.44259898 -138.44091986 -138.40917116 -138.25858708 -138.25856418 -138.18207136 -137.40674233 -137.39210455 -137.37067155 -137.33095555 -137.32673486 -137.32268168 -137.3226759  -137.31616757 -137.17200226 -137.17200007 -137.17199977 -137.17199056] 
5:[-446.68993484 -446.68962113 -446.68459543 -446.68256518 -446.66919831 -446.66458681 -446.65962715 -446.64727334 -446.64087182 -446.63270092 -446.63187843 -446.61365646 -446.60742293 -446.58287468 -446.57687326 -446.5759291  -446.57238172 -446.56391118 -446.56135664 -446.54092616 -446.52789925 -446.51751104 -446.50966244 -446.49404763 -446.48675424 -446.47176928 -446.46902579 -446.46833705 -446.44212987 -446.42060994 -446.41922211 -446.36256954 -446.24279973 -446.11262442 -446.0874245 -446.02966018 -446.01080692 -446.00133261 -445.93031715 -445.9034619 -445.90202937 -445.58370395 -445.58196458 -445.57429462 -445.03414115 -444.91015695 -444.25895227 -443.63730088] 
6:[-165.92932441 -165.92911384 -165.92153769 -165.92143852 -165.91889146 -165.90593794 -165.90064434 -165.88886599 -165.83154384 -165.79886214 -165.78473643 -165.78434431 -165.77887254 -165.77874723 -165.72829213 -165.72650995 -165.7105673  -165.70669069 -165.68214068 -165.67338093 -165.67294513 -165.66526893 -165.6613072  -165.65870608 -165.65419768 -165.64846544 -165.64610818 -165.62657229 -165.62525317 -165.61828759 -165.61566251 -165.56729892 -165.56613032 -165.55956505 -165.53697399 -165.52846566 -165.50377257 -165.48597979 -165.46585803 -165.46585389 -165.46584748 -165.46411489 -165.45716007 -165.06350905 -165.05504121 -164.79413671 -164.51807202 -164.2716879 ] 
7:[-346.69797686 -346.67579772 -346.60053141 -346.20551458 -346.13290395 -346.08920577 -346.08899213 -346.06063734 -346.03385383 -346.03019542 -346.01952109 -346.001575   -345.84266328 -345.83196807 -345.83056628 -345.83017011 -345.81423149 -345.79679239 -345.79629529 -345.79384158 -345.78962539 -345.76325328 -345.74959758 -345.72574965 -345.72139953 -345.69728481 -345.64626813 -345.57718922 -345.5097209  -345.50958755 -345.46007891 -345.41290022 -345.37282504 -345.35119322 -345.34639404 -345.34534834 -345.3304955  -345.31245769 -345.28173544 -345.27284055 -345.27107232 -345.09038762 -345.06636444 -345.00452948 -344.96648696 -344.89218208 -344.79852415 -344.72494035] 
8:[-148.414627   -148.41181562 -148.41019608 -148.4080886  -148.40096984 -148.39996831 -148.39158728 -148.39088182 -148.38855356 -148.38581248 -148.38061097 -148.38052868 -148.37884928 -148.37791554 -148.37665875 -148.3670464  -148.35513595 -148.35290319 -148.34812838 -148.32099819 -148.30468661 -148.27729618 -148.25632865 -148.24508615 -148.23493648 -148.22502544 -148.18056551 -148.17964418 -148.17510198 -148.14521412 -148.10897269 -148.07528748 -148.01837989 -147.9489671  -147.94887035 -147.94886317 -147.93847057 -147.93720719 -147.81257349 -147.79010579 -147.77543552 -147.71806268 -147.71678352 -147.7125989  -147.70948088 -147.70149303 -147.66101752 -147.64392481] 
9:[-138.30161485 -138.29597078 -138.29102975 -138.26955044 -138.21803257 -138.21026224 -138.19757897 -138.19458215 -138.18658289 -138.17657748 -138.15450447 -138.15257564 -138.15070496 -138.14338258 -138.14037738 -138.12223925 -138.10972519 -138.08275924 -138.08086099 -138.0783526 -138.07681828 -138.06635002 -138.06045787 -138.04832336 -138.0403182 -138.03133235 -137.99217531 -137.96972175 -137.94642194 -137.92635578 -137.90653073 -137.88148847 -137.81539791 -137.81445849 -137.74473666 -137.69611929 -137.69434763 -137.66673234 -137.64043055 -137.62966923 -137.56222264 -137.54611944 -137.53037628 -137.47807946 -137.15415113 -137.15142967 -137.02741311 -136.90373812] 
10:[-225.00945917 -224.99750888 -224.9458818  -224.93741041 -224.8958444 -224.8948234  -224.88479239 -224.86131282 -224.85354828 -224.84825836 -224.83631389 -224.82742703 -224.82608846 -224.8222842  -224.82001175 -224.79381353 -224.79047783 -224.78944518 -224.78876015 -224.77643119 -224.76660364 -224.7655803  -224.76203057 -224.75808898 -224.74398981 -224.7245101  -224.71817069 -224.70210113 -224.70165517 -224.68811923 -224.66325766 -224.65011898 -224.58834664 -224.5629675  -224.55649059 -224.44269535 -224.43288216 -224.43105858 -224.40927572 -224.40645611 -224.39821238 -224.39194963 -224.38476211 -224.3750052  -224.36431478 -224.36115901 -224.33745319 -224.32945381] 
11:[-1330.70983108 -1330.70691427 -1330.70400465 -1330.70138959 -1330.69428759 -1330.69079726 -1330.69059794 -1330.68804598 -1330.67130487 -1330.66527314 -1330.66241902 -1330.66216363 -1330.65789498 -1330.6574871  -1330.65724536 -1330.65612401 -1330.63708627 -1330.63624697 -1330.63315481 -1330.6317116 -1330.62622369 -1330.6218893  -1330.61994534 -1330.61797141 -1330.61569388 -1330.61337923 -1330.61244137 -1330.60901832 -1330.60876797 -1330.60874786 -1330.60815083 -1330.60798485 -1330.58754114 -1330.58750428 -1330.58505152 -1330.58181655 -1330.5646542  -1330.51841834 -1330.48069725 -1330.46256271 -1330.42304975 -1330.40445258 -1330.35530985 -1330.34435399 -1330.27525198 -1329.60726376 -1329.37331569 -1328.82609253] 
12:[-51.57076585 -51.57049317 -51.55092755 -51.55077808 -51.38060148 -51.37618679 -51.04709067 -50.95950918 -50.94421707 -50.91140351 -50.8966263  -50.73307392 -50.73108651 -50.67624783 -50.67235625 -50.56026256 -50.55783254 -50.55193133 -50.55138315 -50.54000414 -50.45337484 -50.4480419  -50.44800985 -50.44022488 -50.43463054 -50.367999   -50.34108548 -50.32912335 -50.32744732 -50.32610324 -50.23471934 -50.2265223  -50.20217613 -50.16691932 -50.11726912 -50.1041924  -50.05739633 -50.05345099 -50.01784172 -50.01633657 -49.98238356 -49.8689191  -49.86891888 -49.86665546 -49.83246404 -49.83245465 -49.83245442 -49.83245441] 
13:[-393.32126511 -393.02953229 -393.01181188 -392.86379293 -392.72993274 -392.72192415 -392.69803355 -392.66242803 -392.66017123 -392.65959158 -392.64164964 -392.63851244 -392.63829067 -392.62450646 -392.58715642 -392.58359086 -392.5666418  -392.54188287 -392.54175721 -392.47832567 -392.45552418 -392.43735934 -392.41301014 -392.37854722 -392.37491638 -392.34339878 -392.31504861 -392.31328447 -392.2833757  -392.26743508 -392.24673647 -392.24367737 -392.22738771 -392.1405329  -392.04614829 -392.04148153 -392.03458589 -392.03092688 -392.03088959 -392.02614969 -392.02459171 -391.98675785 -391.94807962 -391.94645369 -391.94640781 -391.50688901 -391.32438342 -390.8063682 ] 
14:[-1235.75119507 -1235.75083412 -1235.74977025 -1235.74975541 -1235.74011852 -1235.72551741 -1235.6685314  -1235.63179172 -1235.59950715 -1235.59232793 -1235.59150619 -1235.58887204 -1235.58497356 -1235.5811864  -1235.57048944 -1235.55858998 -1235.55418741 -1235.54589721 -1235.53828059 -1235.52471252 -1235.52300947 -1235.51254611 -1235.51080819 -1235.50445437 -1235.49173122 -1235.42522088 -1235.42395145 -1235.42019358 -1235.41946098 -1235.41563517 -1235.35117328 -1235.35080241 -1235.31059766 -1235.25421701 -1235.15172618 -1235.15087338 -1235.13851023 -1235.06529924 -1235.05678689 -1234.89058827 -1234.70119208 -1234.68225627 -1234.66098132 -1234.5516552 -1234.40607353 -1234.21991384 -1233.86895221 -1233.49858156] 
15:[-942.81446566 -942.80835697 -942.80496755 -942.79272879 -942.7786185 -942.77506144 -942.772712   -942.76527138 -942.76522358 -942.76207803 -942.76015068 -942.75358463 -942.75175523 -942.74276933 -942.72453965 -942.72290623 -942.72260187 -942.716402   -942.70850065 -942.70603062 -942.70052    -942.69937387 -942.69501982 -942.69489279 -942.69456852 -942.69291027 -942.66205451 -942.65589415 -942.6558823  -942.65464287 -942.6360756  -942.6122047  -942.57349502 -942.47748534 -942.44970707 -942.43115608 -942.42072054 -942.36792285 -942.32564626 -942.29552606 -942.28504566 -942.21200592 -942.19123188 -942.16103188 -942.13815807 -941.64705057 -941.21736963 -940.62041441] 
16:[-288.27423036 -288.23254309 -288.06174555 -287.69757154 -287.40802436 -287.04268992 -287.02501702 -286.92043927 -286.76573985 -286.50945117 -286.50869374 -286.41309054 -286.37855944 -286.36629177 -286.30438505 -286.17172356 -286.00317819 -285.87146318 -285.84680359 -285.84652365 -285.77535746 -285.73209181 -285.66657588 -285.64449986 -285.62145325 -285.52311098 -285.50427065 -285.42796567 -285.27646053 -285.20429449 -285.15245783 -285.12629938 -285.12411515 -285.09170502 -284.97397441 -284.55850485 -284.54924974 -284.54886616 -284.54729739 -284.48051526 -284.47520054 -284.34311251 -283.95622519 -283.95615366 -283.95217136 -283.94933957 -283.71650868 -283.2365678 ] 
17:[-140.84077301 -140.83692459 -140.79323567 -140.7931045  -140.75913201 -140.75108224 -140.71827329 -140.40403282 -140.30726938 -140.30619855 -140.12880638 -140.01383431 -139.6548889  -139.64830927 -139.52034878 -139.47793889 -139.46744051 -139.26728095 -139.17167472 -139.10692857 -139.09709682 -139.09501614 -139.04809381 -139.03023768 -139.00590274 -138.81627429 -138.81499238 -138.70721405 -138.55332841 -138.52373411 -138.44259898 -138.44091986 -138.40917116 -138.25858708 -138.25856418 -138.18207136 -137.40674233 -137.39210455 -137.37067155 -137.33095555 -137.32673486 -137.32268168 -137.3226759  -137.31616757 -137.17200226 -137.17200007 -137.17199977 -137.17199056] 
18:[-302.45051633 -302.44175964 -302.43813897 -302.43813246 -302.43787485 -302.43676798 -302.41904762 -302.40819065 -302.38102397 -302.35814089 -302.35692023 -302.35013227 -302.3442381  -302.31094649 -302.30707594 -302.30134125 -302.27122087 -302.26456913 -302.25890183 -302.2514507 -302.24668214 -302.24548954 -302.24360895 -302.22976221 -302.22454333 -302.2111422  -302.18039941 -302.17872923 -302.17083121 -302.16083596 -302.1338036  -302.13163791 -302.11150495 -302.09977859 -302.0982585 -302.09543145 -301.99812568 -301.85935647 -301.85917091 -301.79914812 -301.79381564 -301.76722078 -301.68899901 -301.56489193 -301.51289115 -301.34800619 -301.17167031 -301.14086673] 
19:[-956.11850368 -956.11714984 -956.1151288  -956.11407292 -956.1122745 -956.10917948 -956.10850935 -956.10817882 -956.10770369 -956.10731945 -956.08062701 -956.07798789 -956.01373113 -956.01319654 -956.00959757 -955.96103991 -955.95396169 -955.95395423 -955.9530533  -955.95241459 -955.95037892 -955.94819275 -955.92324414 -955.90938551 -955.88975395 -955.87333805 -955.85072516 -955.85023066 -955.79314658 -955.75684765 -955.69801037 -955.69539157 -955.69397655 -955.68900627 -955.6855415 -955.65651898 -955.6440921  -955.63277321 -955.60661044 -955.59621215 -955.59254438 -955.52260467 -955.37153348 -955.2835924  -955.02115224 -954.64268118 -954.35233107 -953.8907844 ] 
20:[-392.78508456 -392.78461306 -392.64892316 -392.62967754 -392.61184933 -392.61141634 -392.59868458 -392.59188187 -392.58553201 -392.58529307 -392.58165251 -392.58013957 -392.55079835 -392.53781824 -392.52176561 -392.51938714 -392.50255225 -392.49384368 -392.48805519 -392.47115831 -392.46099383 -392.45029871 -392.44270723 -392.43575101 -392.42886153 -392.42629047 -392.42508802 -392.42165382 -392.40114497 -392.39727062 -392.34679111 -392.34472317 -392.34153499 -392.30463617 -392.26307877 -392.15221435 -392.0779201  -392.06227713 -392.06212939 -392.0291639 -391.98266352 -391.94058206 -391.80538017 -391.63928733 -391.60602262 -391.08730609 -390.00371589 -389.42520083] 
21:[-84.55907048 -84.55642769 -84.50067654 -84.48868733 -84.48408078 -84.47448147 -84.47116528 -84.47044216 -84.46516746 -84.4423336 -84.42685207 -84.41684744 -84.39358808 -84.37665263 -84.35115031 -84.24495223 -84.23960539 -84.23040464 -84.18454858 -84.1580825 -84.14625466 -84.12728904 -84.11997586 -84.08654    -83.96696961 -83.9479597  -83.93850152 -83.84774204 -83.7763688  -83.72494119 -83.63480943 -83.60749339 -83.60583913 -83.60114786 -83.59909668 -83.58257733 -83.55947645 -83.55475368 -83.55321959 -83.50850215 -83.47636502 -83.42632047 -83.32388864 -83.24101155 -83.14926109 -82.9345663  -82.90507525 -82.90506222] 
22:[-395.51182519 -395.36170399 -395.31078056 -395.28982425 -395.26550804 -395.24606114 -395.23805535 -395.22219112 -395.19855921 -395.19127624 -395.19089508 -395.10044294 -395.07802976 -395.0741533  -394.92220215 -394.91367708 -394.90954351 -394.82809526 -394.78188406 -394.75225193 -394.7522462  -394.7522238  -394.72191335 -394.6313379  -394.62567771 -394.60058463 -394.58770232 -394.5016617  -394.4472129  -394.37853074 -394.37051169 -394.35191361 -394.26660193 -394.24989088 -394.22861823 -394.22036948 -394.01905506 -393.99777739 -393.90525681 -393.90518513 -393.90039957 -393.88496318 -393.87143731 -393.86076154 -393.46624221 -393.46343516 -393.46321202 -393.43905136] 
23:[-310.63840146 -310.52426724 -310.52355618 -310.52322508 -310.52254019 -310.52247616 -310.52192021 -310.52041016 -310.51618265 -310.50071965 -310.49787665 -310.49746669 -310.49300721 -310.48368233 -310.47714521 -310.47245977 -310.4400104  -310.43200502 -310.4279995  -310.42694325 -310.42606107 -310.4064359  -310.40017591 -310.3875225  -310.34940889 -310.34938193 -310.33476132 -310.32497102 -310.32377731 -310.31857347 -310.3062705  -310.29109543 -310.26266468 -310.26035633 -310.23283647 -310.22316552 -310.22058432 -310.12424158 -309.7721678  -309.76827228 -309.76660608 -309.7395694  -309.6910493  -309.59435859 -309.53818706 -309.5204835  -308.38271782 -308.26703853] 
24:[-547.31641182 -547.2474644  -547.00216124 -546.95329704 -546.94114708 -546.93635836 -546.93585553 -546.93301733 -546.77052042 -546.70987337 -546.68439482 -546.53432313 -546.48709389 -546.48341237 -546.45266967 -546.44686361 -546.41014055 -546.39415156 -546.39236393 -546.37485544 -546.37431291 -546.37427505 -546.36220698 -546.35559544 -546.35470672 -546.32597072 -546.25576221 -546.24555191 -546.18680912 -546.18662599 -546.16308383 -546.08419728 -546.05912927 -546.03111298 -545.9734743 -545.92869214 -545.64416653 -545.61560288 -545.61488738 -545.60355415 -545.59681853 -545.57805547 -545.57732362 -545.46740684 -545.40591269 -545.15292584 -544.98144137 -544.6836204 ] 
25:[-312.54255145 -312.49136059 -312.4826296  -312.44760474 -312.4457701 -312.44410072 -312.43543505 -312.43384989 -312.4337252  -312.43355918 -312.43320103 -312.41926303 -312.4111142  -312.38068131 -312.37120772 -312.32637294 -312.3245543  -312.31586076 -312.30817946 -312.26449374 -312.2483957  -312.22674183 -312.17566148 -312.16646234 -312.12072011 -312.09543739 -312.09344321 -312.03720945 -312.03580255 -312.03565733 -312.03564646 -312.03290285 -312.0161118  -311.98903702 -311.95515584 -311.93898907 -311.79812263 -311.78331952 -311.76153735 -311.66323792 -311.63180539 -311.61885273 -311.61702926 -311.55432287 -311.55029597 -311.54270627 -311.43800531 -311.09021121] 
26:[-932.19868755 -932.19725423 -932.17401527 -932.15542073 -932.14732941 -932.14648832 -932.14335243 -932.14054431 -932.11681704 -932.11675943 -932.11659284 -932.11183748 -932.10755403 -932.09497941 -932.08248418 -932.04951342 -932.02101788 -932.01773011 -931.99581836 -931.99330841 -931.96902452 -931.96067042 -931.94912787 -931.89973722 -931.88408566 -931.87581397 -931.86082496 -931.85897439 -931.85772306 -931.80623399 -931.80618195 -931.80617056 -931.8059014  -931.80587609 -931.7752945 -931.73233918 -931.72485756 -931.72474892 -931.72178478 -931.71589653 -931.66335334 -931.57057443 -931.55775625 -931.54739272 -931.54161098 -931.49638605 -931.25315336 -931.17293512] 
27:[-157.07032269 -157.05558967 -157.01649884 -157.01624543 -157.00801909 -157.00292151 -156.99039463 -156.98268509 -156.97386582 -156.97153221 -156.97119468 -156.96351243 -156.95286449 -156.94537107 -156.94315237 -156.94123487 -156.94112586 -156.91583915 -156.91027951 -156.90929507 -156.90491503 -156.87805312 -156.87178564 -156.86356414 -156.84926001 -156.83993931 -156.83807405 -156.81652417 -156.80602705 -156.80456288 -156.77304044 -156.76626017 -156.76572305 -156.76206777 -156.75694595 -156.75682822 -156.75681348 -156.75641977 -156.75462357 -156.74263388 -156.7285323  -156.70122338 -156.67941437 -156.66999109 -156.65443625 -155.71678192 -155.54855154 -154.95586512] 
28:[-212.0730089  -212.07044307 -212.0589643  -212.05343517 -212.05216509 -212.04647991 -212.04589698 -212.04307553 -212.02362635 -211.93758148 -211.91234407 -211.85919491 -211.8494037  -211.84597195 -211.84278847 -211.81935786 -211.76901817 -211.75802782 -211.74682638 -211.74569378 -211.7228093  -211.7225582  -211.72089688 -211.71708819 -211.71607011 -211.7042447  -211.70305436 -211.70033057 -211.69642602 -211.68277065 -211.65853614 -211.644424   -211.64366026 -211.61300873 -211.60979779 -211.60292599 -211.58212444 -211.54443116 -211.46361238 -211.42563166 -211.42555621 -211.42503138 -211.41531451 -211.29776688 -211.29747682 -210.69548724 -210.58972079 -210.12181564] 
29:[-541.1466891  -541.14571553 -540.86130062 -540.1433267  -540.11649413 -539.84172366 -539.81672002 -539.71900752 -539.69913568 -539.56814846 -539.48907225 -539.46623457 -539.44373668 -539.34108529 -539.28497413 -539.22519446 -539.08260528 -539.00704248 -538.958781   -538.90501395 -538.71474875 -538.66320078 -538.64800958 -538.64705063 -538.63959934 -538.63655624 -538.62987181 -538.52313801 -538.52191345 -538.50528745 -538.50524576 -538.50509573 -538.4419243  -538.44085821 -538.44082537 -538.37595381 -538.32893334 -538.32057673 -538.31967171 -538.3196699 -538.31965955 -538.319346   -538.30698116 -538.29278694 -538.2809054 -538.23887941 -538.23877253 -538.12254366] 
30:[-131.54189835 -131.54151964 -131.54101834 -131.54085732 -131.51861484 -131.50364871 -131.50362949 -131.49241316 -131.48854677 -131.48741627 -131.48180152 -131.48139531 -131.48008402 -131.43864594 -131.4252505 -131.42453271 -131.41188624 -131.40829711 -131.40282804 -131.39886389 -131.38810114 -131.37126427 -131.36259938 -131.36166075 -131.35392015 -131.35307079 -131.34682629 -131.34034369 -131.30866261 -131.25618915 -131.22941064 -131.2261092  -131.1866217  -131.18348405 -131.1315468 -131.12557304 -131.09816283 -131.08084234 -131.03114859 -130.9641589 -130.89088394 -130.88519441 -130.87226152 -130.75911407 -130.47803765 -130.4734114  -130.09666627 -129.94107251] 
31:[-1254.30673565 -1254.3010051  -1254.29995424 -1254.29926552 -1254.29449316 -1254.29141402 -1254.25705992 -1254.22394924 -1254.22322727 -1254.17020449 -1254.10729478 -1254.09874731 -1254.08171083 -1254.06970839 -1254.04471844 -1253.9971508 -1253.9938332  -1253.97251531 -1253.94848798 -1253.94670538 -1253.94569453 -1253.9371128  -1253.93335283 -1253.9284565 -1253.92333987 -1253.92060018 -1253.91170573 -1253.90951638 -1253.90824614 -1253.8438997  -1253.79922118 -1253.7587601 -1253.75745302 -1253.72590234 -1253.69379801 -1253.61094039 -1253.54198334 -1253.54114221 -1253.52716771 -1253.43110008 -1253.29960549 -1253.2189292  -1253.20408573 -1253.08610945 -1252.85523413 -1252.82292577 -1252.73722672 -1252.33578259] 
32:[-1211.55122168 -1211.54666993 -1211.53369986 -1211.53309793 -1211.53231474 -1211.52590738 -1211.52302702 -1211.51395682 -1211.50547656 -1211.50480997 -1211.50114062 -1211.49895995 -1211.49111465 -1211.49008692 -1211.47261149 -1211.41844552 -1211.34347169 -1211.32546969 -1211.32426352 -1211.32286223 -1211.30600103 -1211.28187678 -1211.27300391 -1211.24478338 -1211.21232669 -1211.2074397  -1211.20337817 -1211.11553549 -1211.09688014 -1210.98060442 -1210.86944457 -1210.86163401 -1210.8550638  -1210.85227716 -1210.78834578 -1210.78713655 -1210.78626704 -1210.78325665 -1210.78057592 -1210.76917184 -1210.72364335 -1210.72364008 -1210.7232019  -1210.47727515 -1210.36952131 -1210.35904084 -1210.34673795 -1210.13594417] 
33:[-529.75976727 -529.74552292 -529.74546338 -529.74492243 -529.14901484 -529.06896151 -528.94625036 -528.93710918 -528.91139238 -528.90906331 -528.84769028 -528.83104865 -528.75664811 -528.73132924 -528.70001235 -528.67012135 -528.65626066 -528.54998512 -528.5307328  -528.48970264 -528.47561702 -528.47438863 -528.47412186 -528.47411911 -528.47068913 -528.4701062  -528.46369259 -528.44820608 -528.4435349  -528.42969153 -528.42330588 -528.34967642 -528.27255419 -528.22127201 -528.17327803 -528.03955697 -528.03277976 -527.92448076 -527.70336656 -527.6922996 -527.67248332 -527.63155431 -527.63141308 -527.55948872 -527.47838545 -527.27472395 -527.20339529 -526.66129297] 
34:[-114.91730154 -114.78518369 -114.78484013 -114.77528898 -114.73805062 -114.67830748 -114.66527649 -114.65364466 -114.65256776 -114.62385654 -114.57547183 -114.41903826 -114.38893028 -114.38707557 -114.31707263 -114.29683303 -114.2808518  -114.26238183 -114.26036025 -114.25131132 -114.19028179 -114.17563808 -114.07581449 -114.05827623 -113.92627553 -113.91017615 -113.90524777 -113.88613343 -113.88568449 -113.83973613 -113.7645942  -113.67889576 -113.67388629 -113.55997956 -113.50853051 -113.43467925 -113.43019796 -113.40715126 -113.26670134 -113.24000395 -113.23591808 -113.20320356 -113.10323899 -113.07634399 -113.04049813 -112.98754611 -112.68087364 -112.68084809] 
35:[-999.17358424 -999.17320697 -999.17319733 -999.17318617 -999.17317144 -999.17283745 -999.17193463 -999.17158154 -999.1711673  -999.16667093 -999.10856217 -999.05397408 -999.05204047 -998.9548862  -998.91234197 -998.88004726 -998.84161575 -998.84120105 -998.84118707 -998.84106124 -998.84060794 -998.72958517 -998.7213118  -998.71983134 -998.67366048 -998.60336432 -998.52378451 -998.52372613 -998.51611771 -998.51554446 -998.51094746 -998.45873901 -998.45570433 -998.42220765 -998.26285309 -998.26199143 -998.2619845  -998.24008333 -997.89190973 -997.87534048 -997.87356173 -997.79869495 -997.67236141 -997.66747254 -997.56458842 -997.38348417 -997.30996507 -997.25795302] 
36:[-229.34998479 -229.29156463 -229.05581046 -229.01613634 -229.01609889 -228.9663785  -228.95806281 -228.9368183  -228.91862065 -228.73084856 -228.65510827 -228.6546425  -228.58185994 -228.54732397 -228.46279778 -228.46132436 -228.4081464  -228.27780879 -228.17553994 -228.15597744 -227.92590229 -227.92277275 -227.88351802 -227.73914355 -227.73909033 -227.73451424 -227.62417111 -227.62415154 -227.56626366 -227.54916016 -227.25148014 -227.23595016 -227.19832233 -226.57714037 -226.57664013 -226.57451929 -226.56706104 -226.56391251 -226.30068515 -226.24616657 -226.24398994 -226.24322453 -226.24073238 -226.24071873 -225.93925703 -225.93921843 -225.93921554 -225.93918435] 
37:[-312.54255145 -312.49136059 -312.4826296  -312.44760474 -312.4457701 -312.44410072 -312.43543505 -312.43384989 -312.4337252  -312.43355918 -312.43320103 -312.41926303 -312.4111142  -312.38068131 -312.37120772 -312.32637294 -312.3245543  -312.31586076 -312.30817946 -312.26449374 -312.2483957  -312.22674183 -312.17566148 -312.16646234 -312.12072011 -312.09543739 -312.09344321 -312.03720945 -312.03580255 -312.03565733 -312.03564646 -312.03290285 -312.0161118  -311.98903702 -311.95515584 -311.93898907 -311.79812263 -311.78331952 -311.76153735 -311.66323792 -311.63180539 -311.61885273 -311.61702926 -311.55432287 -311.55029597 -311.54270627 -311.43800531 -311.09021121] 
38:[-225.47088201 -225.33573321 -224.89146584 -224.84189156 -224.83386775 -224.80039469 -224.72219433 -224.66745763 -224.66666452 -224.58195563 -224.57633823 -224.56330764 -224.54085375 -224.53995811 -224.52300834 -224.48514366 -224.43052426 -224.39814135 -224.39702415 -224.38421261 -224.31981523 -224.22187459 -224.21205566 -224.20889001 -224.16254647 -224.13140698 -224.10452221 -224.04904821 -224.04565044 -223.96739229 -223.96737391 -223.9666494  -223.94438773 -223.8251089  -223.47837069 -223.47804128 -223.47545402 -223.47457791 -223.47058853 -223.4705659 -223.46995425 -223.08372021 -223.08371692 -223.08367607 -223.08325231 -222.51128244 -222.19379309 -221.65716825] 
39:[-1320.84697697 -1320.81679912 -1320.78577453 -1320.78426614 -1320.76802004 -1320.76662331 -1320.7641953  -1320.7580083 -1320.75611759 -1320.75193697 -1320.69442065 -1320.65895972 -1320.65495378 -1320.50387018 -1320.5038353  -1320.50168637 -1320.48388895 -1320.47987371 -1320.40508942 -1320.29158367 -1320.26457763 -1320.21955697 -1320.16544956 -1320.15763337 -1320.08745052 -1320.00603792 -1319.84069113 -1319.82861819 -1319.82827978 -1319.74970338 -1319.74968644 -1319.71463089 -1319.69086585 -1319.6626883  -1319.6099776  -1319.48423693 -1319.46759698 -1319.46751484 -1319.45314294 -1319.44720002 -1319.11269921 -1319.11264465 -1319.09239105 -1319.08720062 -1319.04081339 -1319.04058919 -1318.84344636 -1318.74501286] 
40:[-118.22881578 -118.21935153 -118.20939434 -118.20917169 -118.16811212 -118.07304024 -118.05313497 -118.04945114 -118.03394947 -118.02243892 -118.02188314 -118.020475   -118.01831518 -117.99888509 -117.9926929 -117.95031919 -117.94625153 -117.94599245 -117.94528457 -117.91698493 -117.89832405 -117.88685473 -117.87407834 -117.8728392  -117.84638452 -117.84502195 -117.83355943 -117.83013647 -117.81881192 -117.8188033 -117.81807665 -117.81797811 -117.79891812 -117.77972341 -117.71478628 -117.70948106 -117.65167788 -117.64718238 -117.56826611 -117.55912889 -117.51437579 -117.50439945 -117.50270583 -117.45212765 -117.44293131 -116.77901994 -116.62909745 -116.00321612] 
41:[-975.27423567 -975.27410385 -975.27403284 -975.2726302  -975.26637639 -975.26503847 -975.2520572  -975.25125579 -975.19403017 -974.97595124 -974.93965131 -974.9332493  -974.93282802 -974.93282189 -974.93143399 -974.91052655 -974.90674397 -974.7635674  -974.74593251 -974.68501625 -974.66801758 -974.57444914 -974.56765087 -974.5631005  -974.56242612 -974.55934151 -974.4566873  -974.44910909 -974.43053232 -974.41900967 -974.41100913 -974.40969204 -974.40267584 -974.35900425 -974.35102387 -974.33977846 -974.33871314 -974.32107106 -974.3034569  -974.26337724 -974.23579627 -974.199367   -973.99769754 -973.8751105  -973.42104168 -973.28774124 -973.21148862 -972.99611242] 
42:[-1041.38621913 -1041.2252268  -1041.22170946 -1041.19834586 -1041.1973445  -1041.18422853 -1041.08478137 -1041.08447578 -1041.07177519 -1041.07144539 -1041.07036522 -1041.06170366 -1041.05041937 -1041.04845945 -1041.02036869 -1041.0199867 -1041.01959188 -1041.01958424 -1041.01921602 -1041.00169906 -1040.96525046 -1040.9585481  -1040.9502521  -1040.92895622 -1040.91780775 -1040.91308757 -1040.89617082 -1040.8882745 -1040.88308584 -1040.88279049 -1040.88197778 -1040.87057082 -1040.80045374 -1040.75610672 -1040.72151135 -1040.67591818 -1040.65786446 -1040.59550098 -1040.42418418 -1040.4205874 -1040.29886678 -1040.28581301 -1040.2017325  -1040.14691026 -1040.05141218 -1039.96701774 -1039.96044508 -1039.14028013] 
43:[-71.86180349 -71.83542287 -71.83497242 -71.83496041 -71.83479034 -71.83450064 -71.83131986 -71.83082481 -71.82664462 -71.82313211 -71.81273562 -71.81150736 -71.80927224 -71.79381513 -71.79331652 -71.78840387 -71.77893721 -71.77860195 -71.74955504 -71.70424628 -71.6987805  -71.6885859  -71.68432085 -71.6837731  -71.63891549 -71.63280437 -71.63254007 -71.63203756 -71.61084986 -71.59857628 -71.58239898 -71.58132637 -71.47265271 -71.47218577 -71.43483648 -71.434045   -71.39271198 -71.3487428  -71.29699602 -71.29396834 -71.27661586 -71.2340519  -71.00083169 -70.90269565 -70.84656368 -70.36323014 -69.86959925 -69.39122038] 
44:[-257.7519944  -257.71689256 -257.71687484 -257.63788417 -257.57099134 -257.53535247 -257.50168971 -257.4839141  -257.47894925 -257.46338744 -257.44445818 -257.44441999 -257.44441841 -257.44399842 -257.44311778 -257.38618759 -257.37009018 -257.36618864 -257.35149839 -257.34106455 -257.32698447 -257.31496163 -257.29085811 -257.28996127 -257.26937317 -257.26916238 -257.26868266 -257.26852623 -257.25179152 -257.22634098 -257.2182047  -257.11053625 -257.09859282 -257.09735052 -257.05720397 -257.01189953 -256.94653355 -256.87799977 -256.86309249 -256.8620526 -256.85255738 -256.6752193  -256.61596989 -256.52177164 -256.52087326 -256.40660087 -256.20904284 -255.33126595] 
45:[-191.65773773 -191.65465725 -191.65286311 -191.64511833 -191.64463819 -191.64428079 -191.64196194 -191.63557078 -191.55808325 -191.408186 -191.39179836 -191.38170868 -191.32613998 -191.32596654 -191.29999721 -191.26449446 -191.26448616 -191.26380585 -191.26280865 -191.25680326 -191.12874182 -191.11469117 -191.02828089 -190.97967739 -190.97662187 -190.97660362 -190.9765116  -190.87607516 -190.82506761 -190.7087614 -190.70534975 -190.69757999 -190.69485128 -190.69474718 -190.69091826 -190.67780533 -190.64693182 -190.64449375 -190.6340674  -190.53004018 -190.52428711 -190.49641094 -190.45976385 -190.44694902 -190.22122935 -190.13517776 -189.76167226 -189.72032419] 
46:[-229.34998479 -229.29156463 -229.05581046 -229.01613634 -229.01609889 -228.9663785  -228.95806281 -228.9368183  -228.91862065 -228.73084856 -228.65510827 -228.6546425  -228.58185994 -228.54732397 -228.46279778 -228.46132436 -228.4081464  -228.27780879 -228.17553994 -228.15597744 -227.92590229 -227.92277275 -227.88351802 -227.73914355 -227.73909033 -227.73451424 -227.62417111 -227.62415154 -227.56626366 -227.54916016 -227.25148014 -227.23595016 -227.19832233 -226.57714037 -226.57664013 -226.57451929 -226.56706104 -226.56391251 -226.30068515 -226.24616657 -226.24398994 -226.24322453 -226.24073238 -226.24071873 -225.93925703 -225.93921843 -225.93921554 -225.93918435] 
47:[-331.24896552 -331.2371257  -331.22429802 -331.22125539 -331.2176933 -331.21712692 -331.21617435 -331.206953   -331.20508735 -331.20101776 -331.17630709 -331.16505156 -331.1645821  -331.1592837  -331.15297512 -331.15157692 -331.15088199 -331.1475878  -331.14552758 -331.12496498 -331.11934129 -331.10980541 -331.08225998 -331.07468434 -331.06762152 -331.06657269 -331.06191338 -331.06158562 -331.06145745 -331.05782012 -331.0356107  -331.0058767  -331.00061402 -330.83430721 -330.83255748 -330.82892908 -330.72388131 -330.68919893 -330.63496978 -330.60202819 -330.56041645 -330.54991116 -330.42305043 -330.13698369 -330.12485203 -329.47287689 -329.37469703 -328.90269695] 
RANKING VECTORS IDX
0:[24.  0. 13. 36. 46.  6. 27.  7.  4. 17. 10. 18.  3. 33.  1. 32. 12. 22. 34. 26. 39. 21. 28. 25. 44.  2. 11. 29.  9. 19. 37.  8. 23. 42. 43. 38. 31. 14. 15.  5. 16. 20. 30. 41. 45. 35. 47. 40.] 
1:[21. 39. 27. 10.  1.  6. 24. 33. 28. 34. 16. 44. 25. 46. 41. 22. 42. 37. 11.  9.  2. 43. 18. 47. 19.  7. 40. 30. 20. 45. 35. 29. 12. 32. 13.  8. 26. 38.  5. 31. 14. 15. 23. 17.  4. 36.  0.  3.] 
2:[13.  9.  2. 42. 10. 45. 19. 18. 41. 11. 35. 43. 31. 14.  5. 15.  6. 23. 12. 29. 24. 21. 39. 28. 25. 26. 37. 34. 46. 32. 22. 38. 16. 30. 20.  7.  8. 33. 17.  1.  4. 40. 44. 27. 47.  0. 36.  3.] 
3:[32.  7.  8.  3. 42. 33. 29. 26. 25. 13. 28. 44. 37. 18. 10. 23. 34.  6.  1. 39. 21. 41. 45. 35. 24. 46. 19. 36. 22. 47. 12. 31. 43.  5. 15. 14.  0. 17. 40.  4. 11.  9. 27.  2. 20. 30. 16. 38.] 
4:[16. 38.  4. 17. 37. 24. 18. 44. 29. 12. 22. 28.  8.  7. 46. 33. 23. 34.  6. 39.  1. 21. 32. 10. 27. 25. 26. 11.  3.  0. 42. 13. 36. 30. 20. 40.  2.  9. 43. 47. 19. 45. 35. 41.  5. 31. 14. 15.] 
5:[43.  5. 31. 14. 13. 11.  9. 15.  2. 34. 28. 25. 26. 46. 35. 18. 45. 41.  6. 19. 42. 37. 21. 23. 39. 47. 10. 24. 38. 30. 20. 22.  7. 12.  8. 44.  4. 17. 40. 32. 16. 27.  1. 33. 36. 29.  0.  3.] 
6:[21. 39. 27. 10.  1.  6. 24. 33. 28. 34. 16. 44. 25. 46. 41. 22. 42. 37. 11.  9.  2. 43. 18. 47. 19.  7. 40. 30. 20. 45. 35. 29. 12. 32. 13.  8. 26. 38.  5. 31. 14. 15. 23. 17.  4. 36.  0.  3.] 
7:[ 7.  8. 32. 42.  1. 21. 39. 44. 37. 33. 25. 26.  9. 13. 18.  2. 11. 10. 47. 35. 24. 45. 46. 41.  3. 19.  0. 23. 12. 29. 22. 34. 43.  5. 31. 14. 28.  4.  6. 15. 40. 36. 38. 16. 17. 27. 30. 20.] 
8:[26. 34. 25.  7.  8. 46.  6. 13.  9.  2. 21. 39. 37. 11. 32.  1. 28.  0. 44. 23. 18.  3. 38. 33. 22. 42. 17. 36. 16.  4. 24. 29. 12. 43. 31. 14. 15.  5. 40. 19. 10. 27. 41. 45. 35. 30. 47. 20.] 
9:[11. 13.  9.  2. 28. 43. 31. 14. 34.  5. 15. 37. 19. 25. 26. 42. 24. 23. 18. 35. 12. 45. 41. 21. 39. 47. 10. 32. 38.  7.  8. 46. 22. 44. 29. 20.  6. 30.  1. 33. 40. 17.  4. 16. 36. 27.  0.  3.] 
10:[33. 10. 16. 44. 28. 39. 21. 34.  0. 12.  6. 37. 18. 46. 13. 29. 38. 17. 36. 27. 22. 23.  7.  9. 26.  2.  1. 24. 42.  8. 32. 11. 25.  3. 40. 43. 20. 30. 19. 35.  4.  5. 47. 45. 31. 14. 41. 15.] 
11:[28. 34.  6. 26. 25. 21. 39. 37. 38. 29. 13. 20. 30.  9.  2. 46. 11.  7. 41. 16. 22. 19. 45. 35. 18. 47. 10. 43. 31. 14.  5. 15. 42. 24. 23. 32. 12. 17. 40.  4.  1. 33. 27.  8. 44. 36.  0.  3.] 
12:[29. 12.  7. 24. 38. 16. 28. 34. 13. 10. 33.  3. 22.  6.  1. 44. 37. 46. 18.  0. 32. 25. 26. 17.  4. 40.  8. 30. 20. 23. 43. 27. 11. 42.  2.  9. 21. 39. 47. 19. 36. 45. 35. 41.  5. 31. 14. 15.] 
13:[13. 16.  6. 38. 39. 34. 28.  7. 21. 37. 22. 11.  2.  9. 24. 42. 29. 25. 26.  1.  8. 40. 44. 12.  4. 23. 30. 20. 19. 46. 43. 10. 32. 47. 27. 17. 18.  5. 15. 31. 14. 33. 41. 45. 35. 36.  0.  3.] 
14:[ 5. 43. 31. 14. 15. 42. 19. 46. 23. 35. 45. 10. 18. 41. 13.  9.  2. 11. 21. 37. 39. 34.  6. 25. 26. 29. 12. 44. 24. 28. 30. 20. 22. 38. 32.  8. 16.  7.  4. 40. 47. 27.  1. 33. 17. 36.  0.  3.] 
15:[28. 20. 30. 34.  6. 26. 25.  9.  2. 13. 43. 21. 39. 37. 46. 41. 11. 19. 24. 29. 23. 45. 10. 18. 22. 35.  7. 31. 14. 15.  5. 42.  4. 40.  8. 33.  1. 32. 27. 44. 38. 16. 47. 12. 17. 36.  0.  3.] 
16:[38. 16. 44. 28.  8. 46. 12. 29. 24. 32. 37. 34.  7. 22.  4. 17. 23.  1. 21. 39. 33. 26. 25. 18.  6. 42. 13. 36. 10. 27.  2. 30.  9. 20. 11. 41. 45. 40. 35. 19. 47. 43. 31. 14. 15.  5.  0.  3.] 
17:[16. 38.  4. 17. 37. 24. 18. 44. 29. 12. 22. 28.  8.  7. 46. 33. 23. 34.  6. 39.  1. 21. 32. 10. 27. 25. 26. 11.  3.  0. 42. 13. 36. 30. 20. 40.  2.  9. 43. 47. 19. 45. 35. 41.  5. 31. 14. 15.] 
18:[18. 23.  5. 15. 14. 43. 31. 42. 44. 10. 19. 47. 29.  9. 13.  2.  8. 26. 34. 24. 25. 37.  7. 11.  6. 39. 41. 35. 28. 45. 16. 21. 32. 22. 12. 38. 33. 30. 20. 17.  4. 36.  1. 40.  3. 46. 27.  0.] 
19:[45. 41. 46. 19. 23. 35. 18. 10. 24. 29. 20. 30. 13.  2.  9.  6. 31. 14. 43. 15.  7.  5. 42. 11. 25. 34. 28. 26.  4. 32. 44. 21. 39. 12. 37. 27. 33. 40.  1. 22.  8. 47. 17. 38. 36. 16.  0.  3.] 
20:[30. 20.  9. 13. 21.  2. 39.  7.  5. 43. 31. 14. 15. 34. 47. 26. 11. 42. 22. 19. 25. 24. 18. 37. 10.  4. 35. 45. 41. 38. 23. 12. 17. 29.  6. 28. 32.  8. 46. 44. 40.  1. 33. 27. 16. 36.  0.  3.] 
21:[ 8.  7.  6. 28. 34. 21. 25. 44. 39. 26.  1. 37. 18. 38. 32. 46. 23. 13.  2. 11.  9. 12. 24. 22. 42. 16.  0. 33. 29. 47. 19. 10. 40. 43. 17.  4.  5. 31. 14.  3. 15. 36. 35. 45. 41. 27. 30. 20.] 
22:[ 6. 34. 22. 16. 21. 37. 39. 18. 13. 25. 26.  7.  8.  1. 28.  4. 46. 10. 32. 11.  2.  9. 17. 33. 19. 29.  0. 42. 40. 24. 12. 44. 43. 36. 47.  3. 38. 23. 14. 15.  5. 31. 20. 30. 41. 45. 35. 27.] 
23:[ 6. 15. 31. 14. 10.  5. 19. 43.  9.  2. 11. 13. 42. 24. 23. 34. 26. 28. 37. 46. 29. 39. 25. 38. 45. 35. 21. 20. 41. 16. 30.  7. 18. 22. 47. 12.  8. 44. 17. 32.  4. 33. 40. 36.  1. 27.  0.  3.] 
24:[24. 29. 13. 12. 46. 18. 10.  7. 33. 44. 42. 32.  1. 35. 41. 45.  8. 19. 47. 31.  5. 14.  6. 23. 15.  4. 43.  3. 11.  2. 40. 27.  9.  0. 36. 22. 16. 30. 20. 21. 39. 37. 25. 26. 17. 34. 28. 38.] 
25:[34. 26. 25.  6. 13.  7. 37. 21. 39.  9.  2. 11.  8. 32.  1.  0. 28. 44. 18. 46. 16. 22.  4.  3. 17. 33. 23.  5. 43. 31. 14. 36. 15. 42. 24. 12. 29. 19. 40. 10. 30. 47. 20. 45. 41. 35. 27. 38.] 
26:[ 2. 13. 34. 11.  6. 26. 25.  9. 21. 37. 39. 46.  7.  8.  1. 32. 28. 44.  0. 18. 42. 33. 23. 17. 22. 16. 29.  3. 12.  5. 15. 43. 31. 14. 36. 47. 10. 45. 35. 19. 41. 40. 27. 30.  4. 20. 24. 38.] 
27:[16.  7. 29. 24. 41. 10. 11. 40. 28.  9.  2. 27. 25. 37. 26. 21. 39. 33. 12. 38. 34.  1.  6. 18. 19. 13. 47. 22. 32. 44. 42. 45.  8. 35. 43. 31. 14.  5. 15. 17.  4. 23. 30. 20. 46. 36.  0.  3.] 
28:[33. 27.  1. 18. 28. 21. 10. 24.  6. 34. 23. 29. 26. 25. 44. 37. 12. 45. 42. 35.  9. 22.  2.  7. 19. 32. 47. 11. 40. 43. 30. 20. 46. 38. 41. 13. 39. 16.  8. 31. 14.  5. 15. 17.  4. 36.  0.  3.] 
29:[12. 29. 24.  7. 42. 10. 33. 13.  1. 32. 28.  3.  8. 18.  0. 44. 23. 46.  6. 16. 22. 39. 21. 37. 26. 25. 40.  4. 38.  2. 11.  9. 41. 45. 35. 27. 34. 43. 31. 14. 15. 19.  5. 20. 47. 36. 30. 17.] 
30:[43.  5. 31. 14. 47. 42. 15. 30. 19. 20.  9. 13.  2. 11. 21. 39. 37. 34. 18. 10. 35. 24. 23.  6. 25. 26. 12. 45. 28. 22. 32. 41.  4. 17.  8. 38. 44. 46.  7. 40. 29. 33.  1. 27. 16. 36.  0.  3.] 
31:[ 5. 43. 31. 14.  7. 15. 42. 19. 47. 11.  6. 13. 21. 39. 23.  2.  9. 10. 35. 45. 46. 18. 34. 41. 26. 25. 37. 12. 24. 22. 28. 30. 20. 32.  8. 38. 16.  1.  4. 40. 44. 33. 27. 29. 17. 36.  0.  3.] 
32:[21. 32. 34.  7.  8. 39. 18. 37.  1. 26.  6. 25. 28. 38. 22. 16. 42. 11.  9.  2. 13. 46. 33.  0. 44. 12. 24.  4. 36.  3. 10. 40. 19. 47. 15. 31. 14. 23. 43.  5. 41. 45. 35. 29. 20. 27. 30. 17.] 
33:[33. 29. 12. 24. 32.  7. 18. 13.  1.  6. 42.  8. 44. 28. 23. 10.  3. 21. 46. 35. 41. 40. 43.  5. 31. 14. 45. 47. 19. 15.  0.  4. 11. 27. 36.  2.  9. 22. 39. 37. 26. 30. 20. 25. 16. 34. 17. 38.] 
34:[34.  6. 21. 39. 18. 26. 37.  8. 25.  7.  1. 23. 32. 22. 13. 11.  2.  9.  0. 17. 28.  4. 46. 33. 16. 29. 42. 44. 12. 24. 40.  3. 10. 36. 38. 19. 43. 47.  5. 31. 14. 15. 35. 45. 41. 27. 30. 20.] 
35:[18. 39. 47. 37. 46. 45. 35. 21. 41. 19. 23. 28. 44.  7. 42. 17. 43. 31. 14. 15.  5. 10. 13. 27. 12.  6. 25. 26.  8. 32. 24.  9.  2. 11. 20. 36. 30.  1. 40. 34. 33.  3. 29. 38. 22.  4.  0. 16.] 
36:[36. 46. 24. 22. 37. 28. 34. 18. 44.  7. 29. 12.  3.  0. 33. 17.  4.  8. 13. 10.  1. 27.  6. 21. 39. 32. 25. 26. 23. 16. 40. 38. 42.  2. 11.  9. 30. 20. 43. 41. 19. 47. 45. 35.  5. 31. 14. 15.] 
37:[34. 26. 25.  6. 13.  7. 37. 21. 39.  9.  2. 11.  8. 32.  1.  0. 28. 44. 18. 46. 16. 22.  4.  3. 17. 33. 23.  5. 43. 31. 14. 36. 15. 42. 24. 12. 29. 19. 40. 10. 30. 47. 20. 45. 41. 35. 27. 38.] 
38:[38. 16. 22. 29.  7. 12. 28. 21. 39. 23. 44.  4. 24. 10. 27. 17. 40. 46. 18. 13. 33.  6. 32.  1. 42.  8. 34. 26. 25.  2.  9. 11. 43. 37. 30. 19. 47. 20. 45. 35. 41. 31. 14. 15.  5. 36.  0.  3.] 
39:[34.  6. 21. 39. 44. 28. 18. 25. 26. 37.  1.  8.  7. 11.  9. 13. 32.  2. 22.  0. 16. 33. 46. 17.  4. 42.  3. 24. 12. 47. 19. 29. 10. 36. 40. 43. 15.  5. 31. 14. 41. 35. 45. 23. 30. 20. 27. 38.] 
40:[13. 11.  9.  2.  6. 34. 26. 25. 37.  7. 39. 21. 40. 28. 43.  8. 19. 29. 24. 12. 47. 10. 45. 35. 22. 42. 38. 23. 31. 14.  5. 15. 44. 18. 46. 41. 32.  1. 16. 27. 33.  4. 17. 30. 20.  0. 36.  3.] 
41:[18. 10. 47. 45. 41. 35. 19. 46. 23. 24. 42. 43. 31. 14. 15.  5. 44. 20. 30. 27.  6. 13. 11.  2.  9.  7. 32. 34. 26. 25. 21. 39. 37. 12.  1. 33. 29. 28.  4. 22. 40.  8. 16. 17. 36. 38.  0.  3.] 
42:[42.  6. 34. 28. 44. 33. 24.  7. 13.  9.  2.  8. 25. 11.  5. 43. 31. 14. 15. 18. 37. 21. 39. 23. 19. 47. 45. 35. 16. 10. 22. 41. 32. 36. 46.  1. 27. 26. 20. 30. 40. 17. 12. 29.  3.  0.  4. 38.] 
43:[ 7. 43. 31. 14.  5. 15.  9.  2. 47. 13. 11. 34. 19. 25. 42. 26. 21. 39. 37.  6. 23. 10. 45. 35. 18. 29. 38. 24. 12. 22. 46. 41.  8. 44. 30. 20. 28. 16. 17.  4. 40. 32.  1. 33. 27. 36.  0.  3.] 
44:[42. 28. 44. 33. 16. 34.  6. 26.  8. 25. 43. 31. 14. 15.  5. 17.  7. 24. 12. 18. 37. 13.  9.  2. 11. 21. 39. 32. 23. 36. 46. 10. 47. 19.  3.  0.  1. 22. 45. 41. 35. 27. 40. 30. 20.  4. 29. 38.] 
45:[18. 45. 35. 10. 46. 41. 19. 47. 23. 42. 44. 28. 29. 24. 12. 31. 14. 15. 43.  5. 30. 20.  6. 11. 13.  9.  2. 27. 32. 26. 25. 37. 21. 39. 34.  8. 36.  1.  7. 33. 40. 22. 17.  4. 38. 16.  0.  3.] 
46:[36. 46. 24. 22. 37. 28. 34. 18. 44.  7. 29. 12.  3.  0. 33. 17.  4.  8. 13. 10.  1. 27.  6. 21. 39. 32. 25. 26. 23. 16. 40. 38. 42.  2. 11.  9. 30. 20. 43. 41. 19. 47. 45. 35.  5. 31. 14. 15.] 
47:[21. 39. 22. 47. 41. 10. 18. 35. 45. 19. 37.  6.  9. 34. 11.  2. 43. 25. 26. 13. 28. 38. 23. 42. 46. 15.  5. 31. 14. 29. 24.  7.  8. 30. 20. 12. 40. 44. 33. 16.  4. 17. 32. 27.  1.  0. 36.  3.] 
POSCARS
EA82    2.575  2.610  4.900 90.44 90.73 90.00 Sym.group:  123
1.0
   2.5752860000000002   -0.0004130000000000    0.0039580000000000
   0.0004330000000000    2.6095799999999998   -0.0000060000000000
  -0.0700260000000000   -0.0377300000000000    4.8991009999999999
N Al
3 1
direct
   0.8702320000000000    0.8723020000000000    0.9903480000000000 N
   0.3720030000000000    0.3745410000000000    0.3772520000000000 N
   0.8736429999999999    0.8746610000000000    0.7641310000000000 N
   0.8720030000000000    0.8745570000000000    0.3772450000000000 Al
EA254   8.979  3.208  3.208 90.00 90.00 90.00 Sym.group:  139
1.0
   8.9778990000000007   -0.0210800000000000    0.1612760000000000
   0.0075610000000000    3.2084350000000001    0.0078890000000000
  -0.0574200000000000   -0.0076740000000000    3.2078350000000002
P Si
6 2
direct
   0.9959240000000000    0.0006480000000000    0.6254990000000000 P
   0.9981870000000000    0.5007260000000000    0.1264080000000000 P
   0.4981660000000000    0.0007590000000000    0.6267880000000000 P
   0.7470720000000000    0.5003520000000000    0.1226110000000000 P
   0.2470370000000000    0.0005580000000000    0.6270460000000000 P
   0.4959460000000000    0.5007290000000000    0.1277360000000000 P
   0.2470680000000000    0.5005550000000000    0.1269450000000000 Si
   0.7470440000000000    0.0003620000000000    0.6228669999999999 Si
EA215   7.049  2.588  2.595 90.04 90.00 89.99 Sym.group:  123
1.0
   7.0485369999999996   -0.0119420000000000    0.0001870000000000
   0.0046390000000000    2.5878009999999998   -0.0082420000000000
  -0.0002180000000000    0.0066300000000000    2.5954510000000002
Mg Be
3 1
direct
   0.1614360000000000    0.9038929999999999    0.0973680000000000 Mg
   0.7317030000000000    0.9044200000000000    0.0972230000000000 Mg
   0.4465850000000000    0.4048460000000000    0.5968610000000000 Mg
   0.9466000000000000    0.4042040000000000    0.5970490000000001 Be
EA256   4.576  4.577  3.359 89.97 89.98 90.01 Sym.group:  127
1.0
   4.5757550000000000    0.0019970000000000   -0.0189800000000000
  -0.0028800000000000    4.5768459999999997   -0.0229820000000000
   0.0152470000000000    0.0186430000000000    3.3589500000000001
F Al
6 2
direct
   0.6246180000000000    0.3804320000000000    0.4975920000000000 F
   0.1245840000000000    0.8804590000000000    0.4975960000000000 F
   0.4559110000000000    0.7117100000000000    0.9964680000000000 F
   0.7931970000000000    0.0490830000000000    0.9980450000000000 F
   0.9559280000000000    0.5489350000000000    0.9979970000000000 F
   0.2930570000000000    0.2117180000000000    0.9978270000000000 F
   0.1244920000000000    0.8802870000000000    0.9975990000000000 Al
   0.6244470000000000    0.3803370000000000    0.9975940000000000 Al
EA26    3.787  2.390  2.421 89.99 89.77 90.00 Sym.group:  115
1.0
   3.7741810000000000   -0.1598870000000000   -0.2637700000000000
   0.0910430000000000    2.3835430000000000   -0.1420740000000000
   0.1841920000000000    0.1371600000000000    2.4098830000000002
C B
3 1
direct
   0.3904840000000000    0.9936980000000000    0.3644610000000000 C
   0.8456630000000001    0.4936930000000000    0.8664590000000000 C
   0.6190260000000000    0.4937060000000000    0.3710200000000000 C
   0.1220860000000000    0.9937420000000000    0.8721710000000000 B
EA27    5.199  5.199  5.198 90.23 119.94 119.79 Sym.group:  221
1.0
   5.1961139999999997   -0.1626340000000000    0.0358440000000000
  -2.4738859999999998    2.7106680000000001   -3.6819389999999999
  -2.5381490000000002    2.6473810000000002    3.6838940000000000
Al Mg
6 2
direct
   0.2527550000000000    0.1257330000000000    0.5020970000000000 Al
   0.7527690000000000    0.6257790000000000    0.5021580000000000 Al
   0.2527910000000000    0.6257600000000000    0.5021620000000000 Al
   0.7527910000000000    0.1256950000000000    0.0021050000000000 Al
   0.2527530000000000    0.1257050000000000    0.0021000000000000 Al
   0.2528040000000000    0.6257260000000000    0.0021480000000000 Al
   0.7527600000000000    0.1257660000000000    0.5020820000000000 Mg
   0.7527650000000000    0.6256420000000000    0.0021430000000000 Mg
EA286   9.011  3.200  3.199 90.00 90.02 90.04 Sym.group:  129
1.0
   8.9981510000000000   -0.4793360000000000   -0.0031880000000000
   0.1682160000000000    3.1953170000000002    0.0000640000000000
  -0.0000550000000000   -0.0002810000000000    3.1992720000000001
P Si
6 2
direct
   0.3228800000000000    0.4062430000000000    0.5434380000000000 P
   0.8210080000000000    0.9064200000000000    0.0431350000000000 P
   0.5734860000000001    0.4063210000000000    0.5426870000000000 P
   0.5710850000000000    0.9062560000000000    0.0428980000000000 P
   0.8234060000000000    0.4064910000000000    0.5429540000000000 P
   0.0716080000000000    0.9065130000000000    0.0425200000000000 P
   0.0722600000000000    0.4066470000000000    0.5425270000000000 Si
   0.3222290000000000    0.9061090000000001    0.0434160000000000 Si
EA137   5.147  5.147  5.590 117.41 90.01 120.00 Sym.group:  148
1.0
   2.6573030000000002   -4.4082229999999996    0.0528200000000000
   2.4891310000000000    4.5046239999999997   -0.0942770000000000
  -2.5085440000000001   -1.4543210000000000    4.7792729999999999
Cl Al
6 2
direct
   0.0614710000000000    0.7189140000000001    0.4315130000000000 Cl
   0.9190360000000000    0.0750940000000000    0.9659160000000000 Cl
   0.4202330000000000    0.3985410000000000    0.4315890000000000 Cl
   0.7406260000000000    0.0779020000000000    0.4318570000000000 Cl
   0.2394280000000000    0.7544540000000000    0.9661840000000000 Cl
   0.5981910000000000    0.4340810000000000    0.9662590000000000 Cl
   0.1632790000000000    0.2431980000000000    0.6987610000000000 Al
   0.4963830000000000    0.9097960000000000    0.6990120000000000 Al
EA33    3.961  3.961  3.868 89.97 89.62 60.01 Sym.group:  162
1.0
   3.9607239999999999    0.0001430000000000   -0.0028020000000000
   1.9795590000000001    3.4305530000000002   -0.0018280000000000
   0.0285870000000000   -0.0124190000000000    3.8680219999999998
Li H
6 2
direct
   0.3347190000000000    0.0052410000000000    0.2498340000000000 Li
   0.6604650000000000    0.3421820000000000    0.2491500000000000 Li
   0.9979330000000000    0.6679550000000000    0.2493650000000000 Li
   0.6641899999999999    0.0034180000000000    0.7540530000000000 Li
   0.3383000000000000    0.6665960000000000    0.7547170000000000 Li
   0.0008560000000000    0.3408890000000000    0.7545610000000000 Li
   0.6660020000000000    0.6712770000000000    0.0024830000000000 H
   0.3328290000000000    0.3374860000000000    0.0014690000000000 H
EA171   2.509  2.508 13.424 90.00 90.00 88.96 Sym.group:  123
1.0
   2.5036360000000002   -0.1662780000000000   -0.0014410000000000
   0.2114110000000000    2.4992489999999998   -0.0004310000000000
   0.0079900000000000    0.0016470000000000   13.4242869999999996
Al Be
6 2
direct
   0.2579760000000000    0.5985130000000000    0.0597730000000000 Al
   0.7578780000000001    0.0985190000000000    0.1997860000000000 Al
   0.7575750000000000    0.0980200000000000    0.9197620000000000 Al
   0.7574250000000000    0.0980990000000000    0.4197920000000000 Al
   0.2576760000000000    0.5981490000000000    0.5597860000000000 Al
   0.7576490000000000    0.0979840000000000    0.6997760000000000 Al
   0.2575120000000000    0.5978599999999999    0.8097640000000000 Be
   0.2575620000000000    0.5982360000000000    0.3097950000000000 Be
EA2     3.768  3.749  3.766 108.79 109.00 110.48 Sym.group:  107
1.0
   1.1982489999999999   -1.8385670000000001   -3.0631460000000001
   1.1596070000000001    3.5647400000000000   -0.0719440000000000
   1.4112130000000001   -1.6733359999999999    3.0643660000000001
S H
3 1
direct
   0.3439790000000000    0.3512090000000000    0.0017120000000000 S
   0.3158530000000000    0.8223350000000000    0.5021450000000000 S
   0.8155240000000000    0.3221430000000000    0.5016010000000000 S
   0.0248190000000000    0.0256390000000000    0.0030680000000000 H
EA118   2.968  2.965  6.243 90.00 89.91 90.07 Sym.group:  123
1.0
   2.9681750000000000    0.0005150000000000   -0.0120780000000000
  -0.0041840000000000    2.9654929999999999   -0.0011710000000000
   0.0349160000000000    0.0023020000000000    6.2425139999999999
Na Mg
3 1
direct
   0.9999800000000000    0.9970840000000000    0.5025140000000000 Na
   0.4992660000000000    0.4974060000000000    0.2638810000000000 Na
   0.5006540000000000    0.4969220000000000    0.7414849999999999 Na
   0.9998780000000000    0.9972120000000000    0.0026170000000000 Mg
EA27    3.219  3.219  3.217 76.69 103.39 76.53 Sym.group:  148
1.0
   3.2168570000000001   -0.0864470000000000    0.0774050000000000
   0.8332060000000000    3.1094210000000002    0.0414280000000000
  -0.7919420000000000    0.9394510000000000    2.9733269999999998
H C
6 2
direct
   0.6609230000000000    0.2896720000000000    0.9750270000000000 H
   0.4603420000000000    0.8968670000000000    0.7846959999999999 H
   0.8525160000000001    0.0875460000000000    0.5825110000000000 H
   0.1014170000000000    0.4451650000000000    0.0330330000000000 H
   0.9101200000000000    0.6475340000000001    0.4255300000000000 H
   0.3023170000000000    0.8379560000000000    0.2233010000000000 H
   0.5603810000000000    0.1887440000000000    0.6830130000000000 C
   0.2021790000000000    0.5461260000000000    0.3249580000000000 C
EA219   2.852  2.982  7.726 90.02 89.83 89.99 Sym.group:  129
1.0
   2.8521420000000002    0.0016230000000000   -0.0367690000000000
  -0.0010410000000000    2.9821219999999999    0.0043180000000000
   0.1220830000000000   -0.0136820000000000    7.7250930000000002
Be Cl
6 2
direct
   0.8723040000000000    0.7484800000000000    0.1366030000000000 Be
   0.8737510000000001    0.2485270000000000    0.9417920000000000 Be
   0.8708350000000000    0.2484660000000000    0.3062960000000000 Be
   0.3708680000000000    0.7484740000000000    0.3103850000000000 Be
   0.3724110000000000    0.2485140000000000    0.1156390000000000 Be
   0.3736830000000000    0.7483900000000000    0.9460270000000000 Be
   0.8708830000000000    0.7456130000000000    0.7453030000000000 Cl
   0.3708740000000000    0.2448870000000000    0.5067150000000000 Cl
EA296   5.245  5.244  5.244 89.99 60.01 119.99 Sym.group:  221
1.0
   5.2449009999999996   -0.0300790000000000    0.0167660000000000
  -2.5950970000000000    4.5570339999999998   -0.0002680000000000
   2.6164529999999999    1.4913190000000001    4.2932790000000001
Mg Si
6 2
direct
   0.0053760000000000    0.2509490000000000    0.2495350000000000 Mg
   0.0026160000000000    0.7492280000000000    0.7506320000000000 Mg
   0.5037660000000000    0.2499260000000000    0.7489000000000000 Mg
   0.5041750000000000    0.7501850000000000    0.2513050000000000 Mg
   0.0027100000000000    0.2493520000000000    0.7507320000000000 Mg
   0.0052910000000000    0.7508250000000000    0.2494090000000000 Mg
   0.5041060000000001    0.2500960000000000    0.2501130000000000 Si
   0.5040510000000000    0.7500590000000000    0.7500760000000000 Si
EA117   3.779  3.778  3.779 89.97 90.06 89.96 Sym.group:  221
1.0
   3.7785720000000000    0.0084540000000000   -0.0104070000000000
  -0.0055080000000000    3.7778160000000001    0.0060110000000000
   0.0067080000000000   -0.0038960000000000    3.7787590000000000
Na Al
3 1
direct
   0.2554780000000000    0.6913629999999999    0.2840360000000000 Na
   0.7544060000000000    0.6911010000000000    0.7840410000000000 Na
   0.7544070000000000    0.1930780000000000    0.2843860000000000 Na
   0.2539810000000000    0.1906760000000000    0.7840560000000000 Al
EA421   2.441  2.441  9.044 97.49 97.70 60.05 Sym.group:  166
1.0
   2.4404210000000002    0.0263450000000000   -0.0126750000000000
   1.1958730000000000    2.1279390000000000   -0.0421010000000000
  -1.1598180000000000   -0.5240660000000000    8.9535909999999994
C F
6 2
direct
   0.0677500000000000    0.7396820000000000    0.6030700000000000 C
   0.2387960000000000    0.8964950000000000    0.1041810000000000 C
   0.4197060000000000    0.0903880000000000    0.6578920000000000 C
   0.8294400000000000    0.4935540000000000    0.8815600000000000 C
   0.4770630000000000    0.1426080000000000    0.8256920000000000 C
   0.8868200000000001    0.5457820000000000    0.0493590000000000 C
   0.2895180000000000    0.9448990000000000    0.2539940000000000 F
   0.0173660000000000    0.6913899999999999    0.4532580000000000 F
EA40    2.420  2.395  7.559 89.91 89.87 90.09 Sym.group:  115
1.0
   2.4092159999999998    0.1641930000000000   -0.1652480000000000
  -0.1727290000000000    2.3868250000000000   -0.0935160000000000
   0.5101800000000000    0.3445160000000000    7.5339460000000003
C B
6 2
direct
   0.6952970000000001    0.4938390000000000    0.3602550000000000 C
   0.6962050000000000    0.9932710000000000    0.9780140000000000 C
   0.1961380000000000    0.9937990000000000    0.6325070000000000 C
   0.6961650000000000    0.4935650000000000    0.8608040000000000 C
   0.1956690000000000    0.9932920000000000    0.0887510000000000 C
   0.1967130000000000    0.4934970000000000    0.7440350000000000 C
   0.6968010000000000    0.9934160000000000    0.4961230000000000 B
   0.1960970000000000    0.4933000000000000    0.2273440000000000 B
EA251   3.525  4.651  3.030 90.03 89.98 100.86 Sym.group:  160
1.0
   3.5222050000000000   -0.1509430000000000   -0.0044320000000000
  -0.6801199999999999    4.6005640000000003    0.0098840000000000
   0.0044280000000000   -0.0072790000000000    3.0296379999999998
Be B
6 2
direct
   0.2774630000000000    0.1126740000000000    0.9903520000000000 Be
   0.7774740000000000    0.6126730000000000    0.4903710000000000 Be
   0.6986550000000000    0.9030899999999999    0.9903490000000000 Be
   0.1986610000000000    0.4030940000000000    0.4903460000000000 Be
   0.1471910000000000    0.6788170000000000    0.9903570000000000 Be
   0.6471900000000000    0.1788140000000000    0.4903450000000000 Be
   0.8720010000000000    0.3174090000000000    0.9904130000000000 B
   0.3720140000000000    0.8174010000000000    0.4904200000000000 B
EA117   3.686  3.819  4.492 115.05 113.77 90.23 Sym.group:  139
1.0
   3.6835429999999998    0.1437160000000000    0.0188630000000000
  -0.1644540000000000    3.8152990000000000   -0.0003170000000000
  -1.7533550000000000   -1.9791099999999999    3.6315640000000000
Na Si
3 1
direct
   0.6949160000000000    0.6942930000000000    0.0041610000000000 Na
   0.4442080000000000    0.9416679999999999    0.4990780000000000 Na
   0.9449760000000000    0.4471550000000000    0.5097550000000000 Na
   0.1948900000000000    0.1945280000000000    0.0045180000000000 Si
EA292   4.792  4.792  4.690 90.00 90.00 60.00 Sym.group:  191
1.0
   4.7919330000000002    0.0011640000000000   -0.0024310000000000
   2.3948969999999998    4.1505530000000004   -0.0012420000000000
   0.0021320000000000    0.0000750000000000    4.6895829999999998
Si Na
6 2
direct
   0.0004400000000000    0.5013780000000000    0.6862680000000000 Si
   0.5004700000000000    0.0010760000000000    0.6868430000000000 Si
   0.5007120000000000    0.5008140000000000    0.6881260000000000 Si
   0.5012130000000000    0.0008690000000000    0.1868420000000000 Si
   0.5007030000000000    0.5007370000000000    0.1881250000000000 Si
   0.0005630000000000    0.5014280000000000    0.1862670000000000 Si
   0.0010560000000000    0.0011960000000000    0.9371720000000000 Na
   0.0009610000000000    0.0011540000000000    0.4371810000000000 Na
EA307   2.812  2.804  6.326 90.00 77.18 60.11 Sym.group:  166
1.0
   1.4198620000000000    2.4268190000000001    0.0097690000000000
  -1.3923970000000001    2.4333499999999999   -0.0076820000000000
   1.3675029999999999    0.8014350000000000    6.1245019999999997
Al C
3 1
direct
   0.4916770000000000    0.8797350000000000    0.9824349999999999 Al
   0.9377890000000000    0.6575450000000000    0.3130020000000000 Al
   0.0444150000000000    0.1039860000000000    0.6518770000000000 Al
   0.4910790000000000    0.3808070000000000    0.4824420000000000 C
EA50    2.325  2.337  5.624 101.95 78.12 119.17 Sym.group:  160
1.0
   1.1538839999999999    2.0183399999999998   -0.0068750000000000
  -2.3369849999999999    0.0238200000000000   -0.0025830000000000
   1.1653640000000001    0.6859080000000000    5.4589270000000001
Be O
3 1
direct
   0.5895020000000000    0.0465390000000000    0.4783490000000000 Be
   0.8375490000000000    0.8004210000000000    0.7570350000000000 Be
   0.3921720000000000    0.2453210000000000    0.0743110000000000 Be
   0.6856810000000000    0.9497940000000000    0.1980460000000000 O
EA107   3.921  3.916  3.942 91.52 88.12 89.70 Sym.group:  167
1.0
   3.9211309999999999    0.0096320000000000    0.0290110000000000
   0.0110440000000000    3.9160710000000001   -0.0256880000000000
   0.1000800000000000   -0.0790570000000000    3.9401850000000000
Be Si
6 2
direct
   0.0579140000000000    0.6891710000000000    0.4310540000000000 Be
   0.3114250000000000    0.4353290000000000    0.9532119999999999 Be
   0.5734570000000000    0.9488100000000000    0.6908540000000000 Be
   0.5494760000000000    0.9296690000000000    0.1909450000000000 Be
   0.0649000000000000    0.1891100000000000    0.4512660000000000 Be
   0.8114830000000000    0.4424430000000000    0.9281880000000000 Be
   0.5614180000000000    0.4392110000000000    0.4407580000000000 Si
   0.0614520000000000    0.9389420000000001    0.9410880000000000 Si
EA250   4.111  4.113  4.100 94.76 94.83 94.63 Sym.group:  148
1.0
   4.1110970000000000    0.0022630000000000   -0.0198340000000000
  -0.3344760000000000    4.0995119999999998   -0.0433880000000000
  -0.3254540000000000   -0.3246420000000000    4.0743809999999998
F P
6 2
direct
   0.5926410000000000    0.1641030000000000    0.2918080000000000 F
   0.4030230000000000    0.8392050000000000    0.7123280000000000 F
   0.2867760000000000    0.5947590000000000    0.1640870000000000 F
   0.7089500000000000    0.4087220000000000    0.8401100000000000 F
   0.8348540000000000    0.7116540000000000    0.4074860000000000 F
   0.1606750000000000    0.2915180000000000    0.5964050000000000 F
   0.2185440000000000    0.2212390000000000    0.2219280000000000 P
   0.7771740000000000    0.7821820000000000    0.7819650000000000 P
EA382   2.412  2.411  5.893 89.97 89.94 60.02 Sym.group:  164
1.0
   2.4118330000000001    0.0019890000000000   -0.0172000000000000
   1.2034060000000000    2.0897450000000002   -0.0063690000000000
   0.0480060000000000   -0.0058650000000000    5.8925070000000002
Li F
3 1
direct
   0.0618530000000000    0.5995910000000000    0.3879580000000000 Li
   0.7306830000000000    0.2640320000000000    0.0707600000000000 Li
   0.3985900000000000    0.9307420000000000    0.7050950000000000 Li
   0.0647430000000000    0.5974680000000000    0.8879160000000000 F
EA43    2.670  2.639  6.865 90.33 89.74 119.52 Sym.group:  164
1.0
   1.4526889999999999   -2.2407970000000001    0.0049070000000000
   1.2194680000000000    2.3401369999999999    0.0040710000000000
  -0.0288820000000000   -0.0410790000000000    6.8647250000000000
Na H
3 1
direct
   0.6943530000000000    0.2231150000000000    0.1750140000000000 Na
   0.3755450000000000    0.5579390000000000    0.8223100000000000 Na
   0.0363030000000000    0.8894339999999999    0.4987130000000000 Na
   0.0347670000000000    0.8907020000000000    0.9986790000000000 H
EA83    3.974  3.974  3.974 109.47 70.53 70.53 Sym.group:  229
1.0
   1.3223830000000001    3.7479019999999998   -0.0005040000000000
  -1.3267840000000000    1.8723420000000000   -3.2447080000000001
  -1.3255159999999999    1.8727529999999999    3.2449590000000001
Si S
3 1
direct
   0.0021250000000000    0.4959550000000000    0.4931330000000000 Si
   0.5021080000000000    0.9959620000000000    0.4931560000000000 Si
   0.5021910000000001    0.4958970000000000    0.9931390000000000 Si
   0.0021730000000000    0.9958590000000000    0.9931750000000000 S
EA309   3.124  3.123 10.959 90.13 89.88 119.64 Sym.group:  164
1.0
   3.1232570000000002   -0.0490040000000000    0.0310040000000000
  -1.5005489999999999    2.7350590000000001   -0.1534920000000000
  -0.0765650000000000    0.5440080000000000   10.9452230000000004
P S
6 2
direct
   0.8142980000000000    0.6039410000000000    0.1301040000000000 P
   0.4848110000000000    0.9354160000000000    0.7235210000000000 P
   0.4836550000000000    0.9358160000000000    0.3694230000000000 P
   0.1534270000000000    0.2671320000000000    0.6094700000000000 P
   0.8153049999999999    0.6045280000000000    0.4840730000000000 P
   0.1459080000000000    0.2727800000000000    0.2441500000000000 P
   0.4751320000000000    0.9430220000000000    0.0120100000000000 S
   0.8236200000000000    0.5962760000000000    0.8416050000000000 S
EA251   4.123  4.120  4.126 72.33 72.07 107.65 Sym.group:  148
1.0
   4.1228980000000002    0.0184750000000000   -0.0250150000000000
  -1.2669349999999999    3.9199069999999998   -0.0313240000000000
   1.2831450000000000    1.7590380000000001    3.5041810000000000
F C
6 2
direct
   0.8869130000000000    0.0738220000000000    0.4183890000000000 F
   0.0747610000000000    0.7042720000000000    0.2349820000000000 F
   0.1652560000000000    0.5355650000000000    0.7581180000000000 F
   0.5344510000000000    0.3640480000000000    0.9563250000000000 F
   0.3642830000000000    0.1660900000000000    0.5863770000000000 F
   0.7053530000000000    0.8874020000000000    0.0481200000000000 F
   0.7894660000000000    0.7890900000000000    0.3331630000000000 C
   0.4542910000000000    0.4547000000000000    0.6674900000000000 C
EA107   4.643  4.643  4.599 90.04 89.99 60.00 Sym.group:  191
1.0
   2.3216230000000002    4.0206679999999997   -0.0014180000000000
  -2.3211919999999999    4.0209050000000000    0.0060600000000000
   0.0109400000000000   -0.0039540000000000    4.5993810000000002
Si Li
6 2
direct
   0.5024630000000000    0.4977590000000000    0.2502180000000000 Si
   0.5019000000000000    0.9971460000000000    0.7511510000000000 Si
   0.0024770000000000    0.4977390000000000    0.2500210000000000 Si
   0.5023300000000001    0.4969330000000000    0.7502180000000001 Si
   0.5025539999999999    0.9977360000000000    0.2511640000000000 Si
   0.0021060000000000    0.4971010000000000    0.7500240000000000 Si
   0.0020040000000000    0.9970880000000000    0.0005670000000000 Li
   0.0028110000000000    0.9967800000000000    0.5005520000000000 Li
EA19    5.190  5.189  5.190 119.97 60.04 89.95 Sym.group:  221
1.0
   5.1893539999999998   -0.0423180000000000   -0.0031950000000000
   0.0471190000000000    5.1891299999999996   -0.0029890000000000
   2.5733250000000001   -2.6140300000000001    3.6718590000000000
Mg P
6 2
direct
   0.9984520000000000    0.3714420000000000    0.4981880000000000 Mg
   0.5000090000000000    0.3734500000000000    0.4949120000000000 Mg
   0.4991900000000000    0.8721160000000000    0.9970240000000000 Mg
   0.0022810000000000    0.3732850000000000    0.9971470000000000 Mg
   0.0014490000000000    0.8719430000000000    0.4991510000000000 Mg
   0.5029770000000000    0.8740580000000000    0.4960820000000000 Mg
   0.0007020000000000    0.8727680000000000    0.9971210000000000 P
   0.5007670000000000    0.3727000000000000    0.9970230000000000 P
EA117   5.139  4.753  4.750 119.96 62.48 117.53 Sym.group:  155
1.0
   2.9475129999999998   -2.3496320000000002    3.4931109999999999
  -0.0164260000000000    4.7534140000000003   -0.0210150000000000
  -2.1922530000000000   -2.3643489999999998    3.4881959999999999
Mg H
6 2
direct
   0.2129970000000000    0.2512070000000000    0.6587990000000000 Mg
   0.7132400000000000    0.7405920000000000    0.8167900000000000 Mg
   0.2133730000000000    0.9131110000000000    0.9896620000000000 Mg
   0.2129670000000000    0.5820800000000000    0.3281720000000000 Mg
   0.7131250000000000    0.4238000000000000    0.1581220000000000 Mg
   0.7129860000000000    0.0820470000000000    0.4996440000000000 Mg
   0.4733820000000000    0.0019890000000000    0.2381270000000000 H
   0.9527960000000000    0.1623410000000000    0.0784630000000000 H
EA49    3.429  3.428  5.892 73.75 106.55 89.69 Sym.group:  139
1.0
   3.4286680000000000   -0.0290100000000000   -0.0190210000000000
   0.0478230000000000    3.4277579999999999    0.0508410000000000
  -1.6349940000000001    1.5913090000000001    5.4320709999999996
F Si
6 2
direct
   0.4572150000000000    0.9223990000000000    0.1505830000000000 F
   0.9617780000000000    0.4160390000000000    0.1563520000000000 F
   0.6030219999999999    0.2810480000000000    0.4418350000000000 F
   0.1003910000000000    0.7761920000000000    0.4417150000000000 F
   0.8159900000000000    0.0573970000000000    0.8651460000000000 F
   0.3186350000000000    0.5622070000000000    0.8652590000000000 F
   0.1057130000000000    0.2734180000000000    0.4472950000000000 Si
   0.3133020000000000    0.0649530000000000    0.8597010000000000 Si
EA292   2.654  2.654 12.853 89.94 90.06 119.86 Sym.group:  156
1.0
   2.6538870000000001   -0.0039880000000000   -0.0003320000000000
  -1.3182430000000001    2.3039190000000001    0.0007140000000000
  -0.0114130000000000    0.0060260000000000   12.8530219999999993
Al N
6 2
direct
   0.6922670000000000    0.9954850000000000    0.0743650000000000 Al
   0.0259770000000000    0.6618110000000000    0.2370320000000000 Al
   0.3578690000000000    0.3301290000000000    0.9147459999999999 Al
   0.0230070000000000    0.6655310000000000    0.5597690000000000 Al
   0.6902600000000000    0.9982200000000000    0.3998910000000000 Al
   0.6903140000000000    0.9979710000000001    0.7372530000000000 Al
   0.3565520000000000    0.3318960000000000    0.6494120000000000 N
   0.0241480000000000    0.6639630000000000    0.8252020000000000 N
EA22    3.717  3.716  3.722 60.10 119.90 89.94 Sym.group:  225
1.0
   3.7168899999999998   -0.0019600000000000    0.0024240000000000
   0.0059910000000000    3.7157220000000000   -0.0021250000000000
  -1.8562719999999999    1.8596320000000000    2.6358690000000000
Na N
3 1
direct
   0.2515260000000000    0.2506690000000000    0.5003290000000000 Na
   0.7520360000000000    0.7506070000000000    0.5006850000000000 Na
   0.0016780000000000    0.0007130000000000    0.0001440000000000 Na
   0.5018600000000000    0.5006720000000000    0.0005370000000000 N
EA301   2.469  2.469  5.438 90.03 89.21 119.99 Sym.group:  187
1.0
   1.2351710000000000   -2.1378849999999998    0.0008290000000000
   1.2343860000000000    2.1382580000000000   -0.0010090000000000
   0.0731500000000000   -0.0424050000000000    5.4378320000000002
N B
3 1
direct
   0.2811560000000000    0.7461880000000000    0.0963260000000000 N
   0.6069750000000000    0.4074460000000000    0.4953130000000000 N
   0.2643370000000000    0.7404430000000000    0.8958500000000000 N
   0.9403899999999999    0.0740740000000000    0.4952310000000000 B
EA461   2.370  2.378  6.254 79.25 79.25 60.29 Sym.group:  160
1.0
   1.1861610000000000   -2.0519140000000000   -0.0014570000000000
   2.3775270000000002    0.0131660000000000   -0.0111830000000000
   1.1990989999999999   -0.6582090000000000    6.1025679999999998
Li F
3 1
direct
   0.1620430000000000    0.8175460000000000    0.6258640000000000 Li
   0.9183680000000000    0.5940960000000000    0.3065120000000000 Li
   0.3761920000000000    0.0294630000000000    0.9845739999999999 Li
   0.7694970000000000    0.4235700000000000    0.8048020000000000 F
EA305   2.664  2.663  8.355 89.97 89.97 60.01 Sym.group:  164
1.0
   2.6639260000000000   -0.0003200000000000   -0.0025270000000000
   1.3312330000000001    2.3064499999999999   -0.0011720000000000
   0.0115810000000000    0.0030820000000000    8.3544920000000005
B F
6 2
direct
   0.2007370000000000    0.1660160000000000    0.7932810000000000 B
   0.8692550000000000    0.8322900000000000    0.6801440000000000 B
   0.2030480000000000    0.1658360000000000    0.5904550000000000 B
   0.8668600000000000    0.8327020000000001    0.8829669999999999 B
   0.8697210000000000    0.8331060000000000    0.4905710000000000 B
   0.2000360000000000    0.1658390000000000    0.9828360000000000 B
   0.2019460000000000    0.1654020000000000    0.1383110000000000 F
   0.8680330000000001    0.8331760000000000    0.3351170000000000 F
EA305   2.731  2.746  6.898 79.26 90.01 60.19 Sym.group:  166
1.0
   2.7307470000000000    0.0006470000000000   -0.0013580000000000
   1.3647330000000000    2.3830870000000002    0.0030340000000000
   0.0015410000000000    1.4716430000000000    6.7390220000000003
Mg O
3 1
direct
   0.0538140000000000    0.5506210000000000    0.8638790000000000 Mg
   0.6079850000000000    0.4389080000000000    0.5101290000000001 Mg
   0.8359730000000000    0.0019350000000000    0.1869850000000000 Mg
   0.3308240000000000    0.9943630000000000    0.6869330000000000 O
EA255   4.468  4.468  2.491 90.05 90.03 89.99 Sym.group:  123
1.0
   4.4678649999999998   -0.0009370000000000    0.0023130000000000
   0.0013610000000000    4.4678690000000003    0.0049230000000000
  -0.0024130000000000   -0.0049830000000000    2.4912660000000000
Al S
3 1
direct
   0.0421480000000000    0.6911100000000000    0.5145990000000000 Al
   0.0355200000000000    0.1913820000000000    0.0128100000000000 Al
   0.5423990000000000    0.6843800000000000    0.0160920000000000 Al
   0.5358320000000000    0.1846910000000000    0.0132800000000000 S
EA116   4.096  4.095  4.099 60.09 60.09 90.09 Sym.group:  225
1.0
   4.0959519999999996    0.0070610000000000   -0.0055870000000000
  -0.0135790000000000    4.0946309999999997    0.0019490000000000
   2.0443020000000001    2.0494849999999998    2.9018890000000002
Na P
3 1
direct
   0.7443610000000001    0.6901700000000000    0.0603990000000000 Na
   0.2448690000000000    0.1903020000000000    0.0600230000000000 Na
   0.4945900000000000    0.9402199999999999    0.5602090000000000 Na
   0.9946650000000000    0.4402530000000000    0.5601770000000000 P
EA10    5.183  5.181  3.339 90.00 90.00 60.60 Sym.group:  176
1.0
   5.1810440000000000    0.1465580000000000    0.0015340000000000
   2.4146570000000001    4.5836880000000004   -0.0019450000000000
  -0.0009210000000000    0.0018450000000000    3.3391280000000001
Na O
6 2
direct
   0.1099990000000000    0.7430430000000000    0.2488900000000000 Na
   0.0084090000000000    0.4756650000000000    0.7489700000000000 Na
   0.4758600000000000    0.6429760000000000    0.7490860000000000 Na
   0.7467190000000000    0.2745400000000000    0.2491110000000000 Na
   0.6459410000000000    0.0068380000000000    0.7491600000000000 Na
   0.2795080000000000    0.1076340000000000    0.2489400000000000 Na
   0.7098780000000000    0.7095900000000001    0.2491000000000000 O
   0.0455230000000000    0.0408160000000000    0.7489410000000000 O
EA198   3.656  3.657  3.458 90.00 90.00 90.00 Sym.group:  123
1.0
   3.6553079999999998    0.0008300000000000   -0.0552610000000000
  -0.0007190000000000    3.6573180000000001    0.0090670000000000
   0.0522590000000000   -0.0086020000000000    3.4578419999999999
Al Si
3 1
direct
   0.3193290000000000    0.4019020000000000    0.8863200000000000 Al
   0.8192900000000000    0.4020560000000000    0.3863060000000000 Al
   0.3192610000000000    0.9019900000000000    0.3863200000000000 Al
   0.8193150000000000    0.9017750000000000    0.8863060000000000 Si
EA1     2.916  2.915  7.106 89.98 90.02 119.98 Sym.group:  164
1.0
   1.4623340000000000   -2.5226600000000001    0.0014090000000000
   1.4541970000000000    2.5268380000000001   -0.0016330000000000
   0.0004350000000000    0.0075920000000000    7.1064179999999997
Li O
6 2
direct
   0.6699640000000000    0.9604210000000000    0.1676180000000000 Li
   0.0035520000000000    0.6270070000000000    0.0086470000000000 Li
   0.3364680000000000    0.2936960000000000    0.8397130000000000 Li
   0.3359180000000000    0.2939730000000000    0.3415060000000000 Li
   0.6691660000000000    0.9605629999999999    0.6694080000000000 Li
   0.0022710000000000    0.6273800000000000    0.5005140000000000 Li
   0.6700790000000000    0.9603640000000000    0.9220110000000000 O
   0.3356900000000000    0.2939890000000000    0.5870980000000000 O
EA163   3.598  3.598  6.216 106.77 106.77 60.09 Sym.group:  225
1.0
   3.5982870000000000   -0.0027330000000000    0.0006900000000000
   1.7967310000000001    3.1173790000000001   -0.0156590000000000
  -1.7952450000000000   -1.0057640000000001    5.8656170000000003
Li P
6 2
direct
   0.9406740000000000    0.5619459999999999    0.5638590000000000 Li
   0.5654480000000000    0.1868380000000000    0.4383540000000000 Li
   0.4406010000000000    0.0618760000000000    0.0637170000000000 Li
   0.8158360000000000    0.4372040000000000    0.1892540000000000 Li
   0.0654270000000000    0.6867560000000000    0.9384520000000000 Li
   0.3157530000000000    0.9371200000000000    0.6891530000000000 Li
   0.1906520000000000    0.8120450000000000    0.3138150000000000 P
   0.6905900000000000    0.3119320000000000    0.8138010000000000 P
EA254   2.471  2.471  5.583 89.28 102.37 119.99 Sym.group:  160
1.0
   1.2360730000000000   -2.1391040000000001   -0.0090480000000000
   1.2349990000000000    2.1398999999999999    0.0389070000000000
  -1.1906630000000000    0.6701080000000000    5.4133909999999998
N B
3 1
direct
   0.9624840000000000    0.7294530000000000    0.1376970000000000 N
   0.8176220000000000    0.6524350000000000    0.9360940000000000 N
   0.8849620000000000    0.1853900000000000    0.5310340000000000 N
   0.5558930000000000    0.5205830000000000    0.5381350000000000 B
EA18    3.248  3.248  3.339 61.02 61.03 89.82 Sym.group:  139
1.0
   3.2480790000000002    0.0045190000000000   -0.0058990000000000
   0.0058190000000000    3.2482050000000000   -0.0068860000000000
   1.6198720000000000    1.6200829999999999    2.4296650000000000
Be Li
3 1
direct
   0.9642360000000000    0.4716470000000000    0.0702960000000000 Be
   0.4635920000000000    0.9720680000000000    0.0704490000000000 Be
   0.7139160000000000    0.7218610000000000    0.5703680000000000 Be
   0.2139200000000000    0.2218540000000000    0.5703730000000000 Li
