NUMBER OF TEMPLATES 33
COMPOSITION A 4 B
pairs , SPACEGROUPS 
[Mg Si] , 87 
[F C] , 121 
[Cl C] , 121 
[H C] , 160 
[Na N] , 97 
[Be H] , 87 
[C F] , 166 
[Li H] , 156 
[Al Cl] , 129 
[P H] , 123 
[Mg Al] , 87 
[Al Be] , 139 
[Mg C] , 221 
[F Si] , 137 
[Na H] , 221 
[C B] , 166 
[P Si] , 129 
[Li Al] , 87 
[Be C] , 129 
[O B] , 119 
[Li Si] , 166 
[Na C] , 87 
[Mg S] , 87 
[S Mg] , 140 
[C Na] , 191 
[Mg N] , 123 
[Li Na] , 87 
[Li N] , 166 
[Na B] , 87 
[Na Cl] , 139 
[P Mg] , 83 
[Be Al] , 139 
[Si Mg] , 123 
RANKING VECTORS ENTHALPIES
0:[-1310.56527407 -1310.56526182 -1310.56240239 -1310.55785626 -1310.55674908 -1310.5550338  -1310.54718472 -1310.53829722 -1310.53182088 -1310.51611457 -1310.51083249 -1310.4979414 -1310.49759968 -1310.44375358 -1310.42394659 -1310.39675407 -1310.24293686 -1310.19513612 -1310.1775764  -1310.11310071 -1310.11278622 -1310.11126913 -1310.08797123 -1310.03147534 -1310.02378325 -1309.77273847 -1309.73597497 -1309.72019819 -1309.61798778 -1309.50580897 -1309.33834956 -1309.33460004 -1308.74367626] 
1:[-566.58976946 -566.58601242 -566.58544613 -566.33102577 -565.53041348 -565.38073974 -565.19518868 -565.1573388  -565.09960577 -565.09358568 -564.97802259 -564.93492298 -564.65978248 -564.60026413 -564.43621917 -564.43307316 -564.35909995 -564.35905144 -564.32837205 -564.32796 -564.29701086 -564.22881722 -564.21095851 -564.19707205 -564.17712352 -564.08699742 -564.07711575 -563.81916696 -563.75627911 -563.73388283 -563.5792354  -563.57193845 -563.26342748] 
2:[-384.8165077  -384.81570725 -384.7962977  -384.46559129 -384.40886257 -384.29255991 -384.27971989 -384.08299884 -384.06909129 -384.06648485 -384.05811128 -384.0503878  -383.9484091  -383.91547625 -383.88496326 -383.88086051 -383.88080848 -383.87929941 -383.87880128 -383.87573602 -383.82637351 -383.81368108 -383.6686625  -383.63413196 -383.59452665 -383.58409327 -383.55936584 -383.51047585 -383.50344039 -383.41859478 -383.37493987 -383.06374165 -382.55950389] 
3:[-44.19116502 -44.1864223  -44.16973507 -44.13806608 -43.96414466 -43.7758369  -43.62183992 -43.61486049 -43.61236536 -43.61157759 -43.55644485 -43.50455201 -43.47310796 -43.4723488  -43.46971947 -43.45643344 -43.42394551 -43.35801314 -43.32588821 -43.26767366 -43.24973371 -43.23346529 -43.20390161 -43.14899179 -43.14507312 -43.01506365 -42.99837663 -42.98174939 -42.96124802 -42.90686344 -42.90166559 -42.74008467 -42.55392812] 
4:[-1046.68240888 -1046.60987698 -1046.60905766 -1046.60873131 -1046.60846183 -1046.60840975 -1046.60824957 -1046.60652727 -1046.58080993 -1046.57905303 -1046.52899445 -1046.39231536 -1046.39025781 -1046.38974741 -1046.3884005  -1046.37366614 -1046.36852192 -1046.36687679 -1046.35738231 -1046.31958464 -1046.30592344 -1046.29503481 -1046.29033158 -1046.25131071 -1046.00646279 -1046.00599706 -1045.86339149 -1045.86332615 -1045.77200724 -1045.72975959 -1045.64212827 -1045.49448793 -1045.34614311] 
5:[-304.74463961 -304.63860557 -304.61973673 -304.57427755 -304.55920627 -304.55580954 -304.55506699 -304.5547588  -304.55029671 -304.54999222 -304.54757612 -304.54245863 -304.53698166 -304.509735   -304.50313509 -304.49734594 -304.49602515 -304.46885042 -304.46808703 -304.45857088 -304.43603105 -304.38285267 -304.33416236 -304.32860795 -304.29769515 -304.26671397 -304.24996308 -304.23895791 -304.21154358 -303.96640816 -303.83569403 -303.65654177 -303.53578195] 
6:[-262.89293626 -262.57058389 -262.41838898 -262.32343141 -261.84485239 -261.79864848 -261.38871229 -261.35918193 -261.1353392  -261.12339099 -261.09884243 -261.09578183 -261.09494252 -260.9474721  -260.73273559 -260.66543198 -260.6072649  -260.5644777  -260.5138532  -260.46862789 -260.4249899  -260.39724975 -260.37028735 -260.36969538 -260.33593492 -260.18820896 -259.96506232 -259.90077858 -259.76859246 -259.70571319 -258.99383271 -257.51166595 -257.50512565] 
7:[-157.195806   -157.19471829 -157.19387246 -157.1936821  -157.18619761 -157.17469983 -157.17395099 -157.17085292 -157.16696552 -157.16450336 -157.16303067 -157.15509016 -157.14434274 -157.14308549 -157.1378645 -157.13015997 -157.12083589 -157.11849975 -157.10877469 -157.07484635 -157.0613029  -157.01176602 -157.01024877 -157.00812883 -156.99415952 -156.99259521 -156.96337362 -156.95845665 -156.94117877 -156.89275215 -156.66096525 -156.62748047 -156.44142569] 
8:[-135.34987041 -135.29218754 -135.25024714 -135.23491733 -135.23039232 -135.07138735 -135.07112492 -135.04791838 -135.01817393 -135.01808791 -135.01127549 -135.00836194 -135.00776831 -134.98527705 -134.98159303 -134.94799175 -134.89454805 -134.86995269 -134.7685397  -134.76696642 -134.67853094 -134.64223993 -134.6308718  -134.62077773 -134.61983906 -134.5453682  -134.47156902 -134.45005559 -134.3319288  -134.29802787 -133.98776979 -133.78131913 -133.77778549] 
9:[-150.42770343 -150.23229304 -150.10283721 -150.10247082 -150.08146779 -150.0804762  -150.07551613 -150.07330376 -150.06493562 -150.06001729 -150.04210002 -150.03537937 -149.98214097 -149.98011268 -149.9607388 -149.92750907 -149.90860644 -149.89969567 -149.86706003 -149.86502574 -149.85967725 -149.85951352 -149.82825465 -149.80949824 -149.7944094 -149.78267367 -149.7816302  -149.78111151 -149.74231536 -149.73855082 -149.62466212 -149.61291253 -149.31836587] 
10:[-1300.01953449 -1300.01868645 -1300.01629844 -1300.00912348 -1300.0091123  -1300.00656851 -1300.00421344 -1299.99241481 -1299.99024468 -1299.98921511 -1299.98320191 -1299.98192899 -1299.9804019  -1299.94314244 -1299.77971217 -1299.6529077 -1299.6099536  -1299.60533249 -1299.57564321 -1299.52611593 -1299.46075642 -1299.45125451 -1299.44756632 -1299.32355235 -1299.3029338  -1299.1955196  -1299.08841862 -1299.07494935 -1298.59880466 -1298.59803188 -1298.54304997 -1298.21670805 -1297.88865766] 
11:[-122.44479421 -122.41052848 -122.35898412 -122.31616897 -122.29474255 -122.28454303 -122.28441422 -122.28170513 -122.27544454 -122.27160423 -122.26555327 -122.23517009 -122.21632153 -122.20230108 -122.17843578 -122.16282467 -121.99855477 -121.9799377  -121.97792664 -121.93944882 -121.91518294 -121.89420152 -121.80199663 -121.79507059 -121.79293307 -121.7759939  -121.68908023 -121.66827155 -121.5637438  -121.50015152 -121.39283843 -121.20937043 -121.10347652] 
12:[-1320.70808478 -1320.5685178  -1320.49690465 -1320.46074021 -1320.45507243 -1320.45196845 -1320.44941595 -1320.44912907 -1320.44725661 -1320.44655496 -1320.44639352 -1320.4462699 -1320.44563062 -1320.44542026 -1320.44262605 -1320.43594334 -1320.43254307 -1320.42353301 -1320.40008654 -1320.39274732 -1320.38926809 -1320.36428936 -1320.34802054 -1320.28986122 -1320.23481755 -1320.19021145 -1320.16918257 -1319.8066037 -1319.37283264 -1319.28441014 -1319.21715122 -1319.09252763 -1319.05643452] 
13:[-557.75967959 -557.63832294 -557.63765163 -557.60452519 -557.49524935 -557.3550083  -557.3534492  -557.35343875 -557.30020338 -557.28863403 -557.28543718 -557.27892969 -557.09369466 -557.05176376 -557.01565004 -557.00729507 -556.99745812 -556.92739888 -556.8942567  -556.81397057 -556.77549915 -556.24685516 -556.18933141 -556.13075445 -555.97152444 -555.3834131  -555.36153372 -555.33259164 -555.17826683 -555.07541583 -555.03863872 -555.01954351 -554.99318596] 
14:[-993.25567551 -993.22309455 -993.22298716 -993.22003073 -993.22001018 -993.21963858 -993.21908309 -993.18294043 -993.18014151 -993.1761057 -993.17561099 -993.1728794  -993.16799812 -993.1586603  -993.1289285 -993.12726132 -993.1218471  -993.12148053 -993.07876329 -993.07357983 -993.05709622 -993.01122769 -993.00807285 -992.99918254 -992.99199082 -992.97301844 -992.96158159 -992.95595012 -992.65446881 -992.60271701 -992.50545068 -992.49449252 -992.32931435] 
15:[-145.00817193 -144.48770025 -144.3832353  -144.27906592 -143.90621589 -143.6871653  -143.60402307 -143.59306883 -143.591899   -143.56858056 -143.56771865 -143.44427257 -143.31183569 -143.2957323  -143.1658542 -143.07519565 -143.02534031 -142.96436224 -142.94925944 -142.92993377 -142.87406533 -142.72267832 -142.64386998 -142.61474963 -142.59576779 -142.47910363 -142.44218651 -142.43922313 -142.34648168 -142.32862613 -142.32148817 -141.54838497 -141.54770367] 
16:[-169.58576487 -169.58134167 -169.50790257 -169.43555606 -169.41021717 -169.35268886 -169.3464655  -169.33471609 -169.32911586 -169.32076369 -169.31942616 -169.28718981 -169.28488328 -169.27860829 -169.23473676 -169.22566311 -169.20713793 -169.19974506 -169.1995309  -169.1993902 -169.19702088 -169.16753467 -169.12904781 -169.12600618 -169.11230082 -169.11106662 -169.10947864 -169.00225409 -168.99147193 -168.96880154 -168.7832519  -168.10864015 -168.10364131] 
17:[-165.92225777 -165.90497052 -165.90494831 -165.89896047 -165.89792006 -165.89736696 -165.89677062 -165.89250986 -165.86681676 -165.86663053 -165.85226843 -165.84507907 -165.83144978 -165.81595151 -165.77048037 -165.72476831 -165.69279803 -165.68994384 -165.68336176 -165.63484297 -165.54585045 -165.46655566 -165.44386946 -165.44009536 -165.42373208 -165.40665516 -165.37050561 -165.36877147 -165.36056581 -165.2273524 -165.06767214 -164.48826352 -164.48194763] 
18:[-334.33467871 -334.19810803 -334.02550195 -334.02054356 -334.01449465 -333.94431496 -333.93726008 -333.81090603 -333.80682442 -333.75771432 -333.75756141 -333.75752346 -333.75624681 -333.75439337 -333.75346221 -333.72726473 -333.70754241 -333.68345845 -333.6744082  -333.65055623 -333.64771603 -333.60145996 -333.57994042 -333.5791375  -333.41476898 -333.41162376 -333.37193891 -333.35580497 -333.35373759 -333.3503845 -333.12341853 -332.99436209 -332.68420755] 
19:[-372.53879588 -371.80225671 -371.79750126 -371.79083716 -371.7709348 -371.71592432 -371.67686396 -371.66564505 -371.60981038 -371.57081406 -371.55686951 -371.55013331 -371.54090331 -371.53135915 -371.52093414 -371.48589459 -371.4109369  -371.40811296 -371.38092166 -371.36786213 -371.36726622 -371.31200971 -371.22162736 -371.16364234 -371.0608716 -371.03814958 -370.91200618 -370.87147171 -370.69936709 -370.65753548 -370.63934381 -370.60570485 -369.76498202] 
20:[-176.71434272 -176.71334964 -176.7128306  -176.71177721 -176.71102541 -176.70869927 -176.70868414 -176.69085821 -176.60784124 -176.60721138 -176.596634   -176.45019126 -176.42765788 -176.42135704 -176.39836783 -176.37200708 -176.3704908  -176.23776186 -176.22202442 -176.18614827 -176.16840416 -176.16462942 -176.08201195 -176.06977935 -176.04228255 -176.03561737 -175.99087987 -175.94020926 -175.93639072 -175.84341065 -175.6121051  -175.30087694 -175.29477118] 
21:[-1022.4460624  -1022.44578756 -1022.44282462 -1022.44278329 -1022.44127193 -1022.44089564 -1022.43609525 -1022.43006106 -1022.42111213 -1022.31743203 -1022.24643581 -1022.14214065 -1022.14115794 -1022.11811536 -1022.09988438 -1022.08702796 -1022.00644149 -1021.99778611 -1021.98468449 -1021.98374989 -1021.9573778  -1021.93752365 -1021.89523567 -1021.88769829 -1021.70130924 -1021.59635521 -1021.57510778 -1021.57305281 -1021.54716498 -1021.54128302 -1021.46922255 -1021.3733211 -1021.21901015] 
22:[-1347.93942212 -1347.9392749  -1347.91827493 -1347.85281303 -1347.85263334 -1347.85263272 -1347.85063987 -1347.84772065 -1347.71096136 -1347.66698724 -1347.66457065 -1347.64976675 -1347.64671896 -1347.6459119  -1347.62487523 -1347.60623983 -1347.57637878 -1347.49422176 -1347.41822861 -1347.3916001 -1347.30642856 -1347.30045467 -1347.2680084  -1347.26172128 -1347.18474484 -1347.08216679 -1347.07458922 -1347.01354178 -1346.92656474 -1346.74185566 -1346.71774509 -1345.73114153 -1345.33421529] 
23:[-558.85494222 -558.84321417 -558.77238656 -558.67310513 -558.66116819 -558.65082822 -558.62300925 -558.61763192 -558.60551594 -558.60249867 -558.59118709 -558.58289047 -558.58145613 -558.57217972 -558.56778257 -558.55158827 -558.54359438 -558.54251514 -558.53649243 -558.5359466 -558.53437457 -558.39074298 -558.36728876 -558.3556502  -558.3411589 -558.32252256 -558.3215557  -558.22539854 -558.10780366 -558.0422532 -557.38499364 -557.384467   -557.10774103] 
24:[-377.10364681 -376.97338929 -376.74909434 -376.65057181 -376.61994779 -376.12185724 -376.02712926 -376.02595196 -375.91562661 -375.90788973 -375.9009288  -375.79513771 -375.67446758 -375.59252014 -375.56812792 -375.54693741 -375.38695926 -375.35080638 -375.33312082 -375.13699785 -375.09005454 -375.07205332 -374.93963216 -374.85200865 -374.85198011 -374.65866826 -374.36580369 -374.32899631 -374.03278079 -373.90870836 -373.3078801  -371.16210451 -371.15944968] 
25:[-1344.87047071 -1344.86098922 -1344.78494686 -1344.78045768 -1344.77823621 -1344.74439853 -1344.74318203 -1344.68301241 -1344.64749053 -1344.64226948 -1344.62967458 -1344.62920278 -1344.62918712 -1344.62918593 -1344.6287537  -1344.62870233 -1344.61401643 -1344.59700704 -1344.54763613 -1344.51746636 -1344.46027764 -1344.39315465 -1344.38632556 -1344.36354805 -1344.27616732 -1344.22639063 -1344.21491021 -1343.66543812 -1343.52734476 -1343.35845253 -1343.14557971 -1343.08820904 -1342.94041197] 
26:[-401.3411571  -401.32498487 -401.31433851 -401.31205462 -401.31149468 -401.29785252 -401.29692021 -401.29216722 -401.28745564 -401.25954783 -401.25614727 -401.2514738  -401.25001611 -401.2492058  -401.24844401 -401.24799547 -401.24502139 -401.23867229 -401.23859502 -401.22495742 -401.21386082 -401.19895724 -401.16511867 -401.1490778  -401.13646654 -401.12254651 -401.06766774 -401.04872245 -401.0252634  -401.01679309 -400.82556934 -400.68911797 -400.68108403] 
27:[-210.99710049 -210.85689586 -210.81661711 -210.81640256 -210.8162289 -210.81357295 -210.81356392 -210.78657663 -210.77858573 -210.74811045 -210.69900081 -210.67924856 -210.67442691 -210.67134131 -210.67063615 -210.66985346 -210.65767822 -210.53547346 -210.50447847 -210.4772534 -210.46913412 -210.45512682 -210.43150741 -210.42047672 -210.4170574 -210.40715893 -210.05404986 -209.93170381 -209.91037578 -209.76345514 -209.66206495 -209.50568154 -209.50148487] 
28:[-1005.51754321 -1005.49033994 -1005.49003716 -1005.4859544 -1005.48575769 -1005.48506127 -1005.4832851  -1005.47141453 -1005.46126358 -1005.3901925  -1005.34298476 -1005.26343112 -1005.26092767 -1005.24015969 -1005.21829064 -1005.11113076 -1005.1109264  -1005.10717037 -1005.05970642 -1005.05350206 -1005.04297873 -1005.02653982 -1005.02486926 -1005.01062699 -1005.00725183 -1004.98246698 -1004.97783153 -1004.89966289 -1004.8661068  -1004.70684393 -1004.67671929 -1004.57184182 -1004.56689344] 
29:[-1079.12502251 -1079.12086659 -1079.06783268 -1079.00119024 -1078.98367667 -1078.98366979 -1078.98363865 -1078.98120095 -1078.92217441 -1078.90393133 -1078.89380289 -1078.8937603 -1078.88616604 -1078.8826863  -1078.88011984 -1078.83865655 -1078.83535729 -1078.82187417 -1078.74600223 -1078.74426341 -1078.71247753 -1078.70074978 -1078.69627334 -1078.6778056 -1078.59619467 -1078.56349211 -1078.55670268 -1078.55179902 -1078.52468671 -1078.46849784 -1078.23397033 -1078.19978305 -1078.19524564] 
30:[-469.57124978 -469.57035352 -469.50374463 -469.42255415 -469.41642278 -469.3786607  -469.37402632 -469.37333724 -469.35522566 -469.35521419 -469.35084595 -469.34175989 -469.32538915 -469.32254515 -469.31225123 -469.30837471 -469.29942465 -469.29871737 -469.29742764 -469.2881125 -469.24965055 -469.24502493 -469.22756543 -469.22170712 -469.1690987 -469.0288625  -469.02731823 -468.96232585 -468.87193138 -468.7164898 -468.29197515 -467.37669609 -467.3752121 ] 
31:[-313.56195835 -313.53183756 -313.34037811 -313.3255162  -313.32354151 -313.30799867 -313.30469679 -313.28482132 -313.27696767 -313.27375255 -313.25569263 -313.24113551 -313.2339848  -313.2236462  -313.2158442 -313.21462946 -313.21442214 -313.21316708 -313.20147425 -312.93009695 -312.86097519 -312.85858376 -312.66615055 -312.60690641 -312.57478849 -312.54744514 -312.47972062 -312.47678188 -312.44273674 -311.99397927 -311.976482   -311.14055338 -311.14053726] 
32:[-410.75089621 -410.75084882 -410.74537498 -410.73584967 -410.73499674 -410.73162823 -410.73041584 -410.72680359 -410.69049668 -410.68577533 -410.68326532 -410.66087076 -410.65569032 -410.63821416 -410.63457847 -410.63188994 -410.59694126 -410.59155846 -410.58346236 -410.55597105 -410.52997054 -410.49623747 -410.41789684 -410.38891098 -410.34973948 -410.24273517 -410.10565187 -409.9995484  -409.91788777 -409.6624088 -409.16124189 -408.47664983 -408.47625116] 
RANKING VECTORS IDX
0:[21. 28. 26.  5.  0. 10. 27. 17. 22. 20. 11. 29. 16.  8. 31.  7. 18.  4. 13.  3.  1.  2. 19. 23. 30. 32. 25. 24.  9.  6. 12. 14. 15.] 
1:[13.  2.  1.  3. 21.  5. 20. 27. 28. 25. 15. 31. 14. 12. 16. 23.  0. 26. 17.  8.  4. 22.  9.  6. 30. 10. 18.  7. 32. 29. 19. 11. 24.] 
2:[ 2.  1. 13.  3.  6.  8. 15. 16. 27. 20. 14.  5. 12.  7.  0. 10. 17. 28. 21. 25. 31. 19.  9. 26.  4. 29. 18. 22. 23. 11. 30. 32. 24.] 
3:[ 1.  2.  3. 13.  6. 15. 26. 21. 10.  0.  4. 28.  8.  9.  5. 17. 31. 20.  7. 16. 19. 27. 25. 12. 14. 11. 18. 29. 23. 24. 22. 30. 32.] 
4:[27. 22.  0. 21.  5. 28. 17. 10. 20. 26.  7.  1. 18.  2.  4. 23. 15. 29.  6. 24. 31. 13.  3. 30. 12. 14. 25. 16.  8. 32. 19. 11.  9.] 
5:[ 5.  8.  7.  4. 22. 17.  0. 10. 21. 28. 11. 29. 26.  2.  1. 13. 25. 12. 14. 27. 20. 16.  3. 19.  6. 15. 18. 31. 23. 30. 32.  9. 24.] 
6:[15.  7.  6. 24. 23. 30.  8. 27.  0. 10. 21. 28. 17.  4. 29. 13. 19.  1.  2.  9. 16. 18.  3. 20.  5. 32. 31. 11. 26. 22. 25. 12. 14.] 
7:[ 7. 26. 22. 13. 15.  8. 25.  4. 11. 30. 18. 23.  3. 17. 12. 14. 27. 20. 29. 16. 31.  2.  1. 19.  0. 10. 21. 28.  5.  6.  9. 32. 24.] 
8:[ 8.  6.  7. 11. 29. 31. 22.  5.  0. 10. 17. 28. 21. 20. 27. 26. 19. 13. 15.  4.  3.  2.  1. 32. 18. 30. 16. 23.  9. 25. 24. 12. 14.] 
9:[15.  9. 19.  3. 23.  4.  0. 10. 29. 17. 21. 30.  6. 18. 20. 13. 27.  8. 11.  2. 31.  5. 16. 24.  1. 26. 25. 22.  7. 28. 12. 14. 32.] 
10:[ 0. 10. 27. 21. 17. 20. 11.  8. 29. 22. 26.  5. 16.  7. 31. 13. 28.  4. 19. 18. 30.  1.  2. 32. 23. 24.  9. 25. 14. 12.  3.  6. 15.] 
11:[11.  8. 29. 22. 27. 21. 28. 17. 26.  0. 10.  7. 20. 18. 31.  4.  2. 16.  1. 23. 30.  3. 19. 13. 25.  5. 14. 12. 15.  6. 32. 24.  9.] 
12:[18. 31. 11. 14. 23. 12.  1.  2.  4. 10.  0. 22. 17. 26. 28. 29. 16. 25. 21. 27. 20. 15.  8.  7. 13. 30.  3. 19. 32.  6. 24.  9.  5.] 
13:[13.  2.  1. 31.  3.  4. 20. 27. 10. 23. 12. 14. 22.  0.  5. 21. 28. 26. 30. 18. 17. 11. 25. 29. 16. 24.  9. 19. 32.  7. 15.  6.  8.] 
14:[29.  7.  8. 22. 10. 17. 26. 25. 30.  1.  2. 16.  4. 18. 12. 23. 14.  6. 20. 31. 27.  0. 21. 28. 19.  5. 13.  3.  9. 24. 11. 32. 15.] 
15:[ 6. 15.  7. 27. 24.  3.  8. 21. 28.  0. 10. 16. 29. 19. 23.  9. 13.  2.  4.  1. 30. 18. 26. 17. 31. 20. 22. 25. 11. 32.  5. 12. 14.] 
16:[16. 15.  9. 30. 27. 19.  6. 23. 22. 26. 29. 20.  8.  5. 31. 13. 28.  0. 10. 17. 21. 11.  7. 18.  4. 32. 24.  2. 25.  1.  3. 14. 12.] 
17:[27.  0. 10. 17. 21. 28. 13. 20. 26. 22. 29.  5. 11. 16. 30.  8.  4. 32.  7. 31.  3. 18.  2. 15.  1. 19. 23.  6. 24.  9. 25. 14. 12.] 
18:[18. 31.  4.  2.  1. 23. 20.  8. 29. 10. 22. 26. 17. 28. 21.  7. 25. 27.  0. 16. 11. 15. 14. 12.  6. 30. 13.  3.  5. 19. 32. 24.  9.] 
19:[19. 21. 10.  0. 28. 18. 17.  9.  7.  2.  4. 13.  3. 16. 31.  1. 20. 23. 30. 12. 14. 25.  8.  5. 27.  6. 26. 22. 29. 15. 11. 32. 24.] 
20:[17. 21. 28. 13. 20.  0. 10. 27. 22. 26.  5. 29.  3. 16. 11. 30.  4.  7. 32. 24. 31.  8.  1.  2. 19.  6. 18. 23. 15.  9. 25. 14. 12.] 
21:[27. 20. 22. 17. 28. 21.  5.  0. 10. 26. 13.  2.  1.  4. 16. 29.  8. 30. 24.  6. 23. 18.  3. 31.  7. 19. 12. 14. 25. 32. 11.  9. 15.] 
22:[11. 29.  8. 17. 10.  0. 21. 22.  4.  7. 16. 27.  2. 20. 25.  1. 18. 23.  5. 30. 13.  3. 32. 19. 31. 14. 12. 28. 26.  9. 24.  6. 15.] 
23:[23. 16. 30. 31.  4. 20. 26. 29.  0.  7. 10. 32.  8. 27. 13. 28. 17. 21.  2.  1. 22. 11. 18. 25.  3. 19.  5. 24.  6.  9. 12. 14. 15.] 
24:[24.  7. 27. 15.  6.  3.  0. 10. 21. 28.  4. 17. 29. 16. 30. 13.  1. 19. 20.  8. 18. 32. 26. 23. 22.  9.  2. 31.  5. 11. 25. 12. 14.] 
25:[25. 16.  8. 12. 14. 18.  7. 11. 29. 31. 26. 22. 10.  0. 21. 17.  1.  4. 23. 20.  6. 27.  3. 30.  2. 13.  5. 15. 32. 28.  9. 24. 19.] 
26:[ 7. 29. 20. 26. 27. 11. 30. 15.  8. 19. 22. 16. 21. 31.  0. 10. 17.  9. 28.  5.  2.  4. 13. 32. 23.  1. 18.  3. 25.  6. 24. 12. 14.] 
27:[27. 20. 17. 28. 21.  0. 10. 22. 26.  7. 18.  5.  4.  2. 23.  1.  3. 13. 24. 31. 30. 29. 16. 12. 14. 11. 25. 32.  8. 19.  6.  9. 15.] 
28:[ 6. 20. 27. 21. 28. 22. 17.  0. 10.  8. 13. 11.  3. 29. 30.  2.  1.  4.  7. 31. 24. 23. 16. 19.  5. 26. 18. 32.  9. 25. 15. 12. 14.] 
29:[29. 11. 16.  8. 22. 10.  0.  5.  7. 27. 21. 20. 28. 13. 17. 23. 18. 30. 32.  6.  4.  1.  2. 25. 31. 24.  3. 19. 26. 15.  9. 14. 12.] 
30:[30. 20. 26. 27. 16.  0. 10.  5. 24.  4. 13. 22.  7. 17. 29. 23. 21. 28. 15.  8.  9. 32. 18. 11. 31.  2.  1. 19.  3. 25.  6. 12. 14.] 
31:[31.  8. 22.  6.  0. 10. 13. 32.  7. 20. 29. 11.  4. 26. 28.  5. 21. 17. 18. 27. 24. 16. 19.  2.  1. 30. 15. 23.  3. 25.  9. 14. 12.] 
32:[28. 21.  8.  0. 10. 17. 20. 26. 11. 16. 22. 29. 27.  5.  7.  4. 31. 13.  6. 32. 30. 24.  3. 18. 19. 23.  9.  2.  1. 25. 15. 12. 14.] 
POSCARS
EA111   4.487  3.864  4.504 114.30 99.37 65.76 Sym.group:   87
1.0
   4.4860139999999999    0.0077580000000000    0.0972470000000000
   1.5807430000000000    3.5253760000000001   -0.0026260000000000
  -0.8192650000000000   -1.6606710000000000    4.1059409999999996
Mg Si
4 1
direct
   0.0185470000000000    0.1557900000000000    0.1549670000000000 Mg
   0.8049269999999999    0.5615910000000000    0.7502190000000000 Mg
   0.4003830000000000    0.3701880000000000    0.9622920000000000 Mg
   0.6139390000000000    0.9643220000000000    0.3671540000000000 Mg
   0.2094390000000000    0.7629580000000000    0.5586560000000000 Si
EA226   3.316  3.318  3.930 114.94 65.11 89.92 Sym.group:  121
1.0
   3.3164389999999999   -0.0037210000000000    0.0065160000000000
   0.0084730000000000    3.3176120000000000    0.0014730000000000
   1.6457740000000001   -1.6626230000000000    3.1581139999999999
F C
4 1
direct
   0.6059690000000000    0.1654450000000000    0.2723030000000000 F
   0.0596210000000000    0.6198140000000000    0.2730990000000000 F
   0.8204200000000000    0.4047630000000000    0.7516850000000000 F
   0.3658830000000000    0.8591500000000000    0.7511750000000000 F
   0.7129750000000000    0.5123040000000000    0.5120620000000000 C
EA14    3.996  3.998  4.832 65.57 114.42 89.99 Sym.group:  121
1.0
   3.9960369999999998    0.0083480000000000    0.0010340000000000
  -0.0077900000000000    3.9977499999999999   -0.0005510000000000
  -2.0028060000000001    1.9949560000000000    3.9185310000000002
Cl C
4 1
direct
   0.1214290000000000    0.6748230000000000    0.9338730000000000 Cl
   0.6101650000000000    0.1860960000000000    0.9339870000000000 Cl
   0.8691270000000000    0.4160260000000000    0.4519090000000000 Cl
   0.3806290000000000    0.9273830000000000    0.4520610000000000 Cl
   0.4954230000000000    0.3011270000000000    0.1929590000000000 C
EA162   2.871  2.876  2.880 109.23 108.79 108.34 Sym.group:  160
1.0
   2.8706179999999999   -0.0100810000000000   -0.0175840000000000
  -0.8952510000000000    2.7325729999999999   -0.0235870000000000
  -0.9173890000000000   -1.2779280000000000    2.4119030000000001
H C
4 1
direct
   0.3332920000000000    0.1268310000000000    0.7667310000000001 H
   0.7320220000000000    0.5304720000000001    0.5420930000000000 H
   0.3375820000000000    0.7601710000000000    0.1398800000000000 H
   0.9683800000000000    0.1370190000000000    0.1448150000000000 H
   0.0939300000000000    0.8896490000000000    0.8993770000000000 C
EA4     4.181  4.201  4.180 111.82 71.33 72.28 Sym.group:   97
1.0
   4.1808090000000000    0.0584040000000000   -0.0092720000000000
   1.2222980000000001    4.0192500000000004   -0.0179570000000000
   1.3738740000000000   -2.0270999999999999    3.3881670000000002
Na N
4 1
direct
   0.1391960000000000    0.1289970000000000    0.1232200000000000 Na
   0.8568540000000000    0.7579910000000000    0.7659580000000000 Na
   0.4923190000000000    0.6328690000000000    0.2789670000000000 Na
   0.5066619999999999    0.2654890000000000    0.6290430000000000 Na
   0.0006690000000000    0.6981270000000001    0.1950580000000000 N
EA409   2.163  3.730  3.716 94.57 73.47 106.63 Sym.group:   87
1.0
   2.1632810000000000   -0.0085370000000000    0.0180230000000000
  -1.0534710000000000    3.5781250000000000   -0.0148410000000000
   1.0275479999999999    0.0087280000000000    3.5710880000000000
Be H
4 1
direct
   0.4734490000000000    0.4550800000000000    0.2302470000000000 Be
   0.3027050000000000    0.8397019999999999    0.9544720000000000 Be
   0.1065800000000000    0.2823230000000000    0.7878810000000001 Be
   0.6696010000000000    0.0125650000000000    0.3969140000000000 Be
   0.3880700000000000    0.6474910000000000    0.5922430000000000 H
EA289   2.440  2.440 11.021 83.86 96.17 119.90 Sym.group:  166
1.0
   2.4378970000000000   -0.0782720000000000   -0.0599920000000000
  -1.1468119999999999    2.1530640000000001    0.0534010000000000
  -0.8972070000000000    0.5868300000000000   10.9691930000000006
C F
8 2
direct
   0.4982820000000000    0.7396760000000000    0.1547390000000000 C
   0.8465480000000000    0.3916380000000000    0.1995140000000000 C
   0.2403610000000000    0.9990770000000000    0.3823490000000000 C
   0.8919250000000000    0.3472140000000000    0.3367700000000000 C
   0.6337170000000000    0.6070480000000000    0.5647980000000000 C
   0.2853090000000000    0.9551470000000000    0.5192160000000000 C
   0.6790410000000000    0.5627750000000000    0.7020510000000000 C
   0.0272390000000000    0.2148300000000000    0.7468330000000000 C
   0.4576300000000000    0.7802180000000000    0.0322550000000000 F
   0.0675780000000000    0.1748210000000000    0.8693120000000000 F
EA315   2.277  2.281  7.737 90.10 89.94 60.18 Sym.group:  156
1.0
   1.1708209999999999    1.9531010000000000    0.0048610000000000
  -1.1141479999999999    1.9903240000000000   -0.0134140000000000
  -0.0409490000000000    0.0143760000000000    7.7372899999999998
Li H
4 1
direct
   0.2574130000000000    0.0662880000000000    0.1285490000000000 Li
   0.9279830000000000    0.7324680000000000    0.3789400000000000 Li
   0.2589790000000000    0.0968620000000000    0.6272030000000000 Li
   0.5944970000000001    0.3954300000000000    0.8780620000000000 Li
   0.9255030000000000    0.7313480000000000    0.0034470000000000 H
EA133   2.692  2.692 16.886 89.53 90.46 90.51 Sym.group:  129
1.0
   2.6913570000000000   -0.0082470000000000    0.0600760000000000
  -0.0160250000000000    2.6916940000000000    0.0054950000000000
  -0.5127740000000000    0.0996580000000000   16.8781679999999987
Al Cl
8 2
direct
   0.1513880000000000    0.6754940000000000    0.3039260000000000 Al
   0.6297460000000000    0.1953520000000000    0.8033880000000000 Al
   0.6483670000000000    0.1786630000000000    0.2036860000000000 Al
   0.6234060000000000    0.2040270000000000    0.6039660000000000 Al
   0.1434050000000000    0.6834490000000000    0.1045300000000000 Al
   0.1259060000000000    0.7004670000000000    0.7042200000000000 Al
   0.1333490000000000    0.6915990000000000    0.9048090000000000 Al
   0.6384790000000000    0.1867960000000000    0.0031010000000000 Al
   0.1370730000000000    0.6939390000000000    0.5158660000000000 Cl
   0.6381270000000000    0.1897340000000000    0.3920390000000000 Cl
EA103   3.139  3.138  9.946 90.02 89.75 89.99 Sym.group:  123
1.0
   3.1348479999999999   -0.0134860000000000   -0.1663710000000000
   0.0077610000000000    3.1361210000000002   -0.1186910000000000
   0.5716270000000000    0.3711950000000000    9.9227139999999991
P H
8 2
direct
   0.2038770000000000    0.1963170000000000    0.7145940000000000 P
   0.7044740000000000    0.6960930000000000    0.4879800000000000 P
   0.2040270000000000    0.1964760000000000    0.9437090000000000 P
   0.7039380000000000    0.6963060000000000    0.7146070000000000 P
   0.2041870000000000    0.1958610000000000    0.2588880000000000 P
   0.2045010000000000    0.1960760000000000    0.4880140000000000 P
   0.7040480000000000    0.6964270000000000    0.9437170000000000 P
   0.7041590000000000    0.6959379999999999    0.2588670000000000 P
   0.2043130000000000    0.1961070000000000    0.1012970000000000 H
   0.7039100000000000    0.6962290000000000    0.1012870000000000 H
EA9     3.833  4.552  4.600 100.57 65.39 114.89 Sym.group:   87
1.0
   3.8329819999999999   -0.0058770000000000    0.0062000000000000
  -1.9093890000000000    4.1325170000000000    0.0357210000000000
   1.9091089999999999   -0.0838400000000000    4.1846420000000002
Mg Al
4 1
direct
   0.7942320000000000    0.2011860000000000    0.7988790000000000 Mg
   0.3912060000000000    0.5934120000000001    0.9968740000000000 Mg
   0.9899050000000000    0.9958050000000001    0.2017910000000000 Mg
   0.1950850000000000    0.7986290000000000    0.5938830000000000 Mg
   0.5924509999999999    0.3971700000000000    0.3978550000000000 Al
EA191   2.447  5.039  9.015 98.07 82.71 89.27 Sym.group:  139
1.0
   2.4472920000000000    0.0051640000000000    0.0037820000000000
   0.0539020000000000    5.0388359999999999   -0.0555960000000000
   1.1329780000000000   -1.1793400000000001    8.8654100000000007
Al Be
8 2
direct
   0.8568460000000000    0.9820160000000000    0.3185840000000000 Al
   0.2491610000000000    0.2857210000000000    0.5354000000000000 Al
   0.6402540000000000    0.5904140000000000    0.7528120000000000 Al
   0.8557270000000000    0.4814870000000000    0.3186670000000000 Al
   0.2501180000000000    0.7862410000000000    0.5353110000000000 Al
   0.4651460000000000    0.6773880000000000    0.1011780000000000 Al
   0.4660610000000000    0.1769860000000000    0.0995060000000000 Al
   0.6396050000000000    0.0908130000000000    0.7544770000000000 Al
   0.0527000000000000    0.3867100000000000    0.9269990000000000 Be
   0.0524940000000000    0.8811210000000000    0.9269940000000000 Be
EA30    3.934  3.934  3.934 89.99 90.01 90.01 Sym.group:  221
1.0
   3.9339700000000000   -0.0063210000000000   -0.0018010000000000
   0.0054810000000000    3.9339759999999999    0.0031300000000000
   0.0014510000000000   -0.0027200000000000    3.9339469999999999
Mg C
4 1
direct
   0.9967490000000000    0.6998190000000000    0.1972420000000000 Mg
   0.9968350000000000    0.1999600000000000    0.6954129999999999 Mg
   0.4965360000000000    0.1999700000000000    0.1974380000000000 Mg
   0.4965660000000000    0.6999590000000000    0.6974230000000000 Mg
   0.9965400000000000    0.1997940000000000    0.1951160000000000 C
EA46    4.771  4.771  3.489 90.02 89.99 90.01 Sym.group:  137
1.0
   4.7710330000000001    0.0033540000000000   -0.0065900000000000
  -0.0039930000000000    4.7706540000000004    0.0062380000000000
   0.0056510000000000   -0.0057640000000000    3.4892949999999998
F Si
8 2
direct
   0.4971600000000000    0.2376990000000000    0.2657710000000000 F
   0.9971860000000000    0.2566640000000000    0.2424330000000000 F
   0.9979270000000000    0.7370750000000000    0.2426030000000000 F
   0.4979050000000000    0.7572960000000000    0.2657630000000000 F
   0.7573980000000000    0.4970050000000000    0.7426260000000000 F
   0.2572010000000000    0.9975380000000000    0.7657990000000000 F
   0.7376320000000000    0.9969690000000000    0.7657140000000000 F
   0.2378350000000000    0.4975670000000000    0.7424290000000000 F
   0.9974660000000000    0.9969220000000000    0.5041660000000000 Si
   0.4975040000000000    0.4974170000000000    0.0041120000000000 Si
EA78    3.836  3.835  3.832 89.84 89.77 89.39 Sym.group:  221
1.0
   3.8355969999999999   -0.0107230000000000   -0.0183210000000000
   0.0512210000000000    3.8342470000000000   -0.0144550000000000
   0.0335100000000000    0.0248960000000000    3.8319700000000001
Na H
4 1
direct
   0.0017320000000000    0.4983190000000000    0.4981070000000000 Na
   0.4997510000000000    0.5006310000000000    0.9992010000000000 Na
   0.5008720000000000    0.9972220000000001    0.5001210000000000 Na
   0.9991430000000000    0.0008360000000000    0.9995900000000000 Na
   0.5023180000000000    0.4964970000000000    0.4997180000000000 H
EA195   2.439  2.437 10.599 83.41 89.96 60.03 Sym.group:  166
1.0
   1.2448040000000000    2.0973139999999999    0.0291790000000000
  -1.1940550000000001    2.1238830000000002    0.0078490000000000
  -1.2928839999999999    0.6307640000000000   10.5008339999999993
C B
8 2
direct
   0.6468980000000000    0.7273610000000000    0.2713800000000000 C
   0.5989880000000000    0.8228410000000000    0.1283030000000000 C
   0.0426850000000000    0.9345050000000000    0.4613130000000000 C
   0.9955540000000001    0.0295900000000000    0.3182820000000000 C
   0.3913400000000000    0.2367340000000000    0.5082150000000000 C
   0.4392860000000000    0.1412080000000000    0.6512980000000000 C
   0.7879590000000000    0.4432800000000000    0.6984629999999999 C
   0.2503190000000000    0.5207600000000000    0.0811400000000000 C
   0.8414340000000000    0.3437010000000000    0.8440610000000000 B
   0.1969050000000000    0.6202700000000000    0.9355460000000000 B
EA167   3.195  3.204 11.238 90.03 89.95 89.99 Sym.group:  129
1.0
   3.1950590000000001   -0.0011590000000000    0.0479060000000000
   0.0007590000000000    3.2038600000000002    0.0464430000000000
  -0.1595170000000000   -0.1682510000000000   11.2360030000000002
P Si
8 2
direct
   0.0503000000000000    0.2709030000000000    0.3205930000000000 P
   0.5506070000000000    0.7706570000000000    0.5212820000000000 P
   0.0495560000000000    0.2699720000000000    0.5213670000000000 P
   0.5513050000000000    0.7715360000000000    0.3205120000000000 P
   0.0565150000000000    0.2756170000000000    0.1211930000000000 P
   0.5436210000000000    0.7653690000000000    0.7206820000000000 P
   0.0490380000000000    0.2696000000000000    0.9202810000000000 P
   0.5515300000000000    0.7719680000000000    0.9215950000000001 P
   0.5566030000000000    0.7755910000000000    0.1206940000000000 Si
   0.0435560000000000    0.2654180000000000    0.7211800000000000 Si
EA292   5.113  3.455  5.114 90.00 89.99 89.96 Sym.group:   87
1.0
   5.1133040000000003    0.0006660000000000   -0.0017870000000000
   0.0018440000000000    3.4553639999999999   -0.0004530000000000
   0.0023360000000000    0.0003370000000000    5.1138269999999997
Li Al
8 2
direct
   0.6738900000000000    0.7477180000000000    0.5484740000000000 Li
   0.5522940000000000    0.2472530000000000    0.8278670000000000 Li
   0.9532870000000000    0.2476760000000000    0.6701980000000000 Li
   0.8316200000000000    0.7472860000000000    0.9495860000000000 Li
   0.3315810000000000    0.2472830000000000    0.4495410000000000 Li
   0.4531970000000000    0.7477900000000000    0.1702080000000000 Li
   0.0522250000000000    0.7471550000000000    0.3279530000000000 Li
   0.1738190000000000    0.2476630000000000    0.0484640000000000 Li
   0.7527400000000000    0.2475030000000000    0.2490200000000000 Al
   0.2528110000000000    0.7474610000000000    0.7490620000000000 Al
EA57    7.198  2.835  2.838 90.03 89.96 90.15 Sym.group:  129
1.0
   7.1975140000000000    0.0539930000000000   -0.0170470000000000
  -0.0289100000000000    2.8350469999999999    0.0069570000000000
   0.0089830000000000   -0.0084260000000000    2.8384610000000001
Be C
8 2
direct
   0.9186100000000000    0.1509510000000000    0.5839650000000000 Be
   0.1515360000000000    0.1512820000000000    0.0838930000000000 Be
   0.3518140000000000    0.1514490000000000    0.5834990000000000 Be
   0.6352610000000000    0.1514190000000000    0.5835600000000000 Be
   0.1189650000000000    0.6514400000000000    0.5839170000000000 Be
   0.9187360000000000    0.6511560000000000    0.0841000000000000 Be
   0.3519540000000000    0.6516910000000000    0.0835350000000000 Be
   0.6352560000000000    0.6510110000000000    0.0834080000000000 Be
   0.7742360000000000    0.1511880000000000    0.0837180000000000 C
   0.4963000000000000    0.6513120000000000    0.5835000000000000 C
EA11    2.245  2.244  6.784 99.44 80.57 89.82 Sym.group:  119
1.0
   2.2443740000000001   -0.0034160000000000    0.0298890000000000
   0.0107450000000000    2.2440669999999998   -0.0346750000000000
   1.0213410000000001   -1.0151699999999999    6.6293620000000004
O B
4 1
direct
   0.6253570000000001    0.5203340000000000    0.9944590000000000 O
   0.8957670000000000    0.2501840000000000    0.4533460000000000 O
   0.9844880000000000    0.1612350000000000    0.2745760000000000 O
   0.2549830000000000    0.8902250000000000    0.7330710000000000 O
   0.1901670000000000    0.4553000000000000    0.8637580000000000 B
EA220   3.635  3.656  7.720 76.71 103.55 119.81 Sym.group:  166
1.0
   1.8299040000000000    3.1405430000000001    0.0193060000000000
  -3.6544279999999998    0.0268370000000000   -0.0914140000000000
  -1.9674620000000000   -0.9926750000000000    7.3989190000000002
Li Si
8 2
direct
   0.3816910000000000    0.1758520000000000    0.2838100000000000 Li
   0.6850760000000000    0.8754160000000000    0.1899930000000000 Li
   0.9886160000000001    0.5750900000000000    0.0961470000000000 Li
   0.1851070000000000    0.3755390000000000    0.6900170000000000 Li
   0.5833290000000000    0.9750960000000000    0.8845450000000000 Li
   0.4786300000000000    0.0828720000000000    0.5713780000000001 Li
   0.8916470000000000    0.6681220000000000    0.8085290000000001 Li
   0.7870770000000000    0.7757830000000000    0.4954130000000000 Li
   0.0864850000000000    0.4723220000000000    0.3972690000000000 Si
   0.2839350000000000    0.2785660000000000    0.9827300000000000 Si
EA36    3.808  4.161  4.158 78.18 116.98 116.93 Sym.group:   87
1.0
   3.8082189999999998    0.0174070000000000    0.0211950000000000
  -1.9009490000000000    3.7009750000000001   -0.0223680000000000
  -1.9074100000000000    0.0002350000000000    3.6949489999999998
Na C
4 1
direct
   0.4459780000000000    0.4515080000000000    0.6511830000000000 Na
   0.6639600000000000    0.1065660000000000    0.4336980000000000 Na
   0.2735020000000000    0.8876500000000001    0.8691370000000000 Na
   0.8365380000000000    0.6705690000000000    0.2153930000000000 Na
   0.0551300000000000    0.2791520000000000    0.0425160000000000 C
EA26    6.686  6.731  2.913 89.99 89.99 90.41 Sym.group:   87
1.0
   6.6864390000000000    0.0081930000000000   -0.0061650000000000
  -0.0567960000000000    6.7310949999999998   -0.0118870000000000
   0.0029670000000000    0.0057520000000000    2.9126989999999999
Mg S
8 2
direct
   0.7218390000000000    0.0819990000000000    0.5463650000000000 Mg
   0.0831580000000000    0.2785000000000000    0.5462340000000000 Mg
   0.9194870000000001    0.7220600000000000    0.5461180000000000 Mg
   0.2810690000000000    0.9182620000000000    0.5462230000000000 Mg
   0.2221290000000000    0.5823680000000000    0.0462880000000000 Mg
   0.5837730000000000    0.7781560000000000    0.0464360000000000 Mg
   0.4189680000000000    0.2223850000000000    0.0464410000000000 Mg
   0.7806410000000000    0.4179460000000000    0.0464570000000000 Mg
   0.0017200000000000    0.0003120000000000    0.0461540000000000 S
   0.5015630000000000    0.5003420000000000    0.5464920000000000 S
EA32    5.597  5.720  5.716 92.44 60.73 60.71 Sym.group:  140
1.0
   5.5966969999999998    0.0260970000000000    0.0103540000000000
   2.7749560000000000    5.0021339999999999   -0.0278350000000000
   2.7941080000000000   -1.8021630000000000    4.6494580000000001
S Mg
8 2
direct
   0.0006740000000000    0.2926800000000000    0.0218450000000000 S
   0.0014110000000000    0.9761550000000000    0.7049190000000000 S
   0.6854960000000000    0.0227420000000000    0.2912060000000000 S
   0.3180170000000000    0.7061820000000000    0.9750070000000000 S
   0.0010080000000000    0.5225790000000000    0.7914130000000000 S
   0.0017350000000000    0.2062530000000000    0.4746960000000000 S
   0.6846670000000000    0.7926140000000000    0.5214010000000000 S
   0.3172320000000000    0.4760510000000000    0.2051820000000000 S
   0.5015540000000001    0.9993960000000000    0.9980520000000001 Mg
   0.5007680000000000    0.4994840000000000    0.4987070000000000 Mg
EA203   2.462  6.293  2.462 90.08 60.00 90.13 Sym.group:  191
1.0
   2.4617279999999999   -0.0036910000000000    0.0007240000000000
  -0.0043360000000000    6.2925519999999997    0.0061490000000000
   1.2301489999999999   -0.0046600000000000    2.1323859999999999
C Na
4 1
direct
   0.6616400000000000    0.4983250000000000    0.4828040000000000 C
   0.3307430000000000    0.1033020000000000    0.1509050000000000 C
   0.3283090000000000    0.4983710000000000    0.1494810000000000 C
   0.6640750000000000    0.1033480000000000    0.4842280000000000 C
   0.9965070000000000    0.8009390000000000    0.8166790000000000 Na
EA111   2.816  7.369  2.818 89.98 90.01 90.02 Sym.group:  123
1.0
   2.8157359999999998    0.0017880000000000    0.0060270000000000
  -0.0078400000000000    7.3685369999999999   -0.0064900000000000
  -0.0066420000000000    0.0036000000000000    2.8178649999999998
Mg N
4 1
direct
   0.2447160000000000    0.2447400000000000    0.7391840000000000 Mg
   0.2434980000000000    0.7665920000000001    0.7403350000000000 Mg
   0.7437390000000000    0.5056640000000000    0.2409360000000000 Mg
   0.7442190000000000    0.0056650000000000    0.2394580000000000 Mg
   0.2437410000000000    0.5056710000000000    0.7410590000000000 N
EA228   5.873  5.882  2.788 90.39 89.54 89.74 Sym.group:   87
1.0
   5.8704530000000004   -0.0621560000000000   -0.1421000000000000
   0.0905210000000000    5.8805220000000000    0.0706030000000000
   0.0892560000000000   -0.0535800000000000    2.7864570000000000
Li Na
8 2
direct
   0.3083490000000000    0.1044710000000000    0.0031930000000000 Li
   0.8940840000000000    0.3131880000000000    0.9995340000000000 Li
   0.0986020000000000    0.6901659999999999    0.0057900000000000 Li
   0.6844370000000000    0.9002700000000000    0.0033100000000000 Li
   0.1842940000000000    0.3999820000000000    0.5033970000000000 Li
   0.5982070000000000    0.1902830000000000    0.5055660000000000 Li
   0.3945640000000000    0.8137350000000000    0.5009340000000000 Li
   0.8083110000000000    0.6043920000000000    0.5019080000000000 Li
   0.4966950000000000    0.5020210000000001    0.0023070000000000 Na
   0.9968420000000000    0.0015860000000000    0.5020790000000001 Na
EA116   7.803  3.134  3.136 119.95 78.47 101.55 Sym.group:  166
1.0
   7.8028370000000002    0.0117160000000000    0.0005320000000000
  -0.6319360000000001    3.0696260000000000   -0.0014660000000000
   0.6289430000000000   -1.4679789999999999    2.6991700000000001
Li N
8 2
direct
   0.8703860000000000    0.9589450000000000    0.0510620000000000 Li
   0.5056530000000000    0.5038340000000000    0.5049560000000000 Li
   0.0233090000000000    0.3422960000000000    0.6626270000000000 Li
   0.1408010000000000    0.7146709999999999    0.2891890000000000 Li
   0.6363560000000000    0.2144710000000000    0.7963720000000000 Li
   0.3880550000000000    0.7973010000000000    0.2087070000000000 Li
   0.2574330000000000    0.0867510000000000    0.9172270000000000 Li
   0.7528930000000000    0.5865480000000000    0.4244750000000000 Li
   0.2630260000000000    0.4218280000000000    0.5819670000000000 N
   0.6306710000000000    0.8793650000000000    0.1316600000000000 N
EA234   3.813  4.300  4.261 78.46 116.17 116.00 Sym.group:   87
1.0
   3.8128630000000001    0.0056110000000000    0.0036970000000000
  -1.8907920000000000    3.8617059999999999   -0.0091480000000000
  -1.8826719999999999    0.0359090000000000    3.8218890000000001
Na B
4 1
direct
   0.1944000000000000    0.4284030000000000    0.0260680000000000 Na
   0.8028980000000000    0.2242340000000000    0.4511590000000000 Na
   0.6184300000000000    0.6505649999999999    0.6559110000000000 Na
   0.0084760000000000    0.8550590000000000    0.2299740000000000 Na
   0.4059670000000000    0.0394660000000000    0.8406750000000000 B
EA117   2.995  2.995  7.640 101.10 101.17 90.52 Sym.group:  139
1.0
   2.9948419999999998   -0.0038890000000000   -0.0103680000000000
  -0.0231220000000000    2.9944950000000001   -0.0147510000000000
  -1.4571160000000001   -1.4458139999999999    7.3592750000000002
Na Cl
4 1
direct
   0.7546659999999999    0.4712880000000000    0.3674630000000000 Na
   0.9673020000000000    0.6844390000000000    0.7892580000000000 Na
   0.3573300000000000    0.0748230000000000    0.5699620000000000 Na
   0.1473410000000000    0.8630960000000000    0.1483590000000000 Na
   0.5576380000000000    0.2736060000000000    0.9690130000000000 Cl
EA11    4.891  4.891  2.480 89.84 89.88 90.00 Sym.group:   83
1.0
   4.8906749999999999   -0.0082930000000000   -0.0020310000000000
   0.0086150000000000    4.8910200000000001   -0.0057490000000000
   0.0063080000000000    0.0099020000000000    2.4802759999999999
P Mg
4 1
direct
   0.1960810000000000    0.7937070000000001    0.8996499999999999 P
   0.7959900000000000    0.6045490000000000    0.8989800000000000 P
   0.0068890000000000    0.1937890000000000    0.9029140000000000 P
   0.6067970000000000    0.0046590000000000    0.9023430000000000 P
   0.4014020000000000    0.3992030000000000    0.4013080000000000 Mg
EA28    8.373  2.980  3.037 90.21 100.30 100.13 Sym.group:  139
1.0
   8.3723270000000003    0.1214420000000000    0.0136060000000000
  -0.5665340000000000    2.9251499999999999   -0.0043170000000000
  -0.5461830000000000   -0.1124960000000000    2.9852390000000000
Be Al
8 2
direct
   0.8242730000000000    0.7262120000000000    0.0320330000000000 Be
   0.1741950000000000    0.4003790000000000    0.7065220000000000 Be
   0.6681250000000000    0.1483850000000000    0.9533590000000000 Be
   0.3292250000000000    0.4786510000000000    0.2837740000000000 Be
   0.6692450000000000    0.6479050000000000    0.4547530000000000 Be
   0.4992380000000000    0.0632810000000000    0.3692550000000000 Be
   0.3303440000000000    0.9781790000000000    0.7851420000000000 Be
   0.4992370000000000    0.5632750000000000    0.8692500000000000 Be
   0.8993110000000000    0.2633710000000000    0.5691480000000000 Al
   0.0991630000000000    0.8632530000000000    0.1694130000000000 Al
EA4     3.381  3.371  5.373 90.00 90.00 89.99 Sym.group:  123
1.0
   3.3808389999999999   -0.0056280000000000   -0.0030030000000000
   0.0064480000000000    3.3714000000000000    0.0017650000000000
   0.0045750000000000   -0.0029390000000000    5.3729820000000004
Si Mg
4 1
direct
   0.9007110000000000    0.6012610000000000    0.6070040000000000 Si
   0.9008610000000000    0.6012150000000001    0.1978920000000000 Si
   0.4008800000000000    0.6010970000000000    0.9024040000000000 Si
   0.9009140000000000    0.1011930000000000    0.9025650000000000 Si
   0.4008190000000000    0.1011450000000000    0.4018620000000000 Mg
