NUMBER OF TEMPLATES 38
COMPOSITION A 2 B
pairs , SPACEGROUPS 
[Be Al] , 227 
[C B] , 141 
[Al N] , 164 
[P Al] , 119 
[F Be] , 115 
[B Be] , 216 
[S H] , 129 
[Mg F] , 164 
[Na F] , 139 
[C H] , 166 
[Li F] , 164 
[Mg Cl] , 129 
[Na S] , 194 
[O C] , 136 
[H Mg] , 225 
[Be Si] , 216 
[Si Be] , 225 
[Li Be] , 191 
[H S] , 224 
[B N] , 119 
[Na O] , 139 
[Si B] , 164 
[Al Mg] , 164 
[S P] , 166 
[Al S] , 141 
[Li Cl] , 166 
[Cl Be] , 137 
[Al Be] , 140 
[Be N] , 187 
[O Li] , 123 
[Li S] , 225 
[Na Be] , 164 
[Na Mg] , 191 
[Al Li] , 155 
[N Cl] , 123 
[O Na] , 123 
[Al Na] , 139 
[Mg Na] , 164 
RANKING VECTORS ENTHALPIES
0:[-271.17584011 -271.16276167 -270.98940488 -270.91970112 -270.91882428 -270.91803752 -270.91740515 -270.91402995 -270.85098806 -270.84659615 -270.84247282 -270.77581366 -270.76487665 -270.74786268 -270.73924867 -270.71886789 -270.71716199 -270.70639779 -270.68768108 -270.65620416 -270.60369465 -270.60196304 -270.58087346 -270.54681063 -270.53149522 -270.30047326 -270.29657828 -270.2798393  -270.16686641 -270.12424019 -270.02327434 -270.00523318 -270.00132081 -269.98485659 -269.91832722 -269.30795805 -267.95357114 -267.15318039] 
1:[-133.79457503 -133.76498948 -133.76443209 -133.71150042 -133.67286307 -133.66677929 -133.30623174 -132.49827653 -132.43797019 -132.43620167 -132.38882925 -132.38743759 -132.30197258 -132.19169795 -132.17400858 -132.09109988 -132.08233065 -132.04646461 -131.99825942 -131.99766138 -131.88116072 -131.75694587 -131.74636056 -131.60074728 -131.57335653 -131.57334302 -131.57113404 -131.5695366  -131.56683741 -131.5183123 -131.5126168  -131.49690381 -131.26490815 -131.2616516  -131.18949326 -130.97819938 -130.97418848 -130.24033846] 
2:[-133.67040991 -133.66768769 -133.56915802 -133.56724383 -133.55619689 -133.50632045 -133.50110343 -133.47785411 -133.46936438 -133.19709318 -133.13612754 -133.09357653 -133.08515552 -133.02239311 -132.91882238 -132.90986516 -132.87183604 -132.8693988  -132.86436985 -132.84315536 -132.80575011 -132.72440127 -132.58047783 -132.42064266 -132.42008187 -132.41946788 -132.35955063 -132.21429518 -132.1872801  -131.91223523 -131.7978768  -131.78436421 -131.78436416 -130.82928329 -130.8262256 -130.82280651 -130.8165375  -130.57431489] 
3:[-143.04693895 -142.93978531 -142.57546334 -142.48870036 -142.48817491 -142.48744519 -142.48574309 -142.42650319 -142.41664693 -142.4010757 -142.38963629 -142.36912966 -142.34968386 -142.33139108 -142.31868865 -142.31461642 -142.30576366 -142.30562963 -142.30438452 -142.30326067 -142.27948307 -142.27089072 -142.25700244 -142.23401671 -142.16698436 -142.12888558 -142.09957514 -142.02994595 -142.02796038 -141.94506931 -141.90885457 -141.86174371 -141.82941391 -141.82865955 -141.77215941 -141.36962008 -140.47165813 -139.89125434] 
4:[-572.89272866 -572.82150131 -572.80683274 -572.79217594 -572.78619482 -572.76598921 -572.7650081  -572.76303833 -572.75099375 -572.72266968 -572.68956264 -572.55689801 -572.35484114 -572.35351721 -572.21393913 -572.21377817 -572.18385696 -572.14777667 -572.14496676 -572.13710555 -572.05561798 -572.05380618 -572.05226929 -571.93280956 -571.93277414 -571.92892049 -571.86524757 -571.78776296 -571.78574698 -571.76787623 -571.32524056 -570.71523164 -570.7151189  -570.61444309 -570.33463965 -570.27538112 -569.78901063 -569.29858847] 
5:[-177.95721653 -177.94671181 -177.7444819  -177.74209701 -177.73903022 -177.73674245 -177.7223837  -177.60771917 -177.39815191 -177.39566188 -177.37998217 -177.33480717 -177.32166262 -177.23844877 -177.21346398 -177.21126427 -177.18358137 -177.18276952 -177.17853455 -177.17398464 -177.1738214  -177.15363536 -177.15290716 -177.14392432 -177.13697445 -177.13637259 -177.12905453 -177.10928866 -177.0650319  -177.04522614 -176.97145135 -176.84110108 -176.83063833 -176.79292526 -176.76532933 -176.30624376 -175.66619718 -174.82968697] 
6:[-201.75766909 -201.54611623 -201.54445316 -201.49985166 -201.49387653 -201.46636749 -201.46291821 -201.45479058 -201.42583823 -201.3991592 -201.39243901 -201.36003736 -201.35371604 -201.34977635 -201.32294402 -201.31357976 -201.30885644 -201.30113139 -201.3003416  -201.29443814 -201.28671184 -201.28471474 -201.26857167 -201.25256737 -201.22821544 -201.21138274 -201.21136991 -201.19137835 -201.18908052 -201.12693789 -201.12320834 -201.10847685 -200.94597357 -200.9413353  -200.92229268 -200.60106535 -200.56332634 -200.42004414] 
7:[-1297.31303949 -1297.21479431 -1297.11395048 -1297.10080395 -1297.09734487 -1297.0701862  -1297.06928574 -1297.05010047 -1297.0270046  -1296.99104732 -1296.94734601 -1296.87675728 -1296.85123036 -1296.84810537 -1296.8472012  -1296.83042769 -1296.82813136 -1296.77109125 -1296.70655642 -1296.61982782 -1296.5560653  -1296.52841176 -1296.52219135 -1296.51817126 -1296.49339457 -1296.41273117 -1296.2472264  -1296.21822887 -1296.21585158 -1296.20557163 -1296.16407801 -1295.97360592 -1295.84283111 -1295.79110667 -1295.78507128 -1295.46045818 -1295.28637911 -1295.27511749] 
8:[-1049.44802588 -1049.44540613 -1049.42700896 -1049.4097475 -1049.40801566 -1049.3896073  -1049.38879484 -1049.35199928 -1049.34007989 -1049.33584696 -1049.3332044  -1049.32605028 -1049.31420226 -1049.30762969 -1049.30495937 -1049.20870538 -1049.14128543 -1049.10901985 -1049.10253634 -1049.09974471 -1048.94507732 -1048.94046449 -1048.93515711 -1048.92811131 -1048.9090554  -1048.90537236 -1048.85578149 -1048.82169625 -1048.76336471 -1048.7093378  -1048.65538904 -1048.64882144 -1048.64727807 -1048.63399304 -1048.62405949 -1048.34318038 -1048.17100224 -1047.96673   ] 
9:[-112.91670198 -112.91475742 -112.5009877  -111.81030166 -111.75595312 -111.52792897 -111.47547857 -111.35964254 -111.34851569 -111.26166137 -111.25901383 -111.18109278 -111.0284176  -111.02740784 -111.00296806 -110.91629156 -110.67241385 -110.66891986 -110.65630346 -110.65415407 -110.64849132 -110.61294455 -110.58456762 -110.578199   -110.50417222 -110.50414169 -110.50094912 -110.39546718 -110.28862155 -110.26798606 -110.26784902 -110.26781409 -110.00352005 -110.00244662 -109.90026873 -109.86100277 -109.71969155 -109.37651272] 
10:[-352.61898567 -352.61632203 -352.61232384 -352.55707089 -352.55470783 -352.55386873 -352.54603599 -352.53784981 -352.52787854 -352.4734995 -352.47238622 -352.46742928 -352.42489675 -352.41843125 -352.40528317 -352.39044928 -352.38477697 -352.34808055 -352.34565164 -352.31387078 -352.3127307  -352.2593093  -352.21822609 -352.19880046 -352.18261174 -352.10392799 -352.09984651 -352.09116061 -352.0858013  -352.08483093 -351.89380454 -351.7960353  -351.68230452 -351.50084893 -351.49172689 -351.45837034 -351.45691981 -351.20687094] 
11:[-1221.37171772 -1221.30317623 -1221.29787379 -1221.28076178 -1221.27404578 -1221.25796188 -1221.2494684  -1221.22968843 -1221.21121491 -1221.20846049 -1221.18054644 -1221.16369323 -1221.06628137 -1221.04345441 -1221.01834813 -1221.00957455 -1220.97086228 -1220.82619031 -1220.77605525 -1220.7739623 -1220.76563392 -1220.75798459 -1220.73493329 -1220.68051396 -1220.63145162 -1220.54330919 -1220.49168296 -1220.35082394 -1220.34621311 -1220.19262682 -1220.17904246 -1220.07892394 -1220.072892   -1220.07283189 -1219.74354048 -1219.73912856 -1219.58439034 -1219.25431058] 
12:[-925.40375188 -925.21518847 -925.21509116 -925.21345908 -925.21322395 -925.21131459 -925.20883351 -925.20651002 -925.17425893 -925.15104294 -924.96691994 -924.96513354 -924.88301263 -924.87335174 -924.8728834 -924.87283586 -924.85326973 -924.8314019  -924.80746146 -924.78352392 -924.7431667  -924.6724879  -924.65819816 -924.60725264 -924.57838355 -924.43862451 -924.43600066 -924.41913494 -924.37665828 -924.358815 -924.29895866 -924.16354419 -924.10829169 -924.03597205 -923.62389561 -923.06811913 -922.90412721 -922.73689787] 
13:[-351.59589902 -351.58555958 -351.47874945 -351.39867696 -351.23441284 -350.75521493 -350.68408003 -350.62281123 -350.60347384 -350.60104044 -349.80346355 -349.52326027 -349.44686289 -349.39958819 -349.36918482 -349.35529414 -349.20418676 -348.74212543 -348.74112242 -348.74035452 -348.72656787 -348.71124124 -348.67033581 -348.66165864 -348.58802345 -348.58423228 -348.58072086 -348.52868058 -348.5032318  -348.48816832 -348.48188787 -348.45715942 -348.45069508 -348.31936313 -347.77340512 -347.63677863 -347.62670878 -347.26047359] 
14:[-547.0746184  -547.04253621 -547.04202655 -547.04053979 -546.9759288 -546.96298395 -546.96287556 -546.95860952 -546.95415413 -546.95407552 -546.8589207  -546.85832905 -546.85129583 -546.8393806  -546.8241712 -546.79318868 -546.76398108 -546.75880762 -546.74870672 -546.74611671 -546.74419195 -546.73489454 -546.72592011 -546.72540203 -546.72307712 -546.62695892 -546.62587505 -546.61825386 -546.61820547 -546.53026392 -546.49784381 -546.35482813 -546.35416014 -546.3538376  -546.31255998 -546.28679319 -546.24616956 -546.225256  ] 
15:[-288.41252315 -288.40290581 -288.27257133 -288.27108855 -288.23715661 -288.23316195 -288.22636059 -288.22590316 -288.22421256 -288.21924838 -288.21897596 -288.21590407 -288.20945985 -288.20798928 -288.20703831 -288.2017872  -288.20123237 -288.18431236 -288.12824154 -288.11332806 -287.94697547 -287.93314062 -287.93258298 -287.92878179 -287.92138812 -287.86117784 -287.84114061 -287.84004631 -287.83722752 -287.81792922 -287.77389518 -287.66442759 -287.66170276 -287.66156435 -287.5971531 -287.15921166 -286.25395464 -285.62923999] 
16:[-199.59357923 -199.58210534 -199.5718711  -199.54656843 -199.50564482 -199.47497871 -199.46693554 -199.46069794 -199.45733058 -199.45141139 -199.42358337 -199.41966891 -199.41912989 -199.4044998  -199.39558234 -199.39521476 -199.38056218 -199.37974267 -199.37846622 -199.36666762 -199.34320905 -199.31671088 -199.2622055  -199.2562646  -199.24266392 -199.23168564 -199.20664552 -199.20489551 -199.19475236 -199.17729315 -199.16285293 -199.04699198 -198.89293022 -198.87968267 -198.84816928 -198.7909912  -198.3913714  -197.67175379] 
17:[-254.05833216 -254.05791147 -254.05011874 -254.04908867 -254.02813121 -254.02426314 -254.0143145  -254.01002051 -254.00322458 -254.00170996 -253.99936286 -253.99766934 -253.95260311 -253.94917791 -253.94860976 -253.93634883 -253.93275838 -253.91385166 -253.8760162  -253.86766979 -253.86206333 -253.84501509 -253.84378509 -253.81461726 -253.78754724 -253.75345215 -253.75131299 -253.75023964 -253.62691139 -253.35397244 -253.02133605 -253.00779602 -253.00760928 -253.00442509 -253.00315057 -252.94390614 -252.20158377 -252.11449774] 
18:[-108.09618731 -108.09189082 -108.04823712 -108.00460743 -107.99060317 -107.96246341 -107.93547606 -107.92844738 -107.92828755 -107.9281702 -107.92025941 -107.91173837 -107.87708412 -107.86798169 -107.83497324 -107.75332156 -107.74586506 -107.74433479 -107.73633676 -107.72609495 -107.72343441 -107.71794021 -107.71349628 -107.70866797 -107.70486932 -107.70307014 -107.6994169  -107.69279438 -107.68434408 -107.66385126 -107.6408273  -107.61015714 -107.56809729 -107.51721963 -107.50986613 -107.41660055 -107.41070207 -107.25176482] 
19:[-146.0955659  -146.09437586 -146.04012782 -145.13972433 -145.1056517 -145.00287634 -144.92661544 -144.92507404 -144.90967259 -144.85433756 -144.85271785 -144.77938091 -144.64737746 -144.46823818 -144.46406908 -144.35488905 -144.23707688 -144.22132873 -144.18516616 -144.1814821 -144.12178074 -144.11576728 -144.08246234 -144.05959436 -143.85193815 -143.83126334 -143.47959117 -143.4766132  -143.41207894 -143.40465885 -143.38494632 -143.35871837 -143.34010798 -143.33282757 -142.95408341 -142.72869747 -142.66049049 -142.66047263] 
20:[-976.07435339 -976.07428689 -976.07394852 -975.91348011 -975.8974967 -975.89736703 -975.8967571  -975.89474289 -975.87019003 -975.87016788 -975.87014626 -975.87014412 -975.86531606 -975.80718174 -975.80580162 -975.8050581  -975.80338581 -975.79322957 -975.70467713 -975.70466892 -975.68935257 -975.68919019 -975.67029429 -975.63210996 -975.59918718 -975.41985244 -975.4069752  -975.32230888 -975.26784199 -975.26698858 -975.24714494 -975.19813169 -974.74398135 -974.71426349 -974.59130774 -974.39407839 -974.29415581 -974.0090396 ] 
21:[-99.81243067 -99.81167123 -99.80349296 -99.70621764 -99.70138465 -99.69909243 -99.66690067 -99.6328009  -99.56355091 -99.54107065 -99.52834648 -99.49256839 -99.47935324 -99.46900234 -99.46881841 -99.44770606 -99.44072453 -99.34517466 -99.34225767 -99.33062952 -99.32364759 -99.31563579 -99.30539534 -99.27991885 -99.26520975 -99.2458371  -99.22221043 -99.21500331 -99.21300963 -99.21109014 -99.16104665 -99.10730343 -98.80189745 -98.795146   -98.78014543 -98.77895964 -98.42404473 -98.30203341] 
22:[-575.94643027 -575.9336502  -575.93167111 -575.92636911 -575.91879362 -575.90168999 -575.89421709 -575.88389569 -575.88309797 -575.87502266 -575.86675755 -575.85574294 -575.82985733 -575.79858633 -575.74949053 -575.74567602 -575.73478676 -575.64697248 -575.58822007 -575.58766252 -575.56069022 -575.52584442 -575.41763228 -575.22392466 -575.21785553 -575.19092069 -575.17787798 -575.17187088 -575.1678669  -575.13795983 -574.96113726 -574.88466702 -574.88233437 -574.87341692 -574.77153413 -574.04135232 -572.74114016 -572.10491738] 
23:[-258.47514787 -258.47469479 -258.45877028 -258.31023685 -258.27038643 -258.26954858 -258.25600531 -258.22572289 -258.11292366 -258.07430626 -258.07377959 -258.06248393 -258.05618597 -258.05584162 -258.03941834 -258.03798055 -258.03119872 -258.02405198 -258.02304652 -258.00067399 -257.96901911 -257.96535702 -257.89577881 -257.77768865 -257.76213006 -257.76191237 -257.7587446  -257.75315716 -257.71230947 -257.70873891 -257.7054682  -257.70535621 -257.61427359 -257.32990213 -257.23275506 -257.19916007 -257.1254383  -257.04387652] 
24:[-138.16377774 -138.16327048 -138.14787509 -138.04018526 -138.01784305 -138.00637362 -138.00213978 -137.95413712 -137.9500176  -137.8927251 -137.85494108 -137.81960494 -137.77986345 -137.77645163 -137.77486427 -137.76002761 -137.74088023 -137.72718636 -137.68117133 -137.67216937 -137.65340638 -137.49109937 -137.47858852 -137.47747782 -137.40024307 -137.29029984 -137.24112569 -137.23972482 -137.19992278 -137.19830154 -137.00061784 -136.92793656 -136.92759756 -136.79107744 -136.71190959 -136.67554105 -135.99672672 -135.66851352] 
25:[-276.63392294 -276.57649663 -276.51263513 -276.51104329 -276.49900243 -276.48211694 -276.44114741 -276.4257666  -276.42562596 -276.39642355 -276.39172208 -276.39150802 -276.39140726 -276.3399303  -276.33953229 -276.31238632 -276.30988066 -276.30021565 -276.2944567  -276.28208913 -276.28200548 -276.2800732  -276.25533899 -276.24760225 -276.18762434 -276.09428731 -276.09398286 -276.09380542 -276.04680902 -275.99255248 -275.92806466 -275.91893292 -275.91821914 -275.91313064 -275.88009223 -275.72974102 -275.66066881 -275.08336713] 
26:[-420.85472189 -420.85456308 -420.85342571 -420.84420733 -420.83850556 -420.73945898 -420.73246432 -420.72101243 -420.62378647 -420.41572902 -420.40571157 -420.3992872  -420.30292773 -420.30244377 -420.25980071 -420.15300836 -420.09724561 -420.06525974 -419.96554663 -419.92669179 -419.90573455 -419.88806064 -419.77172776 -419.74050566 -419.70941304 -419.70938448 -419.70930656 -419.62564087 -419.57293494 -419.5719283 -419.56735606 -419.22800361 -419.21560776 -418.5388087  -418.52913052 -418.35989378 -418.35676298 -417.61253589] 
27:[-164.90585256 -164.82608125 -164.78599144 -164.7857933  -164.7695419 -164.6830813  -164.68109751 -164.68098227 -164.67871803 -164.66685991 -164.66665755 -164.64864802 -164.64186936 -164.61742061 -164.60850813 -164.60322215 -164.59128832 -164.57834558 -164.55379952 -164.51148099 -164.51005711 -164.50921655 -164.45570543 -164.3886449  -164.36983695 -164.26751838 -164.26056282 -164.25735378 -164.121234   -164.08117884 -164.03171432 -163.94936954 -163.85837578 -163.84573212 -163.81613251 -163.76971568 -163.22168527 -162.75927629] 
28:[-345.66852995 -345.43686154 -345.40038769 -345.36648124 -345.35539285 -345.34826982 -345.34750713 -345.34309744 -345.34083366 -345.24439965 -345.24420789 -345.22002244 -345.21549604 -345.1488597  -345.10896007 -345.09475826 -344.95062168 -344.94844579 -344.9484133  -344.94120242 -344.74926891 -344.57802301 -344.52971879 -344.52953411 -344.51699058 -344.51306708 -344.4992535  -344.49453459 -344.49106389 -344.45430681 -344.39210529 -344.07318815 -344.07277685 -344.02943721 -343.79889417 -343.34492498 -343.28766283 -343.20608971] 
29:[-362.42087652 -362.42040392 -362.41955146 -362.34819473 -362.22833878 -362.07217674 -361.87696047 -361.83365208 -361.83227509 -361.8292068 -361.81106641 -361.8089997  -361.74282034 -361.7307893  -361.60540743 -361.60527746 -361.55829635 -361.55114302 -361.53543142 -361.51432068 -361.51223807 -361.51222896 -361.46325838 -361.46266169 -361.45347495 -361.45011321 -361.3618278  -361.33879165 -361.32512008 -361.27647863 -361.27542032 -361.27263963 -361.17780468 -361.16863126 -361.16862607 -361.11191691 -360.68114616 -360.27686991] 
30:[-228.64860998 -228.64775571 -228.64757383 -228.55971034 -228.45649191 -228.45529515 -228.45523202 -228.45522833 -228.45398769 -228.42497028 -228.42344206 -228.40422575 -228.40148918 -228.36771429 -228.31637905 -228.28494145 -228.28452872 -228.27205859 -228.2656012  -228.24302372 -228.24280322 -228.17380883 -228.02241096 -227.97566559 -227.96328209 -227.87457046 -227.83481957 -227.83198451 -227.75620395 -227.57823241 -227.57799138 -227.57769585 -227.56524679 -227.36162574 -227.34957514 -227.0291851  -226.99027394 -226.74873866] 
31:[-950.57510964 -950.51463337 -950.50663527 -950.50571264 -950.50427853 -950.49870862 -950.46960459 -950.45567368 -950.41782992 -950.40282813 -950.38986408 -950.38950596 -950.38081775 -950.34187889 -950.30844004 -950.2833443  -950.28046652 -950.20081295 -950.19642877 -950.19070459 -950.17234999 -950.16732408 -950.113744   -950.08993829 -950.0801985 -949.930266   -949.84323437 -949.83934965 -949.64443645 -949.52245731 -949.51278502 -949.45508037 -949.45063366 -949.4505289  -949.2281317 -949.05896313 -948.47666908 -948.33610204] 
32:[-1361.77796116 -1361.76267441 -1361.75631281 -1361.75545736 -1361.75523605 -1361.74742066 -1361.73646781 -1361.7312624 -1361.730999   -1361.72992798 -1361.72925074 -1361.72915336 -1361.72904481 -1361.70469418 -1361.70317037 -1361.70066618 -1361.69785397 -1361.64033202 -1361.63213703 -1361.59371078 -1361.5750471  -1361.56971019 -1361.55202573 -1361.54767508 -1361.53385495 -1361.52681197 -1361.51615947 -1361.48857494 -1361.43496512 -1360.97376671 -1360.95523505 -1360.79576725 -1360.79038599 -1360.78994296 -1360.6586272  -1359.71866965 -1359.63434275 -1359.42848563] 
33:[-103.46352351 -103.44566792 -103.43887972 -103.43687762 -103.43576512 -103.42527178 -103.40362843 -103.40291503 -103.39928875 -103.39659862 -103.37603656 -103.37228794 -103.37204918 -103.371464   -103.33880485 -103.22846343 -103.15774965 -103.15699996 -103.14938326 -103.14657067 -103.14534787 -103.14107349 -103.02304917 -102.97164354 -102.9352426 -102.91937566 -102.91871902 -102.87189395 -102.8398663  -102.81592652 -102.8115354  -102.79389312 -102.76561307 -102.58000563 -102.57667395 -102.35260597 -101.53069952 -101.10702877] 
34:[-332.56699534 -332.55697723 -332.53183745 -332.32962842 -332.27288267 -332.22188305 -332.1099251  -332.09752929 -332.08080873 -332.07896722 -332.03295934 -331.60816202 -331.51286335 -331.51121033 -331.44762781 -331.3983212  -331.36888527 -331.33623031 -331.31517707 -331.05552657 -331.00465342 -330.97970701 -330.91772959 -330.8918028  -330.79861621 -330.59684295 -330.58689429 -330.55812056 -330.51352832 -330.41496705 -330.2666391  -330.26653164 -330.26235122 -330.2478999  -330.24350473 -330.14680045 -330.13120838 -330.01347498] 
35:[-710.79457972 -710.79370066 -710.79304119 -710.76020341 -710.68778659 -710.68648948 -710.67445669 -710.44845511 -710.39834169 -710.22243413 -710.14166666 -710.141147   -710.14062233 -710.08375423 -710.03293564 -710.02276313 -709.99002031 -709.9370625  -709.91776083 -709.91000973 -709.90337384 -709.83058402 -709.82777147 -709.82036363 -709.79981085 -709.79221595 -709.62893854 -709.59938878 -709.59929317 -709.48113924 -709.44721089 -709.38656318 -709.38303645 -709.38296085 -709.24888513 -709.04808996 -707.80349697 -707.2360232 ] 
36:[-451.69788631 -451.65642403 -451.64855384 -451.63058724 -451.61535955 -451.60490446 -451.54624242 -451.54352141 -451.53210385 -451.52780784 -451.52242141 -451.51312547 -451.4907803  -451.47933166 -451.47663412 -451.45853296 -451.45464043 -451.43071243 -451.40607138 -451.26503627 -451.2474679  -451.23691889 -451.23087591 -451.08726837 -451.02079408 -451.00902917 -450.98865385 -450.94107143 -450.848472   -450.76106181 -450.75761611 -450.50053785 -450.38203547 -450.37118229 -450.36825291 -449.73125921 -448.53099874 -448.10601683] 
37:[-1486.03710304 -1486.03636719 -1486.03526975 -1486.03026371 -1486.0297097  -1486.02197463 -1486.02076612 -1486.01995589 -1485.97755641 -1485.97342894 -1485.97335883 -1485.95306008 -1485.93307061 -1485.88147056 -1485.88122249 -1485.80614264 -1485.80052978 -1485.74445255 -1485.70029785 -1485.69689981 -1485.69347233 -1485.67191398 -1485.66895685 -1485.65731983 -1485.65278303 -1485.64271093 -1485.58653843 -1485.07557478 -1485.07161965 -1485.07075201 -1485.0081907  -1484.99645207 -1484.77105413 -1484.57935803 -1484.49506756 -1484.29975696 -1483.92765541 -1483.82445355] 
RANKING VECTORS IDX
0:[33.  0. 11. 32. 21. 31. 17. 22. 20. 36.  8. 23. 27.  9. 37.  2. 10.  7.  6. 12.  5. 15. 25. 26.  4. 34. 35. 29. 24.  3. 30. 16. 14.  1. 19. 13. 28. 18.] 
1:[ 1.  9. 24.  7. 19.  3. 23.  6. 21. 37. 10.  2. 11.  4. 25. 36. 26. 20. 35. 29. 28. 18. 27. 13. 16. 30. 12. 34. 14. 31. 22. 17. 33. 32.  8. 15.  5.  0.] 
2:[ 2. 10. 21. 37. 25. 22. 11. 31. 23. 24.  6. 26. 19.  4.  1. 28. 36.  8. 20. 13.  9. 27.  7. 29. 35. 34. 18.  3. 33. 12. 14. 16. 30.  5. 32. 15. 17.  0.] 
3:[ 1. 19. 24.  2. 10.  8.  3. 20. 27. 25.  6. 36. 21. 22. 33. 11. 32. 31. 17. 12. 23.  0.  7. 37. 34.  9.  4. 29. 35. 26.  5. 14. 16. 30. 15. 13. 28. 18.] 
4:[13. 26. 18.  4. 24. 21. 23. 22. 31. 37.  6. 28.  1. 25. 16. 14. 30. 10.  2. 12. 11. 27. 33.  8. 20. 36. 19. 34. 29. 35.  3. 15.  5.  7. 17. 32.  9.  0.] 
5:[ 5. 15. 22. 32. 21. 17. 31.  1. 34. 35. 29.  0. 20.  9. 19.  4.  2. 10. 30. 14. 37. 36.  8. 16. 26.  7. 25. 33. 11. 23.  6. 27. 12. 24.  3. 13. 28. 18.] 
6:[ 6. 20.  9.  7. 25.  2. 10. 11. 12. 26.  4. 22.  3. 21. 36. 34. 13. 35. 23. 29. 24. 33. 19.  8.  1. 30. 16. 14. 37. 27. 28. 18. 32. 17. 31. 15.  5.  0.] 
7:[11.  7. 21. 37.  2. 10. 23. 25. 26. 24.  4. 27. 36. 20.  8.  1.  6. 13. 18. 28. 33. 22. 34. 29. 35. 31.  3. 30. 16. 14. 12.  9. 19. 17. 32.  0. 15.  5.] 
8:[36.  8. 20. 35. 34. 10.  2. 23. 37. 21. 25. 11. 29. 27.  4. 24. 13. 30. 14. 16.  3.  6. 19. 26. 12.  9. 31. 33. 22. 28.  7. 32. 17. 15.  5. 18.  0.  1.] 
9:[ 9.  7. 23. 21. 32.  1. 24. 15.  5.  6. 11. 20. 19. 35.  3. 13. 34. 17. 26.  4. 22. 29.  8. 25.  2. 10. 36. 31. 12. 14. 30. 16. 28. 27.  0. 33. 37. 18.] 
10:[ 2. 11. 10. 25. 21. 22. 31. 23. 37.  8. 20. 36. 34. 29. 24. 35.  6. 27.  4. 13.  9.  7. 26. 19.  3. 16. 14. 28. 30.  1. 33. 12. 18.  5. 15. 32. 17.  0.] 
11:[11.  8. 21. 20. 36. 37. 23.  2.  7. 25. 10. 33. 24. 26.  6.  4. 27. 31. 22.  3.  1. 34. 29. 35. 12.  9.  0. 32. 17. 13. 19. 14. 16. 30.  5. 15. 28. 18.] 
12:[12. 20.  8. 21. 31. 32. 17. 22. 36.  6. 15.  5. 33. 14. 16. 30. 27.  2.  9. 23.  1.  3.  4.  0. 26. 29. 35. 25. 24. 13. 34. 37. 10. 11.  7. 28. 19. 18.] 
13:[26.  4. 13.  1. 24. 18.  9.  6. 21. 23. 28. 19. 10. 25.  2.  7. 33.  3. 17. 34. 32. 22. 31. 11. 14. 16. 30. 27. 29. 36. 35. 20.  8. 12. 37.  5. 15.  0.] 
14:[ 6.  2. 10. 12. 26. 30. 14.  9. 23. 16. 21. 22. 13. 37. 31. 33. 27. 36. 11.  7.  8. 20.  5.  4. 15. 24. 17. 32. 25.  3. 19. 35. 29. 34. 28. 18.  1.  0.] 
15:[11.  0. 36.  8. 33.  7. 10.  5. 32. 31.  2. 22. 17. 21. 20. 15. 37. 23. 26. 12.  4. 14. 25. 30. 16.  6. 34. 35.  9. 29. 27. 19. 24.  1.  3. 13. 28. 18.] 
16:[ 8. 36. 27. 11. 37. 20.  7. 23. 10. 33. 34. 29. 35. 12. 16. 25. 31. 22. 30. 14.  6.  9.  4. 17. 32. 26. 19. 24. 21.  1.  2.  3. 15.  5.  0. 13. 28. 18.] 
17:[22. 32. 31. 17. 33. 11.  2. 23. 10.  7. 21. 37. 34. 36. 29.  8. 20. 35. 24.  3. 27.  0. 12. 26. 25.  6.  1. 19.  9.  4. 15. 16. 30.  5. 14. 13. 28. 18.] 
18:[33. 18. 26. 27.  7.  9. 24.  8. 35. 34. 29.  6. 13. 11. 36.  4. 20. 31. 21. 14. 22. 23. 30. 37.  2. 12. 10. 28.  1. 16. 19.  3. 25. 15.  5. 17. 32.  0.] 
19:[ 3. 19.  1.  7. 26.  4. 10.  2. 11. 37. 21.  6. 28. 24. 25. 23.  9. 27. 35. 29. 13. 33. 18. 12. 22. 31.  8. 20. 34. 36. 32. 17.  5. 15.  0. 14. 16. 30.] 
20:[10.  2. 12.  6.  8. 36. 20. 11. 30. 16. 14. 23. 26. 21. 31. 37.  7. 22. 32. 17. 15.  5. 27. 33.  4. 13. 25.  3. 34. 29. 35. 24.  1.  0. 28. 18.  9. 19.] 
21:[22. 21. 37.  2. 10.  7.  9. 24. 27. 25. 23. 11.  4.  8. 20.  6. 36.  3. 14. 26. 12. 31. 30. 13. 16.  1. 34. 33. 35. 29. 19. 28. 15.  5. 32. 17. 18.  0.] 
22:[33. 23.  2.  7. 37. 21. 31. 11. 22. 17. 32.  0. 20. 12.  8. 36. 10.  6. 26. 34. 35. 29. 27.  1. 19. 24.  3.  9.  5. 15.  4. 30. 14. 16. 25. 13. 28. 18.] 
23:[37. 21. 23.  6. 10.  2.  7. 24. 25. 11. 27. 33. 22. 31.  8. 13. 12.  4. 20. 34. 36. 26.  3.  1. 19. 17. 35. 29. 32. 16. 14. 30.  9.  5. 15.  0. 18. 28.] 
24:[36.  8. 20. 24. 11. 21. 37. 10.  2. 33. 23. 25.  3. 26.  7. 27.  6. 12. 31. 22.  4. 34. 35. 29.  9.  1. 19. 17. 32.  0. 14. 16. 30.  5. 15. 13. 28. 18.] 
25:[25.  6.  2. 10. 11. 27.  7.  9.  4. 36.  8. 20. 23. 22. 31. 21. 37. 26. 12. 16. 30. 14.  3. 24. 33. 35. 34. 29. 13.  0. 15.  5. 32. 17. 19.  1. 28. 18.] 
26:[21. 22. 37. 31. 23. 26.  4. 13. 24.  6.  1. 18.  2. 10. 11. 28. 25.  9. 27. 36. 20.  8. 19. 12. 16. 30. 14.  7. 34. 29. 35.  3. 33. 15.  5. 32. 17.  0.] 
27:[27. 11.  8. 36. 20.  2.  7. 10. 12. 21. 37. 23.  6. 33. 22. 31. 14. 30. 16. 35. 29. 34. 25.  9.  4. 17. 32. 26. 24. 13.  1. 19.  0.  3.  5. 15. 28. 18.] 
28:[25. 13. 28. 23. 37. 22. 21. 11. 31. 10.  2. 27.  4.  1. 24.  6. 14. 16. 30. 26. 18. 19. 36.  8. 12. 20. 34. 29. 33. 35.  3.  5. 15.  7.  0. 32. 17.  9.] 
29:[34. 35. 29. 27. 20. 13.  3. 19. 26.  4.  1.  7.  6. 24. 10.  2. 33. 25. 11. 16. 30. 14. 36.  8. 12. 23. 21. 32.  9. 31. 22. 17.  0. 15.  5. 37. 28. 18.] 
30:[10. 12.  2.  6. 26. 16. 23. 30. 14.  5. 15.  8. 20. 36.  7. 21. 22. 31. 33. 17. 32.  1. 27. 13.  4. 25. 19.  3.  0. 35. 24. 29. 34. 37. 11. 28.  9. 18.] 
31:[11. 21. 22. 32. 17. 31.  7. 27. 33.  9.  2. 37. 10. 23. 25. 36. 34. 20.  3.  0. 29. 26. 24. 35. 12.  6.  8.  4. 19. 15.  5. 14. 16. 30. 13.  1. 28. 18.] 
32:[ 7. 21. 37.  2. 10. 25. 11. 31. 32. 17. 33. 23. 22. 36.  0.  8. 20. 34. 29. 35. 12. 24. 26.  6. 19.  9.  3.  4. 27. 15.  5. 14. 16. 30. 13. 28. 18.  1.] 
33:[11. 20. 36.  8. 23. 12. 31. 22. 33. 37. 21.  2. 10. 27.  7. 25. 29. 35.  6. 34. 32. 17. 26.  4. 14. 16. 30.  0. 24.  9.  1. 19.  3. 15.  5. 13. 28. 18.] 
34:[34. 29. 35. 11. 24. 27. 22.  1. 37. 21.  7.  9.  3. 32.  8. 20. 36. 19.  6.  2. 10. 25. 33. 31. 23. 13. 26. 17.  4. 12. 16. 30.  0. 18. 14. 15.  5. 28.] 
35:[34. 29. 35. 27. 11. 36. 20. 24. 13.  7.  4.  3. 26. 21.  0. 32. 33.  1. 31. 17. 22.  2. 10. 25. 12.  6. 23.  5. 15.  8. 19. 16. 14. 30.  9. 37. 28. 18.] 
36:[23. 11.  7. 36.  2. 37. 22. 31.  8. 21. 33. 10. 20. 17. 32. 12. 25.  0. 26.  6. 35. 29. 34. 27. 19.  1.  9.  3. 24. 15.  5.  4. 14. 16. 30. 13. 28. 18.] 
37:[22. 21. 31. 23. 11.  7.  2. 37. 36. 33.  8. 20. 12. 32. 17. 26.  4. 27.  0. 25.  6. 29. 34. 35.  3. 24. 10. 14. 16. 30.  5. 15. 13. 19.  9.  1. 28. 18.] 
POSCARS
EA306   4.039  4.046  4.046 60.87 118.92 118.92 Sym.group:  227
1.0
   4.0386030000000002    0.0495900000000000    0.0339720000000000
  -1.9998830000000001    3.5173980000000000   -0.0254670000000000
  -1.9990310000000000    1.1536679999999999    3.3234450000000000
Be Al
4 2
direct
   0.8681640000000000    0.6190000000000000    0.1254580000000000 Be
   0.8676220000000000    0.1187650000000000    0.1254190000000000 Be
   0.8680710000000000    0.1190220000000000    0.6255110000000000 Be
   0.3679430000000000    0.1192270000000000    0.1256190000000000 Be
   0.2434810000000000    0.7448620000000000    0.7513580000000000 Al
   0.4924800000000000    0.4931520000000000    0.4996470000000000 Al
EA145   5.959  2.427  2.427 89.86 78.32 78.32 Sym.group:  141
1.0
   5.9586899999999998   -0.0047310000000000   -0.0069140000000000
   0.4931810000000000    2.3764759999999998   -0.0035760000000000
   0.4939800000000000   -0.0929830000000000    2.3744980000000000
C B
4 2
direct
   0.9645359999999999    0.7461320000000000    0.6428100000000000 C
   0.6036820000000001    0.4260490000000000    0.3227530000000000 C
   0.1036820000000000    0.6751250000000000    0.0736340000000000 C
   0.4645370000000000    0.9952240000000000    0.3937210000000000 C
   0.2841100000000000    0.0862570000000000    0.9825610000000000 B
   0.7841080000000000    0.3350040000000000    0.7339070000000000 B
EA106   2.721  8.415  2.722 90.00 60.00 90.00 Sym.group:  164
1.0
   2.7214619999999998   -0.0008370000000000    0.0005190000000000
   0.0026800000000000    8.4150690000000008   -0.0454450000000000
   1.3602520000000000    0.0124400000000000    2.3574600000000001
Al N
4 2
direct
   0.2385610000000000    0.0728040000000000    0.8357420000000000 Al
   0.2384240000000000    0.5728070000000000    0.8359070000000000 Al
   0.9051470000000000    0.8399500000000000    0.5026250000000000 Al
   0.5719030000000001    0.3056610000000000    0.1691090000000000 Al
   0.9051620000000000    0.4402660000000000    0.5024880000000000 N
   0.5717560000000000    0.7053490000000000    0.1693020000000000 N
EA108   4.370  4.368  4.777 116.47 116.31 89.90 Sym.group:  119
1.0
   4.3656459999999999   -0.1111660000000000   -0.1632580000000000
   0.1116160000000000    4.3628499999999999   -0.1918640000000000
  -2.0231180000000002   -1.9095640000000000    3.8830570000000000
P Al
4 2
direct
   0.4720830000000000    0.1336410000000000    0.5780630000000000 P
   0.0340730000000000    0.1856500000000000    0.6961150000000000 P
   0.7261060000000000    0.8804810000000000    0.0775890000000000 P
   0.4203440000000000    0.5712270000000000    0.4589760000000000 P
   0.1554340000000000    0.8012910000000000    0.9330580000000001 Al
   0.8058620000000000    0.4520470000000000    0.2231030000000000 Al
EA22    3.623  3.622  3.035 90.00 89.99 89.99 Sym.group:  115
1.0
   3.6225470000000000   -0.0005760000000000   -0.0004290000000000
   0.0015030000000000    3.6220400000000001    0.0000630000000000
   0.0010300000000000    0.0001050000000000    3.0352579999999998
F Be
4 2
direct
   0.0767780000000000    0.2523450000000000    0.4226600000000000 F
   0.5751120000000000    0.7529140000000000    0.4228110000000000 F
   0.5766380000000000    0.2527770000000000    0.9105930000000000 F
   0.0749250000000000    0.7521630000000000    0.9106700000000000 F
   0.8259540000000000    0.0027230000000000    0.1676410000000000 Be
   0.3260260000000000    0.5027480000000000    0.1659550000000000 Be
EA101   4.973  2.881  2.881 60.02 106.83 90.00 Sym.group:  216
1.0
   4.9729789999999996   -0.0128860000000000    0.0208210000000000
   0.0075870000000000    2.8809380000000000    0.0193110000000000
  -0.8402300000000000    1.4257979999999999    2.3580739999999998
B Be
4 2
direct
   0.1339030000000000    0.0910250000000000    0.3194680000000000 B
   0.0083030000000000    0.4663170000000000    0.5689680000000000 B
   0.6339060000000000    0.5917030000000000    0.3190760000000000 B
   0.5083040000000000    0.9668330000000001    0.5686690000000000 B
   0.2576600000000000    0.7162290000000000    0.0688290000000000 Be
   0.7576600000000000    0.2170040000000000    0.0683800000000000 Be
EA111   3.236  3.237  5.251 90.00 89.97 90.07 Sym.group:  129
1.0
   3.2318790000000002    0.1610350000000000   -0.0001510000000000
  -0.1651230000000000    3.2331690000000002   -0.0001870000000000
   0.0031780000000000    0.0001310000000000    5.2509680000000003
S H
4 2
direct
   0.2506650000000000    0.4236970000000000    0.9715620000000000 S
   0.7505370000000000    0.9237060000000000    0.0266950000000000 S
   0.7514900000000000    0.4243500000000000    0.4989990000000000 S
   0.2516750000000000    0.9243630000000000    0.4992380000000000 S
   0.2474780000000000    0.4244220000000000    0.2265860000000000 H
   0.7491930000000000    0.9242580000000000    0.7716690000000000 H
EA245   2.756  2.760  9.889 89.42 89.55 60.44 Sym.group:  164
1.0
   2.7560820000000001    0.0319560000000000   -0.0118030000000000
   1.3335140000000001    2.4164479999999999   -0.0159130000000000
   0.1186720000000000    0.1132730000000000    9.8880549999999996
Mg F
4 2
direct
   0.6586740000000000    0.6653770000000000    0.9846890000000000 Mg
   0.3263440000000000    0.3332300000000000    0.7689450000000000 Mg
   0.9926350000000000    0.9988410000000000    0.1984740000000000 Mg
   0.9947490000000000    0.0000650000000000    0.5550610000000000 Mg
   0.6612960000000000    0.6669730000000000    0.4581970000000000 F
   0.3259590000000000    0.3318840000000000    0.2953680000000000 F
EA158   3.539  5.121  3.456 90.01 89.96 70.96 Sym.group:  139
1.0
   3.5373690000000000    0.1068990000000000   -0.0073920000000000
   1.5233939999999999    4.8895549999999997    0.0013210000000000
   0.0100000000000000   -0.0044000000000000    3.4557630000000001
Na F
4 2
direct
   0.2037140000000000    0.2404590000000000    0.0741140000000000 Na
   0.4570020000000000    0.7556710000000000    0.5743930000000000 Na
   0.7038250000000000    0.2402140000000000    0.5741230000000000 Na
   0.9573600000000000    0.7551410000000000    0.0743960000000000 Na
   0.5805080000000000    0.4979010000000000    0.0742220000000000 F
   0.0805040000000000    0.4978530000000000    0.5742310000000000 F
EA212   2.440  2.440  5.571 90.01 102.64 120.00 Sym.group:  166
1.0
   2.4392849999999999   -0.0288540000000000    0.0207810000000000
  -1.1944930000000000    2.1270989999999999   -0.0157260000000000
  -1.2733449999999999   -0.6758780000000000    5.3813849999999999
C H
4 2
direct
   0.1917260000000000    0.8676440000000000    0.2230850000000000 C
   0.3783170000000000    0.9604640000000000    0.5025030000000000 C
   0.7994750000000000    0.1716290000000000    0.1349180000000000 C
   0.7706320000000000    0.6565080000000000    0.5907210000000001 C
   0.6670070000000000    0.1047540000000000    0.9354640000000000 H
   0.9031800000000000    0.7233660000000000    0.7901250000000000 H
EA119   2.428  2.430  8.228 90.66 89.69 119.95 Sym.group:  164
1.0
   2.4275869999999999    0.0083930000000000    0.0036710000000000
  -1.2204649999999999    2.1016170000000001   -0.0004920000000000
   0.0318000000000000   -0.0888400000000000    8.2274510000000003
Li F
4 2
direct
   0.3402420000000000    0.6727370000000000    0.5363160000000000 Li
   0.6687000000000000    0.3199710000000000    0.7728030000000000 Li
   0.0023600000000000    0.0061590000000000    0.2998380000000000 Li
   0.3353360000000000    0.6627130000000000    0.0363190000000000 Li
   0.0020130000000000    0.9908480000000000    0.9037940000000000 F
   0.6687920000000001    0.3346540000000000    0.1688510000000000 F
EA98    2.876  9.751  2.869 90.00 89.93 89.99 Sym.group:  129
1.0
   2.8757359999999998   -0.0051450000000000   -0.0089930000000000
   0.0183610000000000    9.7506880000000002    0.0108220000000000
   0.0125810000000000   -0.0034380000000000    2.8693240000000002
Mg Cl
4 2
direct
   0.9208140000000000    0.2272890000000000    0.0734680000000000 Mg
   0.4206840000000000    0.4102300000000000    0.5721940000000000 Mg
   0.4200210000000000    0.7713280000000000    0.5733750000000000 Mg
   0.9203270000000000    0.5883860000000000    0.0721650000000000 Mg
   0.4207050000000000    0.1002610000000000    0.5742780000000000 Cl
   0.9201350000000000    0.8983690000000000    0.0741970000000000 Cl
EA20    5.012  4.055  4.063 60.49 89.93 89.92 Sym.group:  194
1.0
   5.0123040000000003   -0.0093770000000000   -0.0066060000000000
   0.0130900000000000    4.0520849999999999    0.1460780000000000
   0.0131050000000000    1.8731380000000000    3.6059800000000002
Na S
4 2
direct
   0.8387450000000000    0.7536230000000000    0.8780810000000000 Na
   0.0890720000000000    0.0868620000000000    0.2101650000000000 Na
   0.3387800000000000    0.7537020000000000    0.8780900000000000 Na
   0.5888230000000000    0.4204910000000000    0.5459800000000000 Na
   0.0888340000000000    0.4208440000000000    0.5452210000000000 S
   0.5889980000000000    0.0864750000000000    0.2109880000000000 S
EA99    3.368  3.843  3.426 89.99 89.99 90.00 Sym.group:  136
1.0
   3.3675639999999998   -0.0002350000000000    0.0011500000000000
   0.0002140000000000    3.8429650000000000    0.0034150000000000
  -0.0007610000000000   -0.0024030000000000    3.4259650000000001
O C
4 2
direct
   0.7609350000000000    0.0002610000000000    0.7413230000000000 O
   0.2380320000000000    0.0002750000000000    0.2601110000000000 O
   0.7380230000000000    0.5002590000000000    0.2413470000000000 O
   0.2609680000000000    0.5002750000000000    0.7601480000000000 O
   0.4994710000000000    0.5002740000000000    0.0007650000000000 C
   0.9994880000000000    0.0002740000000000    0.5006590000000000 C
EA168   2.927  2.934  2.936 119.80 119.82 60.17 Sym.group:  225
1.0
   2.9270330000000002    0.0009150000000000   -0.0024200000000000
   1.4588749999999999    2.5459960000000001   -0.0133070000000000
  -1.4577869999999999   -0.8335560000000000    2.4080309999999998
H Mg
2 1
direct
   0.2414280000000000    0.2591850000000000    0.7521780000000000 H
   0.7405220000000000    0.7608030000000000    0.2503810000000000 H
   0.4911600000000000    0.5097980000000000    0.5012360000000000 Mg
EA87    3.259  3.262  4.800 90.00 90.00 90.02 Sym.group:  216
1.0
   3.2589910000000000    0.0060430000000000    0.0105240000000000
  -0.0072080000000000    3.2618909999999999   -0.0027240000000000
  -0.0153590000000000    0.0038780000000000    4.7995640000000002
Be Si
4 2
direct
   0.9953040000000000    0.5055120000000000    0.7497310000000000 Be
   0.4953100000000000    0.0055240000000000    0.2497090000000000 Be
   0.9953700000000000    0.0055030000000000    0.9996100000000000 Be
   0.4953940000000000    0.5054820000000000    0.4996110000000000 Be
   0.9954280000000000    0.5055390000000000    0.2494980000000000 Si
   0.4953990000000000    0.0055100000000000    0.7495370000000000 Si
EA44    3.469  3.470  3.470 119.99 60.00 120.00 Sym.group:  225
1.0
   3.4694870000000000   -0.0028780000000000    0.0012850000000000
  -1.7321599999999999    3.0064050000000000   -0.0070530000000000
   1.7327619999999999   -0.9967580000000000    2.8358989999999999
Si Be
2 1
direct
   0.7492160000000000    0.2591080000000000    0.7515090000000000 Si
   0.2492550000000000    0.7591900000000000    0.2514450000000000 Si
   0.4991990000000000    0.5091010000000000    0.5014100000000000 Be
EA74    3.655  3.657  1.926 90.05 90.08 60.02 Sym.group:  191
1.0
   3.6545459999999999    0.0004050000000000    0.0037630000000000
   1.8268200000000001    3.1676470000000001    0.0016460000000000
  -0.0048170000000000   -0.0001030000000000    1.9256740000000001
Li Be
2 1
direct
   0.6632400000000001    0.6736529999999999    0.8998159999999999 Li
   0.3298900000000000    0.3403670000000000    0.9107930000000000 Li
   0.9965790000000000    0.0069960000000000    0.4045530000000000 Be
EA39    3.469  3.452  3.449 89.98 90.02 90.05 Sym.group:  224
1.0
   3.4685589999999999    0.0170140000000000    0.0090690000000000
  -0.0197140000000000    3.4517449999999998   -0.0015360000000000
  -0.0102770000000000    0.0028630000000000    3.4491070000000001
H S
4 2
direct
   0.4984280000000000    0.0047170000000000    0.0021610000000000 H
   0.0097970000000000    0.4906150000000000    0.9968230000000000 H
   0.9883110000000001    0.9979440000000001    0.5040350000000000 H
   0.4995720000000000    0.5118690000000000    0.4957120000000000 H
   0.2493610000000000    0.2497720000000000    0.2526540000000000 S
   0.7488380000000000    0.7497630000000000    0.7531140000000000 S
EA62    2.380  2.388  6.256 79.04 100.92 89.77 Sym.group:  119
1.0
   2.3784190000000001   -0.0988640000000000   -0.0110520000000000
   0.1089370000000000    2.3851599999999999    0.0185890000000000
  -1.1088220000000000    1.1941480000000000    6.0401990000000003
B N
4 2
direct
   0.5862280000000000    0.6640030000000000    0.8308030000000000 B
   0.1895110000000000    0.5605000000000000    0.0378220000000000 B
   0.2922660000000000    0.9581440000000000    0.2432320000000000 B
   0.9391910000000000    0.3110310000000000    0.5370160000000000 B
   0.5137830000000000    0.2360560000000000    0.6864610000000000 N
   0.8647020000000000    0.8852160000000000    0.3883680000000000 N
EA102   2.890  3.713  2.824 112.01 90.00 67.15 Sym.group:  139
1.0
   2.8898480000000002    0.0176440000000000    0.0036530000000000
   1.4211090000000000    3.4304070000000002   -0.0369890000000000
   0.0037030000000000   -1.1194560000000000    2.5931730000000002
Na O
2 1
direct
   0.2110190000000000    0.2481750000000000    0.7167980000000000 Na
   0.8983340000000000    0.8726470000000000    0.0298370000000000 Na
   0.5542540000000000    0.5603790000000000    0.3732810000000000 O
EA3     2.934  2.934  3.748 90.00 90.00 60.00 Sym.group:  164
1.0
   1.4671660000000000   -2.5409649999999999    0.0006470000000000
   2.9341309999999998    0.0001350000000000    0.0009950000000000
  -0.0011320000000000    0.0002090000000000    3.7480030000000002
Si B
2 1
direct
   0.6799550000000000    0.6571020000000000    0.2465980000000000 Si
   0.0132860000000000    0.9903729999999999    0.7841360000000001 Si
   0.3466210000000000    0.3237370000000000    0.5153670000000000 B
EA39    4.188  4.188  2.465 90.00 90.00 119.99 Sym.group:  164
1.0
   4.1873459999999998   -0.0735090000000000    0.0372440000000000
  -2.0293350000000001    3.6638690000000000   -0.0106340000000000
  -0.0220450000000000   -0.0048510000000000    2.4646110000000001
Al Mg
2 1
direct
   0.1512130000000000    0.0379630000000000    0.9054210000000000 Al
   0.4849510000000000    0.7045840000000000    0.5940380000000000 Al
   0.8181560000000000    0.3713890000000000    0.2504430000000000 Mg
EA106   3.025  4.985  5.176 70.10 90.00 90.00 Sym.group:  166
1.0
   3.0245259999999998    0.0026800000000000   -0.0019100000000000
  -0.0042900000000000    4.9852800000000004    0.0147680000000000
   0.0014330000000000    1.7469749999999999    4.8721019999999999
S P
4 2
direct
   0.8783670000000000    0.9777670000000001    0.0756110000000000 S
   0.3784180000000000    0.4240790000000000    0.0891870000000000 S
   0.3783810000000000    0.9783530000000000    0.5745110000000000 S
   0.8784030000000000    0.4234920000000000    0.5902880000000000 S
   0.8783960000000000    0.7017000000000000    0.8321300000000000 P
   0.3783880000000000    0.7001470000000000    0.3326680000000000 P
EA47    4.564  4.784  4.563 118.46 90.02 118.45 Sym.group:  141
1.0
   4.5638509999999997    0.0110940000000000    0.0069550000000000
  -2.2773629999999998    1.7283240000000000   -3.8363309999999999
  -0.0134930000000000    2.4733100000000001    3.8340670000000001
Al S
4 2
direct
   0.2585030000000000    0.3470760000000000    0.0911840000000000 Al
   0.1532640000000000    0.1390310000000000    0.4871980000000000 Al
   0.9038740000000000    0.6395970000000000    0.7366050000000000 Al
   0.5073970000000000    0.8465810000000000    0.8395690000000000 Al
   0.5807990000000000    0.9934160000000000    0.4128950000000000 S
   0.8312520000000000    0.4927560000000000    0.1631650000000000 S
EA336   3.045  7.279  3.026 101.88 119.23 78.02 Sym.group:  166
1.0
   3.0249340000000000    0.0433080000000000   -0.3473540000000000
   1.3960330000000001    7.1409180000000001   -0.1976450000000000
  -1.1645770000000000   -0.3305440000000000    2.7735150000000002
Li Cl
4 2
direct
   0.1821380000000000    0.2939250000000000    0.8247260000000000 Li
   0.7586370000000000    0.6209560000000000    0.2687180000000000 Li
   0.4704010000000000    0.4574310000000000    0.5465390000000000 Li
   0.9703900000000000    0.9574420000000000    0.0469170000000000 Li
   0.5740310000000000    0.1352850000000000    0.4385020000000000 Cl
   0.3667520000000000    0.7795930000000000    0.6550990000000000 Cl
EA249   2.946  8.359  2.946 89.90 90.00 90.00 Sym.group:  137
1.0
   2.9458820000000001    0.0006500000000000   -0.0004470000000000
  -0.0012380000000000    8.3589470000000006   -0.0185290000000000
   0.0004390000000000    0.0116050000000000    2.9458139999999999
Cl Be
4 2
direct
   0.9966600000000000    0.1938790000000000    0.4175250000000000 Cl
   0.4936380000000000    0.4696000000000000    0.9173249999999999 Cl
   0.4968560000000000    0.9695930000000000    0.9177710000000000 Cl
   0.9937290000000000    0.6938590000000000    0.4142680000000000 Cl
   0.9971340000000000    0.8317510000000000    0.9130120000000000 Be
   0.4967950000000000    0.3317620000000000    0.4183360000000000 Be
EA1     4.207  4.292  4.293 76.30 118.12 118.05 Sym.group:  140
1.0
   4.2061409999999997    0.0581750000000000    0.0642870000000000
  -2.0710540000000002    3.7589220000000001    0.0261960000000000
  -2.0814900000000001   -0.0120560000000000    3.7549709999999998
Al Be
4 2
direct
   0.4913470000000000    0.0015990000000000    0.3173720000000000 Al
   0.9915610000000000    0.3198040000000000    0.9990950000000000 Al
   0.6659389999999999    0.6802790000000000    0.9960450000000000 Al
   0.1660920000000000    0.9984980000000000    0.6776630000000000 Al
   0.0787070000000000    0.5031750000000000    0.4943260000000000 Be
   0.5788020000000000    0.4969260000000000    0.5008280000000001 Be
EA167   3.085  2.722  2.722 60.01 90.01 90.00 Sym.group:  187
1.0
   3.0848990000000001    0.0109750000000000    0.0148440000000000
  -0.0161190000000000    1.3773830000000000    2.3473910000000000
  -0.0068940000000000   -1.3450350000000000    2.3665600000000002
Be N
2 1
direct
   0.7478000000000000    0.3907110000000000    0.7725780000000000 Be
   0.2479880000000000    0.0550840000000000    0.4391980000000000 Be
   0.7479749999999999    0.0575690000000000    0.4390520000000000 N
EA27    2.333  2.301  3.424 90.00 90.15 90.26 Sym.group:  123
1.0
   2.3302950000000000    0.0645100000000000    0.0817550000000000
  -0.0740750000000000    2.3001550000000002    0.0009820000000000
  -0.1288650000000000   -0.0056870000000000    3.4215019999999998
O Li
2 1
direct
   0.8339070000000000    0.7590920000000000    0.9277170000000000 O
   0.8334940000000000    0.7587830000000000    0.5531030000000000 O
   0.3337660000000000    0.2583450000000000    0.2402960000000000 Li
EA11    3.427  3.431  3.430 90.36 60.24 60.28 Sym.group:  225
1.0
   3.4266120000000000   -0.0317030000000000   -0.0424470000000000
   1.7281290000000000    2.9634230000000001   -0.0160090000000000
   1.7277460000000000   -1.0175829999999999    2.7829730000000001
Li S
2 1
direct
   0.4931640000000000    0.2465900000000000    0.7460900000000000 Li
   0.4935140000000000    0.7451000000000000    0.2467130000000000 Li
   0.9934809999999999    0.9956820000000000    0.9965830000000000 S
EA26    4.230  4.233  2.093 90.10 90.07 60.03 Sym.group:  164
1.0
   4.2298330000000002   -0.0004340000000000    0.0018640000000000
   2.1148889999999998    3.6665070000000002    0.0023410000000000
  -0.0034870000000000   -0.0036120000000000    2.0927180000000001
Na Be
2 1
direct
   0.9995640000000000    0.3335670000000000    0.1344610000000000 Na
   0.6662490000000000    0.0002510000000000    0.2147930000000000 Na
   0.3329810000000000    0.6669119999999999    0.6838440000000000 Be
EA101   4.180  4.179  2.721 89.98 90.00 60.06 Sym.group:  191
1.0
   4.1797649999999997    0.0279380000000000    0.0059540000000000
   2.0619459999999998    3.6353819999999999    0.0041520000000000
  -0.0038960000000000   -0.0000370000000000    2.7208060000000001
Na Mg
2 1
direct
   0.7541830000000000    0.1782980000000000    0.7399900000000000 Na
   0.0875720000000000    0.5113799999999999    0.7390460000000000 Na
   0.4208390000000000    0.8448700000000000    0.2396090000000000 Mg
EA150   4.299  4.300  4.777 63.32 63.31 60.05 Sym.group:  155
1.0
   4.2992970000000001    0.0083500000000000    0.0025360000000000
   2.1394660000000001    3.7301720000000000    0.0004900000000000
   2.1403390000000000    1.2443050000000000    4.0848040000000001
Al Li
4 2
direct
   0.0352760000000000    0.8617240000000000    0.2463610000000000 Al
   0.2049710000000000    0.3628750000000000    0.7476520000000000 Al
   0.5338050000000000    0.6920080000000000    0.7445090000000000 Al
   0.8613170000000000    0.0355760000000000    0.7463109999999999 Al
   0.7021670000000000    0.5312610000000000    0.2403010000000000 Li
   0.3658670000000000    0.1950160000000000    0.2514690000000000 Li
EA50    2.405  2.405  5.130 90.22 89.76 89.92 Sym.group:  123
1.0
   2.4004249999999998   -0.1378860000000000   -0.0549340000000000
   0.1431240000000000    2.3994140000000002    0.0809830000000000
   0.1272830000000000   -0.2003350000000000    5.1243650000000001
N Cl
2 1
direct
   0.2564120000000000    0.8193400000000000    0.6487060000000000 N
   0.2596820000000000    0.8161380000000000    0.8615200000000000 N
   0.7586840000000000    0.3184270000000000    0.2550830000000000 Cl
EA119   2.503  2.508  3.672 90.06 90.09 90.31 Sym.group:  123
1.0
   2.5000599999999999    0.1120280000000000    0.0081620000000000
  -0.1259160000000000    2.5045850000000001    0.0049610000000000
  -0.0170730000000000   -0.0119300000000000    3.6721200000000001
O Na
2 1
direct
   0.0549750000000000    0.9411570000000000    0.9987670000000000 O
   0.0544740000000000    0.9405850000000000    0.3468100000000000 O
   0.5547620000000000    0.4406430000000000    0.6725710000000000 Na
EA109   3.530  3.628  6.249 90.01 73.84 90.00 Sym.group:  139
1.0
   3.5281129999999998   -0.0009740000000000   -0.1197560000000000
   0.0011450000000000    3.6279200000000000    0.0017790000000000
   1.9421860000000000   -0.0040730000000000    5.9393440000000002
Al Na
4 2
direct
   0.0117500000000000    0.4981200000000000    0.1499670000000000 Al
   0.5117510000000000    0.9981190000000000    0.1499680000000000 Al
   0.1610270000000000    0.9979960000000000    0.8489030000000000 Al
   0.6610250000000000    0.4979970000000000    0.8489030000000000 Al
   0.3360230000000000    0.4984780000000000    0.4994460000000000 Na
   0.8360300000000001    0.9984820000000000    0.4994530000000000 Na
EA45    2.654  2.653  6.757 90.06 89.82 119.94 Sym.group:  164
1.0
   2.6535030000000002   -0.0020020000000000   -0.0001750000000000
  -1.3221480000000001    2.2998230000000000   -0.0000800000000000
   0.0222630000000000    0.0043180000000000    6.7570769999999998
Mg Na
2 1
direct
   0.3478080000000000    0.3296290000000000    0.1550550000000000 Mg
   0.6755250000000000    0.9927930000000000    0.4791620000000000 Mg
   0.0057790000000000    0.6636500000000000    0.8170180000000000 Na
