NUMBER OF TEMPLATES 32
COMPOSITION A 3 B
pairs , SPACEGROUPS 
[Na H] , 164 
[Mg Na] , 123 
[C N] , 160 
[Mg Cl] , 187 
[Na Mg] , 123 
[P Si] , 139 
[Na S] , 194 
[Mg P] , 221 
[Al C] , 166 
[B H] , 166 
[S Li] , 229 
[Na Cl] , 123 
[Li N] , 194 
[Mg Be] , 123 
[Al S] , 123 
[Al Mg] , 221 
[Na O] , 176 
[Be Cl] , 129 
[Mg N] , 164 
[C P] , 164 
[S H] , 107 
[Mg S] , 148 
[C Li] , 191 
[Si Na] , 191 
[B C] , 107 
[Li Cl] , 160 
[Na Al] , 221 
[Na P] , 225 
[Al Li] , 139 
[Al N] , 156 
[Li Si] , 225 
[Si Li] , 191 
RANKING VECTORS ENTHALPIES
0:[-932.19868755 -932.19725423 -932.17401527 -932.15542073 -932.1474425 -932.14648832 -932.13270047 -932.12315576 -932.11681704 -932.10631296 -932.08248418 -931.96902452 -931.95939615 -931.82686151 -931.80634851 -931.80623399 -931.80618195 -931.8059014  -931.73204001 -931.72485756 -931.7238891  -931.72339623 -931.69673524 -931.66335334 -931.63655818 -931.57895541 -931.57057443 -931.56021901 -931.54739272 -931.49638605 -931.45324355 -930.98785179] 
1:[-1517.17343731 -1517.10252634 -1517.09814503 -1517.09684513 -1517.07290186 -1517.07264491 -1517.06981579 -1517.0635422 -1517.06179929 -1517.06128184 -1517.05929546 -1517.05718521 -1517.05691143 -1517.03358123 -1517.0287706  -1517.02254803 -1517.0188981  -1517.01681133 -1517.01045796 -1517.01009198 -1516.99561564 -1516.97834003 -1516.84423113 -1516.8422694 -1516.78617405 -1516.6670934  -1516.44976196 -1516.42429093 -1516.40423398 -1516.37040863 -1515.87441777 -1515.62115957] 
2:[-191.1443956  -190.82633843 -190.74923754 -190.45439594 -190.38886647 -189.66686882 -189.6551069  -189.48515608 -189.21132063 -189.18081183 -189.17837816 -189.17112792 -189.02584049 -189.01644647 -188.95972948 -188.89133698 -188.76106533 -188.61721606 -188.61717939 -188.41110965 -188.40670903 -188.28509683 -187.39849664 -187.39716059 -187.21041351 -187.18813091 -187.17328585 -187.17325958 -187.17032873 -186.82976218 -186.82973229 -186.82965859] 
3:[-1318.58285781 -1318.56630621 -1318.51091268 -1318.50786206 -1318.50778639 -1318.50149007 -1318.48338129 -1318.48325687 -1318.4787967  -1318.27132982 -1318.22165909 -1318.20728538 -1318.19704865 -1318.11137272 -1318.04038309 -1317.99484358 -1317.96673924 -1317.95180343 -1317.95150962 -1317.94059775 -1317.91602245 -1317.89685245 -1317.89267017 -1317.85327121 -1317.79961329 -1317.78837191 -1317.7636068  -1317.75559316 -1317.59036309 -1317.33315317 -1317.17684424 -1317.13091794] 
4:[-1330.70780934 -1330.70691427 -1330.7014092  -1330.70138959 -1330.69079726 -1330.66241902 -1330.66216363 -1330.65789498 -1330.65724536 -1330.64348622 -1330.63964121 -1330.63708627 -1330.63315481 -1330.625101   -1330.6205264  -1330.6199217 -1330.61244137 -1330.60897063 -1330.60876797 -1330.60815083 -1330.60798485 -1330.59097808 -1330.58754114 -1330.52850474 -1330.48069725 -1330.42651836 -1330.42304975 -1330.34561359 -1330.27052964 -1330.07151682 -1329.93002129 -1329.71664703] 
5:[-165.92932441 -165.92143852 -165.91889146 -165.90449    -165.79886214 -165.77507706 -165.75702945 -165.72829213 -165.7105673  -165.68214068 -165.67294513 -165.67043641 -165.66014748 -165.64610818 -165.62826569 -165.62778344 -165.62657229 -165.62525317 -165.62024513 -165.61817396 -165.61710757 -165.5528748  -165.53697399 -165.52835462 -165.50377257 -165.47235489 -165.46585803 -165.46585389 -165.46411489 -165.45426541 -165.31117408 -164.68558736] 
6:[-1003.47273365 -1003.45960613 -1003.31237553 -1003.31129043 -1003.30981831 -1003.30897511 -1003.29244358 -1003.23296735 -1003.19094579 -1003.18456918 -1003.17901585 -1003.17416469 -1003.1734284  -1003.1171889  -1003.07828154 -1003.07708471 -1003.07600978 -1003.07508288 -1003.04610681 -1002.8584046 -1002.78636033 -1002.76402531 -1002.74636112 -1002.72023412 -1002.66148768 -1002.52999249 -1002.50576098 -1002.47294728 -1002.38103229 -1002.26443677 -1001.9255045  -1001.29665114] 
7:[-1254.30673565 -1254.3058284  -1254.30087635 -1254.29995424 -1254.29141402 -1254.25742683 -1254.25705992 -1254.22332897 -1254.17020449 -1254.157181   -1254.09874731 -1254.08171083 -1254.0060159  -1253.9971508  -1253.97251531 -1253.94629736 -1253.93335283 -1253.9284565  -1253.92333987 -1253.918809 -1253.86689534 -1253.81915545 -1253.7587601  -1253.75745302 -1253.6818126  -1253.56705677 -1253.54114221 -1253.43110008 -1253.33609909 -1253.20898577 -1252.77482957 -1252.56062736] 
8:[-84.59368969 -84.49072422 -84.48408078 -84.47448147 -84.4423336 -84.42685207 -84.40027871 -84.39787751 -84.28075907 -84.23040464 -84.18454858 -84.1580825  -84.07989139 -84.07733743 -83.96696961 -83.73904683 -83.60749339 -83.60594299 -83.60583913 -83.60027277 -83.58572029 -83.55947645 -83.55475368 -83.55142097 -83.49475698 -83.47636502 -83.23801285 -83.14926109 -82.98674264 -82.90507525 -82.90506222 -81.57534817] 
9:[-61.90962396 -61.56956539 -61.55774543 -61.50138226 -61.48881218 -61.40975085 -61.38524303 -61.30671092 -61.30363801 -61.25565762 -61.2233761  -61.21222691 -61.18964047 -61.18848588 -61.18719428 -61.16219071 -61.15017948 -61.1441321  -61.13941525 -61.13013901 -61.12741312 -61.12741283 -61.11936794 -61.11764972 -61.11619689 -61.11216139 -61.0441187  -61.0381724  -61.00833705 -61.00815923 -60.97746619 -60.95757688] 
10:[-270.37968927 -270.3465322  -270.34518149 -270.30054811 -270.21449551 -270.16803354 -270.13025717 -270.03928025 -270.02737398 -270.02120067 -270.01566985 -270.01050849 -269.99605119 -269.96431872 -269.94683768 -269.94411924 -269.9281539  -269.91577795 -269.90204322 -269.83543138 -269.82631987 -269.82100922 -269.81857014 -269.80808682 -269.80272743 -269.78577653 -269.76774305 -269.76465626 -269.73674844 -269.72428014 -269.6405632  -269.6152976 ] 
11:[-1039.56431567 -1039.56234413 -1039.56156894 -1039.5308647 -1039.47559164 -1039.47544736 -1039.47479407 -1039.46409583 -1039.4433824  -1039.37557798 -1039.34499428 -1039.34276205 -1039.32626367 -1039.31922709 -1039.30410874 -1039.29513096 -1039.28078879 -1039.24399305 -1039.23860928 -1039.20325154 -1039.14639779 -1039.1462158  -1039.13744643 -1039.13420831 -1039.12353374 -1039.08606002 -1039.00380847 -1038.91194786 -1038.85019503 -1038.74594099 -1038.73234177 -1038.15657467] 
12:[-215.73916763 -215.73891341 -215.7386459  -215.73841678 -215.73618507 -215.73604549 -215.70992899 -215.51351043 -215.50885575 -215.46420657 -215.46416613 -215.37341234 -215.2583719  -215.22482408 -215.20940744 -215.20913174 -215.20492785 -215.20437322 -215.16836297 -215.16812382 -215.00591709 -214.83656397 -214.83233136 -214.81613016 -214.76225545 -214.68476783 -214.6495957  -214.64953292 -214.45132083 -214.43920736 -214.38281388 -213.79963711] 
13:[-1301.92496878 -1301.91924476 -1301.90597144 -1301.90465269 -1301.89943592 -1301.8993979  -1301.89929674 -1301.89516311 -1301.8951262  -1301.89046845 -1301.88834    -1301.84228603 -1301.8374012  -1301.83295134 -1301.8262203  -1301.82567492 -1301.80151687 -1301.76900535 -1301.74785625 -1301.73136294 -1301.72587504 -1301.55180394 -1301.48434942 -1301.4838023 -1301.27376564 -1301.23764434 -1301.22353829 -1301.20144328 -1300.99166158 -1300.8622248  -1300.80695236 -1300.03699485] 
14:[-118.22881578 -118.21935153 -118.21325583 -118.20917169 -118.09904557 -118.07304024 -118.05372223 -118.05313497 -118.020475   -118.01831518 -118.00818291 -117.98083276 -117.92973697 -117.88685473 -117.87573123 -117.8740456  -117.84502195 -117.83999907 -117.81881192 -117.81807665 -117.81797811 -117.70948106 -117.66764228 -117.64991865 -117.64718238 -117.62012019 -117.54742041 -117.47456098 -117.45212765 -117.44293131 -117.00352543 -116.81878279] 
15:[-446.68962113 -446.68459543 -446.67529853 -446.6749006  -446.66919831 -446.66458681 -446.654316   -446.64727334 -446.64087182 -446.63421775 -446.63270092 -446.60742293 -446.60189725 -446.57131811 -446.56391118 -446.55609224 -446.52789925 -446.51659854 -446.50966244 -446.46902579 -446.42060994 -446.41922211 -446.27293466 -446.01169548 -445.9868481 -445.93031715 -445.7526503  -445.68149999 -445.58196458 -445.55764891 -445.54820186 -444.98312033] 
16:[-1041.38621913 -1041.32603217 -1041.22170946 -1041.14888793 -1041.08527405 -1041.07177519 -1041.07056239 -1041.07036522 -1041.05824287 -1041.04845945 -1041.03429076 -1041.02036869 -1041.01959188 -1041.01921602 -1040.97547293 -1040.9585481 -1040.91298861 -1040.89624638 -1040.88279049 -1040.875691 -1040.87057082 -1040.73662147 -1040.69978193 -1040.67591818 -1040.65326268 -1040.59550098 -1040.42418418 -1040.4205874 -1040.37701962 -1040.29886678 -1039.88472203 -1039.55707681] 
17:[-393.32126511 -392.77873379 -392.72192415 -392.70181951 -392.66772902 -392.66017123 -392.63978352 -392.63851244 -392.63829067 -392.58359086 -392.54175721 -392.53937579 -392.53658198 -392.47832567 -392.43735934 -392.42060596 -392.41636721 -392.32581378 -392.31504861 -392.31328447 -392.28537937 -392.28516139 -392.24677018 -392.24367737 -392.03092688 -392.03088959 -392.02624282 -392.02614969 -391.94807962 -391.94645247 -391.65755311 -391.50003643] 
18:[-1278.47996304 -1278.43210169 -1278.42741413 -1278.42269661 -1278.42265518 -1278.3110504  -1278.30245992 -1278.26214429 -1278.23175626 -1278.23081968 -1278.21270504 -1278.19617119 -1278.08850419 -1277.81055315 -1277.75059428 -1277.68577471 -1277.68568485 -1277.6855458  -1277.67658779 -1277.67067958 -1277.43146054 -1277.37491736 -1277.34566842 -1277.26257268 -1277.2523946  -1276.93159478 -1276.91074554 -1276.74426421 -1276.69862862 -1276.6154211  -1276.40513714 -1276.00471122] 
19:[-167.40628769 -167.03229881 -166.93043837 -166.91521943 -166.88132329 -166.6805839  -166.54283772 -166.41572292 -166.13671715 -165.8370641 -165.81475734 -165.74797053 -165.70711146 -165.65953979 -165.58861599 -165.58860499 -165.43390958 -165.29917921 -165.29214653 -164.98418233 -164.7643339  -164.76414616 -164.76398944 -164.67308098 -164.4194106 -164.41623077 -164.41025371 -164.3832923  -164.25674315 -164.10790168 -164.107886   -164.08638766] 
20:[-224.99750888 -224.88479239 -224.86131282 -224.82001175 -224.80573197 -224.76329405 -224.76260071 -224.75669834 -224.75279615 -224.74398981 -224.7245101  -224.71817069 -224.71425641 -224.70222894 -224.70165517 -224.69816765 -224.69732544 -224.65011898 -224.64594045 -224.55649059 -224.54591835 -224.46378605 -224.43288216 -224.43105858 -224.40294602 -224.39194963 -224.37332971 -224.36431478 -224.35038001 -224.33745319 -224.32945381 -224.31448886] 
21:[-1282.3295316  -1282.3294592  -1282.32239168 -1282.29953452 -1282.16942234 -1282.12427708 -1282.12315244 -1282.10650378 -1282.09928291 -1282.09099329 -1282.05595317 -1282.03651432 -1282.02743917 -1282.02712509 -1282.01995743 -1282.00461287 -1281.99206279 -1281.96176126 -1281.80516115 -1281.75936481 -1281.74695101 -1281.72511    -1281.66651588 -1281.66425143 -1281.59821427 -1281.56036372 -1281.51124407 -1281.46582764 -1281.24805145 -1281.13837862 -1281.00253319 -1280.65234602] 
22:[-169.76996461 -169.74818401 -169.58267321 -169.43301161 -169.01880873 -168.67238524 -168.51769677 -168.51502248 -168.18866309 -168.18848157 -168.14085373 -168.10663397 -168.10375365 -168.07737854 -167.97364958 -167.94725623 -167.82138625 -167.82121188 -167.73089739 -167.73064049 -167.70634013 -167.70445446 -167.3034137  -167.30306937 -167.29112955 -167.28029242 -167.27717482 -167.27667057 -167.2735786  -167.23388209 -166.90219923 -166.90199953] 
23:[-392.78508456 -392.78461306 -392.62967754 -392.61184933 -392.61141634 -392.58553201 -392.58535241 -392.58165251 -392.56961298 -392.56786478 -392.56042395 -392.55079835 -392.54369004 -392.53781824 -392.51938714 -392.50255225 -392.49384368 -392.48766955 -392.48276523 -392.44015227 -392.42886153 -392.42076995 -392.40114497 -392.36803882 -392.36421176 -392.04476792 -391.98266352 -391.94058206 -391.93833948 -391.76681256 -391.66319036 -391.46976089] 
24:[-98.80846565 -98.76999266 -98.54814762 -98.3666622  -98.2646029 -98.22926815 -98.1720889  -98.15821932 -98.09613561 -98.00845276 -97.88943538 -97.87661478 -97.79072157 -97.79043564 -97.7904145 -97.73780461 -97.73676458 -97.60458988 -97.38031303 -97.37640601 -97.37639356 -97.25135709 -97.13830583 -97.1134687  -97.06612568 -97.04667561 -96.95714751 -96.94708519 -96.94708314 -96.93534321 -96.72362144 -96.68703583] 
25:[-255.66746238 -255.66138939 -255.66056092 -255.64785307 -255.64717698 -255.64625657 -255.64345818 -255.64013457 -255.62295486 -255.55361038 -255.54316038 -255.53635024 -255.51322072 -255.43308489 -255.39392813 -255.38249729 -255.31225289 -255.31213204 -255.29326604 -255.27494547 -255.15777129 -255.10840231 -255.10665028 -255.06288465 -255.03067457 -255.00265459 -254.96383205 -254.93596323 -254.85954238 -254.83683812 -254.7824445  -254.71372181] 
26:[-942.80835697 -942.80496755 -942.79272879 -942.78726441 -942.77550821 -942.77506144 -942.76522358 -942.76207803 -942.75358463 -942.74556862 -942.72290623 -942.72260187 -942.70958257 -942.69957906 -942.69501982 -942.68619901 -942.65605319 -942.65591858 -942.65589415 -942.65464287 -942.6360756  -942.62528474 -942.6122047  -942.57611409 -942.47748534 -942.42072054 -942.3860928  -942.33245968 -942.29799573 -941.91605411 -941.8731156  -941.32308667] 
27:[-975.27410385 -975.27402716 -975.27368029 -975.27261694 -975.26637639 -974.99442363 -974.93965131 -974.93516389 -974.93421521 -974.93282802 -974.93143399 -974.91945544 -974.91052655 -974.7635674  -974.74593251 -974.73808639 -974.67766358 -974.57444914 -974.57216546 -974.56765087 -974.5631005  -974.44910909 -974.44332826 -974.43123246 -974.43053232 -974.41100913 -974.35102387 -974.23579627 -974.05966234 -973.92154568 -973.66950112 -972.9571601 ] 
28:[-92.28423764 -92.28301491 -92.28287616 -92.26962873 -92.26820952 -92.26291992 -92.26248038 -92.26194785 -92.25701938 -92.24541177 -92.23481634 -92.23366971 -92.2300863  -92.21252986 -92.20794777 -92.2073731  -92.20067    -92.19873863 -92.19485463 -92.08515413 -92.05276111 -92.01345942 -91.97340155 -91.86981372 -91.86338215 -91.84283505 -91.73963606 -91.68530559 -91.58102874 -91.51577457 -91.24149285 -90.50074819] 
29:[-114.91730154 -114.78484013 -114.76716467 -114.71127974 -114.67830748 -114.67549412 -114.645856   -114.57547183 -114.35210471 -114.31707263 -114.29683303 -114.2808518  -114.226794   -114.12880046 -113.90524777 -113.7645942  -113.70861695 -113.67388629 -113.6357232  -113.47266703 -113.4365116  -113.42554638 -113.26670134 -113.24000395 -113.22706767 -113.20320356 -113.07396777 -113.04049813 -112.99051872 -112.68087364 -112.68084809 -112.2940138 ] 
30:[-172.69147892 -172.68092259 -172.67443567 -172.66882778 -172.54107564 -172.53596065 -172.5297591  -172.49432916 -172.49382506 -172.44945873 -172.44853746 -172.44725542 -172.44457336 -172.444421   -172.44364214 -172.4431447  -172.44253744 -172.33835839 -172.24394696 -172.22180778 -172.18568792 -172.18551845 -172.17417944 -172.09752605 -172.09354698 -172.08869933 -172.0049666  -171.99146227 -171.94252168 -171.85828063 -171.63419842 -171.58539169] 
31:[-131.55051525 -131.54898086 -131.54151964 -131.54101834 -131.53836343 -131.50364871 -131.50362949 -131.49241316 -131.48741627 -131.48139531 -131.48008402 -131.47150774 -131.43864594 -131.4311352  -131.4252505 -131.40829711 -131.39886389 -131.38776521 -131.37240459 -131.35939191 -131.35307079 -131.33886649 -131.2846265  -131.28051185 -131.2261092 -131.14897008 -131.09256989 -131.06416056 -130.9641589  -130.87226152 -130.78558979 -130.29127534] 
RANKING VECTORS IDX
0:[13. 17. 29.  4. 18.  0.  3. 11.  8. 21.  5. 16. 12.  6.  1. 15. 26.  7. 28. 20. 30. 24. 25. 27.  2. 22. 14. 10. 31. 23.  9. 19.] 
1:[ 8.  3. 29. 25. 20.  9. 28.  4. 18. 30. 17. 13.  0.  1. 16. 21. 27. 11. 15.  7.  6. 26. 31. 23. 14. 12. 22.  5. 10.  2. 19. 24.] 
2:[ 2. 25. 12. 19.  9. 21. 29. 22. 31. 23. 20. 24.  5. 10.  8. 17.  3. 18.  0.  6. 16. 14. 13.  4.  1. 28. 30. 27. 11.  7. 15. 26.] 
3:[ 3.  8.  0. 11.  4. 17. 29. 13. 18. 21.  2. 28.  1. 14.  5. 16.  6. 26. 15.  7. 20. 31. 23. 19. 12. 25. 27. 30. 10. 22. 24.  9.] 
4:[ 3. 29. 18.  0.  8. 17. 23. 31. 13.  1. 11.  4. 27. 21. 28. 30. 20.  6.  7. 15. 26. 19. 16.  9. 14. 22.  5. 10. 12.  2. 25. 24.] 
5:[ 8. 20.  5. 10. 29. 18.  3. 27. 16.  4. 13.  1. 28. 14.  9. 25. 31. 23. 11. 30. 21.  6. 17. 19.  0. 12. 15.  7. 26. 22.  2. 24.] 
6:[ 6. 16. 21.  1.  7. 26. 15.  9. 28. 20. 30.  8. 27. 12.  4. 11. 17. 13. 25.  2. 23. 31. 18.  5. 10. 29.  3.  0. 14. 22. 19. 24.] 
7:[15.  1. 21.  7. 26.  6. 16. 28.  4. 11. 17.  8.  9. 13. 20. 30. 29. 27.  0.  3. 12. 18. 31. 23. 25.  2.  5. 14. 22. 10. 19. 24.] 
8:[21. 18. 29.  8.  0.  5. 25.  3.  9. 17. 13.  4.  2. 11. 16. 28. 20.  1. 14. 19. 24. 15.  7. 12.  6. 26. 30. 27. 10. 31. 23. 22.] 
9:[ 9. 20. 25. 19. 21. 14.  2. 10. 18. 17. 28.  0.  1. 15. 26.  7.  3. 30. 16.  6. 23. 31. 24. 27. 29. 22. 12.  4. 13. 11.  5.  8.] 
10:[10. 24. 21. 20.  5. 17. 13. 16. 11.  8. 29.  1.  4. 18. 28. 12. 25.  6.  3. 15.  7. 14. 26.  0.  9. 30. 31. 27. 23. 19.  2. 22.] 
11:[11. 13. 17.  4.  1. 21.  7. 26. 15. 29. 25.  6. 18.  0. 16. 28.  3.  8. 12.  2. 31. 23. 27. 20. 30.  5. 22.  9. 14. 19. 10. 24.] 
12:[20. 28. 24. 30.  8. 27. 12. 29. 21. 16.  6.  2. 18.  0.  7. 26. 15.  1. 10. 17. 22. 13. 11.  4. 25.  5. 31. 23. 19. 14.  3.  9.] 
13:[17. 13. 16.  6. 20. 28. 30. 27. 11.  4. 12.  7.  1. 15. 26. 21.  8.  0.  3. 29. 18.  2. 31. 23. 19. 22.  5. 14. 10.  9. 25. 24.] 
14:[17.  4. 11. 13.  3. 29. 18.  0.  8. 14. 21.  1. 28. 20. 25. 30. 16.  6.  7. 15. 26. 27. 19.  2.  5. 12. 10.  9. 31. 23. 22. 24.] 
15:[15.  7.  1. 21. 17.  4. 28. 26. 13.  6. 29.  0.  3. 30. 27. 11. 16. 18.  8. 20. 31. 23. 19. 12.  2. 14. 22.  9.  5. 25. 10. 24.] 
16:[16.  6. 29. 12. 18. 17. 11. 13. 21.  4.  2. 15.  7. 26.  1.  8. 28. 30. 20. 22. 27.  3. 25.  5. 10.  0. 23. 31.  9. 14. 24. 19.] 
17:[17.  3. 29. 25.  9.  8. 11.  4. 13. 16.  0. 21. 18.  5. 14.  2. 24. 19. 31. 23. 28.  1.  6. 20. 15. 26. 10.  7. 27. 30. 12. 22.] 
18:[ 5. 21.  8. 18.  0. 17. 29. 25.  4. 11. 13.  3. 16. 12. 20.  1. 26. 15.  7.  6. 19. 24. 14. 27. 30. 23. 31. 10. 28. 22.  9.  2.] 
19:[19.  2. 25.  9. 29. 21. 22. 12. 17. 10. 20.  5. 24.  8. 18.  0.  3.  6. 16. 14. 13. 11.  4. 23. 30. 27.  1. 28. 31.  7. 26. 15.] 
20:[20.  8. 29. 17. 19. 18. 10. 21.  9.  0. 13.  5.  2.  6. 16. 12. 25.  4.  3. 14. 11.  1. 23. 31. 28. 15. 30.  7. 24. 27. 26. 22.] 
21:[ 4. 13. 11. 17. 29.  8. 21.  3.  0. 18.  1.  6. 15. 16.  7. 26.  9.  5. 20. 12. 30. 27. 31. 23.  2. 14. 28. 25. 10. 22. 24. 19.] 
22:[22. 21.  9. 19.  2. 29.  5. 25. 31. 23.  3.  0. 18.  8. 24. 16. 11.  4.  6. 14. 17. 13. 28. 12. 15. 10. 26.  1.  7. 20. 27. 30.] 
23:[31. 23. 17.  8. 13. 15.  1.  7. 21.  6. 28. 26.  3. 29.  0.  4. 16. 18. 11.  2. 20. 30. 27. 22. 19.  9. 14.  5. 12. 25. 10. 24.] 
24:[24.  9.  2. 25. 16. 19. 29.  5. 21.  8. 17. 14.  3. 18.  0. 10. 20. 11.  6. 31. 23. 22. 28. 12.  4. 13.  1. 15. 26.  7. 30. 27.] 
25:[17. 11. 13.  7. 26. 21.  4. 15.  1. 18.  0.  6. 25. 28. 16. 29. 12.  8.  3.  5. 19.  9. 20. 27. 30. 23. 31. 24. 14. 10. 22.  2.] 
26:[23. 31. 29.  3. 18.  0. 13. 17.  8.  1. 27.  4. 11. 30. 20. 28. 21.  6.  7. 26. 15. 22. 16. 19. 14.  5. 25. 10. 12.  9.  2. 24.] 
27:[20. 28. 24. 30. 27.  6. 16. 21.  1.  7. 26. 12. 15. 23. 31. 22. 10. 17. 11.  4. 13. 29.  3. 18.  0.  8.  5. 14.  2. 25. 19.  9.] 
28:[21. 15.  7. 26. 27.  1. 17. 13.  6. 28.  4. 11. 16. 29. 20. 30. 18.  0.  3.  8.  9. 12. 25. 31. 23. 19. 14.  2.  5. 22. 10. 24.] 
29:[29.  8. 25.  3.  0. 18. 21.  5.  2. 17.  4. 13. 11.  9. 16. 14. 19. 20. 24. 12.  1. 28. 15.  7.  6. 26. 30. 27. 10. 31. 23. 22.] 
30:[27. 30. 28. 20.  1.  6. 16. 23. 31. 17.  4. 11. 13. 21.  7. 26. 15. 22. 12.  3. 18.  0. 29.  2.  8. 25.  5. 10. 14. 19.  9. 24.] 
31:[28. 21. 15.  7.  1. 16. 26. 31. 23. 17. 13.  6.  4.  3.  8. 29. 20.  2. 11. 18.  0. 30. 25. 12. 27. 22.  9. 19. 14.  5. 10. 24.] 
POSCARS
EA43    2.670  2.639  6.865 90.33 89.74 119.52 Sym.group:  164
1.0
   1.4526889999999999   -2.2407970000000001    0.0049070000000000
   1.2194680000000000    2.3401369999999999    0.0040710000000000
  -0.0288820000000000   -0.0410790000000000    6.8647250000000000
Na H
3 1
direct
   0.6943530000000000    0.2231150000000000    0.1750140000000000 Na
   0.3755450000000000    0.5579390000000000    0.8223100000000000 Na
   0.0363030000000000    0.8894339999999999    0.4987130000000000 Na
   0.0347670000000000    0.8907020000000000    0.9986790000000000 H
EA110   5.547  5.548  3.591 90.00 89.99 90.01 Sym.group:  123
1.0
   5.5473450000000000    0.0195260000000000    0.0119280000000000
  -0.0201120000000000    5.5482909999999999   -0.0033120000000000
  -0.0068280000000000    0.0019650000000000    3.5909749999999998
Mg Na
6 2
direct
   0.0064400000000000    0.2477770000000000    0.9991570000000000 Mg
   0.5067440000000000    0.7474720000000000    0.9991770000000000 Mg
   0.2569850000000000    0.4978090000000000    0.4991600000000000 Mg
   0.7568600000000000    0.4973330000000000    0.4991590000000000 Mg
   0.7564130000000000    0.9972630000000000    0.4991570000000000 Mg
   0.2562590000000000    0.9979120000000000    0.4991340000000000 Mg
   0.5064990000000000    0.2473100000000000    0.9991560000000000 Na
   0.0068950000000000    0.7475880000000000    0.9991000000000000 Na
EA95    2.373  2.373  8.911 82.47 89.97 119.99 Sym.group:  160
1.0
   2.3725350000000001   -0.0336700000000000   -0.0071800000000000
  -1.1565369999999999    2.0716329999999998    0.0160510000000000
   0.0489850000000000    1.2963789999999999    8.8161459999999998
C N
6 2
direct
   0.5548920000000001    0.7312220000000000    0.4105940000000000 C
   0.6111420000000000    0.8435170000000000    0.2390030000000000 C
   0.7067110000000000    0.0331810000000000    0.9501900000000000 C
   0.2970490000000000    0.2150450000000000    0.1809280000000000 C
   0.3541080000000000    0.3281690000000000    0.0085820000000000 C
   0.7642800000000000    0.1480480000000000    0.7752320000000000 C
   0.8702280000000000    0.3620270000000000    0.4650060000000000 N
   0.4491640000000000    0.5177619999999999    0.7201100000000000 N
EA118   2.829  2.828  7.683 90.01 89.99 119.57 Sym.group:  187
1.0
   2.8284129999999998   -0.0275620000000000   -0.0084040000000000
  -1.3715029999999999    2.4735459999999998    0.0028320000000000
   0.0245550000000000    0.0040440000000000    7.6829460000000003
Mg Cl
3 1
direct
   0.8673650000000001    0.4301320000000000    0.2446240000000000 Mg
   0.2061160000000000    0.0936600000000000    0.9758930000000000 Mg
   0.2041800000000000    0.0918820000000000    0.5133340000000000 Mg
   0.5397130000000000    0.7572650000000000    0.7445820000000000 Cl
EA118   2.968  2.965  6.243 90.00 89.91 90.07 Sym.group:  123
1.0
   2.9681750000000000    0.0005150000000000   -0.0120780000000000
  -0.0041840000000000    2.9654929999999999   -0.0011710000000000
   0.0349160000000000    0.0023020000000000    6.2425139999999999
Na Mg
3 1
direct
   0.9999800000000000    0.9970840000000000    0.5025140000000000 Na
   0.4992660000000000    0.4974060000000000    0.2638810000000000 Na
   0.5006540000000000    0.4969220000000000    0.7414849999999999 Na
   0.9998780000000000    0.9972120000000000    0.0026170000000000 Mg
EA254   8.979  3.208  3.208 90.00 90.00 90.00 Sym.group:  139
1.0
   8.9778990000000007   -0.0210800000000000    0.1612760000000000
   0.0075610000000000    3.2084350000000001    0.0078890000000000
  -0.0574200000000000   -0.0076740000000000    3.2078350000000002
P Si
6 2
direct
   0.9959240000000000    0.0006480000000000    0.6254990000000000 P
   0.9981870000000000    0.5007260000000000    0.1264080000000000 P
   0.4981660000000000    0.0007590000000000    0.6267880000000000 P
   0.7470720000000000    0.5003520000000000    0.1226110000000000 P
   0.2470370000000000    0.0005580000000000    0.6270460000000000 P
   0.4959460000000000    0.5007290000000000    0.1277360000000000 P
   0.2470680000000000    0.5005550000000000    0.1269450000000000 Si
   0.7470440000000000    0.0003620000000000    0.6228669999999999 Si
EA27    4.043  5.260  5.279 119.85 90.41 89.95 Sym.group:  194
1.0
   4.0395599999999998   -0.0123550000000000    0.1760030000000000
   0.0205560000000000    5.2597849999999999   -0.0028710000000000
  -0.2449170000000000   -2.6241889999999999    4.5744420000000003
Na S
6 2
direct
   0.4547590000000000    0.0764390000000000    0.6536689999999999 Na
   0.4522920000000000    0.0768520000000000    0.1702420000000000 Na
   0.4525430000000000    0.5923520000000000    0.1706880000000000 Na
   0.9534840000000000    0.4213040000000000    0.8283560000000000 Na
   0.9534600000000000    0.9056600000000000    0.8278530000000000 Na
   0.9519190000000000    0.4214250000000000    0.3448330000000000 Na
   0.4528000000000000    0.5824240000000001    0.6661010000000001 S
   0.9533290000000000    0.9154380000000000    0.3322600000000000 S
EA19    5.190  5.189  5.190 119.97 60.04 89.95 Sym.group:  221
1.0
   5.1893539999999998   -0.0423180000000000   -0.0031950000000000
   0.0471190000000000    5.1891299999999996   -0.0029890000000000
   2.5733250000000001   -2.6140300000000001    3.6718590000000000
Mg P
6 2
direct
   0.9984520000000000    0.3714420000000000    0.4981880000000000 Mg
   0.5000090000000000    0.3734500000000000    0.4949120000000000 Mg
   0.4991900000000000    0.8721160000000000    0.9970240000000000 Mg
   0.0022810000000000    0.3732850000000000    0.9971470000000000 Mg
   0.0014490000000000    0.8719430000000000    0.4991510000000000 Mg
   0.5029770000000000    0.8740580000000000    0.4960820000000000 Mg
   0.0007020000000000    0.8727680000000000    0.9971210000000000 P
   0.5007670000000000    0.3727000000000000    0.9970230000000000 P
EA307   2.812  2.804  6.326 90.00 77.18 60.11 Sym.group:  166
1.0
   1.4198620000000000    2.4268190000000001    0.0097690000000000
  -1.3923970000000001    2.4333499999999999   -0.0076820000000000
   1.3675029999999999    0.8014350000000000    6.1245019999999997
Al C
3 1
direct
   0.4916770000000000    0.8797350000000000    0.9824349999999999 Al
   0.9377890000000000    0.6575450000000000    0.3130020000000000 Al
   0.0444150000000000    0.1039860000000000    0.6518770000000000 Al
   0.4910790000000000    0.3808070000000000    0.4824420000000000 C
EA111   2.693  6.894  2.692 89.85 60.11 78.83 Sym.group:  166
1.0
   2.6925100000000000   -0.0017580000000000   -0.0028130000000000
   1.3401719999999999    6.7623980000000001   -0.0024410000000000
   1.3436260000000000   -0.2583390000000000    2.3177859999999999
B H
6 2
direct
   0.5899090000000000    0.6477900000000000    0.4933120000000000 B
   0.5339420000000000    0.2428000000000000    0.0149790000000000 B
   0.2713740000000000    0.1349750000000000    0.6470890000000000 B
   0.6866110000000000    0.0110360000000000    0.9412790000000000 B
   0.4372330000000000    0.8795490000000000    0.5669780000000000 B
   0.8524690000000000    0.7556110000000000    0.8611900000000000 B
   0.7060999999999999    0.4758850000000000    0.4312770000000000 H
   0.4145130000000000    0.4146950000000000    0.0765070000000000 H
EA6     3.853  3.852  3.853 109.46 109.48 109.46 Sym.group:  229
1.0
   3.8525220000000000   -0.0087600000000000   -0.0092680000000000
  -1.2750619999999999    3.6347939999999999   -0.0060750000000000
  -1.2813500000000000   -1.8047100000000000    3.1533329999999999
S Li
3 1
direct
   0.8762550000000000    0.3775450000000000    0.8753350000000000 S
   0.8765030000000000    0.8773590000000000    0.3752980000000000 S
   0.3763370000000000    0.8773690000000000    0.8753400000000000 S
   0.3765350000000000    0.3778190000000000    0.3754550000000000 Li
EA25    4.358  4.358  5.426 89.95 89.97 89.74 Sym.group:  123
1.0
   4.3579410000000003   -0.0084760000000000    0.0003470000000000
   0.0284910000000000    4.3581430000000001   -0.0037910000000000
   0.0025530000000000    0.0093220000000000    5.4260109999999999
Na Cl
6 2
direct
   0.7495390000000000    0.7499530000000000    0.8863550000000000 Na
   0.2492800000000000    0.2494980000000000    0.8868710000000000 Na
   0.2489800000000000    0.7494810000000000    0.6187250000000000 Na
   0.7502529999999999    0.2507260000000000    0.1544940000000000 Na
   0.2497470000000000    0.7502770000000000    0.1546400000000000 Na
   0.7499580000000000    0.2499070000000000    0.6186570000000000 Na
   0.7496170000000000    0.7502500000000000    0.3867020000000000 Cl
   0.2500310000000000    0.2498790000000000    0.3868280000000000 Cl
EA60    3.146  5.569  3.146 90.00 119.97 89.99 Sym.group:  194
1.0
   3.1463049999999999   -0.0001700000000000    0.0001140000000000
   0.0012890000000000    5.5691100000000002   -0.0002810000000000
  -1.5714640000000000    0.0006360000000000    2.7253440000000002
Li N
6 2
direct
   0.3902400000000000    0.3765880000000000    0.3918910000000000 Li
   0.3879020000000000    0.8760590000000000    0.3927290000000000 Li
   0.0557030000000000    0.2088120000000000    0.7250770000000000 Li
   0.7218930000000000    0.7090180000000000    0.0591940000000000 Li
   0.7217410000000000    0.0459530000000000    0.0591890000000000 Li
   0.0567810000000000    0.5457140000000000    0.7256570000000000 Li
   0.7235350000000000    0.3775120000000000    0.0585240000000000 N
   0.0546020000000000    0.8773550000000000    0.7260730000000000 N
EA215   7.049  2.588  2.595 90.04 90.00 89.99 Sym.group:  123
1.0
   7.0485369999999996   -0.0119420000000000    0.0001870000000000
   0.0046390000000000    2.5878009999999998   -0.0082420000000000
  -0.0002180000000000    0.0066300000000000    2.5954510000000002
Mg Be
3 1
direct
   0.1614360000000000    0.9038929999999999    0.0973680000000000 Mg
   0.7317030000000000    0.9044200000000000    0.0972230000000000 Mg
   0.4465850000000000    0.4048460000000000    0.5968610000000000 Mg
   0.9466000000000000    0.4042040000000000    0.5970490000000001 Be
EA255   4.468  4.468  2.491 90.05 90.03 89.99 Sym.group:  123
1.0
   4.4678649999999998   -0.0009370000000000    0.0023130000000000
   0.0013610000000000    4.4678690000000003    0.0049230000000000
  -0.0024130000000000   -0.0049830000000000    2.4912660000000000
Al S
3 1
direct
   0.0421480000000000    0.6911100000000000    0.5145990000000000 Al
   0.0355200000000000    0.1913820000000000    0.0128100000000000 Al
   0.5423990000000000    0.6843800000000000    0.0160920000000000 Al
   0.5358320000000000    0.1846910000000000    0.0132800000000000 S
EA27    5.199  5.199  5.198 90.23 119.94 119.79 Sym.group:  221
1.0
   5.1961139999999997   -0.1626340000000000    0.0358440000000000
  -2.4738859999999998    2.7106680000000001   -3.6819389999999999
  -2.5381490000000002    2.6473810000000002    3.6838940000000000
Al Mg
6 2
direct
   0.2527550000000000    0.1257330000000000    0.5020970000000000 Al
   0.7527690000000000    0.6257790000000000    0.5021580000000000 Al
   0.2527910000000000    0.6257600000000000    0.5021620000000000 Al
   0.7527910000000000    0.1256950000000000    0.0021050000000000 Al
   0.2527530000000000    0.1257050000000000    0.0021000000000000 Al
   0.2528040000000000    0.6257260000000000    0.0021480000000000 Al
   0.7527600000000000    0.1257660000000000    0.5020820000000000 Mg
   0.7527650000000000    0.6256420000000000    0.0021430000000000 Mg
EA10    5.183  5.181  3.339 90.00 90.00 60.60 Sym.group:  176
1.0
   5.1810440000000000    0.1465580000000000    0.0015340000000000
   2.4146570000000001    4.5836880000000004   -0.0019450000000000
  -0.0009210000000000    0.0018450000000000    3.3391280000000001
Na O
6 2
direct
   0.1099990000000000    0.7430430000000000    0.2488900000000000 Na
   0.0084090000000000    0.4756650000000000    0.7489700000000000 Na
   0.4758600000000000    0.6429760000000000    0.7490860000000000 Na
   0.7467190000000000    0.2745400000000000    0.2491110000000000 Na
   0.6459410000000000    0.0068380000000000    0.7491600000000000 Na
   0.2795080000000000    0.1076340000000000    0.2489400000000000 Na
   0.7098780000000000    0.7095900000000001    0.2491000000000000 O
   0.0455230000000000    0.0408160000000000    0.7489410000000000 O
EA219   2.852  2.982  7.726 90.02 89.83 89.99 Sym.group:  129
1.0
   2.8521420000000002    0.0016230000000000   -0.0367690000000000
  -0.0010410000000000    2.9821219999999999    0.0043180000000000
   0.1220830000000000   -0.0136820000000000    7.7250930000000002
Be Cl
6 2
direct
   0.8723040000000000    0.7484800000000000    0.1366030000000000 Be
   0.8737510000000001    0.2485270000000000    0.9417920000000000 Be
   0.8708350000000000    0.2484660000000000    0.3062960000000000 Be
   0.3708680000000000    0.7484740000000000    0.3103850000000000 Be
   0.3724110000000000    0.2485140000000000    0.1156390000000000 Be
   0.3736830000000000    0.7483900000000000    0.9460270000000000 Be
   0.8708830000000000    0.7456130000000000    0.7453030000000000 Cl
   0.3708740000000000    0.2448870000000000    0.5067150000000000 Cl
EA215   2.900  6.201  2.901 89.89 60.06 89.92 Sym.group:  164
1.0
   2.9000569999999999   -0.0011820000000000    0.0008240000000000
   0.0113450000000000    6.2013040000000004   -0.0053170000000000
   1.4471220000000000    0.0048800000000000    2.5139710000000002
Mg N
3 1
direct
   0.3270950000000000    0.8593220000000000    0.2148300000000000 Mg
   0.9945610000000000    0.5350670000000000    0.8830330000000000 Mg
   0.6567060000000000    0.1970950000000000    0.5532350000000000 Mg
   0.6609840000000000    0.6972100000000000    0.5488080000000000 N
EA327   2.430  2.430 10.306 90.04 90.04 60.00 Sym.group:  164
1.0
   2.4299750000000002    0.0029530000000000    0.0154170000000000
   1.2122100000000000    2.1059139999999998    0.0157600000000000
  -0.0723080000000000   -0.0447310000000000   10.3060500000000008
C P
6 2
direct
   0.5403620000000000    0.2428460000000000    0.0702420000000000 C
   0.5382980000000001    0.2420360000000000    0.6357650000000000 C
   0.2055110000000000    0.9087170000000000    0.8290190000000000 C
   0.8734459999999999    0.5760280000000000    0.0235170000000000 C
   0.8724390000000000    0.5754950000000000    0.8769880000000000 C
   0.2050950000000000    0.9087620000000000    0.6824890000000000 C
   0.5406110000000000    0.2447010000000000    0.2480930000000000 P
   0.5403720000000000    0.2419160000000000    0.4579140000000000 P
EA2     3.768  3.749  3.766 108.79 109.00 110.48 Sym.group:  107
1.0
   1.1982489999999999   -1.8385670000000001   -3.0631460000000001
   1.1596070000000001    3.5647400000000000   -0.0719440000000000
   1.4112130000000001   -1.6733359999999999    3.0643660000000001
S H
3 1
direct
   0.3439790000000000    0.3512090000000000    0.0017120000000000 S
   0.3158530000000000    0.8223350000000000    0.5021450000000000 S
   0.8155240000000000    0.3221430000000000    0.5016010000000000 S
   0.0248190000000000    0.0256390000000000    0.0030680000000000 H
EA72    5.184  5.184  5.459 117.48 62.16 119.40 Sym.group:  148
1.0
   5.1834069999999999    0.0202250000000000    0.0387030000000000
  -2.5627909999999998    4.5066660000000001   -0.0064280000000000
   2.5204930000000001   -1.4579130000000000    4.6171790000000001
Mg S
6 2
direct
   0.9079640000000000    0.8987520000000000    0.4647820000000000 Mg
   0.5962160000000000    0.6026650000000000    0.0352470000000000 Mg
   0.5263220000000000    0.0994040000000000    0.4750460000000000 Mg
   0.9778840000000000    0.4021800000000000    0.0248660000000000 Mg
   0.0945560000000000    0.4710040000000000    0.4755280000000000 Mg
   0.4095520000000000    0.0306020000000000    0.0244910000000000 Mg
   0.0570620000000000    0.9409800000000000    0.8283430000000001 S
   0.4469920000000000    0.5606310000000000    0.6717919999999999 S
EA186   4.245  3.021  4.245 89.96 60.01 89.95 Sym.group:  191
1.0
   2.1235430000000002    0.0167520000000000   -3.6756419999999999
   0.0472770000000000    3.0201389999999999    0.0378630000000000
   4.2445349999999999   -0.0632660000000000    0.0010660000000000
C Li
6 2
direct
   0.3318190000000000    0.0048540000000000    0.6188260000000000 C
   0.3317940000000000    0.0048310000000000    0.2870890000000000 C
   0.0000340000000000    0.0047700000000000    0.2870630000000000 C
   0.6682450000000000    0.0047680000000000    0.6188540000000000 C
   0.0000070000000000    0.0048500000000000    0.9506380000000000 C
   0.6682700000000000    0.0048100000000000    0.9506110000000000 C
   0.6666960000000000    0.5048100000000000    0.2855350000000000 Li
   0.3333530000000000    0.5048190000000000    0.9521630000000000 Li
EA292   4.792  4.792  4.690 90.00 90.00 60.00 Sym.group:  191
1.0
   4.7919330000000002    0.0011640000000000   -0.0024310000000000
   2.3948969999999998    4.1505530000000004   -0.0012420000000000
   0.0021320000000000    0.0000750000000000    4.6895829999999998
Si Na
6 2
direct
   0.0004400000000000    0.5013780000000000    0.6862680000000000 Si
   0.5004700000000000    0.0010760000000000    0.6868430000000000 Si
   0.5007120000000000    0.5008140000000000    0.6881260000000000 Si
   0.5012130000000000    0.0008690000000000    0.1868420000000000 Si
   0.5007030000000000    0.5007370000000000    0.1881250000000000 Si
   0.0005630000000000    0.5014280000000000    0.1862670000000000 Si
   0.0010560000000000    0.0011960000000000    0.9371720000000000 Na
   0.0009610000000000    0.0011540000000000    0.4371810000000000 Na
EA1     2.604  2.604  7.032 90.00 90.01 90.00 Sym.group:  107
1.0
   2.6037180000000002    0.0003170000000000    0.0032510000000000
  -0.0003130000000000    2.6037900000000000    0.0013080000000000
  -0.0094340000000000   -0.0037520000000000    7.0321819999999997
B C
6 2
direct
   0.0081670000000000    0.9979360000000000    0.0917870000000000 B
   0.5063290000000000    0.4984870000000000    0.5917780000000000 B
   0.0061400000000000    0.4983840000000000    0.7496570000000000 B
   0.5060970000000000    0.9985360000000000    0.7496570000000000 B
   0.5086490000000000    0.9980920000000000    0.2496560000000000 B
   0.0085640000000000    0.4979960000000000    0.2496610000000000 B
   0.0063290000000000    0.9983379999999999    0.8776430000000000 C
   0.5084320000000000    0.4981740000000000    0.3776530000000000 C
EA172   2.988  2.994  9.528 98.94 90.39 118.82 Sym.group:  160
1.0
   2.9793430000000001   -0.2293830000000000   -0.0157910000000000
  -1.2378499999999999    2.7263480000000002    0.0031160000000000
  -0.1473770000000000   -1.7040360000000001    9.3730480000000007
Li Cl
6 2
direct
   0.4741630000000000    0.2503150000000000    0.1499850000000000 Li
   0.8792660000000000    0.0808770000000000    0.3839260000000000 Li
   0.1782560000000000    0.6744430000000000    0.2776130000000000 Li
   0.5830200000000000    0.4938540000000000    0.4997930000000000 Li
   0.9705310000000000    0.2370420000000000    0.6329210000000000 Li
   0.3842710000000000    0.0814710000000000    0.8892500000000000 Li
   0.6743500000000000    0.6559199999999999    0.7539630000000000 Cl
   0.0952890000000000    0.5085960000000000    0.0274240000000000 Cl
EA117   3.779  3.778  3.779 89.97 90.06 89.96 Sym.group:  221
1.0
   3.7785720000000000    0.0084540000000000   -0.0104070000000000
  -0.0055080000000000    3.7778160000000001    0.0060110000000000
   0.0067080000000000   -0.0038960000000000    3.7787590000000000
Na Al
3 1
direct
   0.2554780000000000    0.6913629999999999    0.2840360000000000 Na
   0.7544060000000000    0.6911010000000000    0.7840410000000000 Na
   0.7544070000000000    0.1930780000000000    0.2843860000000000 Na
   0.2539810000000000    0.1906760000000000    0.7840560000000000 Al
EA116   4.096  4.095  4.099 60.09 60.09 90.09 Sym.group:  225
1.0
   4.0959519999999996    0.0070610000000000   -0.0055870000000000
  -0.0135790000000000    4.0946309999999997    0.0019490000000000
   2.0443020000000001    2.0494849999999998    2.9018890000000002
Na P
3 1
direct
   0.7443610000000001    0.6901700000000000    0.0603990000000000 Na
   0.2448690000000000    0.1903020000000000    0.0600230000000000 Na
   0.4945900000000000    0.9402199999999999    0.5602090000000000 Na
   0.9946650000000000    0.4402530000000000    0.5601770000000000 P
EA177   4.251  4.252  5.159 90.00 90.00 75.05 Sym.group:  139
1.0
   4.2154579999999999    0.5472930000000000   -0.0052450000000000
   0.5589560000000000    4.2148469999999998    0.0066010000000000
   0.0078940000000000   -0.0094680000000000    5.1587009999999998
Al Li
6 2
direct
   0.0010910000000000    0.4990050000000000    0.7501610000000000 Al
   0.0011200000000000    0.4990300000000000    0.2504570000000000 Al
   0.5013290000000000    0.9987460000000000    0.7504430000000000 Al
   0.5013069999999999    0.9987150000000000    0.2501470000000000 Al
   0.5013890000000000    0.4983640000000000    0.0002660000000000 Al
   0.0010260000000000    0.9993800000000000    0.5003410000000000 Al
   0.5003830000000000    0.4998140000000000    0.4999400000000000 Li
   0.0020690000000000    0.9979560000000000    0.0006490000000000 Li
EA292   2.654  2.654 12.853 89.94 90.06 119.86 Sym.group:  156
1.0
   2.6538870000000001   -0.0039880000000000   -0.0003320000000000
  -1.3182430000000001    2.3039190000000001    0.0007140000000000
  -0.0114130000000000    0.0060260000000000   12.8530219999999993
Al N
6 2
direct
   0.6922670000000000    0.9954850000000000    0.0743650000000000 Al
   0.0259770000000000    0.6618110000000000    0.2370320000000000 Al
   0.3578690000000000    0.3301290000000000    0.9147459999999999 Al
   0.0230070000000000    0.6655310000000000    0.5597690000000000 Al
   0.6902600000000000    0.9982200000000000    0.3998910000000000 Al
   0.6903140000000000    0.9979710000000001    0.7372530000000000 Al
   0.3565520000000000    0.3318960000000000    0.6494120000000000 N
   0.0241480000000000    0.6639630000000000    0.8252020000000000 N
EA28    3.597  6.311  3.657 88.97 60.55 73.45 Sym.group:  225
1.0
   1.8077070000000000    0.4377700000000000    3.0783909999999999
   1.8470290000000000    6.0324150000000003    0.1577050000000000
  -1.8473470000000001    0.5534210000000001    3.1066460000000000
Li Si
6 2
direct
   0.8810890000000000    0.9373170000000000    0.8096800000000000 Li
   0.8806010000000000    0.4373940000000000    0.3089500000000000 Li
   0.1309080000000000    0.5611960000000000    0.6849890000000000 Li
   0.1315640000000000    0.0613750000000000    0.1842660000000000 Li
   0.3815370000000000    0.6852070000000000    0.0605880000000000 Li
   0.3818720000000000    0.1852070000000000    0.5591090000000000 Li
   0.6312750000000000    0.8112870000000000    0.4351710000000000 Si
   0.6312460000000000    0.3113000000000000    0.9339990000000000 Si
EA107   4.643  4.643  4.599 90.04 89.99 60.00 Sym.group:  191
1.0
   2.3216230000000002    4.0206679999999997   -0.0014180000000000
  -2.3211919999999999    4.0209050000000000    0.0060600000000000
   0.0109400000000000   -0.0039540000000000    4.5993810000000002
Si Li
6 2
direct
   0.5024630000000000    0.4977590000000000    0.2502180000000000 Si
   0.5019000000000000    0.9971460000000000    0.7511510000000000 Si
   0.0024770000000000    0.4977390000000000    0.2500210000000000 Si
   0.5023300000000001    0.4969330000000000    0.7502180000000001 Si
   0.5025539999999999    0.9977360000000000    0.2511640000000000 Si
   0.0021060000000000    0.4971010000000000    0.7500240000000000 Si
   0.0020040000000000    0.9970880000000000    0.0005670000000000 Li
   0.0028110000000000    0.9967800000000000    0.5005520000000000 Li
