NUMBER OF TEMPLATES 32
COMPOSITION A 3 B
pairs , SPACEGROUPS 
[S Li] , 229 
[Si Li] , 191 
[C H] , 166 
[Na O] , 176 
[Na H] , 164 
[C N] , 160 
[C P] , 164 
[F C] , 148 
[N B] , 187 
[Cl Al] , 162 
[B C] , 107 
[Cl C] , 162 
[F Al] , 127 
[Al S] , 123 
[Be Cl] , 129 
[Na Al] , 221 
[Na S] , 194 
[Na P] , 225 
[Al Mg] , 221 
[Li H] , 162 
[Mg Cl] , 187 
[P Si] , 139 
[Be F] , 123 
[Be B] , 160 
[Si Na] , 191 
[B F] , 164 
[P F] , 129 
[O Be] , 187 
[C S] , 166 
[Li Cl] , 160 
[H C] , 148 
[C Li] , 191 
RANKING VECTORS ENTHALPIES
0:[-270.38382197 -270.37968927 -270.37463719 -270.3465322  -270.21449551 -270.16803354 -270.03928025 -269.95392093 -269.9281539  -269.91577795 -269.90204322 -269.83706281 -269.83543138 -269.82100922 -269.81857014 -269.80808682 -269.78524001 -269.76774305 -269.76465626 -269.73829231 -269.73674844 -269.72428014 -269.71986216 -269.7037166  -269.70299084 -269.6405632  -269.62681425 -269.6152976  -269.39131328 -269.39120792 -269.30138061 -269.28516283] 
1:[-131.54151964 -131.50364871 -131.50362949 -131.49241316 -131.48741627 -131.48139531 -131.47150774 -131.4311352  -131.40282804 -131.38776521 -131.36170488 -131.35307079 -131.34682629 -131.2846265  -131.27644373 -131.2261092  -131.15319932 -131.14897008 -131.1315468  -131.12638498 -131.12557304 -131.06416056 -130.9641589  -130.9436354  -130.89088394 -130.87226152 -130.78558979 -130.48463191 -130.4734114  -130.47322762 -130.29127534 -129.94107251] 
2:[-125.17277975 -125.14859834 -125.10604522 -125.08537802 -124.68045327 -124.30342571 -124.23777265 -124.21747295 -124.21655826 -124.18676393 -124.05108046 -123.81107287 -123.74718322 -123.45267814 -123.2276723 -123.10775267 -122.9998079  -122.93031798 -122.73878149 -122.72070325 -122.72068473 -122.71899423 -122.69281496 -122.65965933 -122.64600797 -122.63663583 -122.61676182 -122.33471365 -122.03767352 -121.82678566 -121.76795452 -121.76792603] 
3:[-1041.38621913 -1041.32603217 -1041.07831754 -1041.07568656 -1041.07177519 -1041.06170366 -1041.03429076 -1041.02036869 -1041.01921602 -1041.00169906 -1040.875691   -1040.87057082 -1040.75613484 -1040.75610672 -1040.73662147 -1040.69978193 -1040.67591818 -1040.65326268 -1040.59550098 -1040.42418418 -1040.4205874  -1040.29886678 -1040.21624097 -1040.2017325 -1040.14691026 -1040.06164684 -1040.05141218 -1039.88472203 -1039.60565047 -1039.55707681 -1039.14028013 -1039.00681817] 
4:[-932.19725423 -932.14648832 -932.14635096 -932.13270047 -932.09497941 -932.09438796 -932.08248418 -931.99330841 -931.96902452 -931.92127686 -931.86623434 -931.86082496 -931.85897439 -931.85772306 -931.82686151 -931.80623399 -931.80618195 -931.7752945  -931.7282906  -931.72339623 -931.70975794 -931.69673524 -931.66335334 -931.63655818 -931.57895541 -931.57057443 -931.56021901 -931.54739272 -931.49747289 -931.49638605 -931.17293512 -930.98785179] 
5:[-191.1443956  -190.82633843 -190.73729212 -190.63516518 -190.50167276 -190.48658918 -190.45439594 -190.32537547 -190.32387071 -189.52125244 -189.48707807 -189.48665506 -189.48515608 -189.21132063 -189.18081183 -189.17112792 -189.02584049 -189.01644647 -189.01165686 -189.00043177 -188.89133698 -188.81058536 -188.76106533 -188.61717939 -188.54987923 -188.41110965 -188.40670903 -188.28509683 -187.66354198 -187.17325958 -186.82973229 -186.82965859] 
6:[-167.40628769 -167.37904063 -167.34856085 -167.03229881 -166.99865255 -166.93043837 -166.73436286 -166.7124494  -166.67656102 -166.54283772 -166.53373881 -166.36767906 -166.13671715 -165.8370641  -165.74797053 -165.70711146 -165.61093777 -165.58860499 -165.54518511 -165.43390958 -165.29917921 -165.29214653 -165.22827082 -165.22358437 -165.16654942 -165.1367091  -164.98418233 -164.67308098 -164.41623077 -164.25674315 -164.107886   -164.08638766] 
7:[-541.17149533 -541.1466891  -541.14571553 -540.11649413 -539.90440903 -539.71900752 -539.69913568 -539.67957628 -539.55628104 -539.46623457 -539.44373668 -539.43162829 -539.34108529 -539.33449819 -539.23581568 -539.06423353 -538.97527348 -538.79901565 -538.79314524 -538.63959934 -538.62987181 -538.55858456 -538.52191345 -538.4419243  -538.36847795 -538.31965955 -538.30698116 -538.29278694 -538.23887941 -538.23877253 -538.23835495 -538.00480528] 
8:[-229.34998479 -229.34629853 -228.9368183  -228.65510827 -228.6546425 -228.58185994 -228.5725831  -228.27780879 -228.27256504 -228.20789412 -228.17553994 -227.95192117 -227.92590229 -227.92102171 -227.78518177 -227.72928966 -227.70001386 -227.62415154 -227.45194761 -227.27245955 -227.25148014 -227.23595016 -227.20127801 -227.19832233 -227.07761525 -226.90111896 -226.79435422 -226.56706104 -226.56391251 -226.24616657 -225.93925703 -225.93918435] 
9:[-346.69142265 -346.67579772 -346.20551458 -346.13290395 -346.08262652 -346.001575   -345.91274019 -345.84470356 -345.83196807 -345.83056628 -345.80091608 -345.79589979 -345.72574965 -345.72139953 -345.5097209 -345.50958755 -345.35119322 -345.27284055 -345.27107232 -345.18920371 -345.14677493 -345.10054516 -345.09038762 -345.09007464 -345.06636444 -344.99073468 -344.88518069 -344.85258574 -344.79852415 -344.72494035 -344.48631986 -344.32409073] 
10:[-98.80846565 -98.79952503 -98.71836558 -98.58611679 -98.54814762 -98.4683503  -98.4509382  -98.3666622  -98.33479084 -98.2646029 -98.22926815 -98.15821932 -98.04564441 -97.96624034 -97.95057343 -97.91978296 -97.88943538 -97.87661478 -97.79072157 -97.7904145 -97.73780461 -97.72494904 -97.39172609 -97.38031303 -97.37640601 -97.37639356 -97.29648908 -97.29480171 -97.25135709 -96.94708519 -96.94708314 -96.68703583] 
11:[-370.92012295 -370.71853137 -370.70128098 -370.58940408 -370.39301079 -370.19577647 -370.08125114 -370.08104594 -369.9484464  -369.88715873 -369.83436046 -369.76346103 -369.71511851 -369.65104572 -369.64539902 -369.62613666 -369.60680692 -369.56436665 -369.5111601  -369.47438519 -369.43935372 -369.31342623 -369.27418816 -369.18665013 -369.17604362 -369.15486897 -368.99302908 -368.99302643 -368.98962337 -368.8972941 -368.89727346 -368.53570618] 
12:[-517.54759056 -517.53904649 -517.44662185 -517.3987784  -517.38940797 -517.35760523 -517.3169202  -517.10115558 -517.0281073  -516.83994341 -516.73080083 -516.68649752 -516.61690484 -516.55078839 -516.54849977 -516.51973354 -516.47455749 -516.47442531 -516.31383358 -516.21212154 -516.20862617 -515.80229633 -515.22358928 -515.1112926  -515.08743174 -514.92700227 -514.90600839 -514.56415585 -514.34473456 -514.3008746 -514.2334239  -513.84767246] 
13:[-118.22881578 -118.16903148 -118.09904557 -118.05313497 -118.01831518 -117.95951356 -117.95031919 -117.94599245 -117.91698493 -117.87573123 -117.84502195 -117.83999907 -117.83355943 -117.81807665 -117.81797811 -117.77972341 -117.76793968 -117.70948106 -117.67650344 -117.66764228 -117.64991865 -117.64718238 -117.63207993 -117.56824242 -117.54742041 -117.45212765 -117.44293131 -117.00352543 -116.81878279 -116.62909745 -116.62842478 -116.00321612] 
14:[-393.32126511 -393.01417819 -392.91799441 -392.88235748 -392.86379293 -392.77873379 -392.70181951 -392.58446593 -392.58359086 -392.5666418 -392.54175721 -392.47832567 -392.45552418 -392.43735934 -392.42060596 -392.41636721 -392.37854722 -392.32581378 -392.31504861 -392.31328447 -392.29418242 -392.24677018 -392.13126379 -392.03458589 -392.03092688 -392.03088959 -392.02624282 -391.94807962 -391.50688901 -391.50003643 -391.38519476 -390.8063682 ] 
15:[-942.85908825 -942.80835697 -942.80496755 -942.78726441 -942.77506144 -942.76207803 -942.72290623 -942.72163702 -942.70603062 -942.69489279 -942.65591858 -942.65464287 -942.6360756  -942.62528474 -942.6122047 -942.58384332 -942.57611409 -942.47748534 -942.46867598 -942.44970707 -942.44513762 -942.42072054 -942.3860928  -942.33245968 -942.28504566 -942.2772347  -942.16103188 -941.8731156  -941.64705057 -941.58645058 -941.32308667 -940.62041441] 
16:[-1003.47273365 -1003.45960613 -1003.30897511 -1003.29244358 -1003.18573348 -1003.1734284  -1003.07600978 -1003.04610681 -1002.99074676 -1002.96010047 -1002.8584046  -1002.78636033 -1002.76402531 -1002.72023412 -1002.66148768 -1002.52901291 -1002.50576098 -1002.47294728 -1002.40824714 -1002.40224134 -1002.38742646 -1002.38547118 -1002.38103229 -1002.33743174 -1002.26443677 -1002.1265608  -1002.08250374 -1002.00346085 -1001.9255045  -1001.52735857 -1001.47605975 -1001.29665114] 
17:[-975.27423567 -975.27368029 -975.26637639 -974.99442363 -974.93965131 -974.93143399 -974.91052655 -974.7635674  -974.74593251 -974.73808639 -974.72413062 -974.67766358 -974.57444914 -974.44332826 -974.43053232 -974.35900425 -974.35683629 -974.35102387 -974.33871314 -974.23579627 -974.20601149 -974.199367   -974.16284839 -974.1339873  -974.05966234 -973.92154568 -973.91068081 -973.66950112 -973.57830301 -973.42104168 -973.28774124 -972.99611242] 
18:[-446.68962113 -446.66919831 -446.64727334 -446.63421775 -446.60742293 -446.60189725 -446.5759291  -446.56391118 -446.52789925 -446.46065372 -446.44212987 -446.42060994 -446.41922211 -446.27293466 -446.26757751 -446.20106038 -446.13473038 -446.11262442 -446.0874245  -446.02103871 -445.9868481  -445.93031715 -445.7526503  -445.58196458 -445.55764891 -445.54820186 -445.52195149 -445.03414115 -445.03313198 -444.98312033 -444.91015695 -443.63730088] 
19:[-148.414627   -148.40096984 -148.40010936 -148.39371651 -148.39088182 -148.38625663 -148.37473767 -148.3670464  -148.35839861 -148.30468661 -148.27729618 -148.26836864 -148.25632865 -148.22502544 -148.21228164 -148.17964418 -148.1795689  -148.15906845 -148.14613369 -148.08568161 -148.07528748 -148.01837989 -147.93847057 -147.93825124 -147.93720719 -147.81257349 -147.73257676 -147.71965247 -147.71678352 -147.70149303 -147.64392481 -147.62217214] 
20:[-1318.58744128 -1318.58285781 -1318.51091268 -1318.50149007 -1318.33355089 -1318.30607286 -1318.24690636 -1318.22165909 -1318.11137272 -1318.08802659 -1318.04038309 -1318.03333272 -1318.01693243 -1317.99484358 -1317.96673924 -1317.96509833 -1317.95180343 -1317.95150962 -1317.9281873  -1317.9264172 -1317.89685245 -1317.89267017 -1317.85327121 -1317.78837191 -1317.78012848 -1317.7636068  -1317.59036309 -1317.33315317 -1317.17684424 -1316.71296415 -1316.68738108 -1316.55882508] 
21:[-165.91889146 -165.90449    -165.80552971 -165.79129918 -165.75702945 -165.75252544 -165.72829213 -165.7105673  -165.6613072  -165.64610818 -165.62778344 -165.62657229 -165.62525317 -165.58897913 -165.56729892 -165.56613032 -165.5528748  -165.53697399 -165.53427064 -165.52846566 -165.52835462 -165.50377257 -165.48597979 -165.46585803 -165.46411489 -165.45426541 -165.31117408 -165.17088819 -164.79413671 -164.79388379 -164.68558736 -164.2716879 ] 
22:[-450.27833128 -450.07977768 -449.99368992 -449.99008821 -449.861475 -449.83452405 -449.80294875 -449.7782514  -449.71798507 -449.70397709 -449.70226648 -449.69356219 -449.67052767 -449.63544345 -449.61111859 -449.57329667 -449.48882893 -449.43265654 -449.41241822 -449.37547476 -449.10321536 -448.95471384 -448.95468754 -448.9224853  -448.7918694 -448.78145695 -448.70632216 -448.56235679 -448.56165346 -448.45344556 -448.45277512 -448.37123399] 
23:[-302.45051633 -302.43813897 -302.43813246 -302.40825749 -302.40819065 -302.3442381  -302.32546436 -302.31927855 -302.30707594 -302.27122087 -302.26456913 -302.25588407 -302.244009   -302.18039941 -302.16829129 -302.0982585  -302.09543145 -302.00480403 -301.87512392 -301.85935647 -301.85917091 -301.80068218 -301.76722078 -301.76004005 -301.70459773 -301.70108491 -301.68899901 -301.6416658  -301.56489193 -301.51289115 -301.28804429 -301.1596459 ] 
24:[-392.78508456 -392.78461306 -392.62967754 -392.58553201 -392.56786478 -392.55079835 -392.54369004 -392.53692012 -392.53672462 -392.51938714 -392.49384368 -392.44270723 -392.44015227 -392.40114497 -392.39727062 -392.38582728 -392.36803882 -392.36421176 -392.34472317 -392.30463617 -392.27091199 -392.2543946  -392.06227713 -392.03231675 -391.98266352 -391.94058206 -391.76681256 -391.66319036 -391.46976089 -391.08730609 -391.08710055 -389.42520083] 
25:[-225.47088201 -225.38794938 -225.32586807 -225.28274128 -225.04333758 -224.84189156 -224.82235701 -224.80039469 -224.61476879 -224.55640328 -224.52281799 -224.52181542 -224.43052426 -224.39702415 -224.38421261 -224.28591206 -224.20889001 -224.16254647 -224.15189056 -224.13140698 -224.0828725  -224.04904821 -223.86094658 -223.59623653 -223.47837069 -223.47457791 -223.46995425 -223.08367607 -223.08325231 -222.51128244 -222.51121742 -221.65716825] 
26:[-305.20733256 -305.0634526  -304.96170029 -304.91332536 -304.88994104 -304.85620043 -304.85595684 -304.83921328 -304.79702066 -304.79018742 -304.78771343 -304.71711961 -304.70844582 -304.69650946 -304.68348552 -304.68251674 -304.67446232 -304.61225999 -304.59502731 -304.58118124 -304.54033911 -304.54006588 -304.52316927 -304.45238852 -304.34049083 -304.32355323 -304.18770638 -304.15217866 -304.00392284 -304.00155101 -303.98348795 -302.88242427] 
27:[-429.27452784 -429.27289557 -428.9453253  -428.77882518 -428.74325171 -428.7376491  -428.71989256 -428.67267212 -428.64070853 -428.60361604 -428.59721152 -428.52623699 -428.52013128 -428.37045059 -428.34312731 -428.28518567 -428.27032667 -428.18380553 -428.0388592  -427.98447237 -427.80883779 -427.69087715 -427.68941786 -427.61071627 -427.58880125 -427.55322601 -427.52234457 -427.51865182 -427.24585553 -427.16542049 -427.13889233 -426.89177471] 
28:[-195.14073074 -195.13979966 -195.12307295 -194.50125302 -194.49344168 -194.46374091 -194.43305138 -194.37045802 -194.24246449 -194.21306735 -194.09573246 -194.0598486  -193.61774924 -193.39534838 -193.30073888 -193.22349396 -193.11898365 -193.11699031 -193.05324019 -193.03967079 -192.86356154 -192.86341964 -192.76242966 -192.56834418 -192.54432717 -192.45219863 -192.41934815 -191.95258642 -191.77836623 -191.75572282 -191.55171199 -191.52543872] 
29:[-255.66746238 -255.64717698 -255.64013457 -255.54316038 -255.53635024 -255.51322072 -255.44356912 -255.39392813 -255.38935899 -255.31592662 -255.29326604 -255.29084327 -255.28850716 -255.2863223  -255.27494547 -255.15777129 -255.13324218 -255.11921211 -255.06288465 -255.00265459 -254.96383205 -254.93596323 -254.90135159 -254.85954238 -254.85319419 -254.85254334 -254.83683812 -254.7824445  -254.71372181 -254.54901069 -254.52067703 -254.4946299 ] 
30:[-51.57076585 -51.57049317 -51.52063998 -51.38060148 -51.34158039 -51.33169964 -51.11761632 -50.97689399 -50.94421707 -50.93056745 -50.73307392 -50.7179962  -50.67235625 -50.64633986 -50.61014098 -50.55138315 -50.45999567 -50.44800985 -50.367999   -50.34108548 -50.32912335 -50.32744732 -50.32528489 -50.22836048 -50.16691932 -50.14653359 -50.00434531 -49.98238356 -49.88521965 -49.86665546 -49.83246404 -49.83245441] 
31:[-169.76996461 -169.76161937 -169.65891968 -169.43301161 -169.35712884 -169.21534243 -169.17138747 -169.01880873 -168.86147083 -168.84119645 -168.51769677 -168.51502248 -168.33483336 -168.18866309 -168.18848157 -168.14085373 -168.10663397 -168.0653172  -167.97364958 -167.94725623 -167.92352064 -167.73089739 -167.73064049 -167.70634013 -167.48582668 -167.48574974 -167.29112955 -167.28029242 -167.27717482 -167.19164375 -166.90219923 -166.24873626] 
RANKING VECTORS IDX
0:[ 7.  0. 30. 10. 21. 14.  3. 23. 29. 16. 20.  9. 18. 13. 15.  4. 11.  1. 17. 28. 24.  6. 19. 22.  2.  5. 26. 31.  8. 27. 25. 12.] 
1:[18.  3. 15.  1. 24. 14. 16. 20. 23.  5. 26.  4. 30. 29. 11. 17. 28. 31. 19.  9. 25.  6. 13. 22.  7. 21.  0.  2.  8. 27. 10. 12.] 
2:[28. 25.  6.  2.  7. 30.  5.  9. 31. 19. 29. 26. 23. 21. 13. 10. 20. 11.  0. 24.  1. 14.  3. 22.  4.  8. 27. 16. 12. 17. 15. 18.] 
3:[ 3. 16.  9. 28. 14. 19.  5. 18. 15. 23. 31. 17. 27.  8. 20. 29. 21.  0.  4. 24.  1. 13. 11. 30.  7.  2. 12. 10. 22.  6. 25. 26.] 
4:[14.  4. 26. 20. 19.  9. 21. 23.  3.  2. 11.  7. 12. 30. 16. 18. 15.  8. 27. 10. 28. 29. 17.  5. 31. 13.  0.  1. 22. 24. 25.  6.] 
5:[ 5. 29. 23.  2. 25. 28.  6. 30.  7. 26.  9. 19. 31.  1. 24. 10. 21.  0. 27.  8. 14. 22. 20.  4. 11. 16.  3. 13. 12. 17. 18. 15.] 
6:[ 6. 25.  2.  5. 28. 29. 23.  7. 30. 31.  9. 19. 14.  0. 21. 10. 12.  4. 26. 20. 16.  3. 22. 11.  8. 27. 13. 24. 17.  1. 15. 18.] 
7:[11. 30.  7.  3.  2. 14. 21. 10.  9. 12. 19.  6. 23.  5. 22. 16. 28. 29. 26.  4. 13. 20. 25. 17.  0. 15. 18. 24.  8.  1. 27. 31.] 
8:[ 8. 27. 23.  7. 30. 12.  5. 19.  9. 10. 14. 29. 21.  0. 28.  2. 26.  4. 20. 11. 13. 25. 16.  3. 31.  6. 22.  1. 24. 17. 18. 15.] 
9:[ 9. 19.  3. 21. 16.  4. 20. 29. 14. 23. 11. 10. 17. 12. 30.  7. 18. 15. 13.  2. 22.  5.  8. 27. 25.  6.  0. 26.  1. 24. 31. 28.] 
10:[10. 25. 28.  2.  5.  7. 30. 29. 23.  3.  6. 21. 19. 26.  9. 11. 14. 13. 20.  4.  0. 22. 12. 16.  1. 24.  8. 27. 31. 18. 15. 17.] 
11:[11.  7. 30. 25.  2. 26.  9. 19. 21.  4. 22.  6. 20. 29. 28.  5. 14. 10.  3. 12. 16. 23. 13. 17.  8. 27. 15. 18.  0.  1. 24. 31.] 
12:[ 9. 19. 12.  3.  7.  4. 14. 23. 16. 21. 10. 17. 29.  8. 27. 30. 18. 15. 13. 11.  0. 20. 31. 24.  1.  2. 26. 22. 28.  6.  5. 25.] 
13:[14. 26. 20.  4. 13.  9. 19.  7. 30. 29.  3. 16. 25. 18. 15. 23. 28. 17. 22.  6.  5. 21. 11.  2.  0.  1. 24. 31. 10.  8. 27. 12.] 
14:[14. 26.  2. 22. 25. 20. 29.  9.  3.  7.  4. 21. 19. 13.  5. 10. 30.  6.  1. 24. 11. 16. 28. 23. 18. 15.  0. 17.  8. 31. 27. 12.] 
15:[ 2. 24.  1. 20.  4. 14. 17. 28.  7. 23. 16. 15. 18. 31.  3. 11.  6. 13. 22. 19.  9. 21. 29.  0. 25. 26. 30.  5.  8. 27. 10. 12.] 
16:[16.  3. 15. 18. 23. 17. 14. 29.  9. 19.  5. 24.  1. 21.  0. 11. 20.  4. 26. 30. 27.  8. 13.  7. 31. 22. 28.  2.  6. 12. 25. 10.] 
17:[23. 10. 17. 16.  3. 15. 18. 24.  1. 31.  9.  0. 14. 20.  4. 30. 11. 21.  7. 13. 28. 19.  2. 22.  5. 29. 26.  6. 27.  8. 25. 12.] 
18:[18. 14. 15. 16.  4. 20. 23. 17.  3. 26. 25.  1. 24.  6.  9. 28. 22. 30. 19. 11.  5. 13. 31. 21. 29.  0.  2.  8. 27. 10.  7. 12.] 
19:[ 4. 19.  9. 26. 14. 29. 20. 21.  5. 23. 12. 28. 25.  3.  2.  8. 27.  6. 16. 11.  7. 30. 15. 10. 18. 13. 22.  0. 17.  1. 24. 31.] 
20:[26. 20.  4. 14.  7. 19.  9.  5. 13. 30. 21. 25. 22.  3. 16. 28. 15. 18.  2. 11.  1. 24.  6. 29. 23. 17.  0. 31. 10. 27.  8. 12.] 
21:[21.  0. 26. 11. 20. 28. 17.  3. 23. 13. 29.  1. 24. 22.  7. 30. 16. 14.  9. 19.  6.  4. 25. 18. 15. 31.  5.  2.  8. 27. 10. 12.] 
22:[22. 26. 14. 20.  4.  2. 29.  5. 13. 19.  9. 23. 25. 28.  6.  7. 21. 11.  3. 30. 10.  1. 24. 16.  8. 27.  0. 18. 15. 12. 17. 31.] 
23:[23. 18. 15. 16.  3.  7.  2. 28. 14. 19.  4.  9. 26. 17. 20. 30. 25. 29. 22.  1. 24. 11.  8. 27.  5. 31. 21.  6. 13. 12. 10.  0.] 
24:[ 1. 24. 14. 18. 16. 15. 20. 26. 28.  4.  3. 23.  5. 17. 25. 11. 31.  6. 30.  7. 22.  9. 19.  2. 13. 21. 29.  0. 10.  8. 27. 12.] 
25:[25. 28.  2.  6. 26.  7. 10. 30.  5. 20.  0. 22. 13. 23. 14. 29. 21.  3. 16. 19.  9.  4. 11. 31.  1. 24. 17. 15. 18.  8. 27. 12.] 
26:[26.  5. 31. 30.  6.  1. 24. 22. 17. 23.  7. 25. 28. 29. 16.  3. 11. 20. 14.  9. 15. 18.  4.  2. 21. 13.  0. 19.  8. 27. 10. 12.] 
27:[ 8. 27. 12.  9. 19. 14. 21.  0.  6. 30. 10.  5. 29.  7.  4. 20. 23. 13.  3. 11. 16. 18. 15. 17. 31. 28.  1. 24. 22. 26.  2. 25.] 
28:[25.  2.  6.  5. 29. 31.  9. 19. 28. 23.  7. 30. 14. 10.  0. 21. 12. 26. 20.  4.  3. 16. 22. 13. 11.  8. 27. 17. 24.  1. 15. 18.] 
29:[14. 15. 18.  4. 16. 29. 26.  3. 23.  7. 20. 19.  9. 30. 21.  6.  2. 28. 17. 24.  1. 10. 11. 13.  8. 27.  0. 31.  5. 12. 25. 22.] 
30:[ 7. 30. 11. 25. 28.  2.  5. 26. 14. 10. 12.  6. 21. 31. 22. 23. 29.  4. 13. 19.  1. 24.  9.  0.  3. 16. 27.  8. 20. 17. 18. 15.] 
31:[31. 19. 25.  6.  2.  7. 30.  5. 28. 23. 21. 29. 26.  1. 24. 20.  4.  9. 10.  3. 11. 16. 13. 14.  8. 27. 18.  0. 15. 22. 17. 12.] 
POSCARS
EA6     3.853  3.852  3.853 109.46 109.48 109.46 Sym.group:  229
1.0
   3.8525220000000000   -0.0087600000000000   -0.0092680000000000
  -1.2750619999999999    3.6347939999999999   -0.0060750000000000
  -1.2813500000000000   -1.8047100000000000    3.1533329999999999
S Li
3 1
direct
   0.8762550000000000    0.3775450000000000    0.8753350000000000 S
   0.8765030000000000    0.8773590000000000    0.3752980000000000 S
   0.3763370000000000    0.8773690000000000    0.8753400000000000 S
   0.3765350000000000    0.3778190000000000    0.3754550000000000 Li
EA107   4.643  4.643  4.599 90.04 89.99 60.00 Sym.group:  191
1.0
   2.3216230000000002    4.0206679999999997   -0.0014180000000000
  -2.3211919999999999    4.0209050000000000    0.0060600000000000
   0.0109400000000000   -0.0039540000000000    4.5993810000000002
Si Li
6 2
direct
   0.5024630000000000    0.4977590000000000    0.2502180000000000 Si
   0.5019000000000000    0.9971460000000000    0.7511510000000000 Si
   0.0024770000000000    0.4977390000000000    0.2500210000000000 Si
   0.5023300000000001    0.4969330000000000    0.7502180000000001 Si
   0.5025539999999999    0.9977360000000000    0.2511640000000000 Si
   0.0021060000000000    0.4971010000000000    0.7500240000000000 Si
   0.0020040000000000    0.9970880000000000    0.0005670000000000 Li
   0.0028110000000000    0.9967800000000000    0.5005520000000000 Li
EA388   2.442  2.441  7.519 80.69 89.98 120.00 Sym.group:  166
1.0
   2.4415070000000001   -0.0014230000000000    0.0000090000000000
  -1.2194659999999999    2.1151059999999999    0.0013180000000000
   0.0036320000000000    1.4018969999999999    7.3867339999999997
C H
6 2
direct
   0.6888590000000000    0.8923990000000001    0.4183610000000000 C
   0.0436120000000000    0.6018510000000000    0.3540340000000000 C
   0.1972540000000000    0.9105150000000000    0.8925380000000001 C
   0.8424400000000000    0.2010090000000000    0.9568640000000000 C
   0.6214240000000000    0.7576550000000000    0.6217480000000000 C
   0.2656230000000000    0.0461570000000000    0.6891530000000000 C
   0.0925950000000000    0.6991190000000000    0.2084280000000000 H
   0.7941610000000000    0.1044490000000000    0.1024720000000000 H
EA10    5.183  5.181  3.339 90.00 90.00 60.60 Sym.group:  176
1.0
   5.1810440000000000    0.1465580000000000    0.0015340000000000
   2.4146570000000001    4.5836880000000004   -0.0019450000000000
  -0.0009210000000000    0.0018450000000000    3.3391280000000001
Na O
6 2
direct
   0.1099990000000000    0.7430430000000000    0.2488900000000000 Na
   0.0084090000000000    0.4756650000000000    0.7489700000000000 Na
   0.4758600000000000    0.6429760000000000    0.7490860000000000 Na
   0.7467190000000000    0.2745400000000000    0.2491110000000000 Na
   0.6459410000000000    0.0068380000000000    0.7491600000000000 Na
   0.2795080000000000    0.1076340000000000    0.2489400000000000 Na
   0.7098780000000000    0.7095900000000001    0.2491000000000000 O
   0.0455230000000000    0.0408160000000000    0.7489410000000000 O
EA43    2.670  2.639  6.865 90.33 89.74 119.52 Sym.group:  164
1.0
   1.4526889999999999   -2.2407970000000001    0.0049070000000000
   1.2194680000000000    2.3401369999999999    0.0040710000000000
  -0.0288820000000000   -0.0410790000000000    6.8647250000000000
Na H
3 1
direct
   0.6943530000000000    0.2231150000000000    0.1750140000000000 Na
   0.3755450000000000    0.5579390000000000    0.8223100000000000 Na
   0.0363030000000000    0.8894339999999999    0.4987130000000000 Na
   0.0347670000000000    0.8907020000000000    0.9986790000000000 H
EA95    2.373  2.373  8.911 82.47 89.97 119.99 Sym.group:  160
1.0
   2.3725350000000001   -0.0336700000000000   -0.0071800000000000
  -1.1565369999999999    2.0716329999999998    0.0160510000000000
   0.0489850000000000    1.2963789999999999    8.8161459999999998
C N
6 2
direct
   0.5548920000000001    0.7312220000000000    0.4105940000000000 C
   0.6111420000000000    0.8435170000000000    0.2390030000000000 C
   0.7067110000000000    0.0331810000000000    0.9501900000000000 C
   0.2970490000000000    0.2150450000000000    0.1809280000000000 C
   0.3541080000000000    0.3281690000000000    0.0085820000000000 C
   0.7642800000000000    0.1480480000000000    0.7752320000000000 C
   0.8702280000000000    0.3620270000000000    0.4650060000000000 N
   0.4491640000000000    0.5177619999999999    0.7201100000000000 N
EA327   2.430  2.430 10.306 90.04 90.04 60.00 Sym.group:  164
1.0
   2.4299750000000002    0.0029530000000000    0.0154170000000000
   1.2122100000000000    2.1059139999999998    0.0157600000000000
  -0.0723080000000000   -0.0447310000000000   10.3060500000000008
C P
6 2
direct
   0.5403620000000000    0.2428460000000000    0.0702420000000000 C
   0.5382980000000001    0.2420360000000000    0.6357650000000000 C
   0.2055110000000000    0.9087170000000000    0.8290190000000000 C
   0.8734459999999999    0.5760280000000000    0.0235170000000000 C
   0.8724390000000000    0.5754950000000000    0.8769880000000000 C
   0.2050950000000000    0.9087620000000000    0.6824890000000000 C
   0.5406110000000000    0.2447010000000000    0.2480930000000000 P
   0.5403720000000000    0.2419160000000000    0.4579140000000000 P
EA251   4.123  4.120  4.126 72.33 72.07 107.65 Sym.group:  148
1.0
   4.1228980000000002    0.0184750000000000   -0.0250150000000000
  -1.2669349999999999    3.9199069999999998   -0.0313240000000000
   1.2831450000000000    1.7590380000000001    3.5041810000000000
F C
6 2
direct
   0.8869130000000000    0.0738220000000000    0.4183890000000000 F
   0.0747610000000000    0.7042720000000000    0.2349820000000000 F
   0.1652560000000000    0.5355650000000000    0.7581180000000000 F
   0.5344510000000000    0.3640480000000000    0.9563250000000000 F
   0.3642830000000000    0.1660900000000000    0.5863770000000000 F
   0.7053530000000000    0.8874020000000000    0.0481200000000000 F
   0.7894660000000000    0.7890900000000000    0.3331630000000000 C
   0.4542910000000000    0.4547000000000000    0.6674900000000000 C
EA301   2.469  2.469  5.438 90.03 89.21 119.99 Sym.group:  187
1.0
   1.2351710000000000   -2.1378849999999998    0.0008290000000000
   1.2343860000000000    2.1382580000000000   -0.0010090000000000
   0.0731500000000000   -0.0424050000000000    5.4378320000000002
N B
3 1
direct
   0.2811560000000000    0.7461880000000000    0.0963260000000000 N
   0.6069750000000000    0.4074460000000000    0.4953130000000000 N
   0.2643370000000000    0.7404430000000000    0.8958500000000000 N
   0.9403899999999999    0.0740740000000000    0.4952310000000000 B
EA83    5.148  4.741  5.149 90.00 60.01 90.01 Sym.group:  162
1.0
   5.1460509999999999    0.1050740000000000   -0.0664380000000000
  -0.0973360000000000    4.7397669999999996    0.0273200000000000
   2.6310180000000001    0.0283900000000000    4.4261179999999998
Cl Al
6 2
direct
   0.8754590000000000    0.4127620000000000    0.8120420000000000 Cl
   0.1965540000000000    0.8792330000000000    0.4911480000000000 Cl
   0.5543320000000000    0.8791560000000000    0.8118430000000000 Cl
   0.8761020000000000    0.8787310000000000    0.1696030000000000 Cl
   0.5550130000000000    0.4122400000000000    0.4904840000000000 Cl
   0.1972300000000000    0.4123250000000000    0.1697900000000000 Cl
   0.5427270000000000    0.1451900000000000    0.1573960000000000 Al
   0.2088350000000000    0.1462870000000000    0.8242290000000000 Al
EA1     2.604  2.604  7.032 90.00 90.01 90.00 Sym.group:  107
1.0
   2.6037180000000002    0.0003170000000000    0.0032510000000000
  -0.0003130000000000    2.6037900000000000    0.0013080000000000
  -0.0094340000000000   -0.0037520000000000    7.0321819999999997
B C
6 2
direct
   0.0081670000000000    0.9979360000000000    0.0917870000000000 B
   0.5063290000000000    0.4984870000000000    0.5917780000000000 B
   0.0061400000000000    0.4983840000000000    0.7496570000000000 B
   0.5060970000000000    0.9985360000000000    0.7496570000000000 B
   0.5086490000000000    0.9980920000000000    0.2496560000000000 B
   0.0085640000000000    0.4979960000000000    0.2496610000000000 B
   0.0063290000000000    0.9983379999999999    0.8776430000000000 C
   0.5084320000000000    0.4981740000000000    0.3776530000000000 C
EA14    4.815  4.817  4.813 89.98 89.92 60.02 Sym.group:  162
1.0
   2.4126330000000000    4.1668079999999996    0.0015330000000000
  -2.4045809999999999    4.1738629999999999    0.0025980000000000
   0.0061930000000000    0.0023840000000000    4.8126360000000004
Cl C
6 2
direct
   0.3407710000000000    0.6584310000000000    0.2442120000000000 Cl
   0.0009920000000000    0.3383000000000000    0.2442110000000000 Cl
   0.6606270000000000    0.9983870000000000    0.2438470000000000 Cl
   0.3396710000000000    0.9989880000000000    0.7555770000000001 Cl
   0.6595910000000000    0.3390360000000000    0.7560470000000000 Cl
   0.9994870000000000    0.6589990000000000    0.7559850000000000 Cl
   0.0004020000000000    0.9984940000000000    0.3435070000000000 C
   0.9996000000000000    0.9989240000000000    0.6564480000000000 C
EA256   4.576  4.577  3.359 89.97 89.98 90.01 Sym.group:  127
1.0
   4.5757550000000000    0.0019970000000000   -0.0189800000000000
  -0.0028800000000000    4.5768459999999997   -0.0229820000000000
   0.0152470000000000    0.0186430000000000    3.3589500000000001
F Al
6 2
direct
   0.6246180000000000    0.3804320000000000    0.4975920000000000 F
   0.1245840000000000    0.8804590000000000    0.4975960000000000 F
   0.4559110000000000    0.7117100000000000    0.9964680000000000 F
   0.7931970000000000    0.0490830000000000    0.9980450000000000 F
   0.9559280000000000    0.5489350000000000    0.9979970000000000 F
   0.2930570000000000    0.2117180000000000    0.9978270000000000 F
   0.1244920000000000    0.8802870000000000    0.9975990000000000 Al
   0.6244470000000000    0.3803370000000000    0.9975940000000000 Al
EA255   4.468  4.468  2.491 90.05 90.03 89.99 Sym.group:  123
1.0
   4.4678649999999998   -0.0009370000000000    0.0023130000000000
   0.0013610000000000    4.4678690000000003    0.0049230000000000
  -0.0024130000000000   -0.0049830000000000    2.4912660000000000
Al S
3 1
direct
   0.0421480000000000    0.6911100000000000    0.5145990000000000 Al
   0.0355200000000000    0.1913820000000000    0.0128100000000000 Al
   0.5423990000000000    0.6843800000000000    0.0160920000000000 Al
   0.5358320000000000    0.1846910000000000    0.0132800000000000 S
EA219   2.852  2.982  7.726 90.02 89.83 89.99 Sym.group:  129
1.0
   2.8521420000000002    0.0016230000000000   -0.0367690000000000
  -0.0010410000000000    2.9821219999999999    0.0043180000000000
   0.1220830000000000   -0.0136820000000000    7.7250930000000002
Be Cl
6 2
direct
   0.8723040000000000    0.7484800000000000    0.1366030000000000 Be
   0.8737510000000001    0.2485270000000000    0.9417920000000000 Be
   0.8708350000000000    0.2484660000000000    0.3062960000000000 Be
   0.3708680000000000    0.7484740000000000    0.3103850000000000 Be
   0.3724110000000000    0.2485140000000000    0.1156390000000000 Be
   0.3736830000000000    0.7483900000000000    0.9460270000000000 Be
   0.8708830000000000    0.7456130000000000    0.7453030000000000 Cl
   0.3708740000000000    0.2448870000000000    0.5067150000000000 Cl
EA117   3.779  3.778  3.779 89.97 90.06 89.96 Sym.group:  221
1.0
   3.7785720000000000    0.0084540000000000   -0.0104070000000000
  -0.0055080000000000    3.7778160000000001    0.0060110000000000
   0.0067080000000000   -0.0038960000000000    3.7787590000000000
Na Al
3 1
direct
   0.2554780000000000    0.6913629999999999    0.2840360000000000 Na
   0.7544060000000000    0.6911010000000000    0.7840410000000000 Na
   0.7544070000000000    0.1930780000000000    0.2843860000000000 Na
   0.2539810000000000    0.1906760000000000    0.7840560000000000 Al
EA27    4.043  5.260  5.279 119.85 90.41 89.95 Sym.group:  194
1.0
   4.0395599999999998   -0.0123550000000000    0.1760030000000000
   0.0205560000000000    5.2597849999999999   -0.0028710000000000
  -0.2449170000000000   -2.6241889999999999    4.5744420000000003
Na S
6 2
direct
   0.4547590000000000    0.0764390000000000    0.6536689999999999 Na
   0.4522920000000000    0.0768520000000000    0.1702420000000000 Na
   0.4525430000000000    0.5923520000000000    0.1706880000000000 Na
   0.9534840000000000    0.4213040000000000    0.8283560000000000 Na
   0.9534600000000000    0.9056600000000000    0.8278530000000000 Na
   0.9519190000000000    0.4214250000000000    0.3448330000000000 Na
   0.4528000000000000    0.5824240000000001    0.6661010000000001 S
   0.9533290000000000    0.9154380000000000    0.3322600000000000 S
EA116   4.096  4.095  4.099 60.09 60.09 90.09 Sym.group:  225
1.0
   4.0959519999999996    0.0070610000000000   -0.0055870000000000
  -0.0135790000000000    4.0946309999999997    0.0019490000000000
   2.0443020000000001    2.0494849999999998    2.9018890000000002
Na P
3 1
direct
   0.7443610000000001    0.6901700000000000    0.0603990000000000 Na
   0.2448690000000000    0.1903020000000000    0.0600230000000000 Na
   0.4945900000000000    0.9402199999999999    0.5602090000000000 Na
   0.9946650000000000    0.4402530000000000    0.5601770000000000 P
EA27    5.199  5.199  5.198 90.23 119.94 119.79 Sym.group:  221
1.0
   5.1961139999999997   -0.1626340000000000    0.0358440000000000
  -2.4738859999999998    2.7106680000000001   -3.6819389999999999
  -2.5381490000000002    2.6473810000000002    3.6838940000000000
Al Mg
6 2
direct
   0.2527550000000000    0.1257330000000000    0.5020970000000000 Al
   0.7527690000000000    0.6257790000000000    0.5021580000000000 Al
   0.2527910000000000    0.6257600000000000    0.5021620000000000 Al
   0.7527910000000000    0.1256950000000000    0.0021050000000000 Al
   0.2527530000000000    0.1257050000000000    0.0021000000000000 Al
   0.2528040000000000    0.6257260000000000    0.0021480000000000 Al
   0.7527600000000000    0.1257660000000000    0.5020820000000000 Mg
   0.7527650000000000    0.6256420000000000    0.0021430000000000 Mg
EA33    3.961  3.961  3.868 89.97 89.62 60.01 Sym.group:  162
1.0
   3.9607239999999999    0.0001430000000000   -0.0028020000000000
   1.9795590000000001    3.4305530000000002   -0.0018280000000000
   0.0285870000000000   -0.0124190000000000    3.8680219999999998
Li H
6 2
direct
   0.3347190000000000    0.0052410000000000    0.2498340000000000 Li
   0.6604650000000000    0.3421820000000000    0.2491500000000000 Li
   0.9979330000000000    0.6679550000000000    0.2493650000000000 Li
   0.6641899999999999    0.0034180000000000    0.7540530000000000 Li
   0.3383000000000000    0.6665960000000000    0.7547170000000000 Li
   0.0008560000000000    0.3408890000000000    0.7545610000000000 Li
   0.6660020000000000    0.6712770000000000    0.0024830000000000 H
   0.3328290000000000    0.3374860000000000    0.0014690000000000 H
EA118   2.829  2.828  7.683 90.01 89.99 119.57 Sym.group:  187
1.0
   2.8284129999999998   -0.0275620000000000   -0.0084040000000000
  -1.3715029999999999    2.4735459999999998    0.0028320000000000
   0.0245550000000000    0.0040440000000000    7.6829460000000003
Mg Cl
3 1
direct
   0.8673650000000001    0.4301320000000000    0.2446240000000000 Mg
   0.2061160000000000    0.0936600000000000    0.9758930000000000 Mg
   0.2041800000000000    0.0918820000000000    0.5133340000000000 Mg
   0.5397130000000000    0.7572650000000000    0.7445820000000000 Cl
EA254   8.979  3.208  3.208 90.00 90.00 90.00 Sym.group:  139
1.0
   8.9778990000000007   -0.0210800000000000    0.1612760000000000
   0.0075610000000000    3.2084350000000001    0.0078890000000000
  -0.0574200000000000   -0.0076740000000000    3.2078350000000002
P Si
6 2
direct
   0.9959240000000000    0.0006480000000000    0.6254990000000000 P
   0.9981870000000000    0.5007260000000000    0.1264080000000000 P
   0.4981660000000000    0.0007590000000000    0.6267880000000000 P
   0.7470720000000000    0.5003520000000000    0.1226110000000000 P
   0.2470370000000000    0.0005580000000000    0.6270460000000000 P
   0.4959460000000000    0.5007290000000000    0.1277360000000000 P
   0.2470680000000000    0.5005550000000000    0.1269450000000000 Si
   0.7470440000000000    0.0003620000000000    0.6228669999999999 Si
EA151   2.211  5.436  2.208 90.05 90.00 89.91 Sym.group:  123
1.0
   2.2109899999999998    0.0293350000000000    0.0011930000000000
  -0.0631640000000000    5.4352349999999996   -0.0332400000000000
  -0.0014330000000000    0.0114740000000000    2.2083810000000001
Be F
3 1
direct
   0.2408190000000000    0.3943120000000000    0.7488640000000000 Be
   0.7391400000000000    0.6228040000000000    0.2499610000000000 Be
   0.2372880000000000    0.8514980000000000    0.7509550000000000 Be
   0.2340590000000000    0.1228960000000000    0.7418140000000000 F
EA251   3.525  4.651  3.030 90.03 89.98 100.86 Sym.group:  160
1.0
   3.5222050000000000   -0.1509430000000000   -0.0044320000000000
  -0.6801199999999999    4.6005640000000003    0.0098840000000000
   0.0044280000000000   -0.0072790000000000    3.0296379999999998
Be B
6 2
direct
   0.2774630000000000    0.1126740000000000    0.9903520000000000 Be
   0.7774740000000000    0.6126730000000000    0.4903710000000000 Be
   0.6986550000000000    0.9030899999999999    0.9903490000000000 Be
   0.1986610000000000    0.4030940000000000    0.4903460000000000 Be
   0.1471910000000000    0.6788170000000000    0.9903570000000000 Be
   0.6471900000000000    0.1788140000000000    0.4903450000000000 Be
   0.8720010000000000    0.3174090000000000    0.9904130000000000 B
   0.3720140000000000    0.8174010000000000    0.4904200000000000 B
EA292   4.792  4.792  4.690 90.00 90.00 60.00 Sym.group:  191
1.0
   4.7919330000000002    0.0011640000000000   -0.0024310000000000
   2.3948969999999998    4.1505530000000004   -0.0012420000000000
   0.0021320000000000    0.0000750000000000    4.6895829999999998
Si Na
6 2
direct
   0.0004400000000000    0.5013780000000000    0.6862680000000000 Si
   0.5004700000000000    0.0010760000000000    0.6868430000000000 Si
   0.5007120000000000    0.5008140000000000    0.6881260000000000 Si
   0.5012130000000000    0.0008690000000000    0.1868420000000000 Si
   0.5007030000000000    0.5007370000000000    0.1881250000000000 Si
   0.0005630000000000    0.5014280000000000    0.1862670000000000 Si
   0.0010560000000000    0.0011960000000000    0.9371720000000000 Na
   0.0009610000000000    0.0011540000000000    0.4371810000000000 Na
EA305   2.664  2.663  8.355 89.97 89.97 60.01 Sym.group:  164
1.0
   2.6639260000000000   -0.0003200000000000   -0.0025270000000000
   1.3312330000000001    2.3064499999999999   -0.0011720000000000
   0.0115810000000000    0.0030820000000000    8.3544920000000005
B F
6 2
direct
   0.2007370000000000    0.1660160000000000    0.7932810000000000 B
   0.8692550000000000    0.8322900000000000    0.6801440000000000 B
   0.2030480000000000    0.1658360000000000    0.5904550000000000 B
   0.8668600000000000    0.8327020000000001    0.8829669999999999 B
   0.8697210000000000    0.8331060000000000    0.4905710000000000 B
   0.2000360000000000    0.1658390000000000    0.9828360000000000 B
   0.2019460000000000    0.1654020000000000    0.1383110000000000 F
   0.8680330000000001    0.8331760000000000    0.3351170000000000 F
EA30    3.144  3.142  8.398 90.00 90.02 90.00 Sym.group:  129
1.0
   3.1436099999999998    0.0003610000000000    0.0006840000000000
  -0.0003830000000000    3.1424930000000000   -0.0022080000000000
  -0.0049950000000000    0.0062330000000000    8.3981119999999994
P F
6 2
direct
   0.0025110000000000    0.2526560000000000    0.3849900000000000 P
   0.5026520000000000    0.7526240000000000    0.4036780000000000 P
   0.0007810000000000    0.2531300000000000    0.8513640000000000 P
   0.5008460000000000    0.7531409999999999    0.8700630000000000 P
   0.0016140000000000    0.2527730000000000    0.1281950000000000 P
   0.5017160000000001    0.7527390000000000    0.1268600000000000 P
   0.0011080000000000    0.2532120000000000    0.6590730000000000 F
   0.5012980000000000    0.7531430000000000    0.5959650000000000 F
EA193   2.487  2.490  5.228 90.00 89.91 119.91 Sym.group:  187
1.0
   2.4873400000000001   -0.0044590000000000   -0.0142020000000000
  -1.2379819999999999    2.1608250000000000   -0.0001040000000000
   0.0380280000000000    0.0216920000000000    5.2280379999999997
O Be
3 1
direct
   0.6637100000000000    0.2912760000000000    0.8361680000000000 O
   0.3303410000000000    0.6277410000000000    0.2212700000000000 O
   0.6643740000000000    0.2915900000000000    0.6065220000000000 O
   0.9970950000000000    0.9617520000000001    0.2222290000000000 Be
EA253   2.449  2.461 10.419 96.72 96.70 60.75 Sym.group:  166
1.0
   1.2800060000000000    2.0878540000000001    0.0093590000000000
  -1.2022320000000000    2.1473490000000002    0.0245600000000000
   0.0365320000000000   -1.4941640000000000   10.3115299999999994
C S
6 2
direct
   0.0697190000000000    0.3043280000000000    0.4846960000000000 C
   0.2155190000000000    0.4531080000000000    0.9182300000000000 C
   0.8660390000000000    0.1033890000000000    0.8713180000000000 C
   0.8174360000000001    0.0539610000000000    0.7252950000000000 C
   0.4679800000000000    0.7035160000000000    0.6776300000000000 C
   0.4192400000000000    0.6540540000000000    0.5316080000000000 C
   0.2722760000000000    0.5122130000000000    0.0902550000000000 S
   0.0122220000000000    0.2450630000000000    0.3126720000000000 S
EA172   2.988  2.994  9.528 98.94 90.39 118.82 Sym.group:  160
1.0
   2.9793430000000001   -0.2293830000000000   -0.0157910000000000
  -1.2378499999999999    2.7263480000000002    0.0031160000000000
  -0.1473770000000000   -1.7040360000000001    9.3730480000000007
Li Cl
6 2
direct
   0.4741630000000000    0.2503150000000000    0.1499850000000000 Li
   0.8792660000000000    0.0808770000000000    0.3839260000000000 Li
   0.1782560000000000    0.6744430000000000    0.2776130000000000 Li
   0.5830200000000000    0.4938540000000000    0.4997930000000000 Li
   0.9705310000000000    0.2370420000000000    0.6329210000000000 Li
   0.3842710000000000    0.0814710000000000    0.8892500000000000 Li
   0.6743500000000000    0.6559199999999999    0.7539630000000000 Cl
   0.0952890000000000    0.5085960000000000    0.0274240000000000 Cl
EA27    3.219  3.219  3.217 76.69 103.39 76.53 Sym.group:  148
1.0
   3.2168570000000001   -0.0864470000000000    0.0774050000000000
   0.8332060000000000    3.1094210000000002    0.0414280000000000
  -0.7919420000000000    0.9394510000000000    2.9733269999999998
H C
6 2
direct
   0.6609230000000000    0.2896720000000000    0.9750270000000000 H
   0.4603420000000000    0.8968670000000000    0.7846959999999999 H
   0.8525160000000001    0.0875460000000000    0.5825110000000000 H
   0.1014170000000000    0.4451650000000000    0.0330330000000000 H
   0.9101200000000000    0.6475340000000001    0.4255300000000000 H
   0.3023170000000000    0.8379560000000000    0.2233010000000000 H
   0.5603810000000000    0.1887440000000000    0.6830130000000000 C
   0.2021790000000000    0.5461260000000000    0.3249580000000000 C
EA186   4.245  3.021  4.245 89.96 60.01 89.95 Sym.group:  191
1.0
   2.1235430000000002    0.0167520000000000   -3.6756419999999999
   0.0472770000000000    3.0201389999999999    0.0378630000000000
   4.2445349999999999   -0.0632660000000000    0.0010660000000000
C Li
6 2
direct
   0.3318190000000000    0.0048540000000000    0.6188260000000000 C
   0.3317940000000000    0.0048310000000000    0.2870890000000000 C
   0.0000340000000000    0.0047700000000000    0.2870630000000000 C
   0.6682450000000000    0.0047680000000000    0.6188540000000000 C
   0.0000070000000000    0.0048500000000000    0.9506380000000000 C
   0.6682700000000000    0.0048100000000000    0.9506110000000000 C
   0.6666960000000000    0.5048100000000000    0.2855350000000000 Li
   0.3333530000000000    0.5048190000000000    0.9521630000000000 Li
