NUMBER OF TEMPLATES 48
COMPOSITION A 2 B
pairs , SPACEGROUPS 
[Si Be] , 225 
[Al C] , 164 
[Al B] , 164 
[Mg Li] , 139 
[Be F] , 139 
[P Al] , 119 
[C Cl] , 191 
[O C] , 136 
[N Cl] , 123 
[Be Na] , 164 
[C S] , 166 
[N Mg] , 194 
[C F] , 164 
[Li Si] , 191 
[Mg Be] , 140 
[S B] , 115 
[Be H] , 166 
[C B] , 141 
[Be Al] , 227 
[Be N] , 187 
[H O] , 102 
[Cl Be] , 137 
[Mg Cl] , 129 
[B Be] , 216 
[B Si] , 166 
[Mg Na] , 164 
[Li Al] , 191 
[Al Mg] , 164 
[Na Be] , 164 
[B Mg] , 191 
[Li C] , 166 
[Al P] , 140 
[Al O] , 166 
[Li S] , 225 
[Be O] , 156 
[H Be] , 164 
[N S] , 129 
[B S] , 141 
[Be Mg] , 227 
[Na S] , 194 
[Al Li] , 155 
[N O] , 160 
[Be Si] , 216 
[C H] , 166 
[Al F] , 187 
[O Li] , 127 
[Si Mg] , 191 
[F Be] , 115 
RANKING VECTORS ENTHALPIES
0:[-199.76035292 -199.60029091 -199.57017528 -199.56852642 -199.54656843 -199.51727087 -199.51494534 -199.50564482 -199.49860788 -199.4967499 -199.49580255 -199.46673898 -199.45141139 -199.4255246  -199.42358337 -199.4044998  -199.39558234 -199.38581301 -199.38321747 -199.38056218 -199.38046334 -199.37974267 -199.37846622 -199.36412861 -199.31671088 -199.28765992 -199.2804351  -199.27334374 -199.2622055  -199.2567877 -199.25678126 -199.24268685 -199.23168564 -199.21999378 -199.1819112 -199.17729315 -199.15940048 -199.05917611 -199.04699198 -198.89293022 -198.87968267 -198.8652656  -198.84816928 -198.84815157 -198.7909912 -198.67107593 -198.3913714  -197.86672168] 
1:[-93.26091836 -93.26038588 -93.25921528 -93.25835264 -93.25504906 -93.24513579 -93.20690791 -93.12214106 -93.04536856 -92.96290746 -92.93832179 -92.89449661 -92.89056576 -92.88550856 -92.83129763 -92.81897092 -92.78576097 -92.78322068 -92.77784335 -92.77668655 -92.72076881 -92.65666227 -92.64982075 -92.59296291 -92.5600878 -92.52004749 -92.42240506 -92.41879616 -92.37717992 -92.37717877 -92.37189086 -92.34437123 -92.26762106 -92.22575694 -92.17359084 -92.13132991 -92.08234654 -91.6670469  -91.61857688 -91.29057379 -91.24910464 -91.16380515 -91.16380323 -91.14743965 -91.07263823 -90.92777746 -90.83117039 -90.8311307 ] 
2:[-65.23985429 -65.12549215 -65.11697103 -65.04119582 -65.0398146 -65.03759357 -65.00694486 -64.99146317 -64.98982814 -64.89727833 -64.89335572 -64.87964965 -64.86347068 -64.84000618 -64.83335241 -64.81311345 -64.79727053 -64.79541552 -64.79229827 -64.79187298 -64.78926033 -64.76809103 -64.7660588  -64.7622011  -64.75466946 -64.58451697 -64.56541908 -64.51565575 -64.49222972 -64.48596264 -64.42550903 -64.37120326 -64.36129261 -64.33603474 -64.31562316 -64.2580553  -64.10135063 -63.97054337 -63.92737221 -63.9149566 -63.90889284 -63.90461112 -63.89909223 -63.87914289 -63.87893621 -63.87600385 -63.48519925 -63.45943888] 
3:[-1137.84571758 -1137.78920317 -1137.78118536 -1137.7575672 -1137.75539115 -1137.71998822 -1137.71397678 -1137.69728646 -1137.69664375 -1137.69511531 -1137.69037077 -1137.68421478 -1137.6840171  -1137.68389828 -1137.64989518 -1137.5921305 -1137.58375745 -1137.57850914 -1137.5737292  -1137.57369802 -1137.57309528 -1137.55611562 -1137.55578997 -1137.52953228 -1137.51746918 -1137.46619577 -1137.43139853 -1137.42206925 -1137.42000318 -1137.41031667 -1137.40572155 -1137.39746254 -1137.38918825 -1137.38611554 -1137.21858495 -1137.16406763 -1137.14781379 -1137.14778894 -1137.06578733 -1137.06507052 -1136.79781718 -1136.78980606 -1136.69977186 -1136.66462211 -1136.6541877  -1136.27043528 -1135.92254401 -1135.30837427] 
4:[-474.62720122 -474.60418554 -474.48389612 -474.46929874 -474.40747143 -474.3962589  -474.3558353  -474.35114259 -474.30140817 -474.2355585 -474.22889279 -474.16654117 -474.16417925 -474.16383348 -474.16264395 -474.09794148 -474.06906298 -474.0351394  -474.02632812 -473.99234553 -473.92094136 -473.91267074 -473.82651378 -473.67599272 -473.56046125 -473.49023321 -473.48854655 -473.47394728 -473.43403235 -473.4113254 -473.40530246 -473.30279633 -473.30217479 -473.26756009 -473.24395741 -473.20297133 -473.17184828 -473.09211132 -473.05224226 -472.63507849 -472.63412936 -472.63020233 -472.62420549 -472.61912046 -472.51478594 -472.51160166 -472.21228962 -472.20397266] 
5:[-143.04693895 -142.56468519 -142.54132676 -142.48574309 -142.4857239 -142.47954539 -142.42662461 -142.42004028 -142.4160866  -142.396355 -142.34599508 -142.34400041 -142.33139108 -142.32512264 -142.32440483 -142.31868865 -142.31461642 -142.31420303 -142.30930188 -142.30923029 -142.30733012 -142.30562963 -142.30326067 -142.28335451 -142.27632771 -142.27089072 -142.2706792  -142.23401671 -142.16698436 -142.12888558 -142.09957514 -142.09757168 -142.09115344 -142.09039698 -142.08196127 -142.05065857 -142.03756195 -141.98757464 -141.96850328 -141.94506931 -141.90885457 -141.82941391 -141.82865955 -141.77215941 -141.68136688 -141.36962008 -141.36824197 -140.47165813] 
6:[-254.51913895 -254.50708183 -254.50438068 -254.50148743 -254.49971842 -254.49898035 -254.49796269 -254.49614681 -254.49613094 -254.49570951 -254.4860167  -254.48484527 -254.37853673 -254.35615093 -254.35144122 -254.32549823 -254.29834094 -254.27109498 -253.33087286 -253.33034126 -252.9061579  -252.87841309 -252.81480122 -252.78873423 -252.71924225 -252.67885869 -252.62475616 -252.57005586 -252.54049758 -252.49928995 -252.40776896 -252.25868502 -252.19311037 -252.14207242 -252.11204578 -252.04772085 -252.01605214 -251.99870753 -251.98951848 -251.56336903 -251.52495834 -251.24416888 -251.24416626 -251.07003087 -251.06530484 -250.75250861 -250.75248691 -250.36370871] 
7:[-351.59589902 -351.58570444 -351.58555958 -351.47998628 -351.47874945 -351.45704067 -351.39867696 -351.36327918 -351.14830972 -351.11120403 -350.71111519 -350.68408003 -350.65541637 -350.60412316 -350.60361036 -350.60117195 -350.50324847 -349.86198048 -349.80346355 -349.56900759 -349.52946661 -349.50367383 -349.34926939 -349.20418676 -348.93749066 -348.74212543 -348.74035452 -348.71124124 -348.67976644 -348.67033581 -348.66165864 -348.6392763  -348.60794835 -348.60057087 -348.58423228 -348.58072086 -348.45372989 -348.31936313 -348.06724097 -347.80078379 -347.77340512 -347.69567093 -347.69537128 -347.69375805 -347.63677863 -347.62670878 -347.26047359 -347.25485999] 
8:[-332.56699534 -332.48121308 -332.39685589 -332.33611957 -332.32962842 -332.27774868 -332.26278913 -332.11562209 -332.1099251  -332.09752929 -332.08549444 -332.08080873 -332.07654889 -332.0487013  -332.03087247 -332.02526835 -331.91920276 -331.9053842  -331.62645977 -331.60831615 -331.60816202 -331.56513164 -331.53274664 -331.51286335 -331.50528258 -331.46090657 -331.43350071 -331.39986566 -331.37567114 -331.02988402 -330.91772959 -330.8918028  -330.75004688 -330.68779837 -330.67315459 -330.59684295 -330.58689429 -330.52798101 -330.51352832 -330.4531335 -330.41496705 -330.2666391  -330.26653164 -330.26235122 -330.26234513 -330.14680045 -330.13120838 -330.01347498] 
9:[-663.82814665 -663.82383185 -663.79201373 -663.77330602 -663.77289791 -663.77200916 -663.77101305 -663.72870629 -663.71844565 -663.70001014 -663.68801664 -663.68289435 -663.68251877 -663.66372212 -663.66259335 -663.65793711 -663.65618036 -663.65340719 -663.64615583 -663.64615583 -663.63606396 -663.61005062 -663.55999962 -663.51798377 -663.50171524 -663.48458992 -663.48414102 -663.48408027 -663.48407929 -663.4680555 -663.4671253  -663.43639919 -663.29089682 -663.2905606  -663.26737246 -663.14374818 -663.14345354 -663.0162077  -662.96117414 -662.84056288 -662.78263731 -662.54178542 -662.51923811 -661.92375972 -661.90960906 -661.81145937 -661.80718435 -660.39835549] 
10:[-206.25411196 -206.20448895 -206.0884144  -205.9313853  -205.92311703 -205.92172532 -205.92101037 -205.90431428 -205.88031067 -205.88030526 -205.85987762 -205.84782542 -205.484677   -205.40575932 -205.0881535 -205.08153135 -205.05074657 -205.02830405 -204.95610305 -204.79898736 -204.61802689 -204.61781207 -204.61260129 -204.52063481 -204.51632184 -204.48266254 -204.44429767 -204.42284769 -204.39720385 -204.35853251 -204.35122992 -204.24462926 -204.19423569 -204.14976795 -204.00774302 -203.99625267 -203.9751294  -203.65968241 -203.60798877 -203.5703156 -203.57028618 -203.55904391 -203.52660854 -203.45991841 -203.24261001 -203.13400801 -202.9570645  -202.95705995] 
11:[-724.07917562 -724.04510436 -724.00161597 -723.880225   -723.80165718 -723.80116284 -723.73807818 -723.66584761 -723.61829418 -723.59467397 -723.58884699 -723.31869254 -723.16030574 -723.01352004 -723.00684814 -723.00646726 -723.00273654 -723.00136015 -722.87729246 -722.87107321 -722.87043062 -722.86444598 -722.86044587 -722.83555334 -722.81279635 -722.81069158 -722.80906819 -722.80791746 -722.79425938 -722.77668795 -722.65168374 -722.64239238 -722.62307988 -722.61880947 -722.47737164 -722.46662819 -722.4569324  -722.34715105 -722.33706816 -722.33701324 -722.22257085 -722.22244601 -722.07890004 -721.85876485 -721.74076462 -721.42144232 -721.30726708 -720.92457381] 
12:[-330.45276997 -330.44774382 -330.42987279 -330.11544364 -329.85920575 -329.68025012 -329.63339055 -329.63292706 -329.63291459 -329.63285253 -329.63111033 -329.63107318 -329.62962203 -329.61894307 -329.59034931 -329.58058556 -329.24498316 -328.65325614 -328.62138645 -328.50134652 -328.36351821 -328.34610674 -328.26510406 -328.07119947 -328.0256684 -328.02494767 -328.02215243 -327.99507305 -327.9040471  -327.85013932 -327.7984586  -327.72429743 -327.34852503 -327.30455509 -327.18135597 -327.0973301  -327.09677083 -327.08550355 -327.04792352 -327.02238686 -326.96941151 -326.75559815 -326.67824181 -326.67773376 -326.58381307 -325.40787854 -325.39337713 -324.81902665] 
13:[-165.94004803 -165.9399674  -165.93339673 -165.93336312 -165.93183009 -165.92579984 -165.89101601 -165.74105212 -165.69987487 -165.69678505 -165.597103   -165.57806152 -165.56253714 -165.53123527 -165.52752498 -165.52169545 -165.52131365 -165.52104395 -165.51353513 -165.49903849 -165.49536456 -165.48923132 -165.48268695 -165.45709604 -165.42439156 -165.42026881 -165.41495266 -165.38224191 -165.354118   -165.29961799 -165.28288215 -165.2696759  -165.23975255 -165.23549542 -165.21442746 -165.17919246 -165.15151688 -165.06642653 -165.06061796 -165.01784834 -164.98086927 -164.97898488 -164.95464342 -164.76123025 -164.76114476 -164.48283385 -164.48035207 -163.31072179] 
14:[-1199.20464398 -1199.20139834 -1199.19617334 -1199.13607906 -1199.08828101 -1199.0702154  -1199.00653781 -1199.00651244 -1198.95827544 -1198.94549138 -1198.9152831  -1198.89156083 -1198.89131703 -1198.88764939 -1198.88479924 -1198.88212466 -1198.88154833 -1198.88151453 -1198.88088224 -1198.87977317 -1198.87896737 -1198.86808937 -1198.83576159 -1198.7459489 -1198.7110984  -1198.70069717 -1198.66664608 -1198.62521651 -1198.61136963 -1198.57009706 -1198.566421   -1198.56224391 -1198.55559898 -1198.53568746 -1198.49859592 -1198.48241332 -1198.43127297 -1198.36734567 -1198.35859096 -1198.23057419 -1198.22992073 -1198.1244423  -1198.10185515 -1198.01737749 -1198.00829734 -1198.0041915  -1197.32733123 -1195.8867341 ] 
15:[-223.1493734  -223.12203858 -223.11868093 -223.03977111 -223.01107077 -222.86384673 -222.86061689 -222.85949209 -222.85717588 -222.8563081 -222.85236749 -222.84422975 -222.83820547 -222.82047409 -222.64501845 -222.61660986 -222.60736685 -222.55908659 -222.55133689 -222.48323183 -222.42807929 -222.40049751 -222.37542646 -222.33862501 -222.29312103 -222.26728841 -222.2543595  -222.2099403  -222.19630297 -222.17735365 -222.17141476 -222.12303231 -222.11823152 -222.08858285 -222.05401952 -222.00570222 -221.78737649 -221.77541572 -221.62591359 -221.52753655 -221.50078316 -221.48054515 -221.48054401 -221.44732846 -221.4224093 -221.33939251 -220.96442397 -220.96441712] 
16:[-256.3430511  -256.26518703 -256.24215118 -256.23934896 -256.23621543 -256.21252875 -256.16704575 -256.16650914 -256.16415677 -256.15250727 -256.14814102 -256.14062086 -256.13917321 -256.13149461 -256.11603008 -256.11376885 -256.10968889 -256.07013852 -256.06750729 -256.03674742 -256.02371074 -256.02095041 -256.01029326 -256.0039866  -255.99785162 -255.98916177 -255.98726865 -255.98460865 -255.98341184 -255.96913997 -255.93001181 -255.81734925 -255.74424116 -255.70922183 -255.688897 -255.50699174 -255.50474912 -255.49833845 -255.37087253 -255.36353322 -255.36105074 -255.3602586  -255.35053203 -255.24059011 -255.22772966 -254.80604178 -254.78682702 -253.79764118] 
17:[-133.824373   -133.79457503 -133.77887292 -133.76498948 -133.75714763 -133.70516072 -133.66677929 -133.20983699 -132.82662267 -132.75015127 -132.72246271 -132.68121737 -132.64015361 -132.52483107 -132.43830785 -132.4367247  -132.43620167 -132.30197258 -132.20520234 -132.19169795 -132.19045446 -132.13277794 -132.12447248 -132.09960689 -132.08233065 -132.05959581 -132.01327233 -131.89731046 -131.88116072 -131.74499502 -131.74197958 -131.60074728 -131.57335653 -131.57334302 -131.57113404 -131.5695366  -131.5183123  -131.5126168  -131.49788176 -131.49734855 -131.26490815 -131.2627311  -131.2395111  -130.97819938 -130.97418848 -130.82773089 -130.24033846 -130.24032825] 
18:[-271.19295255 -271.17584011 -271.16276167 -270.99296531 -270.98940488 -270.91984301 -270.91966509 -270.91965517 -270.91803752 -270.9174546 -270.91517445 -270.91402995 -270.86121688 -270.84820632 -270.76524882 -270.76512271 -270.74955175 -270.74786268 -270.73924867 -270.73833587 -270.73449411 -270.65620416 -270.62394892 -270.6069575  -270.60369465 -270.60196304 -270.56424691 -270.55725617 -270.54681063 -270.53223849 -270.53149522 -270.52064175 -270.49812126 -270.48512776 -270.36749276 -270.33467484 -270.31863457 -270.30047326 -270.28301917 -270.23305399 -270.12424019 -270.09445696 -270.02327434 -270.00523318 -269.98485659 -269.30795805 -269.30460125 -267.95357114] 
19:[-345.58282837 -345.44024711 -345.43686154 -345.40093061 -345.40038769 -345.3651411  -345.35539285 -345.35417207 -345.35206787 -345.34981976 -345.34826982 -345.34314897 -345.34309744 -345.34083366 -345.3251175 -345.25103665 -345.22002223 -345.21986993 -345.21549604 -345.2094809 -345.1488597  -345.00406068 -344.94844579 -344.9484133  -344.94120242 -344.68992185 -344.59651385 -344.5241738  -344.51699058 -344.4992535 -344.49106389 -344.39210529 -344.27237838 -344.11355736 -344.07318815 -344.07277685 -344.029427   -344.02640871 -343.79889417 -343.77730331 -343.53771461 -343.34849605 -343.34689132 -343.33607184 -343.33250992 -343.2713071  -343.20608971 -342.36938713] 
20:[-159.3613774  -159.13786455 -159.04471266 -159.01471187 -158.98431068 -158.98423894 -158.92942595 -158.92931855 -158.90615498 -158.90399765 -158.78690216 -158.76438447 -158.75711593 -158.74862303 -158.45145169 -158.44604043 -158.43361416 -158.40583095 -158.4057611  -158.40564463 -158.40430009 -158.39961646 -158.39209828 -158.20514505 -158.0539054 -158.04575056 -158.0191645  -158.01470721 -157.97431183 -157.97419904 -157.95571313 -157.9443467  -157.92449153 -157.8615203  -157.75513946 -157.75428601 -157.7497648  -157.74509695 -157.57862383 -157.50559001 -157.46384531 -157.45355594 -157.45294003 -157.4382122  -157.28299609 -157.26243561 -156.90621672 -156.90485607] 
21:[-420.85473711 -420.85472066 -420.85456308 -420.85342571 -420.84555904 -420.84420733 -420.7493599  -420.73945898 -420.73246432 -420.7324468 -420.72101243 -420.61496486 -420.5863459  -420.48807907 -420.40592131 -420.40571157 -420.25980071 -420.24432012 -420.15300836 -420.06525974 -420.02437762 -419.96555556 -419.90785122 -419.74050566 -419.7120406 -419.70941304 -419.70938448 -419.69917124 -419.58521412 -419.57293494 -419.442477   -419.31319682 -419.31168696 -419.22800361 -419.22203563 -419.21612231 -419.21560776 -419.18671803 -419.1018008  -418.5388087 -418.52913052 -418.36168291 -418.3610474  -418.35872272 -418.35867682 -418.35838742 -417.61253589 -417.61226816] 
22:[-1221.37171772 -1221.37061184 -1221.30717844 -1221.29924659 -1221.29902676 -1221.29256735 -1221.25796188 -1221.24361972 -1221.16369323 -1221.09178304 -1221.05935566 -1221.04345441 -1221.00957455 -1221.00419895 -1220.97218394 -1220.96497177 -1220.94555489 -1220.88081023 -1220.82619031 -1220.80040267 -1220.77605525 -1220.7739623  -1220.76563392 -1220.76509451 -1220.75798459 -1220.72546063 -1220.69903296 -1220.68047315 -1220.63145162 -1220.57168878 -1220.54330919 -1220.53218665 -1220.52845708 -1220.49168296 -1220.48930984 -1220.47999071 -1220.35097102 -1220.34447397 -1220.34442964 -1220.3427013 -1220.29305317 -1220.19262682 -1220.17526533 -1220.072892 -1220.07283189 -1219.74354048 -1219.73912856 -1219.58439034] 
23:[-177.95721653 -177.94671181 -177.92202794 -177.87051318 -177.75252171 -177.74823905 -177.74597446 -177.7444819  -177.74132606 -177.7408393 -177.7223837  -177.60949753 -177.60771917 -177.4535348  -177.43764225 -177.39815191 -177.35748036 -177.33480717 -177.33478848 -177.23844877 -177.22142681 -177.21126427 -177.17853455 -177.17549476 -177.1738214 -177.17362919 -177.16353238 -177.16342733 -177.15450159 -177.15336826 -177.14392432 -177.13697445 -177.10928866 -177.07574048 -177.07420417 -177.0650319  -177.00334469 -176.9516458  -176.93205929 -176.88245685 -176.83627103 -176.83063833 -176.76532933 -176.69686827 -176.61053995 -176.30624376 -176.27709837 -175.66619718] 
24:[-88.89384723 -88.85989472 -88.84469724 -88.83473351 -88.82846711 -88.82488636 -88.82488602 -88.82016777 -88.69539919 -88.69434546 -88.68921885 -88.6873187  -88.68731866 -88.5897409  -88.4957402 -88.48218994 -88.46921196 -88.46204317 -88.45621903 -88.45401208 -88.45210612 -88.41409243 -88.41307325 -88.37437155 -88.3729779 -88.34301415 -88.27038534 -88.26268362 -88.19124917 -88.17225797 -88.17188613 -88.15461601 -88.14740621 -88.14698569 -88.14698454 -88.14457116 -88.13567016 -88.1287812  -88.08815634 -88.067061 -88.03422515 -88.02294028 -87.97779032 -87.97013964 -87.95804119 -87.71591108 -87.67250888 -86.66402133] 
25:[-1486.03710304 -1486.03526975 -1486.03232595 -1486.0297097 -1486.02878805 -1486.02295354 -1486.01995589 -1486.00622312 -1485.98003225 -1485.97342894 -1485.968878   -1485.95813654 -1485.9457498  -1485.93307061 -1485.91617646 -1485.90917085 -1485.8952049  -1485.87969732 -1485.87940971 -1485.87816423 -1485.8751047  -1485.8660601  -1485.83802249 -1485.80742384 -1485.80614264 -1485.80052978 -1485.75855236 -1485.74445768 -1485.7300773  -1485.70029787 -1485.70029785 -1485.68926821 -1485.67753907 -1485.66895685 -1485.65353189 -1485.65278303 -1485.49074638 -1485.07161965 -1485.07075201 -1485.04366965 -1485.0081907  -1484.99645207 -1484.78328645 -1484.77105413 -1484.55141427 -1484.49506756 -1484.29975696 -1483.92765541] 
26:[-148.22871805 -148.21006124 -148.20608663 -148.20605697 -148.20473084 -148.20330225 -148.19791563 -148.14417635 -148.12109362 -148.12050781 -148.07200377 -148.05402198 -148.00060563 -148.00013161 -147.94679503 -147.94428735 -147.93024283 -147.92632441 -147.92603096 -147.92570388 -147.9253198  -147.87635469 -147.85703024 -147.83109014 -147.8252553 -147.81679071 -147.81264026 -147.78507301 -147.75732449 -147.7521892 -147.75014166 -147.73879008 -147.72126413 -147.63670059 -147.6345767 -147.61742051 -147.61701603 -147.60108438 -147.54036974 -147.4892375 -147.31729365 -147.21999151 -147.19359104 -146.9734601  -146.97330764 -146.80138241 -146.79947031 -145.73548186] 
27:[-575.94643027 -575.93038126 -575.92387592 -575.92197485 -575.91879362 -575.91357268 -575.91112891 -575.9043275  -575.89421709 -575.88389569 -575.88309797 -575.87815089 -575.87556555 -575.86787064 -575.86646645 -575.86321136 -575.85574294 -575.8015372  -575.79858633 -575.70680282 -575.68891814 -575.67447346 -575.59436799 -575.58822007 -575.58766252 -575.52072652 -575.51316479 -575.42608624 -575.34421514 -575.33804901 -575.24224858 -575.24016904 -575.22392466 -575.22012343 -575.20172531 -575.17787798 -575.17187088 -575.1678669  -575.15750867 -575.13795983 -575.07182139 -574.96265262 -574.96113726 -574.88466702 -574.87341692 -574.04485267 -574.04135232 -572.74114016] 
28:[-950.57510964 -950.53220746 -950.52944068 -950.50706973 -950.50663527 -950.50596358 -950.50566058 -950.49870862 -950.4852245  -950.45567373 -950.4556079  -950.44462667 -950.43369875 -950.41782992 -950.40282813 -950.40220664 -950.38950596 -950.38942663 -950.38209628 -950.38188486 -950.38044475 -950.36659751 -950.34184451 -950.29315834 -950.28789087 -950.28046652 -950.25143103 -950.19642877 -950.19344856 -950.19070459 -950.19063895 -950.16732408 -950.16162475 -950.15166006 -950.12947677 -950.0801985  -950.054053   -950.00253192 -949.86455514 -949.83934965 -949.52245731 -949.51278502 -949.45063366 -949.4505289  -949.2281317 -949.21708904 -949.05896313 -948.47666908] 
29:[-589.34018014 -589.33890713 -589.33775312 -589.33630517 -589.33532952 -589.33509276 -589.33307309 -589.31282423 -589.30872171 -589.30319686 -589.30139553 -589.24535891 -589.24453591 -588.88914346 -588.68345135 -588.65133767 -588.65112402 -588.64225951 -588.62240642 -588.62176091 -588.61586402 -588.56956957 -588.36162139 -588.30845562 -588.29694245 -588.27225029 -588.22957139 -588.15763708 -588.15425099 -588.13382623 -588.10326767 -588.10070476 -588.09643666 -587.98322591 -587.94280436 -587.90427631 -587.85603392 -587.72301213 -587.63600708 -587.50088199 -587.48308555 -587.39492849 -587.33271947 -586.99282624 -586.97919026 -586.87952388 -586.62912889 -584.69838392] 
30:[-182.80746488 -182.52763307 -182.50076509 -182.49035441 -182.49028328 -182.49013824 -182.47627422 -182.46928072 -182.45296318 -182.42355282 -182.4070205  -182.38214674 -182.38180737 -182.37787353 -182.35597353 -182.30632158 -182.29845452 -182.29646193 -182.25294842 -182.21943157 -182.1632517  -182.10435456 -182.08979582 -182.06121255 -181.98484339 -181.80575567 -181.77895021 -181.77271111 -181.70795266 -181.70216806 -181.6872484  -181.67583282 -181.6755299  -181.66035449 -181.65050675 -181.58996646 -181.58323992 -181.5656608  -181.55236295 -181.41642983 -181.40430783 -181.38078833 -181.35906542 -181.33204612 -181.29935434 -181.13293648 -181.02527538 -180.68689725] 
31:[-100.68313263 -100.64115198 -100.63862405 -100.62601122 -100.6041063 -100.57911891 -100.57739467 -100.57461056 -100.5709957  -100.57070997 -100.56866742 -100.54929971 -100.54898498 -100.54425889 -100.53200433 -100.51521304 -100.45806798 -100.44679619 -100.42012934 -100.41278356 -100.40769381 -100.4047123  -100.40058539 -100.3592953  -100.32211361 -100.30468482 -100.29102332 -100.26279376 -100.23100757 -100.22551832 -100.21041307 -100.18924997 -100.1880309  -100.18792687 -100.18647201 -100.18376354 -100.14588177 -100.14124015 -100.11471573 -100.02368665 -100.02266709 -100.00721177 -100.00691394  -99.79668946  -99.79223094  -99.45709222  -99.4559057   -98.82733931] 
32:[-189.31108819 -189.21964122 -189.13735495 -189.08689501 -189.06590505 -189.06081024 -189.04774809 -189.04457955 -189.0436507  -189.04327105 -189.02648215 -188.97031841 -188.96925587 -188.87687331 -188.78730484 -188.74904329 -188.71257584 -188.587997   -188.51574883 -188.4342282 -188.39797599 -188.33230585 -188.30496669 -188.29442795 -188.2730456 -188.25147924 -188.21169005 -188.17578463 -188.17531298 -188.16772417 -188.14418013 -188.0467042  -187.99540794 -187.96137611 -187.65149102 -187.30191679 -187.30190758 -187.16853773 -187.10685515 -186.92143499 -186.91947425 -186.91947037 -186.9182425  -186.91517256 -186.62781874 -186.62460577 -186.61561746 -186.61548308] 
33:[-228.64775571 -228.45649191 -228.45596443 -228.45529515 -228.45522833 -228.42497028 -228.42344206 -228.40418848 -228.40410878 -228.39802945 -228.37231624 -228.31635776 -228.30151136 -228.28452872 -228.28450259 -228.27355509 -228.27205859 -228.2656012  -228.24313512 -228.24313479 -228.24308104 -228.2428058  -228.24037696 -228.17380883 -228.12641771 -228.02240273 -228.022024   -228.01327474 -227.97566559 -227.97557625 -227.96328209 -227.83198451 -227.75622395 -227.75620395 -227.74312975 -227.56524679 -227.36162574 -227.34957514 -227.34118061 -227.15031295 -227.14854193 -227.07129616 -227.05030139 -227.0291851  -226.99027394 -226.97910971 -226.9250162  -226.82457454] 
34:[-401.5572218  -401.55614223 -401.49782199 -401.39884521 -401.39715013 -401.39565124 -401.39533141 -401.39281464 -401.38115503 -401.36298194 -401.36261012 -401.32283345 -401.27602959 -401.23129267 -401.18895582 -401.17830486 -401.17826274 -401.15400779 -401.04477802 -401.03853277 -400.91891194 -400.85237979 -400.85146081 -400.84383191 -400.8294106 -400.79139866 -400.78844234 -400.78818962 -400.78816796 -400.66533289 -400.58465115 -400.56469921 -400.4680935  -400.44283343 -400.43285501 -400.05907739 -399.90531761 -399.87907192 -399.87902034 -399.87526482 -399.506352   -399.30035586 -399.28388954 -398.91821614 -398.91462269 -398.91387494 -398.91356704 -398.91022879] 
35:[-135.58725891 -135.5871286  -135.58627574 -135.58334697 -135.58333458 -135.58062576 -135.57886655 -135.56436097 -135.55699331 -135.55668419 -135.55048541 -135.52239883 -135.45142256 -135.45082447 -135.41312489 -135.34493697 -135.33629169 -135.33172388 -135.31999381 -135.31395444 -135.30653516 -135.30368116 -135.30061863 -135.29574193 -135.28721026 -135.27203276 -135.25891727 -135.2542356  -135.19454661 -135.18504083 -135.16629773 -135.13100608 -135.1124124  -135.1121847  -135.07377334 -135.07266829 -135.06873152 -135.05627678 -135.05205779 -135.04740183 -135.03980164 -135.02566333 -135.00459491 -135.00459356 -134.93969895 -134.92885665 -134.90376963 -134.81493997] 
36:[-284.35946922 -284.11799622 -284.11796651 -284.11778865 -284.11746085 -284.11412663 -284.09766775 -284.09729407 -284.07827574 -284.05428844 -283.97901223 -283.96536452 -283.91378727 -283.81650194 -283.79637157 -283.78974583 -283.77011987 -283.76200693 -283.71160356 -283.59758151 -283.51567462 -283.49998061 -283.49223249 -283.43771225 -283.38730129 -283.34223106 -283.30574122 -283.299296   -283.28628602 -283.22064204 -283.21595324 -283.1418178  -283.08464801 -283.03961664 -283.02971665 -283.01459321 -283.01444311 -282.92543908 -282.75773409 -282.60965768 -282.36672886 -282.35001189 -282.3201991  -282.31989717 -282.17568329 -282.14513163 -282.06818023 -282.06817081] 
37:[-150.67871313 -150.66563969 -150.27358151 -150.21852563 -150.1801219 -150.17359122 -149.95491145 -149.86785141 -149.86259396 -149.86058595 -149.85979822 -149.8590586  -149.85893238 -149.85567706 -149.85469549 -149.81090061 -149.79521333 -149.79468627 -149.79102769 -149.75206263 -149.70502349 -149.70051654 -149.6993107  -149.61688933 -149.60999735 -149.59818341 -149.59601255 -149.58882897 -149.56382893 -149.56342726 -149.56261751 -149.56185406 -149.56184527 -149.54611423 -149.54270477 -149.44895297 -149.09741831 -149.06183205 -149.03071316 -149.02179967 -148.98542539 -148.98410616 -148.9488199  -148.94881698 -148.8785301 -148.78509103 -148.78179648 -148.43073996] 
38:[-788.41263853 -788.40844581 -788.39243394 -788.1709402  -788.12794184 -788.07396513 -788.02900016 -788.02334602 -788.02201679 -788.02057427 -788.02047958 -788.01992469 -788.0193341  -788.01477659 -788.01249841 -788.01194692 -787.96488845 -787.87745826 -787.85829878 -787.80349004 -787.75477701 -787.75315193 -787.75224584 -787.66817744 -787.64255511 -787.64151772 -787.61779393 -787.58355504 -787.56818599 -787.55875764 -787.49995514 -787.45584335 -787.42666747 -787.39308311 -787.38947524 -787.38899242 -787.38283877 -787.36535477 -787.34334872 -787.33169187 -787.28061703 -786.8708053  -786.7231388  -786.70141237 -786.54032443 -786.28959922 -786.28746356 -784.72005413] 
39:[-925.40375188 -925.21484307 -925.21377217 -925.21376852 -925.21370604 -925.21368563 -925.21360578 -925.21322395 -925.21257086 -925.21015903 -925.20651002 -925.10686305 -925.09804861 -925.01318724 -924.96691994 -924.96513354 -924.90830523 -924.88301263 -924.8733677  -924.8728834 -924.87283586 -924.85676102 -924.85327471 -924.84830834 -924.80746146 -924.7431667  -924.6724879  -924.65819816 -924.63649544 -924.60769387 -924.60725264 -924.57838355 -924.358815   -924.35828659 -924.29895866 -924.16354419 -924.15529983 -924.03597205 -923.98376987 -923.96168164 -923.90485309 -923.66515641 -923.64581927 -923.47768107 -923.42034985 -923.34328729 -923.12691309 -923.06811913] 
40:[-103.46352351 -103.42727763 -103.42527178 -103.40362843 -103.40291503 -103.39928875 -103.39659862 -103.37907288 -103.37900779 -103.37839815 -103.37100207 -103.35892363 -103.35149089 -103.2491243  -103.19144796 -103.18190201 -103.14938449 -103.14657067 -103.14517134 -103.14434362 -103.14382354 -103.1428069  -103.14050744 -103.13923765 -103.10803324 -103.08798394 -103.04605727 -103.02304917 -103.01088868 -103.00302874 -102.98345595 -102.97164354 -102.92028705 -102.91937566 -102.91871902 -102.89403439 -102.87189395 -102.87066907 -102.83196558 -102.81592652 -102.8115354  -102.76561307 -102.72179657 -102.58000563 -102.57667395 -102.35260597 -102.35186486 -101.53069952] 
41:[-334.22766496 -333.75921396 -333.64700035 -333.63835567 -333.609457 -333.52558684 -333.19499758 -333.09849502 -333.08290331 -333.07932307 -332.97561841 -332.94356048 -332.9353515  -332.9341668  -332.8851902 -332.85448197 -332.82303837 -332.81598582 -332.75929146 -332.75576551 -332.72277398 -332.72202441 -332.70902784 -332.67787553 -332.64961367 -332.58345975 -332.5715428  -332.49497705 -332.45518836 -332.37782056 -332.32117946 -332.31879913 -332.14051735 -332.00890518 -331.99657702 -331.9957657  -331.90829881 -331.85471008 -331.79966598 -331.78859172 -331.7828234  -331.65160507 -331.63316458 -331.42582463 -331.41889083 -331.06812055 -331.06512378 -331.01073848] 
42:[-288.41252315 -288.40290581 -288.40285951 -288.28404997 -288.27557175 -288.25141803 -288.23715661 -288.22641951 -288.22630769 -288.22590316 -288.22434867 -288.21924838 -288.21786728 -288.21740674 -288.21685892 -288.21590407 -288.21527782 -288.20976435 -288.20971344 -288.2017872 -288.20123237 -288.13914012 -288.12824154 -288.12087963 -288.11332806 -288.07783412 -288.03721522 -287.94697547 -287.92975524 -287.92878179 -287.92452344 -287.92138812 -287.89696254 -287.89430616 -287.889039 -287.86414472 -287.85467753 -287.84176663 -287.84114061 -287.83722752 -287.76857114 -287.66156435 -287.5971531  -287.59048146 -287.54571001 -287.15921166 -287.15765037 -286.25395464] 
43:[-112.91670198 -112.91479835 -112.91475725 -112.89930445 -112.50026317 -112.29747783 -112.23758987 -112.2343969  -111.81462263 -111.81095148 -111.8099443  -111.80884709 -111.80537287 -111.80517789 -111.73613887 -111.73167138 -111.52792897 -111.52713897 -111.49922967 -111.35964254 -111.34851569 -111.32030402 -111.25901383 -111.19933543 -111.11958653 -111.00296806 -110.99259511 -110.91629156 -110.88955467 -110.81230442 -110.67378179 -110.67241385 -110.65630346 -110.65415407 -110.65017492 -110.64849132 -110.49006261 -110.39546718 -110.29709139 -110.28862155 -110.26784902 -110.26781409 -110.22987215 -110.02086055 -110.00352005 -109.90026873 -109.86100277 -109.71969155] 
44:[-262.29508112 -262.28556642 -262.16416077 -262.11900209 -262.04016737 -262.03739953 -262.03300982 -262.03252204 -261.98723358 -261.98190278 -261.97466844 -261.96110558 -261.95484936 -261.94144963 -261.81639832 -261.79606431 -261.77138681 -261.72821608 -261.7272727  -261.71648683 -261.71018011 -261.67286403 -261.63840411 -261.62612149 -261.62549035 -261.59378856 -261.57486878 -261.55563201 -261.50441726 -261.40936742 -261.36793295 -261.35940769 -261.34914641 -261.29620454 -261.25631012 -261.25382634 -261.05731667 -261.03234926 -261.03134849 -261.03133765 -261.02939328 -260.77833798 -260.70977057 -260.70973132 -260.60355406 -260.60020305 -260.27218009 -260.27197666] 
45:[-362.44876425 -362.42087652 -362.37853538 -362.35184974 -362.35090732 -362.22872069 -362.07617696 -362.07217674 -362.00892577 -361.92465226 -361.90734505 -361.87696047 -361.83227509 -361.8292068  -361.82049707 -361.81106641 -361.80627978 -361.55829635 -361.53543142 -361.51432068 -361.51223807 -361.50967239 -361.45349212 -361.45347495 -361.45165221 -361.38390968 -361.3668318  -361.36184147 -361.35459648 -361.35326509 -361.35076937 -361.34371831 -361.32512008 -361.27798469 -361.27647863 -361.27542032 -361.17782767 -361.17780468 -361.16863126 -361.16862607 -361.14835901 -361.11191691 -360.91200962 -360.80786855 -360.75052807 -360.68114616 -360.44520252 -360.32442884] 
46:[-610.95181579 -610.9329445  -610.93288463 -610.93286181 -610.91566673 -610.9154259  -610.91014966 -610.90399362 -610.90397941 -610.89797017 -610.78214283 -610.75310635 -610.7431431  -610.73620038 -610.71752967 -610.71067813 -610.70809621 -610.70279449 -610.69730727 -610.6952323 -610.60153124 -610.55100577 -610.47380005 -610.46458338 -610.42756605 -610.42585265 -610.42561824 -610.38280066 -610.36688215 -610.36223429 -610.35037509 -610.29575576 -610.2733831  -610.25864622 -610.24824607 -610.16685628 -610.15240138 -610.13119393 -610.12668837 -610.05430245 -610.04615777 -609.97952611 -609.94784759 -609.93685219 -609.87010477 -609.00679562 -609.00612971 -607.64008735] 
47:[-572.89272866 -572.82150131 -572.80757683 -572.79317364 -572.79217594 -572.7667536  -572.76669867 -572.76615119 -572.76533623 -572.76303833 -572.76241387 -572.75099375 -572.72266968 -572.65144189 -572.62222117 -572.55689801 -572.54840947 -572.37474816 -572.35484114 -572.21393913 -572.18385696 -572.13710555 -572.05561798 -572.05331696 -572.05226929 -572.05055631 -571.95497088 -571.93585655 -571.78776296 -571.51641225 -571.32524056 -571.24350034 -570.71523164 -570.7151189  -570.58822229 -570.4086838  -570.40281284 -570.33625761 -570.334348   -570.33091682 -570.3294476  -570.32495289 -570.28843604 -570.21616075 -570.19314799 -569.78901063 -569.31571757 -569.29858847] 
RANKING VECTORS IDX
0:[16.  3. 31. 14. 22. 10. 45. 25. 35.  9. 32. 11. 40. 30.  8. 39.  0. 41. 36. 28. 24. 27. 33. 37. 43.  6.  2. 34. 47. 26. 13. 46. 21. 15.  1. 17. 12. 44.  5. 42. 23.  4. 18. 38.  7. 20. 19. 29.] 
1:[27. 35.  9.  1. 25. 28. 22. 24. 11.  7. 20. 31.  2. 14. 45. 12. 19. 34. 47. 15. 16. 43.  3. 10. 36. 41. 21. 32.  0. 33.  8. 30. 39. 17. 37. 40.  5. 44.  4. 42. 23. 13. 26. 29.  6. 46. 18. 38.] 
2:[ 2. 31. 14.  0. 16. 33. 41. 12. 24. 45.  7. 20.  3. 43. 22. 39.  9. 35. 25. 37. 30. 28. 27. 47.  1. 17.  8. 40. 36. 11. 21. 15. 10. 32. 34. 19.  5. 44. 42. 29.  6. 46. 23.  4. 13. 26. 38. 18.] 
3:[ 3. 39. 22. 27. 28. 31. 14. 25. 35.  9.  1. 16. 40. 24.  2. 30.  6. 29. 13. 46. 26. 34. 11. 41. 32. 45. 44.  8. 12. 10.  5. 21. 15. 36. 47.  4. 18. 38.  0. 33.  7. 20. 43. 23. 42. 19. 37. 17.] 
4:[ 2. 16.  4. 32. 21. 22. 47. 15. 44. 34. 36. 35.  1. 25.  9. 17. 24. 40. 37.  3. 12. 43. 10. 11.  5. 31. 14. 30. 20. 41. 45. 38. 18. 27.  8. 28. 19. 39.  7.  6. 46. 29. 13. 26.  0. 33. 42. 23.] 
5:[17. 32. 37.  5.  2.  3. 31. 36. 14. 41.  1. 35. 27. 45.  9. 40. 22.  6. 13. 26. 46. 28. 39. 29. 24. 18. 38. 25.  8. 43. 47. 30. 15. 34. 16. 12. 44. 11.  4. 21. 23.  0. 33. 42. 10.  7. 20. 19.] 
6:[28. 13. 12.  6. 35.  9. 26. 25.  1. 29. 46. 27. 34. 16. 43. 24. 10. 30. 37. 17. 36. 22.  4.  3. 47. 15. 44. 11. 21. 41. 32.  5. 14. 31. 45.  7.  8. 40. 20. 39.  2. 18. 38. 23. 42.  0. 33. 19.] 
7:[21. 15. 47. 20.  7. 41. 17. 37.  4. 34. 12. 43. 10. 35.  1. 24. 11. 30. 19. 32. 44. 36.  2. 40. 16.  5.  8. 27. 13. 28. 22. 14. 45. 31.  0. 33.  3. 39. 26.  9. 25.  6. 46. 29. 23. 42. 18. 38.] 
8:[ 8. 11. 36. 45. 22. 14. 31. 24. 27. 17.  9. 25. 37. 30. 35.  1. 16. 41. 12. 10. 43.  2. 46.  5.  6. 29. 34.  4.  3. 44. 40. 28. 20. 26. 13.  7. 21. 15. 47. 32. 39.  0. 33. 18. 38. 42. 23. 19.] 
9:[22.  2. 16.  9. 24. 25. 35. 34. 44. 32. 28.  1. 27.  3. 43. 10. 45. 31. 38. 18. 40. 12. 15. 21.  6. 46. 29. 26. 13. 47.  4. 11. 37. 30. 36.  8. 39.  5. 41. 14. 17. 23. 42. 33.  0.  7. 20. 19.] 
10:[43. 12. 10. 24. 25. 29.  9.  6. 26. 13. 46. 34. 16. 11. 37. 17. 36. 22.  4.  5.  1. 35. 27. 31. 14. 28. 32. 41.  7. 44. 45. 20. 40. 21. 47. 15.  8. 30. 19.  0. 33. 39.  3.  2. 42. 23. 18. 38.] 
11:[ 8. 45. 11. 31. 36. 22. 41.  3. 14.  7. 20.  2. 16. 21. 17. 15. 47. 37.  1. 27. 35. 28.  5. 25. 46.  6. 13. 29. 30. 26.  4. 39. 24. 40.  0. 33. 32.  9. 42. 23. 38. 18. 34. 12. 10. 43. 44. 19.] 
12:[12. 43. 10. 30. 24. 34. 26. 13.  6.  1. 46. 35. 27. 28.  2. 29. 16. 17. 37. 22.  4.  3. 20. 21. 15. 32. 47. 44.  5. 36.  8. 41. 31. 14. 40. 11. 42. 23. 18. 38. 45. 39.  9. 25.  7.  0. 33. 19.] 
13:[27. 28. 13. 26. 29. 46.  3. 40. 39.  2.  8. 38. 18. 25. 14. 31.  9. 35. 24.  1. 30. 11. 22. 43. 41. 16. 45. 21.  5. 34. 15. 47.  6. 36. 17. 37. 32. 44. 12. 10. 42. 23.  4.  0. 33. 20.  7. 19.] 
14:[31. 14. 22.  3. 30. 39. 28. 27.  2. 40. 36. 35.  9.  1. 25. 29. 13. 26. 46. 12. 45.  6.  8. 10. 47. 11. 41. 34. 43.  0. 37. 24. 33. 32. 21.  5. 15.  7. 44. 18. 38.  4. 20. 42. 16. 23. 19. 17.] 
15:[21. 47. 15. 34. 10.  1. 25.  9. 17. 27. 35. 28. 24. 30. 37.  2. 22.  7. 11. 32. 12. 20. 41.  4. 43. 16. 14. 40. 44. 31.  5. 36. 39. 19.  3. 45.  0. 33.  8.  6. 29. 13. 26. 42. 46. 23. 18. 38.] 
16:[ 2. 32. 10. 43. 12. 16. 31. 14. 22. 21. 34.  9. 25. 24. 15. 20.  1. 47. 35.  7. 27. 28. 44. 30.  4. 36. 37.  3. 11. 40. 19. 39. 41. 45.  5. 33.  8.  0. 29. 13. 26. 46.  6. 18. 38. 42. 23. 17.] 
17:[10. 17. 12. 43. 37. 16.  5. 30.  2. 34. 11. 32. 36. 20.  1. 35. 25. 22.  6. 47. 15.  4. 29. 24. 21.  3. 41. 45. 19. 31. 14.  7.  0. 33. 39.  8. 28. 27. 13. 26. 40. 46. 44. 42. 23.  9. 18. 38.] 
18:[38. 40. 18. 36. 22. 46. 26. 13. 28. 29.  6. 27.  1.  3. 31. 45. 24. 43. 25.  9. 35. 39. 30. 37. 23. 42.  2. 15. 21. 14. 47. 34. 16. 41. 12. 32. 11.  8. 44. 10.  5.  4. 33.  0. 17.  7. 20. 19.] 
19:[30. 20.  7. 34. 19. 24. 25.  9.  1. 35. 27. 36. 22. 28. 37. 11. 14. 31. 47. 45. 17. 41.  0. 33. 21. 15. 32.  3. 39.  8. 40.  5.  4. 44. 23. 42.  2. 16. 18. 38. 12. 46.  6. 29. 10. 13. 43. 26.] 
20:[20. 21. 37. 17. 15. 47. 34.  7. 19. 41. 24. 22.  3.  4. 16.  0. 33. 35.  1. 27. 25. 28. 11. 39. 40.  2. 23. 42. 43. 10. 44. 12.  5. 32. 45. 14. 31. 30. 36.  8. 29. 26. 13. 46.  9.  6. 38. 18.] 
21:[35.  1. 27. 25. 24. 28.  9. 21. 47. 15.  7. 11. 20. 34. 37. 17. 22. 41. 19. 43. 31. 14.  3. 39. 30.  0. 33. 45.  2.  8. 16.  4. 12.  5. 32. 44. 40. 36. 10. 42. 23.  6. 46. 13. 26. 29. 18. 38.] 
22:[22. 36.  3.  9. 35.  1. 25. 24. 40. 32. 34. 21. 47. 15. 31. 14. 11.  2. 28. 45. 27.  5. 17. 37.  8. 30. 44. 10. 39. 41. 43.  4. 16. 18. 12. 38. 46. 13. 26.  6. 29.  7. 20.  0. 33. 23. 42. 19.] 
23:[23. 42. 41. 30.  6. 29. 46. 27. 26. 13. 28. 37. 17. 24. 36.  8. 45. 18. 38. 43. 31. 47. 33.  1. 25. 15. 35.  9. 16.  3.  0. 21. 40.  2. 11. 22. 12. 34. 32.  4. 14. 39.  5. 20. 44.  7. 10. 19.] 
24:[30. 24. 35.  1. 28. 27.  9. 25.  6. 46. 29. 13. 26. 34. 40. 21. 22. 12. 47. 14. 31. 17. 37. 32. 41.  2. 16. 36. 43.  8. 45.  5. 44. 18. 38. 10. 11.  4. 42. 23. 20.  3.  0. 15. 33. 39.  7. 19.] 
25:[27. 28.  1. 22.  9. 24. 25.  2.  3. 40. 34. 35. 10. 39. 16. 44. 12. 29. 13. 26. 46. 11.  6. 15. 21. 47. 14. 31. 30. 38. 18. 36.  4.  8. 41.  5. 45.  0. 33. 32. 23. 42. 20.  7. 37. 43. 17. 19.] 
26:[ 3. 27. 13. 26. 28. 29. 46.  2. 18. 38. 39. 40. 36. 22. 41. 37. 24.  9. 35.  1. 25. 11. 30.  8.  5. 31. 14. 16. 45. 34. 32.  6. 43. 10. 21. 47. 12. 44. 15. 17.  4. 23. 42.  0. 33.  7. 20. 19.] 
27:[40.  1.  9. 35. 25. 24.  6.  2. 28. 22. 27. 29. 13. 26. 38. 46. 18. 16. 39.  3. 11. 34. 15. 21.  8. 32. 44. 31. 30. 45. 10. 36. 17. 37. 14.  5. 43. 23. 41. 42.  4. 12. 47. 33.  0. 20.  7. 19.] 
28:[22. 36.  6. 13. 27. 26. 46. 28. 29. 14. 31.  2. 16. 40. 43. 12. 25.  1. 35.  9. 24. 32. 34. 11. 44.  8. 30.  5.  3. 18. 38. 21. 15. 45. 37. 39.  4. 41. 10. 47. 42. 23.  0. 33.  7. 20. 17. 19.] 
29:[27. 46. 35. 28. 25. 29.  1. 26.  6.  9. 13. 17. 37. 30.  2. 23. 41. 42. 38. 18. 40. 24. 22. 12. 43. 34.  3. 45. 31. 10. 47. 21. 15. 36.  8. 16.  5. 39. 11. 32. 14. 44.  4.  0. 33.  7. 20. 19.] 
30:[30.  6. 46. 27. 13. 26. 28. 29. 35.  1. 12. 16.  2. 43. 10. 14.  3. 31.  5. 39. 45. 40.  8. 47. 41. 22. 24. 21.  9. 25. 11. 33.  0. 36. 15. 23. 17. 42. 37.  7. 20. 38. 18. 34.  4. 32. 44. 19.] 
31:[ 3. 32. 39. 40. 45. 25. 31.  9.  1. 35. 22. 14. 24. 27. 28.  2. 34. 16. 21. 41. 30. 44. 15.  5. 10. 47. 11. 43. 12. 29. 46. 17. 13. 26. 37.  6.  8.  4. 36. 18. 38.  0. 33. 42. 23.  7. 20. 19.] 
32:[32. 22. 21.  2. 34. 16. 25.  9.  1. 35. 36. 15. 47. 24. 37. 17. 11. 20.  3. 31. 14.  7. 44.  4. 43. 19. 40. 27. 28. 41. 45. 30.  8.  5. 39. 33.  0. 12. 10. 29. 13. 26. 46.  6. 23. 42. 18. 38.] 
33:[39. 21. 24.  0. 33. 23. 42. 36.  3. 41. 30.  2. 12. 27. 35.  1. 28. 40. 26. 13. 29. 46.  6. 17. 37. 14. 31. 45.  7. 20. 47.  5. 11. 18. 38.  8. 25. 22.  9. 32. 16. 34. 15. 19. 43. 10.  4. 44.] 
34:[22. 36. 34. 25. 28.  9. 35.  1. 27. 47. 15. 12. 24. 19. 11. 10. 21. 16. 37. 17. 32. 20.  2.  7. 40. 30. 14. 45. 31.  3.  8.  5. 44. 41.  4. 39. 18.  0. 33. 38. 43. 23. 42.  6. 29. 13. 26. 46.] 
35:[27. 25. 35. 28.  1. 30. 24.  9.  7. 20.  2. 11. 15. 47. 21. 17. 37. 43. 34. 12. 41.  0. 19. 16. 33. 45. 14. 31. 22. 39. 40. 10.  5. 36.  4.  3. 32. 29. 23. 46.  6. 42. 26. 13. 38. 18.  8. 44.] 
36:[ 7. 25. 28.  1. 35. 21. 47. 15. 36. 27. 11.  8. 20. 41. 31. 14. 17. 37. 45.  9. 12. 24.  2. 22. 16. 40. 30. 34.  4. 10. 19. 43. 44.  5. 32.  0. 33.  6. 39.  3. 46. 29. 26. 13. 23. 42. 18. 38.] 
37:[17. 37. 16. 10. 32. 30. 12.  5.  9.  1. 35. 25.  4. 27. 28. 44. 41. 22. 11. 36. 34. 24. 43. 47. 15. 31. 14. 21.  6. 46. 29. 26. 13. 20. 45. 40. 39. 23. 42.  3.  2.  7. 18. 38. 33.  0.  8. 19.] 
38:[40. 18. 38. 22.  3. 43. 31. 45. 29. 26. 13.  1. 46. 27. 28.  6.  2. 39. 16. 24. 35.  9. 25. 47. 37. 21. 15. 34. 32. 41. 30. 14. 12. 23. 44. 42. 36.  5. 11.  8.  4. 10.  0. 33. 17.  7. 20. 19.] 
39:[39.  3. 26. 13. 35. 46. 29. 28.  1.  6. 27. 41.  2. 30. 42. 23. 36. 40. 24.  0. 33. 31. 14. 45. 43. 17.  5. 47. 37. 38. 18. 21.  7. 20.  8. 25.  9. 22. 11. 15. 32.  4. 44. 10. 34. 16. 12. 19.] 
40:[22.  3. 39. 28. 27. 40. 25.  9. 35.  1. 14. 31.  2. 30. 34. 11. 46.  8. 13.  6. 26. 16. 45. 29. 36. 32. 15. 21. 10. 44. 12. 47. 24.  0. 33. 41. 18. 38. 37. 43. 17.  5.  4. 42. 23.  7. 20. 19.] 
41:[41. 34. 10. 12.  5. 36. 11. 45. 31. 14.  9. 17. 43. 37. 24. 16. 30.  2.  1. 35. 25.  8. 20. 32.  7. 44.  3.  6.  4. 22. 39. 40. 21. 29. 47. 15. 46. 26. 28. 13. 27. 23. 42. 18. 38.  0. 33. 19.] 
42:[22. 18. 38. 16.  3.  2. 40. 41.  6. 23. 46. 28.  9. 35. 29. 27.  1. 26. 13. 42. 25. 15. 21. 31. 39. 34. 30. 47. 12. 33. 11.  0. 32. 44.  4. 24. 45. 36.  8. 43. 14. 17.  5. 37. 10.  7. 20. 19.] 
43:[43. 12.  2. 10. 24. 41. 16. 34. 29. 46.  1. 35.  6.  9. 26. 13. 17. 37. 30. 42. 23. 36. 22.  4. 14.  5. 20.  7. 45. 15. 32.  8. 21. 47. 31. 27.  3. 28. 11. 39. 33.  0. 44. 38. 19. 18. 40. 25.] 
44:[44.  2. 34. 22. 35.  1.  9. 25.  4. 32. 15. 47. 24. 21. 11. 12. 31. 27. 28. 14. 10. 36.  3. 40. 17. 37. 30. 43. 41. 16.  5. 45. 20.  8.  7. 39.  6. 29. 13. 26. 46. 19. 33.  0. 18. 38. 42. 23.] 
45:[45.  8. 11. 14. 31.  3. 36.  7. 41. 20. 12.  5. 21. 47. 37. 17.  2. 40. 22.  0. 33. 24. 16. 39. 30.  9.  1. 35. 29.  6. 26. 46. 43. 13. 28. 27. 38. 18. 42. 23. 15. 25. 32. 34.  4. 19. 44. 10.] 
46:[ 6. 27. 13. 26. 28. 46. 29. 18. 38. 16. 40. 25.  9. 35. 22.  2. 36. 32. 11.  8.  3. 39. 34. 41. 21. 15. 45. 31.  1. 24. 47. 10.  5. 44. 17. 42. 30. 23. 12. 14. 43.  0. 33.  4. 37.  7. 20. 19.] 
47:[ 7. 21. 20. 15. 47. 35.  9.  1. 24. 27. 30. 28. 25. 11. 37. 19. 34. 41. 17.  0. 33. 39. 22. 31. 40. 14. 45.  3.  8.  2.  5.  4. 42. 23. 16. 32. 44. 26. 46.  6. 29. 13. 36. 10. 12. 43. 38. 18.] 
POSCARS
EA44    3.469  3.470  3.470 119.99 60.00 120.00 Sym.group:  225
1.0
   3.4694870000000000   -0.0028780000000000    0.0012850000000000
  -1.7321599999999999    3.0064050000000000   -0.0070530000000000
   1.7327619999999999   -0.9967580000000000    2.8358989999999999
Si Be
2 1
direct
   0.7492160000000000    0.2591080000000000    0.7515090000000000 Si
   0.2492550000000000    0.7591900000000000    0.2514450000000000 Si
   0.4991990000000000    0.5091010000000000    0.5014100000000000 Be
EA63    2.890  8.046  2.878 89.87 119.39 89.78 Sym.group:  164
1.0
   1.6152820000000001    0.0472630000000000   -2.3957549999999999
  -0.1869380000000000    8.0441629999999993   -0.0040360000000000
   1.2884519999999999    0.0376980000000000    2.5729370000000000
Al C
4 2
direct
   0.5882390000000000    0.5494940000000000    0.3318760000000000 Al
   0.2607960000000000    0.3026170000000000    0.6667790000000000 Al
   0.5862790000000000    0.0494870000000000    0.3307470000000000 Al
   0.2588350000000000    0.8026090000000000    0.6656500000000000 Al
   0.9245510000000000    0.4260660000000000    0.9993480000000000 C
   0.9225240000000000    0.9260380000000000    0.9981780000000000 C
EA242   2.755  2.755  8.971 89.98 89.99 60.02 Sym.group:  164
1.0
   1.4186240000000001    2.3620070000000002   -0.0316800000000000
  -1.3366659999999999    2.4091079999999998    0.0218160000000000
   0.1726250000000000    0.0178490000000000    8.9695219999999996
Al B
4 2
direct
   0.3330460000000000    0.5067400000000000    0.6288260000000000 Al
   0.6676060000000000    0.8387410000000000    0.8486860000000001 Al
   0.0001670000000000    0.1727220000000000    0.0689140000000000 Al
   0.0004730000000000    0.1727420000000000    0.4085990000000000 Al
   0.3336100000000000    0.5060400000000000    0.2362990000000000 B
   0.6670280000000000    0.8394160000000001    0.2412150000000000 B
EA99    5.066  2.729  2.728 89.58 75.33 104.66 Sym.group:  139
1.0
   5.0656239999999997    0.0014550000000000   -0.0099780000000000
  -0.6911540000000000    2.6397080000000002   -0.0065350000000000
   0.6960440000000000    0.2093970000000000    2.6297839999999999
Mg Li
2 1
direct
   0.1131380000000000    0.3605820000000000    0.7312120000000000 Mg
   0.5053480000000000    0.0535230000000000    0.0378040000000000 Mg
   0.8091580000000000    0.7068170000000000    0.3844880000000000 Li
EA4     3.207  4.405  3.132 89.91 90.00 68.82 Sym.group:  139
1.0
   3.2065120000000000    0.0059750000000000   -0.0026320000000000
   1.5837900000000000    4.1106530000000001   -0.0059840000000000
   0.0026590000000000    0.0087550000000000    3.1319979999999998
Be F
4 2
direct
   0.5720410000000000    0.3567840000000000    0.7502730000000000 Be
   0.9293450000000000    0.6446650000000000    0.7495490000000000 Be
   0.4296320000000000    0.6446690000000000    0.2495620000000000 Be
   0.0723280000000000    0.3567880000000000    0.2502490000000000 Be
   0.2503210000000000    0.0007250000000000    0.2498290000000000 F
   0.7503980000000000    0.0007200000000000    0.7498089999999999 F
EA108   4.370  4.368  4.777 116.47 116.31 89.90 Sym.group:  119
1.0
   4.3656459999999999   -0.1111660000000000   -0.1632580000000000
   0.1116160000000000    4.3628499999999999   -0.1918640000000000
  -2.0231180000000002   -1.9095640000000000    3.8830570000000000
P Al
4 2
direct
   0.4720830000000000    0.1336410000000000    0.5780630000000000 P
   0.0340730000000000    0.1856500000000000    0.6961150000000000 P
   0.7261060000000000    0.8804810000000000    0.0775890000000000 P
   0.4203440000000000    0.5712270000000000    0.4589760000000000 P
   0.1554340000000000    0.8012910000000000    0.9330580000000001 Al
   0.8058620000000000    0.4520470000000000    0.2231030000000000 Al
EA98    5.062  2.392  2.392 118.21 90.00 90.01 Sym.group:  191
1.0
   5.0619550000000002   -0.0073080000000000   -0.0100810000000000
   0.0029630000000000    2.3917959999999998    0.0202750000000000
   0.0025050000000000   -1.1482810000000001    2.0981339999999999
C Cl
2 1
direct
   0.5210580000000000    0.5124850000000000    0.3986680000000000 C
   0.5210570000000000    0.1776620000000000    0.7334560000000000 C
   0.0210720000000000    0.8456240000000000    0.0659550000000000 Cl
EA99    3.368  3.843  3.426 89.99 89.99 90.00 Sym.group:  136
1.0
   3.3675639999999998   -0.0002350000000000    0.0011500000000000
   0.0002140000000000    3.8429650000000000    0.0034150000000000
  -0.0007610000000000   -0.0024030000000000    3.4259650000000001
O C
4 2
direct
   0.7609350000000000    0.0002610000000000    0.7413230000000000 O
   0.2380320000000000    0.0002750000000000    0.2601110000000000 O
   0.7380230000000000    0.5002590000000000    0.2413470000000000 O
   0.2609680000000000    0.5002750000000000    0.7601480000000000 O
   0.4994710000000000    0.5002740000000000    0.0007650000000000 C
   0.9994880000000000    0.0002740000000000    0.5006590000000000 C
EA50    2.405  2.405  5.130 90.22 89.76 89.92 Sym.group:  123
1.0
   2.4004249999999998   -0.1378860000000000   -0.0549340000000000
   0.1431240000000000    2.3994140000000002    0.0809830000000000
   0.1272830000000000   -0.2003350000000000    5.1243650000000001
N Cl
2 1
direct
   0.2564120000000000    0.8193400000000000    0.6487060000000000 N
   0.2596820000000000    0.8161380000000000    0.8615200000000000 N
   0.7586840000000000    0.3184270000000000    0.2550830000000000 Cl
EA51    2.188  2.188  5.972 90.22 89.67 119.93 Sym.group:  164
1.0
   2.1879900000000001   -0.0076470000000000    0.0018420000000000
  -1.0849240000000000    1.8999870000000001   -0.0015950000000000
   0.0292190000000000   -0.0049000000000000    5.9719040000000003
Be Na
2 1
direct
   0.6642650000000000    0.6673140000000000    0.1995130000000000 Be
   0.9937110000000000    0.3343270000000000    0.4673260000000000 Be
   0.3320110000000000    0.0014090000000000    0.8331960000000000 Na
EA179   2.453  2.453  8.479 98.27 98.29 61.12 Sym.group:  166
1.0
   2.4531660000000000   -0.0031120000000000   -0.0240100000000000
   1.1876730000000000    2.1467040000000002   -0.0002580000000000
  -1.1420079999999999   -0.7602080000000000    8.3673110000000008
C S
4 2
direct
   0.5808790000000000    0.3100860000000000    0.6524070000000000 C
   0.6418920000000000    0.3693340000000000    0.8333270000000000 C
   0.8957560000000000    0.6252870000000000    0.5944250000000000 C
   0.3270010000000000    0.0541450000000000    0.8913090000000000 C
   0.8249510000000000    0.5554720000000000    0.3816380000000000 S
   0.3974250000000000    0.1242700000000000    0.1040960000000000 S
EA16    2.735  2.738  7.377 90.00 90.00 60.11 Sym.group:  194
1.0
   2.7346240000000002    0.0007270000000000   -0.0017130000000000
   1.3637280000000001    2.3742749999999999   -0.0006100000000000
   0.0047750000000000   -0.0007220000000000    7.3772510000000002
N Mg
4 2
direct
   0.6695160000000000    0.6618140000000000    0.1650350000000000 N
   0.6700930000000000    0.6617090000000000    0.3306820000000000 N
   0.3364490000000000    0.3308240000000000    0.6650470000000001 N
   0.3362880000000000    0.3310100000000000    0.8306730000000000 N
   0.0026770000000000    0.9965780000000000    0.9979130000000000 Mg
   0.0032910000000000    0.9963379999999999    0.4979130000000000 Mg
EA117   2.441  6.940  2.439 89.93 60.03 89.99 Sym.group:  164
1.0
   2.4405880000000000   -0.0032440000000000    0.0317050000000000
   0.0102660000000000    6.9404120000000002   -0.0051650000000000
   1.1909360000000000    0.0028260000000000    2.1287370000000001
C F
4 2
direct
   0.0209080000000000    0.8044960000000000    0.7718980000000000 C
   0.6883740000000000    0.0914460000000000    0.4366490000000000 C
   0.3551190000000000    0.1622560000000000    0.1031540000000000 C
   0.6877950000000000    0.8753150000000000    0.4382620000000000 C
   0.3542960000000000    0.3551080000000000    0.1038270000000000 F
   0.0194920000000000    0.6116549999999999    0.7733680000000001 F
EA3     2.238  3.689  3.689 119.99 89.97 90.02 Sym.group:  191
1.0
   2.2377980000000002    0.0023890000000000   -0.0144990000000000
  -0.0053580000000000    3.6891600000000002   -0.0492520000000000
   0.0246410000000000   -1.8009980000000001    3.2192419999999999
Li Si
2 1
direct
   0.9869100000000000    0.6677149999999999    0.6619230000000000 Li
   0.0184500000000000    0.3345510000000000    0.9949150000000000 Li
   0.5024340000000000    0.0011410000000000    0.3284310000000000 Si
EA7     4.511  4.323  4.485 118.80 76.85 118.62 Sym.group:  140
1.0
   4.5102669999999998   -0.0275780000000000    0.0727250000000000
  -2.1139480000000002    1.7781180000000001    3.3253260000000000
   0.9910580000000000   -4.3715780000000004    0.1588280000000000
Mg Be
4 2
direct
   0.0020600000000000    0.8389430000000000    0.1860930000000000 Mg
   0.3221700000000000    0.6601230000000000    0.5080380000000000 Mg
   0.0009360000000000    0.1605990000000000    0.8299500000000000 Mg
   0.6808280000000000    0.3391210000000000    0.5075140000000000 Mg
   0.5015790000000000    0.7491630000000000    0.0077720000000000 Be
   0.5014800000000000    0.2501970000000000    0.0077900000000000 Be
EA41    2.678  4.530  2.678 89.96 90.00 90.03 Sym.group:  115
1.0
   2.6779709999999999    0.0010010000000000   -0.0000190000000000
  -0.0037610000000000    4.5295069999999997   -0.0022670000000000
   0.0000360000000000    0.0034240000000000    2.6780719999999998
S B
2 1
direct
   0.3926030000000000    0.4710770000000000    0.7078730000000000 S
   0.8926790000000000    0.9469390000000000    0.2082220000000000 S
   0.3929980000000000    0.2089950000000000    0.2083650000000000 B
EA333   8.079  2.072  2.054 119.70 89.64 97.35 Sym.group:  166
1.0
   7.8278400000000001   -1.0398710000000000   -1.7085140000000001
   0.0032390000000000    2.0724040000000001    0.0077980000000000
   0.2616510000000000   -1.0247809999999999    1.7609720000000000
Be H
4 2
direct
   0.0186730000000000    0.4754430000000000    0.6049830000000000 Be
   0.6031260000000001    0.2078130000000000    0.4719820000000000 Be
   0.2293400000000000    0.2696450000000000    0.0026470000000000 Be
   0.8137900000000000    0.0000040000000000    0.8692130000000000 Be
   0.4882500000000000    0.4577290000000000    0.0988800000000000 H
   0.3442040000000000    0.0216170000000000    0.3763610000000000 H
EA145   5.959  2.427  2.427 89.86 78.32 78.32 Sym.group:  141
1.0
   5.9586899999999998   -0.0047310000000000   -0.0069140000000000
   0.4931810000000000    2.3764759999999998   -0.0035760000000000
   0.4939800000000000   -0.0929830000000000    2.3744980000000000
C B
4 2
direct
   0.9645359999999999    0.7461320000000000    0.6428100000000000 C
   0.6036820000000001    0.4260490000000000    0.3227530000000000 C
   0.1036820000000000    0.6751250000000000    0.0736340000000000 C
   0.4645370000000000    0.9952240000000000    0.3937210000000000 C
   0.2841100000000000    0.0862570000000000    0.9825610000000000 B
   0.7841080000000000    0.3350040000000000    0.7339070000000000 B
EA306   4.039  4.046  4.046 60.87 118.92 118.92 Sym.group:  227
1.0
   4.0386030000000002    0.0495900000000000    0.0339720000000000
  -1.9998830000000001    3.5173980000000000   -0.0254670000000000
  -1.9990310000000000    1.1536679999999999    3.3234450000000000
Be Al
4 2
direct
   0.8681640000000000    0.6190000000000000    0.1254580000000000 Be
   0.8676220000000000    0.1187650000000000    0.1254190000000000 Be
   0.8680710000000000    0.1190220000000000    0.6255110000000000 Be
   0.3679430000000000    0.1192270000000000    0.1256190000000000 Be
   0.2434810000000000    0.7448620000000000    0.7513580000000000 Al
   0.4924800000000000    0.4931520000000000    0.4996470000000000 Al
EA167   3.085  2.722  2.722 60.01 90.01 90.00 Sym.group:  187
1.0
   3.0848990000000001    0.0109750000000000    0.0148440000000000
  -0.0161190000000000    1.3773830000000000    2.3473910000000000
  -0.0068940000000000   -1.3450350000000000    2.3665600000000002
Be N
2 1
direct
   0.7478000000000000    0.3907110000000000    0.7725780000000000 Be
   0.2479880000000000    0.0550840000000000    0.4391980000000000 Be
   0.7479749999999999    0.0575690000000000    0.4390520000000000 N
EA4     2.833  2.833  2.795 90.00 90.00 90.00 Sym.group:  102
1.0
   2.8325000000000000   -0.0003810000000000   -0.0017750000000000
   0.0004220000000000    2.8326859999999998   -0.0018570000000000
   0.0019670000000000    0.0018230000000000    2.7953120000000000
H O
4 2
direct
   0.7866990000000000    0.7929430000000000    0.7597620000000000 H
   0.6979510000000000    0.2928420000000000    0.2596290000000000 H
   0.2866220000000000    0.7040750000000000    0.2596600000000000 H
   0.1980100000000000    0.2041350000000000    0.7595160000000000 H
   0.4923380000000000    0.4984930000000000    0.4770880000000000 O
   0.9923850000000000    0.9985290000000000    0.9770870000000000 O
EA249   2.946  8.359  2.946 89.90 90.00 90.00 Sym.group:  137
1.0
   2.9458820000000001    0.0006500000000000   -0.0004470000000000
  -0.0012380000000000    8.3589470000000006   -0.0185290000000000
   0.0004390000000000    0.0116050000000000    2.9458139999999999
Cl Be
4 2
direct
   0.9966600000000000    0.1938790000000000    0.4175250000000000 Cl
   0.4936380000000000    0.4696000000000000    0.9173249999999999 Cl
   0.4968560000000000    0.9695930000000000    0.9177710000000000 Cl
   0.9937290000000000    0.6938590000000000    0.4142680000000000 Cl
   0.9971340000000000    0.8317510000000000    0.9130120000000000 Be
   0.4967950000000000    0.3317620000000000    0.4183360000000000 Be
EA98    2.876  9.751  2.869 90.00 89.93 89.99 Sym.group:  129
1.0
   2.8757359999999998   -0.0051450000000000   -0.0089930000000000
   0.0183610000000000    9.7506880000000002    0.0108220000000000
   0.0125810000000000   -0.0034380000000000    2.8693240000000002
Mg Cl
4 2
direct
   0.9208140000000000    0.2272890000000000    0.0734680000000000 Mg
   0.4206840000000000    0.4102300000000000    0.5721940000000000 Mg
   0.4200210000000000    0.7713280000000000    0.5733750000000000 Mg
   0.9203270000000000    0.5883860000000000    0.0721650000000000 Mg
   0.4207050000000000    0.1002610000000000    0.5742780000000000 Cl
   0.9201350000000000    0.8983690000000000    0.0741970000000000 Cl
EA101   4.973  2.881  2.881 60.02 106.83 90.00 Sym.group:  216
1.0
   4.9729789999999996   -0.0128860000000000    0.0208210000000000
   0.0075870000000000    2.8809380000000000    0.0193110000000000
  -0.8402300000000000    1.4257979999999999    2.3580739999999998
B Be
4 2
direct
   0.1339030000000000    0.0910250000000000    0.3194680000000000 B
   0.0083030000000000    0.4663170000000000    0.5689680000000000 B
   0.6339060000000000    0.5917030000000000    0.3190760000000000 B
   0.5083040000000000    0.9668330000000001    0.5686690000000000 B
   0.2576600000000000    0.7162290000000000    0.0688290000000000 Be
   0.7576600000000000    0.2170040000000000    0.0683800000000000 Be
EA356   3.610  2.759  2.770 119.43 111.61 67.59 Sym.group:  166
1.0
   3.5596440000000000    0.5586900000000000    0.2167380000000000
   0.6879000000000000    1.5748169999999999    2.1588310000000002
  -0.6409720000000000   -2.6635650000000002    0.4076150000000000
B Si
2 1
direct
   0.5939310000000000    0.9777500000000000    0.8591340000000000 B
   0.4106600000000000    0.3733300000000000    0.4616530000000000 B
   0.0022230000000000    0.1758300000000000    0.6604170000000000 Si
EA45    2.654  2.653  6.757 90.06 89.82 119.94 Sym.group:  164
1.0
   2.6535030000000002   -0.0020020000000000   -0.0001750000000000
  -1.3221480000000001    2.2998230000000000   -0.0000800000000000
   0.0222630000000000    0.0043180000000000    6.7570769999999998
Mg Na
2 1
direct
   0.3478080000000000    0.3296290000000000    0.1550550000000000 Mg
   0.6755250000000000    0.9927930000000000    0.4791620000000000 Mg
   0.0057790000000000    0.6636500000000000    0.8170180000000000 Na
EA205   3.692  2.378  3.684 90.08 60.63 90.07 Sym.group:  191
1.0
   3.6722120000000000    0.1490450000000000    0.3531230000000000
  -0.1051370000000000    2.3744369999999999    0.0598420000000000
   1.4936080000000000   -0.0237550000000000    3.3678469999999998
Li Al
2 1
direct
   0.6533660000000000    0.8247890000000000    0.7165230000000000 Li
   0.3212570000000000    0.8248650000000000    0.3840470000000000 Li
   0.9873120000000000    0.3248080000000000    0.0502860000000000 Al
EA39    4.188  4.188  2.465 90.00 90.00 119.99 Sym.group:  164
1.0
   4.1873459999999998   -0.0735090000000000    0.0372440000000000
  -2.0293350000000001    3.6638690000000000   -0.0106340000000000
  -0.0220450000000000   -0.0048510000000000    2.4646110000000001
Al Mg
2 1
direct
   0.1512130000000000    0.0379630000000000    0.9054210000000000 Al
   0.4849510000000000    0.7045840000000000    0.5940380000000000 Al
   0.8181560000000000    0.3713890000000000    0.2504430000000000 Mg
EA26    4.230  4.233  2.093 90.10 90.07 60.03 Sym.group:  164
1.0
   4.2298330000000002   -0.0004340000000000    0.0018640000000000
   2.1148889999999998    3.6665070000000002    0.0023410000000000
  -0.0034870000000000   -0.0036120000000000    2.0927180000000001
Na Be
2 1
direct
   0.9995640000000000    0.3335670000000000    0.1344610000000000 Na
   0.6662490000000000    0.0002510000000000    0.2147930000000000 Na
   0.3329810000000000    0.6669119999999999    0.6838440000000000 Be
EA7     5.013  3.167  2.884 90.00 90.00 90.00 Sym.group:  191
1.0
   5.0131519999999998   -0.0001810000000000    0.0010080000000000
   0.0000960000000000    3.1674790000000002   -0.0005340000000000
  -0.0005880000000000    0.0004740000000000    2.8835350000000002
B Mg
4 2
direct
   0.3356250000000000    0.4931760000000000    0.1626370000000000 B
   0.6646170000000000    0.4933880000000000    0.1626530000000000 B
   0.1646110000000000    0.4931830000000000    0.6626310000000000 B
   0.8356220000000000    0.4933740000000000    0.6626410000000000 B
   0.0001330000000000    0.9934110000000000    0.1623980000000000 Mg
   0.5000970000000000    0.9934100000000000    0.6624470000000000 Mg
EA107   3.205  3.257  4.608 89.89 110.35 119.47 Sym.group:  166
1.0
   3.2049840000000001   -0.0005470000000000   -0.0017900000000000
  -1.6016349999999999    2.8354800000000000    0.0404360000000000
  -1.6001369999999999   -0.9534950000000000    4.2147930000000002
Li C
4 2
direct
   0.1024880000000000    0.9533090000000000    0.5706230000000000 Li
   0.7663770000000000    0.7883450000000000    0.0633690000000000 Li
   0.2408380000000000    0.5250580000000000    0.2755330000000000 Li
   0.9047050000000000    0.3600940000000000    0.7682610000000000 Li
   0.3992800000000000    0.1088070000000000    0.0087000000000000 C
   0.6079080000000000    0.2045960000000000    0.3301760000000000 C
EA1     4.609  4.605  4.613 81.95 115.50 64.57 Sym.group:  140
1.0
   4.6087049999999996   -0.0009520000000000    0.0024770000000000
   1.9783750000000000    4.1581000000000001    0.0026510000000000
  -1.9877880000000001    1.6585820000000000    3.8181150000000001
Al P
4 2
direct
   0.4995570000000000    0.5818840000000000    0.2633290000000000 Al
   0.4995940000000000    0.2358550000000000    0.9059890000000000 Al
   0.8512700000000000    0.7324320000000000    0.7610730000000000 Al
   0.1479010000000000    0.0841680000000000    0.4093770000000000 Al
   0.9963220000000000    0.6602280000000000    0.3333340000000000 P
   0.0028990000000000    0.1569450000000000    0.8366150000000000 P
EA401   2.618  2.618  9.952 82.49 89.99 119.99 Sym.group:  166
1.0
   1.3094520000000001   -2.2668180000000002   -0.0125980000000000
   1.3085249999999999    2.2669410000000001    0.0141830000000000
   1.2962110000000000    0.6923120000000000    9.8430269999999993
Al O
4 2
direct
   0.5997220000000000    0.8680920000000000    0.0466240000000000 Al
   0.8373969999999999    0.3370320000000000    0.3331320000000000 Al
   0.0729280000000000    0.8148460000000000    0.6196430000000001 Al
   0.3359670000000000    0.3430230000000000    0.8331340000000000 Al
   0.1372780000000000    0.9375300000000000    0.4331060000000000 O
   0.5374660000000000    0.7367540000000000    0.2331520000000000 O
EA11    3.427  3.431  3.430 90.36 60.24 60.28 Sym.group:  225
1.0
   3.4266120000000000   -0.0317030000000000   -0.0424470000000000
   1.7281290000000000    2.9634230000000001   -0.0160090000000000
   1.7277460000000000   -1.0175829999999999    2.7829730000000001
Li S
2 1
direct
   0.4931640000000000    0.2465900000000000    0.7460900000000000 Li
   0.4935140000000000    0.7451000000000000    0.2467130000000000 Li
   0.9934809999999999    0.9956820000000000    0.9965830000000000 S
EA120   3.780  2.415  2.416 60.02 89.95 89.96 Sym.group:  156
1.0
   3.7801680000000002   -0.0048080000000000    0.0097010000000000
   0.0045870000000000    2.4149929999999999   -0.0060700000000000
  -0.0018750000000000    1.2122590000000000    2.0894080000000002
Be O
2 1
direct
   0.2547660000000000    0.0867840000000000    0.1593570000000000 Be
   0.6817360000000000    0.4191790000000000    0.4931180000000000 Be
   0.0896110000000000    0.4202190000000000    0.4931610000000000 O
EA51    2.082  3.603  3.121 90.29 90.14 89.99 Sym.group:  164
1.0
   2.0819700000000001   -0.0001630000000000    0.0019660000000000
   0.0007600000000000    3.6030259999999998    0.0136480000000000
  -0.0103260000000000   -0.0276680000000000    3.1206160000000001
H Be
4 2
direct
   0.0798060000000000    0.0811250000000000    0.8858450000000000 H
   0.5820650000000001    0.9174790000000000    0.4417410000000000 H
   0.0818940000000000    0.4165850000000000    0.4415250000000000 H
   0.5795290000000000    0.5817680000000000    0.8860740000000000 H
   0.5809510000000000    0.2493100000000000    0.1629260000000000 Be
   0.0807690000000000    0.7491130000000000    0.1645710000000000 Be
EA120   2.777  2.779  7.553 90.00 90.03 90.00 Sym.group:  129
1.0
   2.7774310000000000    0.0004750000000000    0.0052100000000000
  -0.0006890000000000    2.7785820000000001    0.0010650000000000
  -0.0177050000000000   -0.0033940000000000    7.5533999999999999
N S
4 2
direct
   0.9973340000000001    0.4973700000000000    0.2866310000000000 N
   0.4967430000000000    0.9973280000000000    0.7133250000000000 N
   0.9976180000000000    0.4955750000000000    0.4327480000000000 N
   0.4974360000000000    0.9955030000000000    0.5672110000000000 N
   0.9967770000000000    0.4980550000000000    0.9368010000000000 S
   0.4969250000000000    0.9980770000000000    0.0631590000000000 S
EA108   2.865  6.384  2.865 77.04 90.02 102.96 Sym.group:  141
1.0
   2.8651409999999999   -0.0140380000000000    0.0102970000000000
  -1.4012990000000001    6.2277870000000002    0.0105780000000000
  -0.0078370000000000    0.6522010000000000    2.7899259999999999
B S
4 2
direct
   0.7052840000000000    0.7688390000000001    0.2056640000000000 B
   0.0229090000000000    0.4040580000000000    0.8877950000000000 B
   0.9548870000000000    0.2688600000000000    0.4551430000000000 B
   0.2726950000000000    0.9040820000000001    0.1370120000000000 B
   0.6139720000000000    0.5864460000000000    0.7967590000000000 S
   0.3638460000000000    0.0864740000000000    0.5459480000000000 S
EA109   4.161  4.161  4.162 119.97 60.02 119.98 Sym.group:  227
1.0
   4.1605699999999999   -0.0061490000000000    0.0014390000000000
  -2.0737450000000002    3.6071830000000000   -0.0060590000000000
   2.0769039999999999   -1.1982470000000001    3.4015590000000002
Be Mg
4 2
direct
   0.9972940000000000    0.0048580000000000    0.0032270000000000 Be
   0.4973660000000000    0.5048420000000000    0.0030430000000000 Be
   0.9971680000000001    0.5047280000000000    0.0031750000000000 Be
   0.9974150000000001    0.5047920000000000    0.5030810000000000 Be
   0.3723680000000000    0.1298420000000000    0.3781330000000000 Mg
   0.6221960000000000    0.8796810000000000    0.6282489999999999 Mg
EA20    5.012  4.055  4.063 60.49 89.93 89.92 Sym.group:  194
1.0
   5.0123040000000003   -0.0093770000000000   -0.0066060000000000
   0.0130900000000000    4.0520849999999999    0.1460780000000000
   0.0131050000000000    1.8731380000000000    3.6059800000000002
Na S
4 2
direct
   0.8387450000000000    0.7536230000000000    0.8780810000000000 Na
   0.0890720000000000    0.0868620000000000    0.2101650000000000 Na
   0.3387800000000000    0.7537020000000000    0.8780900000000000 Na
   0.5888230000000000    0.4204910000000000    0.5459800000000000 Na
   0.0888340000000000    0.4208440000000000    0.5452210000000000 S
   0.5889980000000000    0.0864750000000000    0.2109880000000000 S
EA150   4.299  4.300  4.777 63.32 63.31 60.05 Sym.group:  155
1.0
   4.2992970000000001    0.0083500000000000    0.0025360000000000
   2.1394660000000001    3.7301720000000000    0.0004900000000000
   2.1403390000000000    1.2443050000000000    4.0848040000000001
Al Li
4 2
direct
   0.0352760000000000    0.8617240000000000    0.2463610000000000 Al
   0.2049710000000000    0.3628750000000000    0.7476520000000000 Al
   0.5338050000000000    0.6920080000000000    0.7445090000000000 Al
   0.8613170000000000    0.0355760000000000    0.7463109999999999 Al
   0.7021670000000000    0.5312610000000000    0.2403010000000000 Li
   0.3658670000000000    0.1950160000000000    0.2514690000000000 Li
EA41    2.852  2.837  2.849 86.10 86.12 93.92 Sym.group:  160
1.0
   2.8520029999999998   -0.0015010000000000    0.0217260000000000
  -0.1924640000000000    2.8307199999999999   -0.0134330000000000
   0.1711230000000000    0.2194400000000000    2.8358140000000001
N O
2 1
direct
   0.1152700000000000    0.7649350000000000    0.0272890000000000 N
   0.8701680000000001    0.5211730000000000    0.2720110000000000 N
   0.6148169999999999    0.2663370000000000    0.5271880000000000 O
EA87    3.259  3.262  4.800 90.00 90.00 90.02 Sym.group:  216
1.0
   3.2589910000000000    0.0060430000000000    0.0105240000000000
  -0.0072080000000000    3.2618909999999999   -0.0027240000000000
  -0.0153590000000000    0.0038780000000000    4.7995640000000002
Be Si
4 2
direct
   0.9953040000000000    0.5055120000000000    0.7497310000000000 Be
   0.4953100000000000    0.0055240000000000    0.2497090000000000 Be
   0.9953700000000000    0.0055030000000000    0.9996100000000000 Be
   0.4953940000000000    0.5054820000000000    0.4996110000000000 Be
   0.9954280000000000    0.5055390000000000    0.2494980000000000 Si
   0.4953990000000000    0.0055100000000000    0.7495370000000000 Si
EA212   2.440  2.440  5.571 90.01 102.64 120.00 Sym.group:  166
1.0
   2.4392849999999999   -0.0288540000000000    0.0207810000000000
  -1.1944930000000000    2.1270989999999999   -0.0157260000000000
  -1.2733449999999999   -0.6758780000000000    5.3813849999999999
C H
4 2
direct
   0.1917260000000000    0.8676440000000000    0.2230850000000000 C
   0.3783170000000000    0.9604640000000000    0.5025030000000000 C
   0.7994750000000000    0.1716290000000000    0.1349180000000000 C
   0.7706320000000000    0.6565080000000000    0.5907210000000001 C
   0.6670070000000000    0.1047540000000000    0.9354640000000000 H
   0.9031800000000000    0.7233660000000000    0.7901250000000000 H
EA330  11.415  2.522  2.522 60.02 89.97 90.02 Sym.group:  187
1.0
  11.4146859999999997   -0.0000130000000000   -0.0038610000000000
  -0.0003210000000000    1.2623780000000000    2.1833990000000001
   0.0022490000000000   -1.2603400000000000    2.1845170000000000
Al F
4 2
direct
   0.2933500000000000    0.3053070000000000    0.9160239999999999 Al
   0.7933570000000000    0.9790680000000000    0.5791240000000000 Al
   0.6031290000000000    0.3097230000000000    0.9165300000000000 Al
   0.9835810000000000    0.3149590000000000    0.9101900000000001 Al
   0.1388780000000000    0.3012400000000000    0.9157350000000000 F
   0.4478170000000000    0.3102180000000000    0.9110590000000000 F
EA36    2.290  3.971  4.007 90.00 90.49 89.97 Sym.group:  127
1.0
   2.2888130000000002    0.0218380000000000   -0.0623700000000000
  -0.0355880000000000    3.9703949999999999    0.0117440000000000
   0.0751520000000000   -0.0109900000000000    4.0063810000000002
O Li
4 2
direct
   0.0142930000000000    0.9597900000000000    0.3648310000000000 O
   0.9913310000000000    0.4597720000000000    0.6362100000000001 O
   0.0122710000000000    0.7284110000000000    0.1358840000000000 O
   0.9942970000000000    0.2284590000000000    0.8652030000000001 O
   0.5037900000000000    0.3442620000000000    0.2507220000000000 Li
   0.5025539999999999    0.8440920000000000    0.7512010000000000 Li
EA205   2.682  3.909  3.909 60.02 90.07 90.05 Sym.group:  191
1.0
   2.6823530000000000    0.0060960000000000    0.0223840000000000
  -0.0363820000000000    1.9575940000000001    3.3836800000000000
  -0.0288420000000000   -1.9525150000000000    3.3858180000000000
Si Mg
2 1
direct
   0.1179590000000000    0.0779170000000000    0.3554900000000000 Si
   0.1191710000000000    0.7444710000000000    0.0221410000000000 Si
   0.6182170000000000    0.4114790000000000    0.6885180000000000 Mg
EA22    3.623  3.622  3.035 90.00 89.99 89.99 Sym.group:  115
1.0
   3.6225470000000000   -0.0005760000000000   -0.0004290000000000
   0.0015030000000000    3.6220400000000001    0.0000630000000000
   0.0010300000000000    0.0001050000000000    3.0352579999999998
F Be
4 2
direct
   0.0767780000000000    0.2523450000000000    0.4226600000000000 F
   0.5751120000000000    0.7529140000000000    0.4228110000000000 F
   0.5766380000000000    0.2527770000000000    0.9105930000000000 F
   0.0749250000000000    0.7521630000000000    0.9106700000000000 F
   0.8259540000000000    0.0027230000000000    0.1676410000000000 Be
   0.3260260000000000    0.5027480000000000    0.1659550000000000 Be
