NUMBER OF TEMPLATES 22
COMPOSITION A 4 B
pairs , SPACEGROUPS 
[Al H] , 139 
[Mg Al] , 87 
[Mg Si] , 87 
[C F] , 166 
[Cl Si] , 215 
[Be F] , 139 
[Be H] , 87 
[Li O] , 141 
[B Li] , 139 
[Na B] , 87 
[Al F] , 160 
[Be Al] , 139 
[S Mg] , 140 
[Al N] , 164 
[O B] , 119 
[Be Li] , 166 
[F Si] , 137 
[Si Mg] , 123 
[Li Na] , 87 
[Na C] , 87 
[O Li] , 127 
[Mg H] , 121 
RANKING VECTORS ENTHALPIES
0:[-50.32455149 -49.89485361 -49.8902329  -49.8774577  -49.85039718 -49.84369993 -49.7901035  -49.78560075 -49.75343155 -49.71627632 -49.70870455 -49.67238127 -49.65179698 -49.65097529 -49.63911675 -49.63876165 -49.62573485 -49.52857109 -49.44480857 -49.27976098 -48.61943863 -48.60263926] 
1:[-1300.01953449 -1300.01868645 -1300.00912348 -1300.00445106 -1299.99144096 -1299.98320191 -1299.98192899 -1299.77971217 -1299.75334762 -1299.6529077  -1299.6099536  -1299.57564321 -1299.49556433 -1299.45845172 -1299.35361565 -1299.32355235 -1299.3029338  -1299.29894591 -1299.24722404 -1299.13282164 -1298.67836978 -1298.21670805] 
2:[-1310.56527407 -1310.56526182 -1310.56240239 -1310.55785626 -1310.55674908 -1310.5550338  -1310.48779974 -1310.46113752 -1310.42394659 -1310.1775764  -1310.11629996 -1310.10797949 -1310.08797123 -1310.04217256 -1310.03147534 -1309.97844886 -1309.82259702 -1309.77273847 -1309.77266814 -1309.50580897 -1309.33425536 -1309.31506331] 
3:[-262.42428928 -262.41838898 -262.36509832 -262.34986286 -261.84485239 -261.31575073 -261.1353392  -261.12339099 -261.09884243 -261.09578183 -260.94482299 -260.69019781 -260.66543198 -260.6072649  -260.33593492 -260.18820896 -259.96506232 -259.76859246 -259.39055034 -259.37317814 -259.32996377 -259.23122014] 
4:[-375.53122128 -375.51619773 -375.49951737 -375.37684193 -375.34514607 -375.20846174 -375.11046912 -375.08718562 -375.08667457 -375.01600544 -375.00624379 -375.00590453 -374.93524377 -374.93370332 -374.67856138 -374.64866191 -374.60391742 -374.58753778 -374.43089986 -374.32770389 -374.2593612  -374.15382638] 
5:[-435.6984263  -435.5638547  -435.4731438  -435.36065284 -435.33482745 -435.21218607 -435.15641629 -435.12864158 -435.11990148 -435.11990036 -435.11555735 -435.07181138 -435.00212063 -434.91686492 -434.90793953 -434.79954338 -434.69862482 -434.65865981 -434.63123604 -434.49556422 -434.46395344 -434.25584938] 
6:[-304.74463961 -304.61056449 -304.60252566 -304.55506699 -304.5547588 -304.55029671 -304.54999222 -304.54577655 -304.53698166 -304.52153042 -304.51712005 -304.49734594 -304.49276687 -304.4679396  -304.42915857 -304.32860795 -304.29769515 -304.23895791 -304.21154358 -303.94232782 -303.85161185 -303.83569403] 
7:[-244.59744678 -244.58595329 -244.58478696 -244.41326636 -244.36614464 -244.36524952 -244.36450469 -244.33019666 -244.33004392 -244.32685522 -244.32603194 -244.32075496 -244.31668306 -244.31472455 -244.30768221 -244.26584225 -244.18871114 -243.84458054 -243.70223389 -243.56331124 -243.23608677 -243.17281842] 
8:[-101.3859854  -101.06804525 -100.71659877 -100.65765763 -100.57952215 -100.48461546 -100.48165954 -100.48101069 -100.47961072 -100.47331663 -100.47199125 -100.44136849 -100.3889611  -100.37422609 -100.31185932 -100.30378477 -100.26701983 -100.05678058 -100.04675416  -99.40916217  -99.1641663   -99.03646247] 
9:[-1005.51754321 -1005.48924029 -1005.4859544  -1005.48575769 -1005.47141453 -1005.46126358 -1005.34298476 -1005.12854314 -1005.10898273 -1005.06387477 -1005.05350206 -1005.04967451 -1005.02653982 -1005.01481799 -1005.01062699 -1005.00725183 -1004.98246698 -1004.95976298 -1004.89966289 -1004.78745164 -1004.67067582 -1004.42636674] 
10:[-181.39875653 -180.69007402 -180.62744363 -180.6103754  -180.60490133 -180.51595031 -180.47108555 -180.46605024 -180.44465472 -180.43528943 -180.42741763 -180.42636169 -180.42413091 -180.41539664 -180.40940905 -180.36847603 -180.34607656 -180.08566897 -179.94536669 -179.73651831 -179.71803945 -179.71656961] 
11:[-313.56195835 -313.3255162  -313.32354151 -313.30799867 -313.30469679 -313.30174469 -313.28482132 -313.27384279 -313.26539195 -313.2236462 -313.2158442  -313.21462946 -313.21442214 -313.04843777 -313.00481691 -312.86789202 -312.75632518 -312.66615055 -312.47678188 -312.3710937 -312.03346394 -312.00149818] 
12:[-558.85494222 -558.67310513 -558.6275269  -558.62300925 -558.60551594 -558.60126529 -558.59118709 -558.58289047 -558.56778257 -558.55158827 -558.54758041 -558.54251514 -558.53702228 -558.53159362 -558.38831898 -558.32636896 -558.32252256 -558.3215557  -558.28801719 -558.10780366 -557.88980929 -557.79690709] 
13:[-103.58730491 -103.23018591 -103.2064436  -103.16921377 -103.16860138 -103.10957004 -103.10466017 -103.08942974 -103.03198989 -103.02223196 -102.93126193 -102.90045544 -102.89286615 -102.89005229 -102.82620079 -102.75895252 -102.74211344 -102.59615354 -102.50686961 -102.42617339 -101.83350213 -101.81786781] 
14:[-372.53879588 -371.80225671 -371.79750126 -371.79083716 -371.7709348 -371.64493495 -371.56526537 -371.55779716 -371.55013331 -371.53675257 -371.52093414 -371.40811296 -371.32693228 -371.29201426 -371.22487978 -371.20595678 -371.16364234 -371.03814958 -370.91200618 -370.60570485 -370.50504987 -370.49921243] 
15:[-340.48712376 -340.41935654 -340.39451411 -340.39283913 -340.39055438 -340.30100985 -340.27769122 -340.27750901 -340.20125886 -340.14535152 -340.10219858 -340.01053913 -339.86943652 -339.86087369 -339.86017407 -339.79179376 -339.71615042 -339.68982614 -339.60377024 -339.5454708 -339.32360695 -339.27890837] 
16:[-557.89714093 -557.75967959 -557.74805759 -557.74052562 -557.71418719 -557.60452519 -557.348798   -557.30020338 -557.28863403 -557.12161764 -557.05176376 -557.01565004 -557.00729507 -556.99745812 -556.92739888 -555.40069561 -555.33259164 -555.17826683 -555.15152044 -555.06800476 -555.01954351 -554.98394154] 
17:[-411.72123148 -410.75089621 -410.75084882 -410.74107186 -410.73584967 -410.73499674 -410.73047088 -410.72680359 -410.63821416 -410.59694126 -410.59155846 -410.58346236 -410.55597105 -410.47810618 -410.34973948 -410.31248613 -410.27916717 -410.24273517 -409.94992386 -409.78304375 -409.54812829 -409.53376132] 
18:[-401.34463    -401.33857119 -401.31572142 -401.31205462 -401.25954783 -401.25001611 -401.2492058  -401.24844401 -401.24799547 -401.24048524 -401.23859502 -401.22495742 -401.21181585 -401.20372986 -401.20053454 -401.16511867 -401.1490778  -401.13646654 -401.13258571 -401.08010685 -401.01679309 -400.97663469] 
19:[-1022.44454397 -1022.44127193 -1022.44089564 -1022.43609525 -1022.43006106 -1022.42111213 -1022.31743203 -1022.24643581 -1022.14206849 -1022.05190658 -1022.03650524 -1021.98374989 -1021.96102882 -1021.9573778  -1021.93104532 -1021.88769829 -1021.69957849 -1021.59635521 -1021.55722975 -1021.54128302 -1021.27826142 -1020.90220937] 
20:[-395.52030747 -395.4844945  -395.09018728 -395.07553818 -394.96675368 -394.73277265 -394.61252929 -394.61225968 -394.60196771 -394.59907505 -394.5854132  -394.46205414 -394.45197304 -394.33775171 -394.32152909 -394.26165215 -394.12483098 -394.06433036 -393.78771686 -393.63046999 -393.57151464 -393.44930701] 
21:[-1291.30737528 -1291.28883724 -1291.26132868 -1291.21673436 -1291.21530634 -1291.20834412 -1291.20678124 -1291.10650763 -1291.09432388 -1291.03793862 -1290.99728587 -1290.99708033 -1290.99668462 -1290.99545169 -1290.99486618 -1290.99266186 -1290.99119512 -1290.89443593 -1290.83478864 -1290.79885253 -1290.06369125 -1290.05859849] 
RANKING VECTORS IDX
0:[10. 11.  0. 13. 21.  7. 16.  4.  6. 18.  3. 15.  2.  1. 19.  9. 14.  5. 12. 20.  8. 17.] 
1:[ 2.  1. 19. 15. 13. 18.  6. 11. 10. 16.  9. 14.  5. 21.  8. 17. 12.  7. 20.  0.  4.  3.] 
2:[19.  9. 18.  6.  2.  1. 15. 13. 11. 16. 10. 21. 14.  7. 12. 20.  8. 17.  0.  3.  4.  5.] 
3:[10.  3. 15. 13. 12.  8.  2.  1. 19.  9. 20.  5. 16. 14.  6. 17. 11. 18.  0.  7. 21.  4.] 
4:[16. 21.  4.  0.  7. 11.  6. 18.  1. 15. 19.  9. 12.  2. 13. 10.  5. 20.  3. 14. 17.  8.] 
5:[ 5. 10. 13. 11.  6.  7. 21.  4.  1.  2. 18. 16.  0. 15.  9. 19.  3.  8. 17. 20. 12. 14.] 
6:[ 6. 13.  5.  2.  1. 19.  9.  7. 18. 10.  4. 16.  0. 21. 15. 14.  3. 11. 12. 20.  8. 17.] 
7:[12. 20.  7. 11.  1.  6. 16. 14.  3. 13.  2. 15.  9. 18. 21. 19.  0.  4. 17.  8. 10.  5.] 
8:[ 8. 17. 15. 12.  3.  6. 16.  2.  1. 11. 18. 14.  9. 19. 20. 10. 21.  5. 13.  7.  4.  0.] 
9:[ 3. 15. 19.  9.  2.  1. 16.  8. 21. 13. 11.  7. 12. 20. 14.  6. 18.  0. 17. 10.  4.  5.] 
10:[10. 13.  5.  6. 16. 21. 15.  4. 18. 11.  2.  7.  1. 19.  9.  0. 14.  3. 12. 20.  8. 17.] 
11:[11.  3.  2.  1. 16. 13. 17. 15.  8. 18.  9.  6. 19. 20. 10.  5. 21. 14. 12.  7.  0.  4.] 
12:[12. 11. 13. 18.  2. 20.  1. 17. 16.  9. 15. 19.  8. 10. 21.  0. 14.  6.  7.  3.  5.  4.] 
13:[13.  0.  6.  1. 16. 18.  7. 21. 10. 14.  4.  2. 19.  9. 15. 11. 12. 20.  5.  3. 17.  8.] 
14:[14. 19.  1.  2.  9. 13. 21.  4. 16.  7. 11. 12.  0. 20. 15.  5.  6.  3. 18. 17. 10.  8.] 
15:[15. 13.  2.  1. 18.  6. 19.  9. 16. 10. 11.  5. 14. 17.  8. 20. 21. 12.  7.  0.  3.  4.] 
16:[ 0. 16.  7.  4. 21. 11. 15.  1. 12. 20.  2.  6. 19.  9. 18. 10. 14. 17.  5. 13.  3.  8.] 
17:[10.  9. 19. 13.  2.  1. 15. 18.  6. 11. 16.  3. 17.  8. 14. 20.  5. 12. 21.  7.  4.  0.] 
18:[10. 13. 15. 18. 14. 19. 11.  2.  1.  7.  9.  6.  5. 21. 20. 16. 17. 12.  8.  4.  3.  0.] 
19:[15.  9. 19.  6.  2.  1. 18. 16. 21.  7.  8.  3.  0. 12. 20. 11. 13. 14.  4. 17. 10.  5.] 
20:[12. 20.  7. 16. 21. 17.  2.  1. 18.  8. 14.  9.  6. 15. 19. 11. 13.  0.  3.  4. 10.  5.] 
21:[13.  0. 11. 21.  7. 16.  4.  6. 18. 15.  1.  3. 14.  9. 19.  2. 10. 12.  5. 20.  8. 17.] 
POSCARS
EA105   3.701  3.701  7.264 90.00 90.00 90.00 Sym.group:  139
1.0
   3.7010860000000001   -0.0000910000000000    0.0000480000000000
   0.0002270000000000    3.7010329999999998    0.0000080000000000
  -0.0001710000000000   -0.0000370000000000    7.2637980000000004
Al H
8 2
direct
   0.5570140000000000    0.9944940000000000    0.3868080000000000 Al
   0.0568770000000000    0.4945220000000000    0.8867930000000001 Al
   0.5569930000000000    0.9944870000000000    0.9000180000000000 Al
   0.0569180000000000    0.4945180000000000    0.4000030000000000 Al
   0.0576220000000000    0.9942920000000000    0.1434090000000000 Al
   0.0555230000000000    0.9946590000000000    0.6434050000000000 Al
   0.5562700000000000    0.4948280000000000    0.6434040000000000 Al
   0.5582990000000000    0.4943630000000000    0.1434090000000000 Al
   0.0601280000000000    0.4940660000000000    0.1433510000000000 H
   0.5535470000000000    0.9952670000000000    0.6434430000000000 H
EA9     3.833  4.552  4.600 100.57 65.39 114.89 Sym.group:   87
1.0
   3.8329819999999999   -0.0058770000000000    0.0062000000000000
  -1.9093890000000000    4.1325170000000000    0.0357210000000000
   1.9091089999999999   -0.0838400000000000    4.1846420000000002
Mg Al
4 1
direct
   0.7942320000000000    0.2011860000000000    0.7988790000000000 Mg
   0.3912060000000000    0.5934120000000001    0.9968740000000000 Mg
   0.9899050000000000    0.9958050000000001    0.2017910000000000 Mg
   0.1950850000000000    0.7986290000000000    0.5938830000000000 Mg
   0.5924509999999999    0.3971700000000000    0.3978550000000000 Al
EA111   4.487  3.864  4.504 114.30 99.37 65.76 Sym.group:   87
1.0
   4.4860139999999999    0.0077580000000000    0.0972470000000000
   1.5807430000000000    3.5253760000000001   -0.0026260000000000
  -0.8192650000000000   -1.6606710000000000    4.1059409999999996
Mg Si
4 1
direct
   0.0185470000000000    0.1557900000000000    0.1549670000000000 Mg
   0.8049269999999999    0.5615910000000000    0.7502190000000000 Mg
   0.4003830000000000    0.3701880000000000    0.9622920000000000 Mg
   0.6139390000000000    0.9643220000000000    0.3671540000000000 Mg
   0.2094390000000000    0.7629580000000000    0.5586560000000000 Si
EA289   2.440  2.440 11.021 83.86 96.17 119.90 Sym.group:  166
1.0
   2.4378970000000000   -0.0782720000000000   -0.0599920000000000
  -1.1468119999999999    2.1530640000000001    0.0534010000000000
  -0.8972070000000000    0.5868300000000000   10.9691930000000006
C F
8 2
direct
   0.4982820000000000    0.7396760000000000    0.1547390000000000 C
   0.8465480000000000    0.3916380000000000    0.1995140000000000 C
   0.2403610000000000    0.9990770000000000    0.3823490000000000 C
   0.8919250000000000    0.3472140000000000    0.3367700000000000 C
   0.6337170000000000    0.6070480000000000    0.5647980000000000 C
   0.2853090000000000    0.9551470000000000    0.5192160000000000 C
   0.6790410000000000    0.5627750000000000    0.7020510000000000 C
   0.0272390000000000    0.2148300000000000    0.7468330000000000 C
   0.4576300000000000    0.7802180000000000    0.0322550000000000 F
   0.0675780000000000    0.1748210000000000    0.8693120000000000 F
EA36    4.160  4.156  4.158 90.00 89.98 89.99 Sym.group:  215
1.0
   4.1597350000000004   -0.0031990000000000    0.0017860000000000
   0.0042630000000000    4.1564569999999996   -0.0004640000000000
  -0.0005550000000000    0.0002020000000000    4.1575920000000002
Cl Si
4 1
direct
   0.7635350000000000    0.7707190000000000    0.7675320000000000 Cl
   0.2269030000000000    0.2341380000000000    0.7669840000000000 Cl
   0.7640190000000000    0.2338390000000000    0.2308110000000000 Cl
   0.2273210000000000    0.7705600000000000    0.2300640000000000 Cl
   0.4954750000000000    0.5025300000000000    0.4988480000000000 Si
EA111   2.179  2.178  7.008 98.86 81.16 89.43 Sym.group:  139
1.0
   2.1794859999999998   -0.0013010000000000   -0.0023190000000000
   0.0230540000000000    2.1777970000000000   -0.0122470000000000
   1.0832550000000001   -1.0523130000000001    6.8434160000000004
Be F
4 1
direct
   0.2476840000000000    0.7147400000000000    0.1430060000000000 Be
   0.0585380000000000    0.9055420000000000    0.5227140000000000 Be
   0.4648060000000000    0.5001570000000000    0.7109790000000000 Be
   0.6538640000000000    0.3093430000000000    0.3313280000000000 Be
   0.3542190000000000    0.6070540000000000    0.9269920000000000 F
EA409   2.163  3.730  3.716 94.57 73.47 106.63 Sym.group:   87
1.0
   2.1632810000000000   -0.0085370000000000    0.0180230000000000
  -1.0534710000000000    3.5781250000000000   -0.0148410000000000
   1.0275479999999999    0.0087280000000000    3.5710880000000000
Be H
4 1
direct
   0.4734490000000000    0.4550800000000000    0.2302470000000000 Be
   0.3027050000000000    0.8397019999999999    0.9544720000000000 Be
   0.1065800000000000    0.2823230000000000    0.7878810000000001 Be
   0.6696010000000000    0.0125650000000000    0.3969140000000000 Be
   0.3880700000000000    0.6474910000000000    0.5922430000000000 H
EA110   4.494  4.508  4.493 107.86 67.38 72.14 Sym.group:  141
1.0
   4.4936590000000001   -0.0179890000000000    0.0713480000000000
   1.3990110000000000    4.2846209999999996    0.0575920000000000
   1.6621800000000000   -2.0413589999999999    3.6405080000000001
Li O
8 2
direct
   0.3224540000000000    0.1886530000000000    0.4920850000000000 Li
   0.6945150000000000    0.8132580000000000    0.4880430000000000 Li
   0.2574430000000000    0.6871790000000000    0.4251440000000000 Li
   0.2600190000000000    0.3127510000000000    0.0541870000000000 Li
   0.8856450000000000    0.1887960000000000    0.2958770000000000 Li
   0.8891550000000000    0.8131940000000000    0.9251230000000000 Li
   0.8239130000000000    0.3112840000000000    0.8571340000000000 Li
   0.4516810000000000    0.6882040000000000    0.8628670000000001 Li
   0.1985590000000000    0.0000480000000000    0.7996420000000000 O
   0.9477230000000000    0.5007750000000000    0.5505530000000000 O
EA3     3.890  4.192  3.852 90.00 90.00 62.35 Sym.group:  139
1.0
   3.8904459999999998   -0.0045520000000000   -0.0001800000000000
   1.9493980000000000    3.7108070000000000    0.0013970000000000
   0.0001120000000000   -0.0014100000000000    3.8515510000000002
B Li
8 2
direct
   0.9591810000000000    0.5812600000000000    0.0022260000000000 B
   0.4594960000000000    0.5812720000000000    0.5023110000000000 B
   0.7382250000000000    0.0234100000000000    0.0021660000000000 B
   0.8489400000000000    0.3022390000000000    0.7521450000000000 B
   0.3488770000000000    0.3024170000000000    0.2521670000000000 B
   0.3487710000000000    0.3024480000000000    0.7523380000000000 B
   0.8488500000000000    0.3022580000000000    0.2523200000000000 B
   0.2385400000000000    0.0234200000000000    0.5022640000000000 B
   0.8492870000000000    0.8021880000000000    0.5020620000000000 Li
   0.3484310000000000    0.8024970000000000    0.0024280000000000 Li
EA234   3.813  4.300  4.261 78.46 116.17 116.00 Sym.group:   87
1.0
   3.8128630000000001    0.0056110000000000    0.0036970000000000
  -1.8907920000000000    3.8617059999999999   -0.0091480000000000
  -1.8826719999999999    0.0359090000000000    3.8218890000000001
Na B
4 1
direct
   0.1944000000000000    0.4284030000000000    0.0260680000000000 Na
   0.8028980000000000    0.2242340000000000    0.4511590000000000 Na
   0.6184300000000000    0.6505649999999999    0.6559110000000000 Na
   0.0084760000000000    0.8550590000000000    0.2299740000000000 Na
   0.4059670000000000    0.0394660000000000    0.8406750000000000 B
EA185  10.066  2.539  2.539 60.02 82.79 89.93 Sym.group:  160
1.0
   9.7819699999999994   -1.0094700000000001    2.1490849999999999
   0.2775020000000000    2.5227640000000000   -0.0638550000000000
  -0.0095560000000000    1.3324530000000001    2.1612589999999998
Al F
4 1
direct
   0.6237220000000000    0.7491120000000000    0.6101750000000000 Al
   0.1949950000000000    0.6083420000000000    0.8950490000000000 Al
   0.4095080000000000    0.0123340000000000    0.0878830000000000 Al
   0.8400470000000000    0.4860150000000000    0.1349870000000000 Al
   0.0172060000000000    0.5494340000000000    0.0143740000000000 F
EA28    8.373  2.980  3.037 90.21 100.30 100.13 Sym.group:  139
1.0
   8.3723270000000003    0.1214420000000000    0.0136060000000000
  -0.5665340000000000    2.9251499999999999   -0.0043170000000000
  -0.5461830000000000   -0.1124960000000000    2.9852390000000000
Be Al
8 2
direct
   0.8242730000000000    0.7262120000000000    0.0320330000000000 Be
   0.1741950000000000    0.4003790000000000    0.7065220000000000 Be
   0.6681250000000000    0.1483850000000000    0.9533590000000000 Be
   0.3292250000000000    0.4786510000000000    0.2837740000000000 Be
   0.6692450000000000    0.6479050000000000    0.4547530000000000 Be
   0.4992380000000000    0.0632810000000000    0.3692550000000000 Be
   0.3303440000000000    0.9781790000000000    0.7851420000000000 Be
   0.4992370000000000    0.5632750000000000    0.8692500000000000 Be
   0.8993110000000000    0.2633710000000000    0.5691480000000000 Al
   0.0991630000000000    0.8632530000000000    0.1694130000000000 Al
EA32    5.597  5.720  5.716 92.44 60.73 60.71 Sym.group:  140
1.0
   5.5966969999999998    0.0260970000000000    0.0103540000000000
   2.7749560000000000    5.0021339999999999   -0.0278350000000000
   2.7941080000000000   -1.8021630000000000    4.6494580000000001
S Mg
8 2
direct
   0.0006740000000000    0.2926800000000000    0.0218450000000000 S
   0.0014110000000000    0.9761550000000000    0.7049190000000000 S
   0.6854960000000000    0.0227420000000000    0.2912060000000000 S
   0.3180170000000000    0.7061820000000000    0.9750070000000000 S
   0.0010080000000000    0.5225790000000000    0.7914130000000000 S
   0.0017350000000000    0.2062530000000000    0.4746960000000000 S
   0.6846670000000000    0.7926140000000000    0.5214010000000000 S
   0.3172320000000000    0.4760510000000000    0.2051820000000000 S
   0.5015540000000001    0.9993960000000000    0.9980520000000001 Mg
   0.5007680000000000    0.4994840000000000    0.4987070000000000 Mg
EA101   8.381  4.656  2.635 90.01 89.98 89.52 Sym.group:  164
1.0
   8.3796529999999994    0.0423130000000000   -0.1146980000000000
   0.0154230000000000    4.6561349999999999   -0.0183730000000000
   0.0371330000000000    0.0096710000000000    2.6342770000000000
Al N
8 2
direct
   0.0269860000000000    0.4105420000000000    0.4526660000000000 Al
   0.7860600000000000    0.0795450000000000    0.4526520000000000 Al
   0.5120050000000000    0.4155050000000000    0.4536530000000000 Al
   0.7860390000000000    0.5795400000000001    0.9526400000000000 Al
   0.2710730000000000    0.0845140000000000    0.4536090000000000 Al
   0.0269820000000000    0.9105100000000000    0.9526230000000000 Al
   0.5120060000000000    0.9155170000000000    0.9536360000000000 Al
   0.2710850000000000    0.5845180000000000    0.9536600000000000 Al
   0.6490250000000000    0.7475309999999999    0.4531330000000000 N
   0.6490290000000000    0.2475250000000000    0.9531510000000000 N
EA11    2.245  2.244  6.784 99.44 80.57 89.82 Sym.group:  119
1.0
   2.2443740000000001   -0.0034160000000000    0.0298890000000000
   0.0107450000000000    2.2440669999999998   -0.0346750000000000
   1.0213410000000001   -1.0151699999999999    6.6293620000000004
O B
4 1
direct
   0.6253570000000001    0.5203340000000000    0.9944590000000000 O
   0.8957670000000000    0.2501840000000000    0.4533460000000000 O
   0.9844880000000000    0.1612350000000000    0.2745760000000000 O
   0.2549830000000000    0.8902250000000000    0.7330710000000000 O
   0.1901670000000000    0.4553000000000000    0.8637580000000000 B
EA73    3.266  3.283  3.839 65.50 114.02 118.88 Sym.group:  166
1.0
   3.2655820000000002    0.0040430000000000   -0.0077950000000000
  -1.5895319999999999    2.8725480000000001   -0.0271330000000000
  -1.5555619999999999    0.9906330000000000    3.3665010000000000
Be Li
4 1
direct
   0.5971370000000000    0.1978840000000000    0.4005350000000000 Be
   0.7906360000000000    0.0036600000000000    0.9823520000000000 Be
   0.3941470000000000    0.4010830000000000    0.7914500000000000 Be
   0.9936430000000001    0.8005540000000000    0.5913450000000000 Be
   0.1938470000000000    0.6007620000000000    0.1913810000000000 Li
EA46    4.771  4.771  3.489 90.02 89.99 90.01 Sym.group:  137
1.0
   4.7710330000000001    0.0033540000000000   -0.0065900000000000
  -0.0039930000000000    4.7706540000000004    0.0062380000000000
   0.0056510000000000   -0.0057640000000000    3.4892949999999998
F Si
8 2
direct
   0.4971600000000000    0.2376990000000000    0.2657710000000000 F
   0.9971860000000000    0.2566640000000000    0.2424330000000000 F
   0.9979270000000000    0.7370750000000000    0.2426030000000000 F
   0.4979050000000000    0.7572960000000000    0.2657630000000000 F
   0.7573980000000000    0.4970050000000000    0.7426260000000000 F
   0.2572010000000000    0.9975380000000000    0.7657990000000000 F
   0.7376320000000000    0.9969690000000000    0.7657140000000000 F
   0.2378350000000000    0.4975670000000000    0.7424290000000000 F
   0.9974660000000000    0.9969220000000000    0.5041660000000000 Si
   0.4975040000000000    0.4974170000000000    0.0041120000000000 Si
EA4     3.381  3.371  5.373 90.00 90.00 89.99 Sym.group:  123
1.0
   3.3808389999999999   -0.0056280000000000   -0.0030030000000000
   0.0064480000000000    3.3714000000000000    0.0017650000000000
   0.0045750000000000   -0.0029390000000000    5.3729820000000004
Si Mg
4 1
direct
   0.9007110000000000    0.6012610000000000    0.6070040000000000 Si
   0.9008610000000000    0.6012150000000001    0.1978920000000000 Si
   0.4008800000000000    0.6010970000000000    0.9024040000000000 Si
   0.9009140000000000    0.1011930000000000    0.9025650000000000 Si
   0.4008190000000000    0.1011450000000000    0.4018620000000000 Mg
EA228   5.873  5.882  2.788 90.39 89.54 89.74 Sym.group:   87
1.0
   5.8704530000000004   -0.0621560000000000   -0.1421000000000000
   0.0905210000000000    5.8805220000000000    0.0706030000000000
   0.0892560000000000   -0.0535800000000000    2.7864570000000000
Li Na
8 2
direct
   0.3083490000000000    0.1044710000000000    0.0031930000000000 Li
   0.8940840000000000    0.3131880000000000    0.9995340000000000 Li
   0.0986020000000000    0.6901659999999999    0.0057900000000000 Li
   0.6844370000000000    0.9002700000000000    0.0033100000000000 Li
   0.1842940000000000    0.3999820000000000    0.5033970000000000 Li
   0.5982070000000000    0.1902830000000000    0.5055660000000000 Li
   0.3945640000000000    0.8137350000000000    0.5009340000000000 Li
   0.8083110000000000    0.6043920000000000    0.5019080000000000 Li
   0.4966950000000000    0.5020210000000001    0.0023070000000000 Na
   0.9968420000000000    0.0015860000000000    0.5020790000000001 Na
EA36    3.808  4.161  4.158 78.18 116.98 116.93 Sym.group:   87
1.0
   3.8082189999999998    0.0174070000000000    0.0211950000000000
  -1.9009490000000000    3.7009750000000001   -0.0223680000000000
  -1.9074100000000000    0.0002350000000000    3.6949489999999998
Na C
4 1
direct
   0.4459780000000000    0.4515080000000000    0.6511830000000000 Na
   0.6639600000000000    0.1065660000000000    0.4336980000000000 Na
   0.2735020000000000    0.8876500000000001    0.8691370000000000 Na
   0.8365380000000000    0.6705690000000000    0.2153930000000000 Na
   0.0551300000000000    0.2791520000000000    0.0425160000000000 C
EA19    4.353  4.354  3.423 89.96 89.99 90.00 Sym.group:  127
1.0
   4.3528650000000004   -0.0009170000000000    0.0030070000000000
   0.0008320000000000    4.3544229999999997    0.0123350000000000
  -0.0016480000000000   -0.0071870000000000    3.4228640000000001
O Li
8 2
direct
   0.1172140000000000    0.3835350000000000    0.9349340000000000 O
   0.4823190000000000    0.0181680000000000    0.5747920000000000 O
   0.1172210000000000    0.3837800000000000    0.5746869999999999 O
   0.4823450000000000    0.0180080000000000    0.9350360000000000 O
   0.9822480000000000    0.8835680000000000    0.9350619999999999 O
   0.6172360000000000    0.5183090000000000    0.5747920000000000 O
   0.6171190000000000    0.5179950000000000    0.9350070000000000 O
   0.9824040000000001    0.8837960000000000    0.5748470000000000 O
   0.7997450000000000    0.2010320000000000    0.2551780000000000 Li
   0.2996450000000000    0.7009040000000000    0.2546790000000000 Li
EA265   3.936  3.937  4.643 115.05 64.95 89.95 Sym.group:  121
1.0
   3.9359489999999999   -0.0176720000000000    0.0031050000000000
   0.0213020000000000    3.9371100000000001   -0.0051690000000000
   1.9544900000000001   -1.9720759999999999    3.7219289999999998
Mg H
4 1
direct
   0.2162550000000000    0.0595880000000000    0.8499610000000000 Mg
   0.7325540000000000    0.5759570000000001    0.8499400000000000 Mg
   0.4724070000000000    0.3196000000000000    0.3373590000000000 Mg
   0.9886720000000000    0.8032600000000000    0.3372440000000000 Mg
   0.6023269999999999    0.1899270000000000    0.5940110000000000 H
