NUMBER OF TEMPLATES 13
COMPOSITION A 1 B
pairs , SPACEGROUPS 
[F Mg] , 164 
[B C] , 139 
[H Li] , 225 
[Al B] , 166 
[F Li] , 194 
[H Si] , 191 
[Cl Li] , 225 
[Li Mg] , 123 
[B N] , 216 
[Al Li] , 227 
[B N] , 186 
[Al Li] , 187 
[Be S] , 119 
RANKING VECTORS ENTHALPIES
0:[-1140.74799411 -1140.6761157  -1140.25575203 -1140.23366869 -1140.21352376 -1140.18100522 -1140.12195497 -1140.11519889 -1140.07957727 -1140.07001478 -1139.83261514 -1139.83203267 -1139.27519401] 
1:[-119.79770711 -119.47867246 -119.46876622 -119.46474246 -119.37994926 -118.84153098 -118.79580563 -118.66633666 -118.63170018 -118.31838203 -118.02753189 -117.24530152 -116.89610882] 
2:[-104.52305936 -104.51800726 -104.41544638 -104.37498386 -104.36273694 -104.33490408 -104.29305794 -104.29153948 -104.20573278 -103.98362091 -103.63618791 -103.59911541 -103.19808602] 
3:[-68.56072536 -68.24065064 -67.97498454 -67.86089081 -67.70684769 -67.68480766 -67.6664653  -67.45082891 -67.4058535  -67.20373707 -67.07716704 -66.60899552 -66.52469629] 
4:[-432.9602602  -432.95994229 -432.78793924 -432.7581314  -432.71830185 -432.66716714 -432.66552708 -432.66006321 -432.54988214 -432.35574864 -432.25063311 -431.64384532 -431.43080177] 
5:[-62.46681771 -62.42702457 -62.41714039 -62.41439122 -62.37089062 -62.35415406 -62.33326344 -62.33060056 -62.32081153 -62.29712072 -62.22233827 -62.08907854 -61.9942887 ] 
6:[-318.96943266 -318.96859741 -318.69515604 -318.69288693 -318.64215554 -318.54459722 -318.46501874 -318.35416226 -318.35396373 -318.281784 -318.10723341 -317.62327996 -317.16462238] 
7:[-901.54131758 -901.38835728 -901.38825399 -901.32924789 -901.32406006 -901.31455239 -901.29582462 -901.1922721  -901.17919523 -901.15971749 -901.07393943 -900.84910163 -899.86017159] 
8:[-180.52731906 -180.52723124 -180.50580575 -180.09384769 -180.00165727 -178.93390646 -178.92472253 -178.90300743 -178.8766196  -178.39365474 -178.02930432 -176.74583096 -176.15412087] 
9:[-125.93425911 -125.83212234 -125.77013095 -125.73298376 -125.68263156 -125.65715393 -125.47564581 -125.32528498 -125.22379742 -125.05414886 -125.02596016 -124.12411615 -123.56731656] 
10:[-180.52731906 -180.52723124 -180.50580575 -180.09384769 -180.00165727 -178.93390646 -178.92472253 -178.90300743 -178.8766196  -178.39365474 -178.02930432 -176.74583096 -176.15412087] 
11:[-125.93425911 -125.83212234 -125.77013095 -125.73298376 -125.68263156 -125.65715393 -125.47564581 -125.32528498 -125.22379742 -125.05414886 -125.02596016 -124.12411615 -123.56731656] 
12:[-337.14753937 -337.14667518 -337.13776611 -337.13003911 -337.0794321 -337.06341099 -337.02482945 -336.59483092 -336.53763136 -336.42000011 -336.2003373  -335.86401352 -335.74258182] 
RANKING VECTORS IDX
0:[ 0.  3.  1.  4. 10. 11.  6.  2.  8. 12.  7.  5.  9.] 
1:[ 1. 12. 10.  8.  0.  6.  2.  4.  3. 11.  5.  7.  9.] 
2:[ 2.  6.  4. 11. 12.  7. 10.  0.  8.  1.  3.  9.  5.] 
3:[ 3.  0.  4.  7.  2.  6. 11.  1. 12. 10.  9.  5.  8.] 
4:[ 2.  6.  4. 11. 12. 10.  0.  7.  8.  1.  3.  9.  5.] 
5:[ 5.  0. 11.  3.  1. 10.  4.  6. 12.  2.  7.  8.  9.] 
6:[ 2.  6.  4. 11. 12.  7.  0.  8. 10.  3.  1.  9.  5.] 
7:[ 7.  9.  3.  4. 11.  0. 12. 10.  2.  6.  5.  1.  8.] 
8:[12.  8. 10.  0.  3.  2.  6.  4.  1.  5. 11.  7.  9.] 
9:[ 7.  9. 11.  4.  3.  0. 10. 12.  5.  2.  6.  1.  8.] 
10:[12.  8. 10.  0.  3.  2.  6.  4.  1.  5. 11.  7.  9.] 
11:[ 7.  9. 11.  4.  3.  0. 10. 12.  5.  2.  6.  1.  8.] 
12:[ 8. 12. 10.  4.  2.  6.  0. 11.  1.  3.  7.  5.  9.] 
POSCARS
EA272   2.821  2.821  5.546 89.92 90.16 119.84 Sym.group:  164
1.0
   2.8214020000000000    0.0030940000000000    0.0052530000000000
  -1.4062340000000000    2.4455480000000001    0.0005210000000000
  -0.0261630000000000   -0.0068980000000000    5.5460919999999998
F Mg
2 2
direct
   0.3251680000000000    0.6632720000000000    0.6423250000000000 F
   0.6577290000000000    0.3290550000000000    0.3590160000000000 F
   0.3229400000000000    0.6630130000000000    0.1933900000000000 Mg
   0.6598600000000000    0.3292440000000000    0.8079980000000000 Mg
EA1     3.706  2.687  2.687 89.98 68.77 111.23 Sym.group:  139
1.0
   3.7063630000000001   -0.0127100000000000    0.0119180000000000
  -0.9640260000000000    2.5075820000000002   -0.0154630000000000
   0.9661270000000000    0.3877260000000000    2.4767039999999998
C B
2 2
direct
   0.2250170000000000    0.1202560000000000    0.8870150000000000 C
   0.7720690000000000    0.8942380000000000    0.1136900000000000 C
   0.4985170000000000    0.2574860000000000    0.2503560000000000 B
   0.4985700000000000    0.7570080000000000    0.7503500000000000 B
EA5     2.359  2.360  4.082 106.80 90.01 60.03 Sym.group:  225
1.0
   1.1935640000000001   -2.0350649999999999   -0.0041010000000000
   2.3600629999999998    0.0172160000000000    0.0214400000000000
  -1.2097329999999999   -0.7161810000000000    3.8327450000000001
H Li
2 2
direct
   0.6184950000000000    0.7575160000000000    0.3815790000000000 H
   0.1190320000000000    0.7566050000000000    0.8816970000000000 H
   0.8690400000000000    0.2571020000000000    0.6313450000000000 Li
   0.3686920000000000    0.2571480000000000    0.1312920000000000 Li
EA73    2.789  5.243  2.809 91.06 60.23 105.42 Sym.group:  166
1.0
   1.3985540000000001   -0.3513360000000000    2.3871799999999999
  -1.4309570000000000    5.0436110000000003   -0.0478810000000000
  -1.4091160000000000   -0.4309690000000000    2.3911660000000001
Al B
2 2
direct
   0.8150870000000000    0.2544920000000000    0.2685300000000000 Al
   0.4180680000000000    0.6509380000000000    0.4598690000000000 Al
   0.2867430000000000    0.9585540000000000    0.0297150000000000 B
   0.9464220000000000    0.9468760000000001    0.6986730000000000 B
EA119   2.508  2.508  4.329 89.99 89.99 60.01 Sym.group:  194
1.0
   1.2588120000000000   -2.1691220000000002    0.0047060000000000
   2.5082770000000001    0.0059160000000000    0.0021060000000000
  -0.0031460000000000    0.0062900000000000    4.3290970000000000
F Li
2 2
direct
   0.6648380000000000    0.6648790000000000    0.2534100000000000 F
   0.3314310000000000    0.3318450000000000    0.7534090000000000 F
   0.9980000000000000    0.9984980000000000    0.0034320000000000 Li
   0.9983980000000000    0.9984620000000000    0.5034570000000000 Li
EA52    3.213  2.318  2.318 120.00 89.99 90.01 Sym.group:  191
1.0
   3.2133159999999998    0.0024550000000000   -0.0044090000000000
  -0.0041960000000000    1.1843830000000000   -1.9923780000000000
   0.0022070000000000    1.1333370000000000    2.0218630000000002
H Si
1 1
direct
   0.3412390000000000    0.2445300000000000    0.9988190000000000 H
   0.8412180000000000    0.2504320000000000    0.0009270000000000 Si
EA96    3.064  3.065  3.065 60.02 60.02 60.02 Sym.group:  225
1.0
   1.5412220000000001   -2.6484809999999999    0.0005390000000000
   3.0644819999999999    0.0113070000000000    0.0178740000000000
   1.5201570000000000   -0.8868710000000000    2.5093260000000002
Cl Li
1 1
direct
   0.2629950000000000    0.8232710000000000    0.1687850000000000 Cl
   0.7628950000000000    0.3232900000000000    0.6687460000000000 Li
EA7     3.625  3.625  3.332 90.00 90.00 90.00 Sym.group:  123
1.0
   3.6252330000000001   -0.0011210000000000    0.0003220000000000
   0.0011950000000000    3.6252190000000000    0.0016460000000000
  -0.0002880000000000   -0.0015150000000000    3.3316040000000000
Mg Li
2 2
direct
   0.6201150000000000    0.6232880000000000    0.6368300000000000 Mg
   0.1202830000000000    0.1232430000000000    0.6365030000000000 Mg
   0.1199110000000000    0.6231380000000000    0.1366970000000000 Li
   0.6202810000000000    0.1232470000000000    0.1366900000000000 Li
EA97    4.276  2.469  2.469 119.97 73.24 106.76 Sym.group:  216
1.0
   4.2761579999999997    0.0215250000000000    0.0394400000000000
  -0.7002260000000000    1.2684359999999999   -1.9996860000000001
   0.6871410000000000    1.2016739999999999    2.0448279999999999
N B
2 2
direct
   0.6083840000000000    0.6889510000000000    0.8151490000000000 N
   0.1083840000000000    0.1885460000000000    0.3157960000000000 N
   0.9834430000000000    0.8135540000000000    0.6908970000000000 B
   0.4834420000000000    0.3139750000000000    0.1902190000000000 B
EA115   3.872  3.872  3.872 90.03 119.99 119.98 Sym.group:  227
1.0
   0.0885970000000000   -2.2011989999999999   -3.1837399999999998
   1.8915800000000000    3.3775230000000001    0.0702230000000000
   1.8911380000000000   -1.1273070000000001    3.1854429999999998
Al Li
2 2
direct
   0.6172470000000000    0.8650330000000001    0.1149040000000000 Al
   0.1173490000000000    0.6150020000000000    0.3650230000000000 Al
   0.6173140000000000    0.3650650000000000    0.6149790000000001 Li
   0.1173030000000000    0.1150330000000000    0.8650220000000000 Li
EA14    2.461  2.461  4.073 90.00 90.00 120.00 Sym.group:  186
1.0
   2.4611839999999998    0.0001860000000000   -0.0017710000000000
  -1.2306960000000000    2.1314380000000002    0.0008860000000000
   0.0031600000000000    0.0000000000000000    4.0726279999999999
N B
2 2
direct
   0.6728370000000000    0.3458740000000000    0.1324850000000000 N
   0.3397440000000000    0.6799690000000000    0.6324850000000000 N
   0.3395030000000000    0.6792210000000000    0.0064780000000000 B
   0.6730610000000000    0.3466200000000000    0.5064770000000000 B
EA5     2.493  2.490  7.539 89.99 89.99 60.28 Sym.group:  187
1.0
   2.4930070000000000    0.0196320000000000   -0.0009720000000000
   1.2174860000000001    2.1720579999999998   -0.0009740000000000
   0.0037090000000000    0.0022460000000000    7.5387630000000003
Al Li
2 2
direct
   0.1695300000000000    0.6722920000000000    0.0011300000000000 Al
   0.1694090000000000    0.6723789999999999    0.5011300000000000 Al
   0.8265810000000000    0.3359310000000000    0.2511390000000000 Li
   0.8265860000000000    0.3358810000000000    0.7511340000000000 Li
EA231   4.336  3.143  3.143 90.00 89.99 90.00 Sym.group:  119
1.0
   4.3364339999999997    0.0001780000000000   -0.0005190000000000
  -0.0000800000000000    3.1427200000000002    0.0032470000000000
   0.0009940000000000   -0.0031540000000000    3.1431719999999999
Be S
2 2
direct
   0.1191090000000000    0.0092710000000000    0.2522740000000000 Be
   0.6191480000000000    0.5094050000000000    0.7523470000000000 Be
   0.3691760000000000    0.5092680000000001    0.2524190000000000 S
   0.8691770000000000    0.0093890000000000    0.7523570000000001 S
