NUMBER OF TEMPLATES 45
COMPOSITION A 2 B
pairs , SPACEGROUPS 
[F Na] , 139 
[Li B] , 164 
[C B] , 141 
[Li P] , 139 
[N Al] , 166 
[Mg O] , 129 
[O P] , 121 
[Na F] , 123 
[C Be] , 156 
[Na Al] , 191 
[B S] , 141 
[Li H] , 141 
[Al Mg] , 164 
[Be H] , 166 
[Al Be] , 140 
[Al P] , 140 
[Si Be] , 225 
[N B] , 160 
[P Mg] , 115 
[N O] , 160 
[H S] , 224 
[C F] , 164 
[B Al] , 191 
[Mg S] , 164 
[Be O] , 156 
[Mg F] , 164 
[Li C] , 166 
[Na Be] , 164 
[Al Na] , 139 
[C B] , 164 
[Si P] , 141 
[Na Li] , 164 
[Li Mg] , 139 
[Li H] , 164 
[Be Li] , 164 
[Si Li] , 191 
[Li S] , 225 
[Li F] , 164 
[Al N] , 164 
[O Na] , 123 
[Al N] , 1164 
[Mg Cl] , 129 
[Na F] , 139 
[Be Li] , 1164 
[S Mg] , 140 
RANKING VECTORS ENTHALPIES
0:[-858.75882061 -858.75763444 -858.71296809 -858.7111141  -858.70895651 -858.7075125  -858.70683192 -858.70233927 -858.68690012 -858.67555202 -858.67525948 -858.67095537 -858.66198788 -858.65303282 -858.64652359 -858.64364596 -858.63973653 -858.62455888 -858.57728134 -858.5770103 -858.57685059 -858.5702866  -858.56568895 -858.56088708 -858.55107935 -858.53085405 -858.52874698 -858.52816574 -858.52808802 -858.52285862 -858.52125717 -858.518472   -858.51111834 -858.51090463 -858.4875115 -858.48383097 -858.45820523 -858.45127249 -858.45028868 -858.19675027 -858.16284196 -857.93386812 -857.69846164 -857.69788536 -856.96545156] 
1:[-154.76740491 -154.76671157 -154.76581277 -154.76464035 -154.75371255 -154.71927402 -154.71761583 -154.71318794 -154.71082349 -154.71007334 -154.70884534 -154.67204999 -154.66301823 -154.66223765 -154.46914559 -154.42642807 -154.42136569 -154.40978737 -154.38260602 -154.38097565 -154.29044277 -154.18515791 -154.18513051 -154.17682705 -154.12065932 -154.11193684 -154.10346218 -154.10234257 -154.10026774 -154.09984093 -154.09892771 -154.0906037  -154.07412524 -154.06026542 -153.94623921 -153.9064108  -153.89726254 -153.89535791 -153.89156306 -153.89043963 -153.49055736 -153.48750418 -153.46376046 -153.46373548 -152.34058134] 
2:[-133.79457503 -133.79401377 -133.77887292 -133.77816461 -133.75714763 -133.73373799 -133.71150042 -133.71123825 -133.70516072 -133.20983699 -132.82300508 -132.79452818 -132.75015129 -132.75015127 -132.65146957 -132.63738323 -132.43954632 -132.43871151 -132.4383072  -132.43780168 -132.38882925 -132.38743759 -132.30197411 -132.30197258 -132.18914941 -132.15717118 -132.14103286 -132.09109988 -132.07075568 -132.04807954 -132.01327233 -131.99825942 -131.75694587 -131.74636056 -131.74499502 -131.74499242 -131.57335653 -131.57334302 -131.5183123  -131.5126168 -131.50693913 -131.49556402 -131.47936783 -131.46789959 -131.18949326] 
3:[-190.77136096 -190.76617926 -190.76526563 -190.76409812 -190.75847742 -190.74906128 -190.61821388 -190.61796511 -190.61390089 -190.56345446 -190.49603567 -190.3890311  -190.38613015 -190.38471237 -190.31824576 -190.31116257 -190.3025824  -190.26744483 -190.26156122 -190.25630382 -190.19985837 -190.1655758  -190.16540136 -190.16409568 -190.16373674 -190.15864837 -190.13907103 -190.13334653 -190.12782069 -190.12777956 -190.09381741 -190.05870945 -190.04302884 -190.04294084 -190.01693295 -189.92173228 -189.91407214 -189.89904245 -189.88180024 -189.80408838 -189.7930407  -189.72582104 -189.53384459 -189.43803833 -188.15616783] 
4:[-206.99684253 -206.78180351 -206.74284475 -206.73637295 -206.6306288 -206.58306177 -206.37201896 -206.30162882 -206.29915406 -206.22860875 -206.22821914 -206.22340427 -206.22339449 -206.15985673 -206.13909876 -206.12224394 -206.06419824 -206.06416594 -206.06159633 -206.05893944 -206.04619633 -205.98366855 -205.98162653 -205.88622634 -205.86306959 -205.83455082 -205.81838676 -205.81445726 -205.79257107 -205.64897603 -205.64825298 -205.6479889  -205.64587932 -205.64345244 -205.6383379 -205.57046428 -205.54178691 -205.11973186 -204.97726293 -204.97291604 -204.97212251 -204.75358941 -204.72759599 -204.72452448 -204.6300498 ] 
5:[-1224.3741837  -1224.3706014  -1224.34063144 -1224.33430649 -1224.28765815 -1224.27978855 -1224.27710349 -1224.27401292 -1224.27019294 -1224.26848612 -1224.2671923  -1224.23758264 -1224.19994901 -1224.19327434 -1224.19101345 -1224.19055965 -1224.07443278 -1223.95737098 -1223.95725043 -1223.95588867 -1223.94588183 -1223.80898914 -1223.78549844 -1223.74861888 -1223.74441346 -1223.73931961 -1223.73017088 -1223.72788731 -1223.7229946  -1223.7048484  -1223.67925802 -1223.53400247 -1223.51442865 -1223.41887976 -1223.34619345 -1223.34561039 -1223.34247464 -1223.32294967 -1223.15480434 -1222.68823621 -1222.68781859 -1221.93043342 -1221.9292335  -1221.87908477 -1221.46746711] 
6:[-360.08126177 -359.44064784 -359.27829195 -359.22766826 -359.22408386 -359.19140399 -359.18956251 -359.1883086  -359.18254088 -359.16663589 -359.14560832 -359.13929933 -359.05400204 -359.04695278 -359.04502577 -359.02546352 -358.97592344 -358.95884271 -358.95825488 -358.95298073 -358.95002854 -358.90757807 -358.88576005 -358.87452134 -358.75713817 -358.66411348 -358.58562743 -358.52306227 -358.52243902 -358.52242962 -358.50877693 -358.49634727 -358.37118242 -358.37049784 -358.36975264 -358.36471232 -358.34008487 -358.16328537 -358.11101986 -358.08703277 -357.90373538 -357.79064522 -357.43511764 -357.42962628 -357.41581591] 
7:[-1049.44802588 -1049.44563687 -1049.44540613 -1049.43996135 -1049.4097475  -1049.3896073  -1049.38879484 -1049.34007462 -1049.3399151  -1049.33925909 -1049.33721362 -1049.33578933 -1049.32605028 -1049.31418021 -1049.30803076 -1049.30762969 -1049.30517504 -1049.27206507 -1049.26676172 -1049.20876276 -1049.20354346 -1049.187073   -1049.18303155 -1049.10901985 -1049.10504727 -1049.09974471 -1049.09663859 -1049.09639503 -1049.09201558 -1049.02351775 -1048.96335515 -1048.91247063 -1048.91170561 -1048.89239082 -1048.87251076 -1048.85578149 -1048.82119625 -1048.76336471 -1048.65538904 -1048.62985343 -1048.62317164 -1048.61530819 -1048.53775436 -1048.34318038 -1047.96673   ] 
8:[-233.37097899 -233.36890721 -233.30349999 -233.30349997 -233.2530331 -233.21746587 -233.21522755 -233.21357424 -233.21348563 -233.1633522 -233.08565696 -233.06702294 -233.06671177 -233.06511258 -233.00084435 -232.82715239 -232.82682199 -232.77460483 -232.66449898 -232.53038181 -232.52166087 -232.51442259 -232.45072529 -232.44795073 -232.4338963 -232.41376999 -232.37657336 -232.37566163 -232.19596178 -232.13538552 -231.97037384 -231.90924303 -231.90505162 -231.89082273 -231.84574541 -231.75150047 -231.73533865 -231.73347163 -231.72898683 -231.72860566 -231.69195764 -231.68543258 -231.42062635 -230.88671847 -230.40718824] 
9:[-844.65158959 -844.6471129  -844.6369071  -844.63646371 -844.63373291 -844.63279011 -844.62916667 -844.62850544 -844.56730431 -844.55716824 -844.55277215 -844.55250303 -844.54827514 -844.54607029 -844.54401722 -844.53556772 -844.53555739 -844.53498347 -844.51213049 -844.51072287 -844.50999014 -844.49209544 -844.4825821  -844.46324601 -844.45431639 -844.3782834  -844.31864236 -844.22602723 -844.217142   -844.21570883 -844.18102551 -844.1795092  -844.17813749 -844.13163799 -843.90790407 -843.78654173 -843.78450531 -843.60232724 -843.59976285 -843.4740799 -843.32866496 -843.32845239 -843.00881823 -842.95651557 -841.69931966] 
10:[-150.67871313 -150.66563969 -150.27358151 -150.17359122 -150.05434166 -150.04026302 -150.02888624 -150.02501956 -150.00817617 -150.00806367 -150.00576671 -149.95491145 -149.95276677 -149.88350048 -149.8624951 -149.8621129  -149.85881801 -149.85847986 -149.85809708 -149.85567706 -149.85469549 -149.85297558 -149.84782407 -149.79870538 -149.79521333 -149.79468627 -149.78842521 -149.72508927 -149.70509527 -149.70502349 -149.68591823 -149.61391487 -149.60590259 -149.59818341 -149.59601724 -149.56262013 -149.56126712 -149.55977727 -149.53695401 -149.43112393 -149.02433106 -148.8785301  -148.83948601 -148.78509103 -148.47748252] 
11:[-133.7759752  -133.77508988 -133.77503453 -133.77495226 -133.77484606 -133.77426244 -133.7739038  -133.7736928  -133.76758933 -133.76588432 -133.76285652 -133.76096023 -133.76016937 -133.75785158 -133.751408 -133.75139444 -133.75139414 -133.75103511 -133.75075559 -133.75051772 -133.75048798 -133.75002079 -133.74910272 -133.74653023 -133.74536582 -133.74411785 -133.73786218 -133.73617835 -133.71061696 -133.70337903 -133.69640071 -133.69166781 -133.68833357 -133.681573   -133.680336 -133.60811214 -133.48721823 -133.47675831 -133.47013173 -133.46176382 -133.45889385 -133.32952138 -132.9640557  -132.96313661 -132.95769024] 
12:[-575.93427825 -575.93167111 -575.93039942 -575.92636911 -575.92569347 -575.91792781 -575.90331435 -575.89421709 -575.88449134 -575.88389569 -575.88309797 -575.87823064 -575.86955774 -575.8691758  -575.86465828 -575.8545561  -575.8015372  -575.74949053 -575.74567602 -575.73478676 -575.72978682 -575.69721997 -575.69683433 -575.68405737 -575.67447346 -575.56069022 -575.42608624 -575.41763228 -575.41762215 -575.34421514 -575.22392466 -575.22012343 -575.21569815 -575.19604876 -575.19112226 -575.15750867 -574.96890294 -574.9647368  -574.96265262 -574.89140165 -574.88466702 -574.87341692 -574.69473116 -573.88371187 -572.10491738] 
13:[-256.34305256 -256.23621543 -256.22450351 -256.21269388 -256.21252875 -256.20974202 -256.19077561 -256.16809567 -256.16704575 -256.16681661 -256.16519794 -256.16415677 -256.14814102 -256.14753993 -256.14361068 -256.12326796 -256.11711447 -256.11028698 -256.10969634 -256.09903115 -256.08402955 -256.0789007  -256.04392978 -256.02752912 -256.02371074 -256.02095041 -256.0039866  -255.99751654 -255.9925275  -255.99078675 -255.98726865 -255.98619594 -255.97959595 -255.949322   -255.93032846 -255.90986445 -255.74424116 -255.50976803 -255.50699174 -255.50185362 -255.49833845 -255.36621437 -255.36420098 -255.35213037 -253.79764118] 
14:[-164.90585256 -164.90314571 -164.90311636 -164.82608125 -164.78599144 -164.7857933  -164.78577468 -164.76413892 -164.73389096 -164.6830813 -164.68109751 -164.68098227 -164.66717275 -164.66706199 -164.65876758 -164.65798633 -164.6161251  -164.61211873 -164.60850813 -164.60322215 -164.60115919 -164.59450314 -164.59331935 -164.57834558 -164.55823707 -164.55379952 -164.53034664 -164.51148099 -164.46475168 -164.44481597 -164.37933512 -164.37376312 -164.35680114 -164.30200298 -164.30001865 -164.26214307 -164.25910905 -164.25377286 -164.12140318 -164.03171432 -164.02993341 -163.94094918 -163.8544371  -163.34645698 -162.75927629] 
15:[-100.73121829 -100.68221946 -100.68116632 -100.6347307  -100.59602468 -100.57739467 -100.57449656 -100.57436961 -100.56866742 -100.54945913 -100.54600941 -100.54425889 -100.53200433 -100.51106224 -100.49358259 -100.48577142 -100.48284171 -100.45806798 -100.45737243 -100.44944604 -100.44874037 -100.44818332 -100.44679619 -100.43823103 -100.43498187 -100.42131254 -100.41401585 -100.41278356 -100.40769381 -100.30513903 -100.30308377 -100.30091155 -100.23404363 -100.23100757 -100.22825982 -100.18924997 -100.18647201 -100.17774226 -100.17415909 -100.11380497 -100.04790834 -100.00721177 -100.00691394  -99.73704458  -98.12318187] 
16:[-199.76035292 -199.59357923 -199.58210534 -199.5718711  -199.57017528 -199.57016696 -199.54656843 -199.52097481 -199.51362125 -199.5047083 -199.5018     -199.49328113 -199.47499631 -199.46693554 -199.45733058 -199.4255246  -199.41912989 -199.39558234 -199.3938245  -199.38581301 -199.38056218 -199.38029399 -199.37974267 -199.37846622 -199.37795466 -199.36412861 -199.34020986 -199.30007163 -199.27334374 -199.26797403 -199.2580773  -199.25033847 -199.23378705 -199.23321072 -199.20599408 -199.17729315 -199.16285293 -199.15940048 -199.1081123  -198.81180883 -198.80703715 -198.65332984 -198.64709558 -198.59967482 -197.67175379] 
17:[-212.85818656 -212.64767478 -212.6413117  -212.6073533  -212.58267301 -212.56628161 -212.55411064 -212.41486177 -212.37778008 -212.25314115 -212.23760967 -211.73395275 -211.73394435 -211.72458195 -211.71210743 -211.70479065 -211.70478197 -211.68164281 -211.63089771 -211.46696283 -211.46645733 -211.42631739 -211.4256261  -211.42549155 -211.42432582 -211.42162274 -211.41709443 -211.35098076 -211.35095924 -211.31054856 -211.23190162 -211.14836874 -210.86867199 -210.86740068 -210.78926519 -210.74957902 -210.74947562 -210.74624487 -210.74590967 -210.74326833 -210.7166067  -209.86036129 -209.85116814 -209.84811091 -209.25894093] 
18:[-659.94460229 -659.94373748 -659.85141408 -659.85105333 -659.84810371 -659.8412556  -659.8382326  -659.83567427 -659.83127169 -659.81517096 -659.72426494 -659.71919627 -659.71885033 -659.71436932 -659.71351792 -659.68860546 -659.68104859 -659.67433381 -659.66421749 -659.65645622 -659.65120267 -659.60240364 -659.581928   -659.57068331 -659.56829943 -659.54049134 -659.53955348 -659.53078454 -659.52421555 -659.51489809 -659.39859694 -659.37148529 -659.35320999 -659.32793285 -659.32731681 -659.16906368 -659.1581793  -659.15802827 -659.15651749 -659.14792884 -658.96431377 -658.96409686 -658.67725002 -658.10320159 -656.46244733] 
19:[-334.22766496 -333.75921396 -333.75730918 -333.73769773 -333.63835567 -333.18516818 -333.14889473 -333.10816873 -333.08290331 -333.08232854 -333.05024904 -333.03178044 -332.96763275 -332.94356048 -332.9341668 -332.88433042 -332.85448197 -332.82303837 -332.76906248 -332.7592704 -332.75743699 -332.7541271  -332.75263121 -332.73558344 -332.71507677 -332.63247793 -332.56921237 -332.5582968  -332.49904874 -332.49849187 -332.44818585 -332.37782056 -332.36038934 -332.30084921 -332.19116414 -332.01509497 -331.79966598 -331.79518192 -331.78430752 -331.7828234 -331.77833084 -331.39890723 -331.34555505 -331.06812055 -331.06512378] 
20:[-108.09189082 -108.006145   -108.00460743 -107.99060317 -107.93609022 -107.93560173 -107.93462017 -107.92844738 -107.92828755 -107.89347682 -107.89228432 -107.88248808 -107.88088394 -107.87875076 -107.86798169 -107.86687514 -107.84298029 -107.83497324 -107.81731692 -107.80243839 -107.79500059 -107.79000818 -107.77702537 -107.76775274 -107.74433479 -107.73575888 -107.73449572 -107.73430221 -107.72967124 -107.72343441 -107.71930667 -107.71349628 -107.70530673 -107.70486932 -107.6994169 -107.69421987 -107.69326774 -107.68434408 -107.66385126 -107.60124838 -107.5442914  -107.50741776 -107.42270055 -107.41673485 -107.40835571] 
21:[-330.45347396 -330.45276997 -330.11544364 -329.68025012 -329.677669 -329.63302241 -329.63293425 -329.63291216 -329.63208199 -329.63170776 -329.62962203 -329.62605573 -329.61894307 -329.6147723  -329.61474496 -329.59923972 -329.50163248 -329.24498316 -329.21592025 -328.65325614 -328.62138645 -328.58886158 -328.50134652 -328.49021881 -328.38257277 -328.37769976 -328.35799018 -328.27495412 -327.99339754 -327.84496452 -327.74211431 -327.72429743 -327.650283   -327.58840721 -327.50963386 -327.36644404 -327.34852503 -327.31027326 -327.30693051 -327.21608069 -326.96300862 -325.40787854 -325.39337713 -325.3199034  -325.25213806] 
22:[-71.98441352 -71.98304533 -71.9826769  -71.98266646 -71.98248657 -71.98117872 -71.98079798 -71.97740171 -71.97710517 -71.97634455 -71.85020157 -71.8463677  -71.7244934  -71.47367329 -71.46991604 -71.45742638 -71.39396982 -71.29539154 -71.28940646 -71.1363824 -71.11440633 -71.11175248 -71.11142931 -71.09605575 -71.08084987 -71.08075941 -71.07655237 -71.07635263 -71.07487482 -71.03281124 -71.03262699 -70.92305768 -70.86442141 -70.85491542 -70.81718313 -70.80450415 -70.6630637  -70.6487057  -70.60116396 -70.59208362 -70.36515081 -70.33610303 -70.32690367 -68.9618697  -67.72102143] 
23:[-1173.00132258 -1172.9956961  -1172.91491593 -1172.90992499 -1172.90886782 -1172.90755678 -1172.90531636 -1172.90456431 -1172.87813909 -1172.87700051 -1172.87540609 -1172.86868463 -1172.86344154 -1172.86295938 -1172.84788802 -1172.81898511 -1172.81338202 -1172.64823727 -1172.64165307 -1172.59399864 -1172.57980536 -1172.57477707 -1172.53179687 -1172.52699777 -1172.51499689 -1172.51114781 -1172.4968703  -1172.44647812 -1172.33611316 -1172.32490517 -1172.32054884 -1172.31921265 -1172.30594982 -1172.26449202 -1172.26080413 -1172.25834842 -1172.21053481 -1172.05208187 -1172.04755169 -1172.0307707 -1171.80512163 -1171.80391037 -1171.42805335 -1170.83462143 -1170.62630993] 
24:[-401.55725819 -401.5572218  -401.49873178 -401.49782199 -401.4834878 -401.48124197 -401.40292253 -401.39975203 -401.39860497 -401.39839861 -401.39715013 -401.38635823 -401.38115503 -401.36256167 -401.35233885 -401.32283345 -401.23094937 -401.20336488 -401.20076831 -401.19242253 -401.15445873 -401.15400779 -401.11609914 -401.04477802 -401.03853277 -401.03142676 -400.79139866 -400.78816796 -400.7875158  -400.67856515 -400.67749976 -400.67652491 -400.67245503 -400.66877319 -400.59244199 -400.58326481 -400.44283343 -400.39122771 -399.89244279 -399.87907192 -399.87902034 -399.56455809 -398.91063187 -398.90374949 -398.86652439] 
25:[-1297.31303949 -1297.27379094 -1297.21479431 -1297.20994958 -1297.1979796  -1297.16493093 -1297.10377935 -1297.09899728 -1297.09734487 -1297.09544877 -1297.07434253 -1297.0701862 -1297.04994229 -1296.99120823 -1296.97362317 -1296.96961291 -1296.96235032 -1296.91224703 -1296.89728753 -1296.88392026 -1296.87675728 -1296.87595894 -1296.85123036 -1296.84754234 -1296.8472012  -1296.8404238  -1296.83042769 -1296.82281695 -1296.70655642 -1296.54206862 -1296.53307463 -1296.53238465 -1296.52841176 -1296.51161326 -1296.49339457 -1296.41273117 -1296.32802346 -1296.21822887 -1296.21585158 -1296.17409082 -1295.98989554 -1295.97843978 -1295.79473137 -1295.79464016 -1295.79059965] 
26:[-182.80746488 -182.49950913 -182.49035441 -182.48827226 -182.4818688 -182.47627422 -182.46931049 -182.45949823 -182.42327778 -182.4070205 -182.40564944 -182.39413703 -182.38214674 -182.3817929  -182.37619065 -182.3071714  -182.30683049 -182.3058911  -182.30542366 -182.29646193 -182.29501211 -182.12737855 -182.09397523 -182.08954122 -182.01766511 -181.98484339 -181.80575758 -181.80575567 -181.71259749 -181.71204409 -181.68605712 -181.67698462 -181.67583282 -181.6755299  -181.63581176 -181.62338974 -181.61832366 -181.60728222 -181.58323992 -181.58040436 -181.55236295 -181.54279785 -181.33276708 -181.33204612 -180.54207607] 
27:[-950.57510964 -950.56058353 -950.50663527 -950.50430251 -950.50407813 -950.50399849 -950.50074149 -950.49870862 -950.46960459 -950.45567368 -950.4556079  -950.45114132 -950.44498162 -950.43699382 -950.43369875 -950.40609024 -950.40220664 -950.38986408 -950.38331451 -950.38081775 -950.37934627 -950.3717726  -950.3685715  -950.36559462 -950.34184451 -950.33128336 -950.2833443  -950.25143103 -950.19671428 -950.19113117 -950.12947677 -950.1214957  -950.10546823 -950.08993829 -950.01624049 -950.00253192 -949.84323437 -949.83192104 -949.82863661 -949.46084829 -949.45063366 -949.4505289  -949.25787104 -949.05896313 -948.33610204] 
28:[-451.65642403 -451.64855384 -451.63058724 -451.61535955 -451.60825005 -451.60654072 -451.6061867  -451.59603531 -451.58273535 -451.55099758 -451.54624242 -451.54352141 -451.54219474 -451.53210385 -451.52286604 -451.51945723 -451.51877515 -451.51312547 -451.48801296 -451.48786599 -451.48597231 -451.4822526  -451.45075575 -451.34238062 -451.33345606 -451.32136271 -451.29436206 -451.2474679  -451.19691061 -451.19004361 -451.08726837 -451.00902917 -450.96645173 -450.89413826 -450.8912503 -450.85371161 -450.84865522 -450.83856926 -450.49218823 -450.39150662 -450.37118229 -450.36825291 -450.24388987 -449.56097384 -448.10601683] 
29:[-133.79457503 -133.79401377 -133.77887292 -133.77816461 -133.75714763 -133.73373799 -133.71150042 -133.71123825 -133.70516072 -133.20983699 -132.82300508 -132.79452818 -132.75015129 -132.75015127 -132.65146957 -132.63738323 -132.43954632 -132.43871151 -132.4383072  -132.43780168 -132.38882925 -132.38743759 -132.30197411 -132.30197258 -132.18914941 -132.15717118 -132.14103286 -132.09109988 -132.07075568 -132.04807954 -132.01327233 -131.99825942 -131.75694587 -131.74636056 -131.74499502 -131.74499242 -131.57335653 -131.57334302 -131.5183123  -131.5126168 -131.50693913 -131.49556402 -131.47936783 -131.46789959 -131.18949326] 
30:[-135.57412518 -135.33044232 -135.32580952 -135.29180729 -135.278594 -135.27631406 -135.25078882 -135.23603614 -135.23401384 -135.22670884 -135.22077256 -135.18534764 -135.16267426 -135.16211017 -135.1620153 -135.15949036 -135.1577383  -135.1549638  -135.15274833 -135.14849732 -135.14586438 -135.14299416 -135.14153054 -135.1337772  -135.12732617 -135.11936986 -135.119217   -135.09615393 -135.08671254 -135.06735611 -135.0611174  -135.05247202 -135.05198904 -135.04092551 -134.97433891 -134.96800818 -134.84675546 -134.84433754 -134.80893237 -134.80319881 -134.70149289 -134.70128222 -134.35129028 -134.24780043 -132.8529207 ] 
31:[-889.17980498 -889.10973868 -889.10695287 -889.10691285 -889.10384238 -889.09867496 -889.09647735 -889.09452593 -889.08891053 -889.08858027 -889.08711758 -889.08593558 -889.08357527 -889.07557296 -889.07218172 -889.07199248 -889.06914389 -889.06725247 -889.06628008 -889.06031926 -889.05673152 -889.05227273 -889.05130118 -889.05116366 -889.04873075 -889.04694621 -889.04190708 -889.03901884 -889.03898237 -889.0171703 -889.01421119 -889.01420185 -889.01156078 -889.01044981 -889.00997403 -888.99893836 -888.96738678 -888.66364678 -888.58415787 -888.57044275 -888.57029848 -888.54614631 -888.3001362  -888.28048665 -888.20934241] 
32:[-665.1355682  -665.13537273 -665.13075636 -665.12694207 -665.08888982 -665.08873619 -665.08543828 -665.08529159 -665.08418669 -665.08388268 -665.07640108 -665.07639815 -665.07386893 -665.05451355 -665.0531295 -665.04894245 -665.04753422 -665.02403081 -665.02335172 -665.02239693 -665.02231    -665.02166872 -665.0157688  -664.99891452 -664.9830132 -664.97226199 -664.94359412 -664.93698694 -664.9337355  -664.93359073 -664.90330899 -664.87922845 -664.87894357 -664.8280484  -664.82531717 -664.81958584 -664.75506371 -664.71718935 -664.42504132 -664.4010936 -664.21135613 -664.21103174 -664.16329064 -664.06636575 -663.24031434] 
33:[-133.7759752  -133.77508988 -133.77503453 -133.77495226 -133.77484606 -133.77426244 -133.7739038  -133.7736928  -133.76758933 -133.76588432 -133.76285652 -133.76096023 -133.76016937 -133.75785158 -133.751408 -133.75139444 -133.75139414 -133.75103511 -133.75075559 -133.75051772 -133.75048798 -133.75002079 -133.74910272 -133.74653023 -133.74536582 -133.74411785 -133.73786218 -133.73617835 -133.71061696 -133.70337903 -133.69640071 -133.69166781 -133.68833357 -133.681573   -133.680336 -133.60811214 -133.48721823 -133.47675831 -133.47013173 -133.46176382 -133.45889385 -133.32952138 -132.9640557  -132.96313661 -132.95769024] 
34:[-315.85650952 -315.85637836 -315.84345937 -315.83548359 -315.83405057 -315.7930602  -315.74758929 -315.74669428 -315.73836108 -315.73764912 -315.73511936 -315.73350119 -315.73082338 -315.73053313 -315.72991509 -315.72437646 -315.72276324 -315.69887564 -315.69832399 -315.69701675 -315.67808171 -315.63163813 -315.63138132 -315.6284577  -315.53405929 -315.53381352 -315.50116773 -315.35738833 -315.28681829 -315.28235421 -315.27611267 -315.27077426 -315.26976749 -315.2485471  -315.16041435 -315.10569979 -315.07483368 -315.05548237 -315.03924065 -314.62051624 -314.56130385 -314.46137336 -314.45639159 -314.31479338 -312.84712092] 
35:[-138.37464009 -138.36873623 -138.36778837 -138.35429729 -138.35413518 -138.35380943 -138.35329915 -138.35243156 -138.34878788 -138.34178366 -138.33532115 -138.32907616 -138.28729313 -138.28255455 -138.28218209 -138.26440868 -138.2638788  -138.26243996 -138.25911668 -138.25496225 -138.25495786 -138.25467779 -138.25065702 -138.23835552 -138.23832876 -138.19535772 -138.15844847 -138.14451704 -138.09933584 -138.05766793 -138.0564251  -138.03523298 -138.03149437 -138.03053732 -138.01841304 -138.0146726  -138.0142866  -137.95973803 -137.87073358 -137.8279383 -137.74375806 -137.73743559 -137.4990187  -137.08729728 -135.9283734 ] 
36:[-228.64860998 -228.64757383 -228.48318    -228.4565445  -228.45529515 -228.45522833 -228.45419463 -228.40422575 -228.40412664 -228.40409351 -228.40385686 -228.39802945 -228.37231624 -228.36771429 -228.31637905 -228.31634524 -228.31618355 -228.30589318 -228.30151136 -228.28473449 -228.28467608 -228.28456996 -228.28452872 -228.27567485 -228.27205859 -228.24287106 -228.24273498 -228.2416168  -228.17380883 -228.12641771 -228.02241096 -228.022024   -228.02182588 -227.96211919 -227.96044522 -227.57823241 -227.57802567 -227.57694929 -227.41242617 -227.38743516 -227.34957514 -227.14854193 -227.07129616 -227.07087357 -226.74873866] 
37:[-352.61898567 -352.61657204 -352.61632203 -352.61232384 -352.55649835 -352.55646005 -352.55643491 -352.55463798 -352.55386873 -352.55221833 -352.54603599 -352.52551465 -352.4734995  -352.47305947 -352.47172394 -352.46742928 -352.42899006 -352.40553471 -352.4053925  -352.40067317 -352.39044928 -352.38801424 -352.34856462 -352.3481158  -352.34808055 -352.34574898 -352.34486598 -352.32444046 -352.26588182 -352.26060075 -352.2593093  -352.23060172 -352.22144622 -352.16104771 -352.15081182 -352.10392799 -352.09792461 -352.09138328 -352.0858013  -352.08483093 -352.07035654 -351.68230452 -351.4584036  -351.45738156 -351.45480805] 
38:[-133.67040991 -133.66768769 -133.57012818 -133.56970083 -133.56754025 -133.56503977 -133.50632045 -133.50110343 -133.50110166 -133.49510459 -133.47785411 -133.19854861 -133.19120956 -133.17284642 -133.15079879 -133.10008014 -133.09964651 -133.01787266 -132.99166804 -132.91882238 -132.91843825 -132.88702429 -132.87183604 -132.8693988  -132.86611652 -132.86439709 -132.83757041 -132.72440127 -132.72387431 -132.72317208 -132.58047783 -132.567972   -132.55955886 -132.42008187 -132.35955063 -132.34970204 -132.0000489  -131.79821068 -131.78436421 -131.78436416 -131.59960771 -131.56402089 -130.82163847 -130.82121401 -130.81122196] 
39:[-710.79304119 -710.76020341 -710.75970195 -710.7565593  -710.69125271 -710.68860947 -710.68778659 -710.68648948 -710.66310773 -710.61277728 -710.50630897 -710.45741631 -710.22457576 -710.2225748  -710.22243413 -710.22170512 -710.19307519 -710.18286629 -710.15089081 -710.14027785 -710.08371229 -710.08061217 -710.07529506 -710.07340069 -710.01912795 -709.9370625  -709.92478507 -709.91776083 -709.91718318 -709.90337384 -709.89996335 -709.83058402 -709.82777147 -709.72179738 -709.59175054 -709.48566103 -709.48113924 -709.38656318 -709.38296085 -709.27754501 -709.15879006 -709.1571182  -709.05234309 -708.37305031 -707.2360232 ] 
40:[-133.67040991 -133.66768769 -133.57012818 -133.56970083 -133.56754025 -133.56503977 -133.50632045 -133.50110343 -133.50110166 -133.49510459 -133.47785411 -133.19854861 -133.19120956 -133.17284642 -133.15079879 -133.10008014 -133.09964651 -133.01787266 -132.99166804 -132.91882238 -132.91843825 -132.88702429 -132.87183604 -132.8693988  -132.86611652 -132.86439709 -132.83757041 -132.72440127 -132.72387431 -132.72317208 -132.58047783 -132.567972   -132.55955886 -132.42008187 -132.35955063 -132.34970204 -132.0000489  -131.79821068 -131.78436421 -131.78436416 -131.59960771 -131.56402089 -130.82163847 -130.82121401 -130.81122196] 
41:[-1221.37171772 -1221.36968447 -1221.30658757 -1221.30624875 -1221.30317623 -1221.30095294 -1221.30074708 -1221.29797166 -1221.29643399 -1221.27404578 -1221.22968843 -1221.21121491 -1221.18054644 -1221.06628162 -1221.05935566 -1221.05754025 -1221.05585376 -1220.99900508 -1220.97218394 -1220.97086228 -1220.96724636 -1220.93990011 -1220.91637007 -1220.88040216 -1220.88022823 -1220.82619031 -1220.81197805 -1220.77605525 -1220.76563392 -1220.76509451 -1220.72546063 -1220.68051396 -1220.57168878 -1220.52845708 -1220.52122611 -1220.48930984 -1220.40630263 -1220.35174648 -1220.34952966 -1220.34438459 -1220.33275901 -1220.072892   -1220.07283189 -1220.05766228 -1219.25431058] 
42:[-1049.44802588 -1049.44563687 -1049.44540613 -1049.43996135 -1049.4097475  -1049.3896073  -1049.38879484 -1049.34007462 -1049.3399151  -1049.33925909 -1049.33721362 -1049.33578933 -1049.32605028 -1049.31418021 -1049.30803076 -1049.30762969 -1049.30517504 -1049.27206507 -1049.26676172 -1049.20876276 -1049.20354346 -1049.187073   -1049.18303155 -1049.10901985 -1049.10504727 -1049.09974471 -1049.09663859 -1049.09639503 -1049.09201558 -1049.02351775 -1048.96335515 -1048.91247063 -1048.91170561 -1048.89239082 -1048.87251076 -1048.85578149 -1048.82119625 -1048.76336471 -1048.65538904 -1048.62985343 -1048.62317164 -1048.61530819 -1048.53775436 -1048.34318038 -1047.96673   ] 
43:[-315.85650952 -315.85637836 -315.84345937 -315.83548359 -315.83405057 -315.7930602  -315.74758929 -315.74669428 -315.73836108 -315.73764912 -315.73511936 -315.73350119 -315.73082338 -315.73053313 -315.72991509 -315.72437646 -315.72276324 -315.69887564 -315.69832399 -315.69701675 -315.67808171 -315.63163813 -315.63138132 -315.6284577  -315.53405929 -315.53381352 -315.50116773 -315.35738833 -315.28681829 -315.28235421 -315.27611267 -315.27077426 -315.26976749 -315.2485471  -315.16041435 -315.10569979 -315.07483368 -315.05548237 -315.03924065 -314.62051624 -314.56130385 -314.46137336 -314.45639159 -314.31479338 -312.84712092] 
44:[-734.93418255 -734.72764917 -734.72674359 -734.69495711 -734.62102854 -734.6056444  -734.60440062 -734.60237603 -734.59992718 -734.58248589 -734.58126249 -734.55833374 -734.48249974 -734.4528559  -734.43129126 -734.42467414 -734.42301652 -734.41427742 -734.38824711 -734.33420949 -734.29632276 -734.29558928 -734.28725292 -734.28142998 -734.28034389 -734.27256891 -734.25427488 -734.25193347 -734.24720972 -734.2468569 -734.22598876 -734.22504063 -734.15113817 -734.14448108 -734.13754317 -734.0937462  -734.09329349 -734.0150706  -733.76822644 -733.69640603 -733.66077048 -733.65857417 -733.62673094 -733.6166057  -732.25943994] 
RANKING VECTORS IDX
0:[38. 37. 28.  3.  5. 41. 42.  0. 32. 14. 44. 15.  1. 21. 34. 29. 25. 39. 22. 19. 35. 27. 12. 43. 33. 11. 10. 30.  2. 18. 31.  6. 40.  9. 13. 26. 23. 36. 16. 17.  4.  7. 24.  8. 20.] 
1:[29. 25.  1. 34. 21. 22. 27. 43. 35.  9. 12. 15. 44. 14. 26. 32.  3. 42. 39. 28. 17. 41.  5.  6. 13.  4. 37. 23. 31. 33. 40. 38. 18. 19.  2. 10. 30. 11.  8. 24.  7.  0. 16. 36. 20.] 
2:[ 2. 30. 21. 29. 10. 11. 25. 34. 13. 26.  1. 17.  8. 24.  4.  6. 23. 31. 40. 33. 37. 38.  5. 41. 18. 22. 32. 28.  0.  3. 19. 39. 20. 14. 15. 44. 16. 36. 27. 12.  9. 35. 43.  7. 42.] 
3:[ 9. 43. 12. 35. 27. 22. 32.  3. 42. 28. 26. 14. 15. 44. 19.  1. 17. 34. 10.  2. 39. 31. 33. 38. 40. 37.  6. 23.  5. 41.  4.  0. 16. 36. 18. 11. 30. 24.  8. 29. 21. 25. 13.  7. 20.] 
4:[ 4. 44. 15. 14. 39. 17. 34.  1. 25. 37. 38.  5. 41.  0. 19. 10. 28. 32.  3. 42.  2. 18.  6. 30. 11. 26. 36. 16. 13. 40. 33. 23. 12. 43. 31. 27.  7. 24. 22.  9. 35.  8. 29. 21. 20.] 
5:[38. 37.  5. 41. 26. 40. 27. 33. 43. 23. 31. 12. 30. 11. 21.  7.  4. 32. 28.  3. 42. 24.  8. 15. 44. 14.  6. 18. 39. 17. 13.  2. 10. 19. 16.  0. 36. 25. 20.  1. 34. 22.  9. 35. 29.] 
6:[ 6. 18. 11.  7. 20. 40. 33. 23. 30. 27. 26. 31.  8. 24.  2. 10.  4. 16. 36.  0. 43. 19.  5. 12. 41. 34. 25. 14. 15. 44. 38. 17. 28. 42. 32.  3.  1. 21. 29. 39. 37. 13. 22. 35.  9.] 
7:[28.  3. 42. 32. 39. 37. 38. 31. 33. 23.  5. 40. 41. 15. 44. 14.  6.  4. 18. 30. 11. 10.  7. 36.  0. 16.  1. 34. 21. 26. 13.  8. 24. 43. 29. 27. 17. 12. 25. 35. 22. 19.  9. 20.  2.] 
8:[24.  8. 29. 21. 17. 26. 23. 40. 33. 31.  2.  1. 25. 34. 10.  5. 41. 22.  6. 15. 18.  0.  4.  3. 39. 11. 37. 38. 19. 30. 32. 16. 14. 44. 36. 43. 35. 27. 12.  9. 28. 42. 13.  7. 20.] 
9:[ 1. 34. 35. 27. 22. 43.  9. 12. 25. 31. 23. 40. 33. 38. 37. 41.  5.  4. 13. 42. 28. 32.  3.  8. 24. 39. 26. 15. 14. 44. 11. 30. 19. 29. 17. 10. 18.  6. 21.  0. 16. 36.  7.  2. 20.] 
10:[ 2. 10. 13. 26. 30. 11. 37. 38. 25. 34.  1. 21. 29.  6. 23. 31. 40. 33. 32. 12. 27.  3. 28.  4. 19. 41.  5. 39.  8. 24.  0. 18. 44. 15. 14. 22.  9. 35. 17. 43. 42. 36.  7. 16. 20.] 
11:[12. 23. 27. 37. 33. 31. 38. 40. 29. 25. 11. 30.  1.  4.  5. 41. 18. 43.  6. 14. 44. 26. 15.  3. 32. 42. 34. 28.  7. 19. 39. 36. 16. 13.  0. 17. 24. 10. 21.  2.  8. 20.  9. 35. 22.] 
12:[31. 38. 40. 25. 33. 23. 43. 27.  5. 41. 12. 22.  9. 32.  3. 35. 13. 42. 28. 37.  8. 34.  1.  4. 24. 39. 15. 14. 29. 26.  2. 10. 44. 17. 30. 19. 11. 18. 21.  0. 36. 16.  6.  7. 20.] 
13:[25. 21. 17. 38. 13. 37. 29.  6. 15. 44. 14. 41. 24.  8. 33.  5. 31. 20. 40. 23. 11. 30.  7. 43. 12. 27. 26. 42. 28. 32. 10.  3.  4. 18. 34.  1. 19. 39. 36.  0. 16. 35. 22.  9.  2.] 
14:[14. 15. 44. 41. 42. 28.  3.  5. 32. 38. 25. 37. 31. 40. 33. 23. 21. 43. 12. 27. 26. 19.  0. 36. 13. 16. 34. 39.  1.  4.  6. 18. 24. 29.  8. 22. 35.  9. 30.  2. 11. 10.  7. 17. 20.] 
15:[ 3. 32. 42. 28.  5. 15. 31. 33. 41. 14. 43. 12. 27. 25.  1. 34. 44. 24.  8. 17. 37. 38. 13. 30. 11. 23. 40. 19. 26. 18.  4.  6. 29. 21. 22.  2. 10.  9. 35. 39.  0. 16. 36.  7. 20.] 
16:[13. 42. 28. 14. 15. 44. 41. 32. 23. 40. 31. 33.  3. 25. 37. 26. 39. 16.  5. 19. 27.  0. 12. 36. 43. 10. 34.  1. 24. 29. 18. 22. 35.  9. 30.  2. 38. 21. 11.  4.  6.  7.  8. 17. 20.] 
17:[17. 25. 26.  4. 34.  1. 13.  2. 10. 30. 11.  8. 24. 18. 20. 41.  5.  6. 19. 37. 38. 23. 43. 31. 40. 33. 12. 15. 44. 14.  7. 39. 21. 29.  0. 16. 36. 42. 28. 32.  3.  9. 27. 35. 22.] 
18:[32.  3. 12.  9. 35. 30. 22. 27. 43. 38. 44. 14. 33. 23. 40. 19.  6. 31. 18. 39. 11.  5. 37. 13.  4. 15.  1. 34. 28. 42. 41.  0. 25. 24.  8. 16. 29. 26. 10. 36. 17. 21.  2.  7. 20.] 
19:[19. 24.  8. 34. 21.  4. 44. 39. 15. 14. 25.  5. 17.  2. 10. 29. 13. 26. 11. 40. 23. 33.  1. 42. 31.  6. 32.  3. 37. 38.  0. 41. 28. 18. 30. 22. 27. 35. 43. 12.  9.  7. 20. 16. 36.] 
20:[20. 15. 14. 25. 10. 30. 11. 42. 39. 21. 29.  1. 26. 34. 41.  5. 13. 28. 32.  4. 19. 44. 31.  0. 27.  6.  3. 40. 33. 12. 43. 36. 17. 38. 37. 23. 24.  2. 16.  7.  8. 18. 35.  9. 22.] 
21:[29. 21. 26. 24.  8. 23. 31. 40. 33. 43. 12.  9. 27. 25. 35. 22.  1. 13. 17.  2. 10.  0. 41. 30. 11.  3. 32. 42. 18.  5. 39. 19. 37. 38.  6. 34. 15. 44. 14. 28.  4. 16. 36.  7. 20.] 
22:[35. 27. 12.  9. 33. 43. 31. 23. 22. 40.  2. 10. 26. 34.  1. 25. 17. 37. 38.  0. 13. 21. 29. 41. 15.  6. 19. 18. 14.  8. 24.  3. 39.  5. 32. 42.  4. 28. 30. 11. 44. 36. 16.  7. 20.] 
23:[41.  5.  3. 42. 32. 28. 37. 38. 40. 33. 23. 15. 14. 44. 31. 30. 11. 18.  6. 19. 12. 26. 34.  1.  4. 43. 39.  7. 16. 13. 27. 17. 36. 24.  0.  8. 25. 35.  9. 22. 29. 21.  2. 20. 10.] 
24:[ 5. 41.  8. 24. 38. 37. 23. 40. 31. 33. 27. 43. 12.  6. 18. 21.  1. 30. 11.  7.  4. 13. 17. 10.  2. 25. 26. 15. 14. 42. 32. 28.  3. 34. 44. 39. 19. 20.  0. 16. 36. 29.  9. 35. 22.] 
25:[41.  5. 25.  1. 13. 17. 33. 23. 38. 40. 31. 37. 24. 30. 11. 18.  8.  6.  4. 44. 14. 15. 28. 32. 42.  7.  2.  3. 20. 19. 10. 43. 12. 26. 39. 27. 34. 36. 16.  0. 29. 21. 35. 22.  9.] 
26:[26.  9. 12. 43. 35. 27. 22.  6. 40. 21. 29. 17. 13. 25.  1.  3. 32. 14. 44. 15. 42. 28. 18. 39. 34. 19.  5. 41. 31. 33.  0.  4. 36. 16. 23. 30. 11. 37.  2. 38. 10.  7.  8. 24. 20.] 
27:[41.  5. 12.  9. 43. 35. 22. 27. 25. 14. 15. 44.  1. 34. 13. 29. 21. 38. 33. 37. 31. 23. 40.  4. 24.  8. 28. 26. 32.  3. 10. 30. 11. 39. 17. 19. 42.  6. 18.  0. 16. 36.  7.  2. 20.] 
28:[41. 25. 28. 38. 23. 40. 33. 31. 34.  5. 12. 27. 43. 42.  3.  8. 24. 37. 35. 22.  9.  1. 32. 13. 21. 29.  4. 39. 17. 44. 14.  2. 26. 10. 19. 11. 30. 15. 18.  0. 16. 36.  6.  7. 20.] 
29:[ 2. 30. 21. 29. 10. 11. 25. 34. 13. 26.  1. 17.  8. 24.  4.  6. 23. 31. 40. 33. 37. 38.  5. 41. 18. 22. 32. 28.  0.  3. 19. 39. 20. 14. 15. 44. 16. 36. 27. 12.  9. 35. 43.  7. 42.] 
30:[13. 30. 11. 29. 10. 19. 26. 32. 27. 12.  3.  5. 43.  8. 24. 37. 41. 33. 38. 34. 40. 23. 42.  1. 21. 15. 44. 25. 31.  4. 22. 28. 35.  9. 17. 14. 18.  6. 39.  0. 16. 36.  2.  7. 20.] 
31:[17. 25. 41.  5. 23. 31. 28. 37. 33. 38. 42. 40.  3. 43. 12.  4. 27. 34.  1. 32. 13. 24.  8. 35. 22.  9. 29. 39. 21. 30. 15. 44. 14. 26. 11. 19. 10. 18.  0. 16. 36.  7.  6.  2. 20.] 
32:[ 3. 32. 28. 42. 43. 27. 35. 12.  9. 22. 41.  5. 19. 34.  1. 30. 11. 37. 23. 38. 31. 33. 40. 25. 26. 13. 17. 14. 15. 44.  4. 24.  8. 39. 29. 21. 18.  2.  6.  0. 16. 36. 10.  7. 20.] 
33:[12. 23. 27. 37. 33. 31. 38. 40. 29. 25. 11. 30.  1.  4.  5. 41. 18. 43.  6. 14. 44. 26. 15.  3. 32. 42. 34. 28.  7. 19. 39. 36. 16. 13.  0. 17. 24. 10. 21.  2.  8. 20.  9. 35. 22.] 
34:[34.  1. 12. 27. 43. 13. 31. 33. 23. 42. 38. 40. 37. 41. 32.  5.  3. 24.  8. 25. 28.  9. 22. 35. 29. 21.  4. 26. 15. 44. 10. 30. 19. 39. 14. 11.  2. 18. 17.  6.  0. 16. 36.  7. 20.] 
35:[27.  9. 43.  1. 34. 12. 22. 35. 39. 28. 42. 13. 37. 23. 40. 32. 38.  3. 31.  5. 41. 33. 14. 15. 44.  4. 25. 29. 26. 16. 36.  0.  6. 18.  2. 24.  8. 19. 10. 21. 11. 30. 17.  7. 20.] 
36:[37. 38. 17.  0. 16. 36.  4. 42. 32.  5.  3. 19. 26. 28. 25.  1. 29. 34. 21. 23. 33. 43. 12. 40. 27. 35.  9. 22.  2. 10. 14. 15. 44. 18.  6. 39. 30. 11. 31.  7. 41. 13. 24.  8. 20.] 
37:[38.  5. 41. 37. 33. 31. 23. 40. 12. 43. 27.  4. 42.  3. 32. 28. 17. 11. 30. 10. 39.  7. 44. 15. 14. 18.  6. 29. 21.  1. 25. 24. 13. 26. 34. 16. 19.  8. 36.  2.  0. 20.  9. 35. 22.] 
38:[38. 37. 23. 40. 33. 31. 12. 41.  5. 43. 27. 30.  4. 11.  7. 24.  8. 18.  6.  2. 10. 13. 28. 42. 32.  3. 17. 14. 44. 15. 25.  1. 29. 39. 20. 19. 26.  0. 16. 36. 21. 34. 35.  9. 22.] 
39:[39. 14. 44. 15.  3.  5. 41. 28. 19. 13.  4. 30.  1. 34. 25. 29.  0. 11. 18.  6. 40. 22. 23. 35. 32.  2. 10. 27. 43. 12.  9. 38. 37. 17. 26. 21. 42. 16. 36. 33.  8. 24. 31.  7. 20.] 
40:[38. 37. 23. 40. 33. 31. 12. 41.  5. 43. 27. 30.  4. 11.  7. 24.  8. 18.  6.  2. 10. 13. 28. 42. 32.  3. 17. 14. 44. 15. 25.  1. 29. 39. 20. 19. 26.  0. 16. 36. 21. 34. 35.  9. 22.] 
41:[41.  5. 23.  3. 42. 32. 31. 33. 40. 28. 38. 25. 37. 30. 24. 11.  8.  4. 15. 14. 44. 18. 17. 34.  1. 27. 43. 12.  2. 10. 26. 39. 19. 13. 29. 21.  6.  9. 35. 22.  7. 16. 36.  0. 20.] 
42:[28.  3. 42. 32. 39. 37. 38. 31. 33. 23.  5. 40. 41. 15. 44. 14.  6.  4. 18. 30. 11. 10.  7. 36.  0. 16.  1. 34. 21. 26. 13.  8. 24. 43. 29. 27. 17. 12. 25. 35. 22. 19.  9. 20.  2.] 
43:[34.  1. 12. 27. 43. 13. 31. 33. 23. 42. 38. 40. 37. 41. 32.  5.  3. 24.  8. 25. 28.  9. 22. 35. 29. 21.  4. 26. 15. 44. 10. 30. 19. 39. 14. 11.  2. 18. 17.  6.  0. 16. 36.  7. 20.] 
44:[44. 14. 15. 41. 28.  3. 32. 42. 21. 30. 10.  2.  5. 34. 39. 29. 19.  0. 11.  4.  1. 37. 27. 43. 12. 38. 33. 18.  6. 31. 23. 40. 35. 22.  9. 16. 36. 26. 24.  7. 25. 13. 17.  8. 20.] 
POSCARS
EA232   3.199  3.204  3.187 110.19 110.09 107.55 Sym.group:  139
1.0
   3.1991489999999998    0.0036560000000000    0.0126260000000000
  -0.9698230000000000    3.0540490000000000   -0.0125440000000000
  -1.1030340000000001   -1.4934120000000000    2.5898780000000001
F Na
2 1
direct
   0.8768170000000000    0.0427790000000000    0.1702140000000000 F
   0.3736020000000000    0.5464970000000000    0.1711170000000000 F
   0.6251940000000000    0.2946110000000000    0.6706640000000000 Na
EA159   3.005  4.958  3.003 90.33 60.33 90.06 Sym.group:  164
1.0
   3.0038040000000001    0.0794550000000000    0.0041180000000000
  -0.1361460000000000    4.9538320000000002    0.1546900000000000
   1.4845910000000000   -0.0581280000000000    2.6093030000000002
Li B
4 2
direct
   0.6598800000000000    0.3844180000000000    0.7470540000000000 Li
   0.9964850000000000    0.7966030000000000    0.0789650000000000 Li
   0.3181630000000000    0.5457200000000000    0.4170910000000000 Li
   0.6547670000000000    0.9579090000000000    0.7490030000000000 Li
   0.9988750000000000    0.2021890000000000    0.0762570000000000 B
   0.3157730000000000    0.1401380000000000    0.4197990000000000 B
EA145   5.959  2.427  2.427 89.86 78.32 78.32 Sym.group:  141
1.0
   5.9586899999999998   -0.0047310000000000   -0.0069140000000000
   0.4931810000000000    2.3764759999999998   -0.0035760000000000
   0.4939800000000000   -0.0929830000000000    2.3744980000000000
C B
4 2
direct
   0.9645359999999999    0.7461320000000000    0.6428100000000000 C
   0.6036820000000001    0.4260490000000000    0.3227530000000000 C
   0.1036820000000000    0.6751250000000000    0.0736340000000000 C
   0.4645370000000000    0.9952240000000000    0.3937210000000000 C
   0.2841100000000000    0.0862570000000000    0.9825610000000000 B
   0.7841080000000000    0.3350040000000000    0.7339070000000000 B
EA237   3.887  5.570  2.813 104.61 68.81 109.67 Sym.group:  139
1.0
   3.8763290000000001    0.2824430000000000    0.0174490000000000
  -2.2491409999999998    5.0888859999999996   -0.2544160000000000
   1.0216860000000001   -0.1942060000000000    2.6135809999999999
Li P
4 2
direct
   0.6371390000000000    0.1663920000000000    0.1451050000000000 Li
   0.6392030000000000    0.8320370000000000    0.4766910000000000 Li
   0.1392200000000000    0.3320580000000000    0.4766930000000000 Li
   0.1371560000000000    0.6664120000000000    0.1451070000000000 Li
   0.1381750000000000    0.9992300000000000    0.8109060000000000 P
   0.6381840000000000    0.4992190000000000    0.8108919999999999 P
EA106   4.663  3.763  2.732 89.99 89.90 112.24 Sym.group:  166
1.0
   4.6628059999999998   -0.0151620000000000   -0.0081960000000000
  -1.4129769999999999    3.4880059999999999    0.0017240000000000
   0.0096680000000000    0.0031580000000000    2.7321949999999999
N Al
4 2
direct
   0.3976640000000000    0.0397100000000000    0.2545230000000000 N
   0.8976790000000000    0.5396620000000000    0.7542400000000000 N
   0.2721460000000000    0.2984130000000000    0.2554230000000000 N
   0.7721260000000000    0.7984450000000000    0.7551320000000000 N
   0.8349040000000000    0.1690540000000000    0.2546890000000000 Al
   0.3349030000000000    0.6690630000000000    0.7549700000000000 Al
EA13    7.544  2.794  2.792 90.00 90.02 90.00 Sym.group:  129
1.0
   7.5438999999999998    0.0017130000000000    0.0141450000000000
  -0.0007090000000000    2.7940999999999998    0.0011440000000000
  -0.0061220000000000   -0.0013360000000000    2.7921149999999999
Mg O
4 2
direct
   0.1150030000000000    0.6727070000000001    0.7568270000000000 Mg
   0.8620230000000000    0.1729350000000000    0.2572060000000000 Mg
   0.3864570000000000    0.1727020000000000    0.2567360000000000 Mg
   0.6394220000000000    0.6729290000000000    0.7571720000000000 Mg
   0.1237130000000000    0.1726360000000000    0.2567290000000000 O
   0.3777490000000000    0.6726310000000000    0.7566780000000000 O
EA161   4.029  4.029  4.029 60.88 119.02 88.39 Sym.group:  121
1.0
   4.0285810000000000    0.0067750000000000   -0.0058240000000000
   0.1143420000000000    2.3087240000000002    3.2996979999999998
  -1.9477560000000000   -1.2144910000000000    3.3107470000000001
O P
4 2
direct
   0.4506330000000000    0.4879370000000000    0.8286440000000000 O
   0.7182460000000001    0.7898500000000001    0.3980780000000000 O
   0.1487870000000000    0.3565600000000000    0.2618520000000000 O
   0.0199300000000000    0.0547530000000000    0.8313720000000000 O
   0.3979100000000000    0.1087430000000000    0.8299640000000000 P
   0.7708280000000000    0.7357840000000000    0.8300070000000001 P
EA187   2.826  2.816  4.033 89.37 90.13 89.99 Sym.group:  123
1.0
   2.8258329999999998   -0.0044490000000000    0.0054870000000000
   0.0051190000000000    2.8160289999999999   -0.0114980000000000
  -0.0165440000000000    0.0605380000000000    4.0322370000000003
Na F
2 1
direct
   0.3344360000000000    0.9966530000000000    0.3285940000000000 Na
   0.8332349999999999    0.4949620000000000    0.8287280000000000 Na
   0.3330740000000000    0.9947589999999999    0.8285070000000000 F
EA21    2.407  2.410  3.489 89.78 90.16 60.05 Sym.group:  156
1.0
   2.4072070000000001    0.0102260000000000   -0.0268380000000000
   1.1941560000000000    2.0929920000000002   -0.0223170000000000
   0.0291860000000000    0.0358100000000000    3.4882339999999998
C Be
2 1
direct
   0.2261210000000000    0.5525810000000000    0.5941770000000000 C
   0.5578250000000000    0.8857450000000000    0.4413710000000000 C
   0.2232940000000000    0.5545949999999999    0.0873100000000000 Be
EA23    4.826  4.970  4.322 64.34 89.83 118.91 Sym.group:  191
1.0
   4.8244080000000000   -0.0773670000000000   -0.0893280000000000
  -2.3326259999999999    4.3884449999999999    0.0144290000000000
   0.1167360000000000    2.1696149999999998    3.7363390000000001
Na Al
4 2
direct
   0.1682030000000000    0.6630300000000000    0.6722270000000000 Na
   0.0018910000000000    0.3306540000000000    0.3384650000000000 Na
   0.5019760000000000    0.3304970000000000    0.3391620000000000 Na
   0.6682770000000000    0.6628039999999999    0.6729940000000000 Na
   0.0856370000000000    0.9968100000000000    0.0059390000000000 Al
   0.5855080000000000    0.9964810000000000    0.0058500000000000 Al
EA108   2.865  6.384  2.865 77.04 90.02 102.96 Sym.group:  141
1.0
   2.8651409999999999   -0.0140380000000000    0.0102970000000000
  -1.4012990000000001    6.2277870000000002    0.0105780000000000
  -0.0078370000000000    0.6522010000000000    2.7899259999999999
B S
4 2
direct
   0.7052840000000000    0.7688390000000001    0.2056640000000000 B
   0.0229090000000000    0.4040580000000000    0.8877950000000000 B
   0.9548870000000000    0.2688600000000000    0.4551430000000000 B
   0.2726950000000000    0.9040820000000001    0.1370120000000000 B
   0.6139720000000000    0.5864460000000000    0.7967590000000000 S
   0.3638460000000000    0.0864740000000000    0.5459480000000000 S
EA4     3.296  4.024  3.296 65.85 90.02 65.90 Sym.group:  141
1.0
   3.2959679999999998    0.0185800000000000   -0.0063580000000000
   1.6226280000000000    3.6818979999999999    0.0319420000000000
  -0.0035490000000000    1.4496860000000000    2.9604219999999999
Li H
4 2
direct
   0.6219140000000000    0.7399070000000000    0.8894550000000000 Li
   0.3527640000000000    0.2831200000000000    0.1175150000000000 Li
   0.8737030000000000    0.2399410000000000    0.6389480000000000 Li
   0.1011800000000000    0.7830830000000000    0.3681000000000000 Li
   0.1108790000000000    0.7615320000000000    0.8790090000000000 H
   0.8642430000000000    0.2615140000000000    0.1279720000000000 H
EA39    4.188  4.188  2.465 90.00 90.00 119.99 Sym.group:  164
1.0
   4.1873459999999998   -0.0735090000000000    0.0372440000000000
  -2.0293350000000001    3.6638690000000000   -0.0106340000000000
  -0.0220450000000000   -0.0048510000000000    2.4646110000000001
Al Mg
2 1
direct
   0.1512130000000000    0.0379630000000000    0.9054210000000000 Al
   0.4849510000000000    0.7045840000000000    0.5940380000000000 Al
   0.8181560000000000    0.3713890000000000    0.2504430000000000 Mg
EA333   8.079  2.072  2.054 119.70 89.64 97.35 Sym.group:  166
1.0
   7.8278400000000001   -1.0398710000000000   -1.7085140000000001
   0.0032390000000000    2.0724040000000001    0.0077980000000000
   0.2616510000000000   -1.0247809999999999    1.7609720000000000
Be H
4 2
direct
   0.0186730000000000    0.4754430000000000    0.6049830000000000 Be
   0.6031260000000001    0.2078130000000000    0.4719820000000000 Be
   0.2293400000000000    0.2696450000000000    0.0026470000000000 Be
   0.8137900000000000    0.0000040000000000    0.8692130000000000 Be
   0.4882500000000000    0.4577290000000000    0.0988800000000000 H
   0.3442040000000000    0.0216170000000000    0.3763610000000000 H
EA1     4.207  4.292  4.293 76.30 118.12 118.05 Sym.group:  140
1.0
   4.2061409999999997    0.0581750000000000    0.0642870000000000
  -2.0710540000000002    3.7589220000000001    0.0261960000000000
  -2.0814900000000001   -0.0120560000000000    3.7549709999999998
Al Be
4 2
direct
   0.4913470000000000    0.0015990000000000    0.3173720000000000 Al
   0.9915610000000000    0.3198040000000000    0.9990950000000000 Al
   0.6659389999999999    0.6802790000000000    0.9960450000000000 Al
   0.1660920000000000    0.9984980000000000    0.6776630000000000 Al
   0.0787070000000000    0.5031750000000000    0.4943260000000000 Be
   0.5788020000000000    0.4969260000000000    0.5008280000000001 Be
EA1     4.609  4.605  4.613 81.95 115.50 64.57 Sym.group:  140
1.0
   4.6087049999999996   -0.0009520000000000    0.0024770000000000
   1.9783750000000000    4.1581000000000001    0.0026510000000000
  -1.9877880000000001    1.6585820000000000    3.8181150000000001
Al P
4 2
direct
   0.4995570000000000    0.5818840000000000    0.2633290000000000 Al
   0.4995940000000000    0.2358550000000000    0.9059890000000000 Al
   0.8512700000000000    0.7324320000000000    0.7610730000000000 Al
   0.1479010000000000    0.0841680000000000    0.4093770000000000 Al
   0.9963220000000000    0.6602280000000000    0.3333340000000000 P
   0.0028990000000000    0.1569450000000000    0.8366150000000000 P
EA44    3.469  3.470  3.470 119.99 60.00 120.00 Sym.group:  225
1.0
   3.4694870000000000   -0.0028780000000000    0.0012850000000000
  -1.7321599999999999    3.0064050000000000   -0.0070530000000000
   1.7327619999999999   -0.9967580000000000    2.8358989999999999
Si Be
2 1
direct
   0.7492160000000000    0.2591080000000000    0.7515090000000000 Si
   0.2492550000000000    0.7591900000000000    0.2514450000000000 Si
   0.4991990000000000    0.5091010000000000    0.5014100000000000 Be
EA194   2.461  2.462  7.863 81.08 90.00 119.98 Sym.group:  160
1.0
   2.4611459999999998   -0.0028400000000000    0.0104920000000000
  -1.2275290000000001    2.1338620000000001    0.0062310000000000
  -0.0308620000000000    1.3659170000000000    7.7438330000000004
N B
4 2
direct
   0.3174410000000000    0.9532720000000000    0.9239570000000000 N
   0.2690000000000000    0.8566940000000000    0.0655210000000000 N
   0.5117000000000000    0.3369480000000000    0.3420030000000000 N
   0.7433060000000000    0.7984770000000000    0.6487760000000000 N
   0.8433659999999999    0.0000180000000000    0.3472970000000000 B
   0.4071740000000000    0.1260470000000000    0.6574230000000000 B
EA114   3.178  3.181  3.750 90.07 89.97 90.00 Sym.group:  115
1.0
   3.1784249999999998    0.0001100000000000   -0.0004880000000000
  -0.0000910000000000    3.1804739999999998   -0.0135390000000000
   0.0025010000000000    0.0114130000000000    3.7504200000000001
P Mg
2 1
direct
   0.5069660000000000    0.0011280000000000    0.5178739999999999 P
   0.0073600000000000    0.5011050000000000    0.4736420000000000 P
   0.0064640000000000    0.0005820000000000    0.9958070000000000 Mg
EA41    2.852  2.837  2.849 86.10 86.12 93.92 Sym.group:  160
1.0
   2.8520029999999998   -0.0015010000000000    0.0217260000000000
  -0.1924640000000000    2.8307199999999999   -0.0134330000000000
   0.1711230000000000    0.2194400000000000    2.8358140000000001
N O
2 1
direct
   0.1152700000000000    0.7649350000000000    0.0272890000000000 N
   0.8701680000000001    0.5211730000000000    0.2720110000000000 N
   0.6148169999999999    0.2663370000000000    0.5271880000000000 O
EA39    3.469  3.452  3.449 89.98 90.02 90.05 Sym.group:  224
1.0
   3.4685589999999999    0.0170140000000000    0.0090690000000000
  -0.0197140000000000    3.4517449999999998   -0.0015360000000000
  -0.0102770000000000    0.0028630000000000    3.4491070000000001
H S
4 2
direct
   0.4984280000000000    0.0047170000000000    0.0021610000000000 H
   0.0097970000000000    0.4906150000000000    0.9968230000000000 H
   0.9883110000000001    0.9979440000000001    0.5040350000000000 H
   0.4995720000000000    0.5118690000000000    0.4957120000000000 H
   0.2493610000000000    0.2497720000000000    0.2526540000000000 S
   0.7488380000000000    0.7497630000000000    0.7531140000000000 S
EA117   2.441  6.940  2.439 89.93 60.03 89.99 Sym.group:  164
1.0
   2.4405880000000000   -0.0032440000000000    0.0317050000000000
   0.0102660000000000    6.9404120000000002   -0.0051650000000000
   1.1909360000000000    0.0028260000000000    2.1287370000000001
C F
4 2
direct
   0.0209080000000000    0.8044960000000000    0.7718980000000000 C
   0.6883740000000000    0.0914460000000000    0.4366490000000000 C
   0.3551190000000000    0.1622560000000000    0.1031540000000000 C
   0.6877950000000000    0.8753150000000000    0.4382620000000000 C
   0.3542960000000000    0.3551080000000000    0.1038270000000000 F
   0.0194920000000000    0.6116549999999999    0.7733680000000001 F
EA171   3.022  2.844  2.844 60.17 90.06 89.65 Sym.group:  191
1.0
   2.2411759999999998   -0.8250630000000000    1.8512329999999999
   0.9712010000000000    2.6730489999999998    0.0442100000000000
  -0.9564870000000000    1.8202890000000000    1.9642290000000000
B Al
2 1
direct
   0.8287380000000000    0.3307850000000000    0.7243410000000000 B
   0.8287300000000000    0.6647180000000000    0.0583240000000000 B
   0.3287310000000000    0.9976900000000000    0.3914120000000000 Al
EA42    3.127  3.125  4.830 89.97 89.94 60.04 Sym.group:  164
1.0
   1.5659959999999999    2.7062970000000002   -0.0016600000000000
  -1.5618390000000000    2.7071790000000000   -0.0015190000000000
   0.0023860000000000    0.0070330000000000    4.8304400000000003
Mg S
2 1
direct
   0.6734869999999999    0.3313350000000000    0.8707940000000000 Mg
   0.3397780000000000    0.9979100000000000    0.4565910000000000 Mg
   0.0067440000000000    0.6645890000000000    0.1636390000000000 S
EA120   3.780  2.415  2.416 60.02 89.95 89.96 Sym.group:  156
1.0
   3.7801680000000002   -0.0048080000000000    0.0097010000000000
   0.0045870000000000    2.4149929999999999   -0.0060700000000000
  -0.0018750000000000    1.2122590000000000    2.0894080000000002
Be O
2 1
direct
   0.2547660000000000    0.0867840000000000    0.1593570000000000 Be
   0.6817360000000000    0.4191790000000000    0.4931180000000000 Be
   0.0896110000000000    0.4202190000000000    0.4931610000000000 O
EA245   2.756  2.760  9.889 89.42 89.55 60.44 Sym.group:  164
1.0
   2.7560820000000001    0.0319560000000000   -0.0118030000000000
   1.3335140000000001    2.4164479999999999   -0.0159130000000000
   0.1186720000000000    0.1132730000000000    9.8880549999999996
Mg F
4 2
direct
   0.6586740000000000    0.6653770000000000    0.9846890000000000 Mg
   0.3263440000000000    0.3332300000000000    0.7689450000000000 Mg
   0.9926350000000000    0.9988410000000000    0.1984740000000000 Mg
   0.9947490000000000    0.0000650000000000    0.5550610000000000 Mg
   0.6612960000000000    0.6669730000000000    0.4581970000000000 F
   0.3259590000000000    0.3318840000000000    0.2953680000000000 F
EA107   3.205  3.257  4.608 89.89 110.35 119.47 Sym.group:  166
1.0
   3.2049840000000001   -0.0005470000000000   -0.0017900000000000
  -1.6016349999999999    2.8354800000000000    0.0404360000000000
  -1.6001369999999999   -0.9534950000000000    4.2147930000000002
Li C
4 2
direct
   0.1024880000000000    0.9533090000000000    0.5706230000000000 Li
   0.7663770000000000    0.7883450000000000    0.0633690000000000 Li
   0.2408380000000000    0.5250580000000000    0.2755330000000000 Li
   0.9047050000000000    0.3600940000000000    0.7682610000000000 Li
   0.3992800000000000    0.1088070000000000    0.0087000000000000 C
   0.6079080000000000    0.2045960000000000    0.3301760000000000 C
EA26    4.230  4.233  2.093 90.10 90.07 60.03 Sym.group:  164
1.0
   4.2298330000000002   -0.0004340000000000    0.0018640000000000
   2.1148889999999998    3.6665070000000002    0.0023410000000000
  -0.0034870000000000   -0.0036120000000000    2.0927180000000001
Na Be
2 1
direct
   0.9995640000000000    0.3335670000000000    0.1344610000000000 Na
   0.6662490000000000    0.0002510000000000    0.2147930000000000 Na
   0.3329810000000000    0.6669119999999999    0.6838440000000000 Be
EA109   3.530  3.628  6.249 90.01 73.84 90.00 Sym.group:  139
1.0
   3.5281129999999998   -0.0009740000000000   -0.1197560000000000
   0.0011450000000000    3.6279200000000000    0.0017790000000000
   1.9421860000000000   -0.0040730000000000    5.9393440000000002
Al Na
4 2
direct
   0.0117500000000000    0.4981200000000000    0.1499670000000000 Al
   0.5117510000000000    0.9981190000000000    0.1499680000000000 Al
   0.1610270000000000    0.9979960000000000    0.8489030000000000 Al
   0.6610250000000000    0.4979970000000000    0.8489030000000000 Al
   0.3360230000000000    0.4984780000000000    0.4994460000000000 Na
   0.8360300000000001    0.9984820000000000    0.4994530000000000 Na
EA133   6.525  2.430  2.430 119.90 89.91 90.07 Sym.group:  164
1.0
   6.5212760000000003    0.1361610000000000   -0.1691890000000000
  -0.0555420000000000    2.4279700000000002   -0.0713110000000000
   0.0832380000000000   -1.1476599999999999    2.1406049999999999
C B
4 2
direct
   0.0575180000000000    0.1685500000000000    0.0687550000000000 C
   0.8270000000000000    0.1679550000000000    0.0699420000000000 C
   0.1337590000000000    0.8348010000000000    0.4027020000000000 C
   0.7507580000000000    0.5017210000000000    0.7360100000000001 C
   0.3680180000000000    0.8350780000000000    0.4025920000000000 B
   0.5165000000000000    0.5017130000000000    0.7364620000000000 B
EA106   4.415  4.414  4.701 117.97 117.99 90.01 Sym.group:  141
1.0
   4.4145009999999996    0.0022120000000000    0.0030450000000000
  -0.0027590000000000    4.4144530000000000    0.0072210000000000
  -2.2077840000000002   -2.2116579999999999    3.5116510000000001
Si P
4 2
direct
   0.7500920000000000    0.7541580000000000    0.3414340000000000 Si
   0.1603350000000000    0.6639090000000000    0.1617590000000000 Si
   0.4998990000000000    0.0039160000000000    0.8413160000000000 Si
   0.4103150000000000    0.4143130000000000    0.6618690000000000 Si
   0.8302070000000000    0.3341850000000000    0.5015340000000000 P
   0.0800380000000000    0.0839050000000000    0.0016570000000000 P
EA144   2.588  2.565  6.125 90.29 90.44 61.58 Sym.group:  164
1.0
   2.5874169999999999    0.0593180000000000   -0.0063500000000000
   1.1688030000000000    2.2837239999999999   -0.0101980000000000
  -0.0326880000000000    0.0094320000000000    6.1245110000000000
Na Li
2 1
direct
   0.3270970000000000    0.9863110000000000    0.8235930000000000 Na
   0.9786980000000000    0.6498610000000000    0.1951210000000000 Na
   0.6544540000000000    0.3195020000000000    0.5093760000000001 Li
EA121   2.727  2.727  4.497 72.63 107.38 90.67 Sym.group:  139
1.0
   2.7272989999999999   -0.0087960000000000    0.0246410000000000
  -0.0229080000000000    2.7272449999999999   -0.0241560000000000
  -1.3754100000000000    1.3673850000000001    4.0576129999999999
Li Mg
2 1
direct
   0.7904340000000000    0.1142240000000000    0.5781220000000000 Li
   0.4322150000000000    0.4724260000000000    0.8532700000000000 Li
   0.1115440000000000    0.7930310000000000    0.2157290000000000 Mg
EA169   2.257  2.263  3.997 89.87 90.05 60.39 Sym.group:  164
1.0
   2.2572359999999998   -0.0215040000000000    0.0110190000000000
   1.1366350000000001    1.9566300000000001    0.0029910000000000
  -0.0226790000000000    0.0175530000000000    3.9967709999999999
Li H
2 1
direct
   0.3386260000000000    0.9968200000000000    0.5780540000000000 Li
   0.6717959999999999    0.3330950000000000    0.0749370000000000 Li
   0.0053550000000000    0.6648140000000000    0.8264540000000000 H
EA116   3.311  3.311  4.153 89.98 90.01 119.99 Sym.group:  164
1.0
   1.6556280000000001   -2.8674320000000000    0.0019370000000000
   1.6559390000000000    2.8677340000000000   -0.0004970000000000
  -0.0009050000000000    0.0027590000000000    4.1529460000000000
Be Li
4 2
direct
   0.2006970000000000    0.9753990000000000    0.9569040000000000 Be
   0.5340740000000000    0.6420120000000000    0.7620270000000000 Be
   0.2004020000000000    0.9746960000000000    0.4906720000000000 Be
   0.8673450000000000    0.3085620000000000    0.6855280000000000 Be
   0.8671250000000000    0.3083780000000000    0.1787130000000000 Li
   0.5336120000000000    0.6411520000000001    0.2688450000000000 Li
EA7     3.894  3.896  2.329 89.97 90.05 118.78 Sym.group:  191
1.0
   3.8935160000000000   -0.0205890000000000    0.0069580000000000
  -1.8576230000000000    3.4246089999999998   -0.0052370000000000
  -0.0060730000000000    0.0017520000000000    2.3293290000000000
Si Li
2 1
direct
   0.1654020000000000    0.1718740000000000    0.1499120000000000 Si
   0.5005440000000000    0.8365110000000000    0.1510130000000000 Si
   0.8330040000000000    0.5043600000000000    0.6502830000000001 Li
EA11    3.427  3.431  3.430 90.36 60.24 60.28 Sym.group:  225
1.0
   3.4266120000000000   -0.0317030000000000   -0.0424470000000000
   1.7281290000000000    2.9634230000000001   -0.0160090000000000
   1.7277460000000000   -1.0175829999999999    2.7829730000000001
Li S
2 1
direct
   0.4931640000000000    0.2465900000000000    0.7460900000000000 Li
   0.4935140000000000    0.7451000000000000    0.2467130000000000 Li
   0.9934809999999999    0.9956820000000000    0.9965830000000000 S
EA119   2.428  2.430  8.228 90.66 89.69 119.95 Sym.group:  164
1.0
   2.4275869999999999    0.0083930000000000    0.0036710000000000
  -1.2204649999999999    2.1016170000000001   -0.0004920000000000
   0.0318000000000000   -0.0888400000000000    8.2274510000000003
Li F
4 2
direct
   0.3402420000000000    0.6727370000000000    0.5363160000000000 Li
   0.6687000000000000    0.3199710000000000    0.7728030000000000 Li
   0.0023600000000000    0.0061590000000000    0.2998380000000000 Li
   0.3353360000000000    0.6627130000000000    0.0363190000000000 Li
   0.0020130000000000    0.9908480000000000    0.9037940000000000 F
   0.6687920000000001    0.3346540000000000    0.1688510000000000 F
EA106   2.721  8.415  2.722 90.00 60.00 90.00 Sym.group:  164
1.0
   2.7214619999999998   -0.0008370000000000    0.0005190000000000
   0.0026800000000000    8.4150690000000008   -0.0454450000000000
   1.3602520000000000    0.0124400000000000    2.3574600000000001
Al N
4 2
direct
   0.2385610000000000    0.0728040000000000    0.8357420000000000 Al
   0.2384240000000000    0.5728070000000000    0.8359070000000000 Al
   0.9051470000000000    0.8399500000000000    0.5026250000000000 Al
   0.5719030000000001    0.3056610000000000    0.1691090000000000 Al
   0.9051620000000000    0.4402660000000000    0.5024880000000000 N
   0.5717560000000000    0.7053490000000000    0.1693020000000000 N
EA119   2.503  2.508  3.672 90.06 90.09 90.31 Sym.group:  123
1.0
   2.5000599999999999    0.1120280000000000    0.0081620000000000
  -0.1259160000000000    2.5045850000000001    0.0049610000000000
  -0.0170730000000000   -0.0119300000000000    3.6721200000000001
O Na
2 1
direct
   0.0549750000000000    0.9411570000000000    0.9987670000000000 O
   0.0544740000000000    0.9405850000000000    0.3468100000000000 O
   0.5547620000000000    0.4406430000000000    0.6725710000000000 Na
EA5     4.237  2.716  2.716 120.00 89.99 90.01 Sym.group:  164
1.0
   4.2370510000000001    0.0071440000000000   -0.0012340000000000
  -0.0034130000000000    1.3620699999999999   -2.3501639999999999
  -0.0013460000000000    1.3544210000000001    2.3547419999999999
Al N
2 1
direct
   0.7287680000000000    0.1725380000000000    0.0096100000000000 Al
   0.2640330000000000    0.8393350000000001    0.3430010000000000 Al
   0.9964830000000000    0.5059780000000000    0.6765190000000000 N
EA98    2.876  9.751  2.869 90.00 89.93 89.99 Sym.group:  129
1.0
   2.8757359999999998   -0.0051450000000000   -0.0089930000000000
   0.0183610000000000    9.7506880000000002    0.0108220000000000
   0.0125810000000000   -0.0034380000000000    2.8693240000000002
Mg Cl
4 2
direct
   0.9208140000000000    0.2272890000000000    0.0734680000000000 Mg
   0.4206840000000000    0.4102300000000000    0.5721940000000000 Mg
   0.4200210000000000    0.7713280000000000    0.5733750000000000 Mg
   0.9203270000000000    0.5883860000000000    0.0721650000000000 Mg
   0.4207050000000000    0.1002610000000000    0.5742780000000000 Cl
   0.9201350000000000    0.8983690000000000    0.0741970000000000 Cl
EA158   3.539  5.121  3.456 90.01 89.96 70.96 Sym.group:  139
1.0
   3.5373690000000000    0.1068990000000000   -0.0073920000000000
   1.5233939999999999    4.8895549999999997    0.0013210000000000
   0.0100000000000000   -0.0044000000000000    3.4557630000000001
Na F
4 2
direct
   0.2037140000000000    0.2404590000000000    0.0741140000000000 Na
   0.4570020000000000    0.7556710000000000    0.5743930000000000 Na
   0.7038250000000000    0.2402140000000000    0.5741230000000000 Na
   0.9573600000000000    0.7551410000000000    0.0743960000000000 Na
   0.5805080000000000    0.4979010000000000    0.0742220000000000 F
   0.0805040000000000    0.4978530000000000    0.5742310000000000 F
EA84    3.390  3.390  3.956 90.01 90.00 119.99 Sym.group:  164
1.0
   1.6946820000000000    2.9355389999999999   -0.0000620000000000
  -3.3896190000000002    0.0002400000000000    0.0011050000000000
   0.0018080000000000   -0.0007270000000000    3.9561730000000002
Be Li
4 2
direct
   0.6656310000000000    0.9935990000000000    0.3973570000000000 Be
   0.9988980000000000    0.6603200000000000    0.1041650000000000 Be
   0.9987560000000000    0.6602180000000000    0.6041900000000000 Be
   0.6654670000000000    0.9934770000000001    0.8973670000000000 Be
   0.3322150000000000    0.3268100000000000    0.7505530000000000 Li
   0.3322910000000000    0.3269700000000000    0.2506140000000000 Li
EA114   4.592  4.592  4.593 112.99 103.96 111.60 Sym.group:  140
1.0
   1.9854660000000000   -2.0400689999999999   -3.6034530000000000
   1.0527960000000001    4.4648700000000003    0.2063320000000000
   1.5493820000000000   -2.3769640000000001    3.6113670000000000
S Mg
4 2
direct
   0.3662010000000000    0.0017410000000000    0.6406740000000000 S
   0.6421540000000000    0.0028670000000000    0.3673060000000000 S
   0.8678850000000000    0.7275370000000000    0.8650130000000000 S
   0.1404760000000000    0.2769550000000000    0.1427990000000000 S
   0.2553760000000000    0.5029320000000000    0.7553720000000000 Mg
   0.7532650000000000    0.5017200000000001    0.2526540000000000 Mg
