NUMBER OF TEMPLATES 22
COMPOSITION A 6 B
pairs , SPACEGROUPS 
[P Be] , 148 
[Mg B] , 123 
[P Mg] , 164 
[H Si] , 82 
[C Na] , 166 
[H O] , 80 
[Mg O] , 157 
[C P] , 166 
[Li Be] , 148 
[P Li] , 160 
[P F] , 129 
[Si Na] , 175 
[Be B] , 123 
[Na Li] , 148 
[Be F] , 139 
[O F] , 189 
[P Cl] , 166 
[Na Al] , 192 
[P H] , 123 
[Be C] , 129 
[Be Si] , 187 
[Li Mg] , 148 
RANKING VECTORS ENTHALPIES
0:[-211.73315183 -211.69468757 -211.68523599 -211.67029316 -211.65700613 -211.6528734  -211.56409007 -211.56253497 -211.56044942 -211.4542387 -211.45408546 -211.45287675 -211.41784129 -211.41754901 -211.41754094 -211.4128532  -211.40645817 -211.35497001 -211.30336304 -211.24750676 -211.11058182 -211.05530086] 
1:[-1391.32953005 -1391.32882986 -1391.32621349 -1391.20158712 -1391.1957281  -1391.1899004  -1391.18920559 -1391.18919603 -1391.18593998 -1391.17600561 -1391.14323322 -1391.13628664 -1391.03026072 -1390.96079058 -1390.9505188  -1390.80094833 -1390.74714365 -1390.7251369  -1390.65650094 -1390.46880432 -1390.19228852 -1390.01622903] 
2:[-388.03355393 -388.02241309 -388.01296112 -387.96679455 -387.9666289 -387.96352064 -387.9629706  -387.9565266  -387.9365225  -387.92373645 -387.92279093 -387.88775995 -387.87020804 -387.83964715 -387.79372441 -387.72588816 -387.70787429 -387.70445278 -387.68376797 -387.66582657 -387.51731913 -387.47885663] 
3:[-28.17037794 -28.13316279 -28.06507996 -28.05839865 -28.03587558 -28.01880761 -28.01843292 -28.009876   -28.0049662  -27.97366713 -27.97084825 -27.94414658 -27.89960881 -27.88397133 -27.85306587 -27.83469277 -27.81650562 -27.81166655 -27.73386535 -27.693322 -27.60575556 -27.55824901] 
4:[-315.51378462 -315.43239297 -315.37593533 -315.36025581 -315.35317496 -315.17134564 -315.14563275 -315.03369449 -315.03363894 -314.71318327 -314.476645   -313.97669577 -313.9676458  -313.64788477 -313.64150215 -313.6214163  -313.61985109 -313.5944786  -313.42275484 -313.39217439 -313.21956527 -312.96235541] 
5:[-76.59268229 -76.31770135 -76.27765222 -76.06790902 -76.05055785 -75.92495945 -75.89359582 -75.87901689 -75.86641824 -75.86463289 -75.86384656 -75.84281739 -75.83711403 -75.83259107 -75.82709586 -75.80672886 -75.80369981 -75.78658468 -75.78454205 -75.78079092 -75.68927999 -75.54937545] 
6:[-1444.84073249 -1444.83830478 -1444.83400896 -1444.82468564 -1444.78390379 -1444.56439511 -1444.56126568 -1444.51935068 -1444.51881354 -1444.46854564 -1444.46416766 -1444.40000791 -1444.37435611 -1444.3678462  -1444.2190949  -1444.19529529 -1443.96737965 -1443.76124717 -1443.61471323 -1443.60292283 -1443.41425977 -1442.87839389] 
7:[-165.04354268 -164.87752647 -164.81364091 -164.58940924 -164.51352089 -164.11593195 -163.98526304 -163.95153079 -163.36186123 -163.36183994 -163.36166988 -163.2768141  -163.26314484 -163.09255232 -163.01418694 -162.98636582 -162.84443174 -162.63943422 -162.61617025 -162.58275224 -162.24787446 -161.7755617 ] 
8:[-218.79408659 -218.79197189 -218.75407022 -218.75404155 -218.74847832 -218.74750313 -218.74064227 -218.73566567 -218.71241983 -218.68679817 -218.67878566 -218.67250461 -218.63964474 -218.63369434 -218.61301363 -218.59869051 -218.57567384 -218.45569752 -218.44689892 -218.44513451 -218.38865998 -218.29839676] 
9:[-185.52501508 -185.51473594 -185.50187812 -185.49653921 -185.46449112 -185.4462054  -185.44558375 -185.39444602 -185.3919157  -185.3776114 -185.37591143 -185.37555444 -185.37553768 -185.25886299 -185.21017195 -185.18003925 -185.17849702 -185.17006364 -185.14094311 -185.1217393 -185.05295401 -184.98072139] 
10:[-253.3823603  -253.35493421 -253.18842171 -253.17890404 -253.12047399 -253.11831905 -253.11262081 -253.00574578 -253.00176997 -252.97239207 -252.95807712 -252.95796485 -252.91768491 -252.9129733  -252.87473161 -252.82296368 -252.78549373 -252.72499919 -252.63890569 -252.63853476 -252.60359319 -252.56149909] 
11:[-272.04931051 -271.89909606 -271.85742686 -271.78724805 -271.78055412 -271.76818622 -271.75508524 -271.75508095 -271.74822044 -271.7430349 -271.65505197 -271.63838383 -271.63796451 -271.60734226 -271.57198411 -271.55809226 -271.52188084 -271.47648235 -271.47565984 -271.4672741 -271.40483861 -271.1893308 ] 
12:[-334.59747313 -334.5658886  -334.55802908 -334.46796068 -334.44356013 -334.42475657 -334.42471915 -334.41961668 -334.41159742 -334.39182075 -334.39057828 -334.38578875 -334.31526784 -334.30514322 -334.29493406 -334.26387592 -334.21835042 -334.07646492 -333.90131839 -333.72160942 -333.55671286 -333.20844793] 
13:[-1088.27744192 -1088.19091428 -1088.1898837  -1088.18980769 -1088.17163678 -1088.1309873  -1088.12417995 -1088.12125985 -1088.11387675 -1088.07239779 -1088.06047726 -1088.05294475 -1088.05192857 -1088.04896039 -1088.04624185 -1088.04434868 -1088.00660149 -1088.00613631 -1087.97470595 -1087.94750245 -1087.94715225 -1087.67483396] 
14:[-419.03524075 -418.8172034  -418.79728522 -418.77212586 -418.75869539 -418.7073788  -418.5620881  -418.48342951 -418.48325901 -418.4765452 -418.3788891  -418.36935852 -418.35903551 -418.35746117 -418.35745549 -418.35344999 -418.3196359  -418.31350576 -418.02116646 -417.89172509 -417.74144958 -417.33715049] 
15:[-476.36874416 -476.22390604 -476.20552844 -475.86964021 -475.86820164 -475.8660502  -475.79601478 -475.69115098 -475.5630142  -475.5435322 -475.46022207 -475.43039958 -475.42423234 -475.39264634 -475.38258638 -475.26968025 -475.244437   -475.22556611 -475.15526884 -475.1452246 -475.11450719 -475.06646013] 
16:[-220.88535637 -220.81261786 -220.80476674 -220.77524507 -220.73078082 -220.72629336 -220.65010634 -220.64601617 -220.62376175 -220.52458931 -220.52026292 -220.46584525 -220.45626768 -220.41388862 -220.36888935 -220.36845678 -220.34179511 -220.3323438  -220.32976017 -220.2908054 -220.16049426 -220.09697529] 
17:[-1069.12204558 -1069.11101439 -1069.11101265 -1069.09988798 -1069.09514673 -1069.0893953  -1069.07383527 -1069.06532323 -1069.03014983 -1069.02799563 -1069.01301475 -1069.00904395 -1068.9966065  -1068.91641175 -1068.91346526 -1068.87845111 -1068.83485582 -1068.72243587 -1068.65976372 -1068.64902131 -1068.62321177 -1068.58615646] 
18:[-159.96540166 -159.95657468 -159.88374936 -159.78193329 -159.78160051 -159.64969497 -159.64263438 -159.64180684 -159.63681833 -159.6179116 -159.61601278 -159.60041145 -159.58646572 -159.57602011 -159.55544535 -159.5551305  -159.53164869 -159.51563206 -159.5088619  -159.48162262 -159.434486   -159.05585218] 
19:[-346.60271994 -346.49695678 -346.47802319 -346.19207106 -346.18970858 -346.16978093 -346.1564563  -346.14813534 -346.13616349 -346.1171925 -346.11378641 -346.11355247 -346.10636983 -346.10377126 -346.07911377 -346.02003502 -345.98468003 -345.88601759 -345.87058281 -345.44932951 -345.25223204 -345.04184204] 
20:[-339.19017121 -339.0659651  -339.06388027 -339.04192751 -339.04185808 -339.04071788 -339.03944873 -339.03902934 -339.03562985 -339.02703459 -339.0250014  -339.01665902 -338.93567269 -338.91650108 -338.91239215 -338.89608065 -338.8807901  -338.80529896 -338.69003439 -338.49073383 -338.39622597 -337.87646139] 
21:[-395.11143424 -394.97207527 -394.96918025 -394.96503808 -394.95077974 -394.95075893 -394.93790514 -394.93119181 -394.91797429 -394.89815605 -394.89029281 -394.85075859 -394.8446999  -394.82952691 -394.82549014 -394.75187926 -394.73994495 -394.73856789 -394.73590301 -394.69117572 -394.64475878 -394.41500779] 
RANKING VECTORS IDX
0:[16.  0.  2.  9. 10. 18. 17. 11.  6.  1. 12. 15. 19. 21.  8. 13.  5.  7.  3.  4. 14. 20.] 
1:[12.  1. 19.  0.  2. 13.  8. 21. 16.  9.  6. 10.  3.  5. 17. 15. 11. 20. 14.  7. 18.  4.] 
2:[ 2.  9. 16. 21.  8.  0. 13. 17. 11.  3. 15. 10.  5. 18.  6. 19.  1. 12. 20.  4.  7. 14.] 
3:[ 3. 10.  9. 16. 15.  8. 21.  0. 13.  6.  5.  7. 14.  4. 20.  1. 12.  2. 11. 17. 19. 18.] 
4:[16.  6.  9.  4.  2.  7. 21. 13.  0.  8.  5.  3. 14. 11. 20. 17. 15. 10.  1. 19. 18. 12.] 
5:[ 5.  6. 14.  8.  9. 20. 11. 17.  2. 12. 16.  3. 13.  7. 21. 19. 15. 10. 18.  0.  4.  1.] 
6:[16. 10.  2.  9.  6. 13.  0. 21.  8.  1. 12. 19.  3. 15.  7.  5. 14. 17. 20. 11. 18.  4.] 
7:[ 2.  7.  9. 16.  6.  5.  0.  4. 21.  8. 13. 10. 11. 14.  3. 18. 15.  1. 20. 19. 17. 12.] 
8:[11. 17. 21.  8. 13.  0.  2.  7. 10.  9.  3. 20.  6.  5. 16. 18. 14. 15.  1. 12. 19.  4.] 
9:[17.  2. 11. 16.  9.  0. 10. 18.  3. 15. 13.  8. 21. 19.  4.  1.  5.  6. 12.  7. 20. 14.] 
10:[10. 18. 17. 11.  9.  0. 16.  4.  2. 14.  7. 15. 13.  8.  6.  5. 21.  3. 12.  1. 19. 20.] 
11:[ 9. 11. 17. 10.  2. 16.  8. 21. 13.  7. 20.  3. 14.  6.  0. 15.  5.  1. 12. 19. 18.  4.] 
12:[19.  1. 12.  6.  2.  8. 21. 13. 16. 17.  9.  0. 20.  5.  3.  7. 14. 10. 11. 15.  4. 18.] 
13:[ 9. 13. 21.  8. 17. 11. 16.  6.  2. 20.  3.  0. 14.  5. 10. 18. 12.  1. 19.  7. 15.  4.] 
14:[14.  9. 16. 10.  2.  6.  3.  1. 12. 19. 17.  5. 13.  8. 21.  0. 20.  7. 15. 11. 18.  4.] 
15:[15. 18. 11.  0. 13. 21.  7. 10.  4.  3.  5. 12.  1.  8. 17.  6. 14. 20. 16.  9.  2. 19.] 
16:[10. 16.  0.  9. 18.  2. 17.  7. 11.  4.  3.  5.  6. 15.  8. 21. 14. 13.  1. 19. 20. 12.] 
17:[17.  8. 21. 13.  2. 11. 20.  7. 16.  0.  9. 10.  3.  5.  6. 14. 18. 15.  1. 12. 19.  4.] 
18:[18. 10. 16.  5.  2. 15. 19.  3. 17. 12.  0.  1. 13. 11.  8. 21.  7.  9. 14.  6.  4. 20.] 
19:[19.  1. 12.  6.  9.  2. 10. 16.  0. 13.  8. 21.  7. 14.  3.  5. 17. 20. 15. 11.  4. 18.] 
20:[20.  2. 16. 21.  8.  9.  6. 13. 14.  1.  0. 19. 17. 12.  5. 10.  7.  3. 11. 15.  4. 18.] 
21:[16.  7.  3.  0.  8. 21. 13. 10. 20.  2.  5. 11. 17.  6.  9.  1. 12. 14. 19. 15. 18.  4.] 
POSCARS
EA243   3.800  4.963  4.963 66.28 104.79 75.21 Sym.group:  148
1.0
   3.8000379999999998   -0.0029700000000000   -0.0010090000000000
   1.2696719999999999    2.3983230000000000    4.1554110000000000
  -1.2674500000000000   -2.3984150000000000    4.1558609999999998
P Be
6 1
direct
   0.4602210000000000    0.2644040000000000    0.5882450000000000 P
   0.5483970000000000    0.7241300000000001    0.4209470000000000 P
   0.2784280000000000    0.8479770000000000    0.7344190000000000 P
   0.7301890000000000    0.1405740000000000    0.2747850000000000 P
   0.1319620000000000    0.4108650000000000    0.8582370000000000 P
   0.8766580000000000    0.5777110000000000    0.1509470000000000 P
   0.0043080000000000    0.9942960000000000    0.0045960000000000 Be
EA37    3.670  3.669  6.526 89.99 90.02 90.00 Sym.group:  123
1.0
   3.6698599999999999    0.0003280000000000    0.0065620000000000
  -0.0004280000000000    3.6690049999999998    0.0025830000000000
  -0.0134300000000000   -0.0033790000000000    6.5259549999999997
Mg B
6 1
direct
   0.6754130000000000    0.1035330000000000    0.9090000000000000 Mg
   0.6754480000000000    0.6029640000000001    0.2226420000000000 Mg
   0.1752260000000000    0.1041330000000000    0.5955200000000000 Mg
   0.6752770000000000    0.6043910000000000    0.5958620000000000 Mg
   0.1755010000000000    0.1033890000000000    0.2223130000000000 Mg
   0.1754130000000000    0.6035390000000000    0.9090279999999999 Mg
   0.1753760000000000    0.6039369999999999    0.4090780000000000 B
EA2     3.047  3.048 10.296 90.00 90.00 60.01 Sym.group:  164
1.0
   3.0470720000000000   -0.0010740000000000   -0.0035240000000000
   1.5244230000000001    2.6390630000000002   -0.0006400000000000
   0.0122250000000000   -0.0040000000000000   10.2957710000000002
P Mg
6 1
direct
   0.2378620000000000    0.9470690000000000    0.2962880000000000 P
   0.5712610000000000    0.2801520000000000    0.4367990000000000 P
   0.9045640000000000    0.6134920000000000    0.5651110000000000 P
   0.2379640000000000    0.9466490000000000    0.7056030000000000 P
   0.9047500000000001    0.6134200000000000    0.1664960000000000 P
   0.5712429999999999    0.2802890000000000    0.8353680000000000 P
   0.2383480000000000    0.9467600000000000    0.0009090000000000 Mg
EA122   2.901  3.538  3.533 80.43 65.80 65.80 Sym.group:   82
1.0
   2.9012500000000001    0.0066190000000000    0.0098710000000000
   1.4429650000000001    3.2304560000000002    0.0062650000000000
   1.4372680000000000   -0.0046790000000000    3.2275930000000002
H Si
6 1
direct
   0.7364710000000000    0.2399520000000000    0.9457250000000000 H
   0.1927920000000000    0.8495830000000000    0.0973090000000000 H
   0.8809890000000000    0.3831850000000000    0.3298100000000000 H
   0.4840280000000000    0.2317300000000000    0.9463180000000000 H
   0.9582550000000000    0.6206270000000000    0.7955690000000000 H
   0.4138770000000000    0.0854050000000000    0.5633030000000000 H
   0.3638180000000000    0.7344079999999999    0.4465040000000000 Si
EA42    4.188  4.188  4.190 119.95 90.02 120.00 Sym.group:  166
1.0
   0.0000490000000000    2.4233980000000002    3.4155840000000000
  -2.1066680000000000   -3.6196959999999998    0.0009380000000000
   4.1896079999999998   -0.0182370000000000    0.0114250000000000
C Na
6 1
direct
   0.0017090000000000    0.6728830000000000    0.0022250000000000 C
   0.6695230000000000    0.0053450000000000    0.0024910000000000 C
   0.3339810000000000    0.0051880000000000    0.0022820000000000 C
   0.0018140000000000    0.3376880000000000    0.0025880000000000 C
   0.3342520000000000    0.3379770000000000    0.0030090000000000 C
   0.6696210000000000    0.6732930000000000    0.0028550000000000 C
   0.5014780000000000    0.0058620000000000    0.5025900000000000 Na
EA180   4.017  4.019  4.013 119.66 60.39 89.40 Sym.group:   80
1.0
   4.0166089999999999   -0.0270710000000000    0.0492860000000000
   0.0697020000000000    4.0186859999999998   -0.0310130000000000
   1.9341800000000000   -1.9970200000000000    2.8936500000000001
H O
12 2
direct
   0.9896370000000000    0.9300900000000000    0.4812010000000000 H
   0.0323770000000000    0.0180090000000000    0.8929360000000000 H
   0.9617980000000000    0.0326450000000000    0.1065750000000000 H
   0.9275200000000000    0.5478490000000000    0.0495180000000000 H
   0.4740280000000000    0.0945550000000000    0.5466820000000000 H
   0.4165490000000000    0.9889670000000000    0.9974610000000000 H
   0.4764250000000000    0.4981260000000000    0.9531990000000000 H
   0.0813290000000000    0.4429510000000000    0.3845880000000000 H
   0.0055490000000000    0.1244650000000000    0.5190380000000000 H
   0.5786249999999999    0.0637380000000000    0.0039290000000000 H
   0.5204090000000000    0.5494450000000000    0.4576840000000000 H
   0.9120720000000000    0.6091320000000000    0.6187530000000000 H
   0.3679320000000000    0.4046310000000000    0.7509650000000000 O
   0.6175380000000000    0.6542570000000000    0.2514370000000000 O
EA64    4.710  4.682  8.860 89.88 89.98 60.50 Sym.group:  157
1.0
   4.7097040000000003    0.0067470000000000    0.0078160000000000
   2.3000750000000001    4.0784050000000001   -0.0056780000000000
  -0.0116810000000000    0.0399690000000000    8.8598060000000007
Mg O
12 2
direct
   0.4286670000000000    0.3120550000000000    0.8657770000000000 Mg
   0.7590100000000000    0.6416070000000000    0.8655770000000000 Mg
   0.4286040000000000    0.9715880000000000    0.1332960000000000 Mg
   0.0978690000000000    0.6416600000000000    0.1336730000000000 Mg
   0.0976980000000000    0.9727270000000000    0.8654400000000000 Mg
   0.7601740000000000    0.3101460000000000    0.1339250000000000 Mg
   0.4260980000000000    0.3137720000000000    0.3780690000000000 Mg
   0.7558920000000000    0.9883450000000000    0.6215349999999999 Mg
   0.0940580000000000    0.9790360000000000    0.3782880000000000 Mg
   0.0895930000000000    0.3216680000000000    0.6215910000000000 Mg
   0.7589760000000000    0.6465190000000000    0.3782760000000000 Mg
   0.4225560000000000    0.6552890000000000    0.6246670000000000 Mg
   0.7614470000000000    0.9751850000000000    0.9985330000000000 O
   0.0958730000000000    0.3084690000000000    0.9985430000000000 O
EA8     3.519  3.519  3.519 95.47 84.53 84.53 Sym.group:  166
1.0
   3.5187300000000001    0.0028120000000000    0.0025980000000000
   0.3326290000000000    3.5030000000000001   -0.0028010000000000
   0.3331730000000000   -0.3657720000000000    3.4838330000000002
C P
6 1
direct
   0.1213300000000000    0.3518460000000000    0.8803790000000000 C
   0.8826400000000000    0.6541250000000000    0.1190740000000000 C
   0.3508420000000000    0.1223230000000000    0.1190620000000000 C
   0.8826380000000000    0.1223360000000000    0.6508690000000000 C
   0.1213180000000000    0.8836480000000000    0.3485830000000000 C
   0.6531250000000000    0.8836310000000001    0.8803730000000000 C
   0.5019870000000000    0.5029830000000000    0.4997240000000000 P
EA109   3.909  3.883  3.904 80.68 80.37 99.44 Sym.group:  148
1.0
   3.9087939999999999   -0.0259310000000000   -0.0105340000000000
  -0.6112430000000000    3.8350569999999999    0.0022860000000000
   0.6681770000000000    0.7446080000000000    3.7731919999999999
Li Be
6 1
direct
   0.9844720000000000    0.1000130000000000    0.6217630000000000 Li
   0.3997910000000000    0.9479260000000000    0.9214470000000000 Li
   0.6850750000000000    0.5153219999999999    0.7749880000000000 Li
   0.8373070000000000    0.8143400000000000    0.1902070000000000 Li
   0.5520670000000000    0.2468000000000000    0.3369620000000000 Li
   0.2529910000000000    0.6615290000000000    0.4897040000000000 Li
   0.1188610000000000    0.3812300000000000    0.0555490000000000 Be
EA322   3.079  3.077  9.750 81.03 89.95 119.94 Sym.group:  160
1.0
   3.0791350000000000   -0.0105620000000000    0.0151530000000000
  -1.5259020000000001    2.6681029999999999   -0.1490050000000000
  -0.0311280000000000    2.2655080000000001    9.4832950000000000
P Li
6 1
direct
   0.1967050000000000    0.6147120000000000    0.5982680000000000 P
   0.8220150000000001    0.8620409999999999    0.7264760000000000 P
   0.4373580000000000    0.0970270000000000    0.8772520000000000 P
   0.0604350000000000    0.3421850000000000    0.0083830000000000 P
   0.5804300000000000    0.3827680000000000    0.4447050000000000 P
   0.9557600000000001    0.1367650000000000    0.3144500000000000 P
   0.6701850000000000    0.5700330000000000    0.1645240000000000 Li
EA301  15.167  3.146  3.145 89.99 90.10 90.08 Sym.group:  129
1.0
  15.1646649999999994    0.1674910000000000    0.2153200000000000
  -0.0390970000000000    3.1456680000000001   -0.0021640000000000
  -0.0501540000000000    0.0018990000000000    3.1444500000000000
P F
12 2
direct
   0.2066900000000000    0.1608430000000000    0.6155040000000001 P
   0.0580110000000000    0.6582900000000000    0.1096570000000000 P
   0.0582670000000000    0.1556250000000000    0.6067939999999999 P
   0.5056450000000000    0.1651580000000000    0.6175900000000000 P
   0.3569490000000000    0.6665900000000000    0.1196190000000000 P
   0.3556700000000000    0.1683250000000000    0.6215520000000000 P
   0.2079720000000000    0.6597550000000000    0.1148500000000000 P
   0.6570300000000000    0.6649870000000000    0.1152310000000000 P
   0.6474450000000000    0.1632950000000000    0.6138700000000000 P
   0.5053850000000000    0.6669020000000000    0.1186650000000000 P
   0.9162100000000000    0.6578330000000000    0.1071590000000000 P
   0.9066240000000000    0.1562370000000000    0.6060590000000000 P
   0.7641060000000000    0.6603240000000000    0.1091310000000000 F
   0.7995510000000000    0.1602880000000000    0.6089140000000000 F
EA2     6.433  6.432  4.579 90.00 89.99 120.00 Sym.group:  175
1.0
   3.2559990000000001   -5.5475269999999997    0.0316310000000000
   3.1764839999999999    5.5931870000000004   -0.0371450000000000
   0.0039480000000000    0.0278640000000000    4.5792549999999999
Si Na
12 2
direct
   0.0424270000000000    0.8106000000000000    0.2503090000000000 Si
   0.1905700000000000    0.2354100000000000    0.2492040000000000 Si
   0.7657840000000000    0.9589220000000001    0.2484920000000000 Si
   0.4752420000000000    0.1012250000000000    0.2502110000000000 Si
   0.9001250000000000    0.3778240000000000    0.2508740000000000 Si
   0.6235180000000000    0.5260620000000000    0.2491260000000000 Si
   0.1908520000000000    0.2355480000000000    0.7492040000000000 Si
   0.7660240000000000    0.9591150000000001    0.7484910000000000 Si
   0.0426350000000000    0.8107490000000001    0.7503090000000000 Si
   0.4754760000000000    0.1013990000000000    0.7502100000000000 Si
   0.9002660000000000    0.3779600000000000    0.7508730000000000 Si
   0.6237850000000000    0.5263470000000000    0.7491270000000000 Si
   0.3330870000000000    0.6682660000000000    0.9998440000000000 Na
   0.3330930000000000    0.6682600000000000    0.4998750000000000 Na
EA11    4.316  4.316  4.607 90.00 90.00 90.00 Sym.group:  123
1.0
   4.3155880000000000    0.0017740000000000    0.0018440000000000
  -0.0021130000000000    4.3163559999999999    0.0020140000000000
  -0.0019360000000000   -0.0020770000000000    4.6073959999999996
Be B
12 2
direct
   0.2500780000000000    0.6311550000000000    0.2855240000000000 Be
   0.7493430000000000    0.6318340000000000    0.7144060000000000 Be
   0.7498130000000000    0.1315050000000000    0.7143240000000000 Be
   0.2488730000000000    0.1314180000000000    0.2856090000000000 Be
   0.7503150000000000    0.6322800000000000    0.2854820000000000 Be
   0.2494790000000000    0.6323230000000000    0.7143420000000000 Be
   0.2500450000000000    0.1320610000000000    0.7142620000000000 Be
   0.7492160000000000    0.1326030000000000    0.2855690000000000 Be
   0.9996650000000000    0.8819420000000000    0.9999580000000000 Be
   0.4996230000000000    0.3818490000000000    0.9999169999999999 Be
   0.9997220000000000    0.3817580000000000    0.9994990000000000 Be
   0.4995680000000000    0.8820380000000000    0.0002370000000000 Be
   0.9996270000000000    0.3819260000000000    0.5003919999999999 B
   0.4996620000000000    0.8818690000000000    0.4995720000000000 B
EA112   4.568  4.572  4.636 101.14 101.50 100.95 Sym.group:  148
1.0
   4.5664639999999999   -0.0831300000000000   -0.0763150000000000
  -0.7877459999999999    4.5030590000000004   -0.0525580000000000
  -0.8685180000000000   -1.0093909999999999    4.4406629999999998
Na Li
6 1
direct
   0.6149810000000000    0.3246890000000000    0.1879340000000000 Na
   0.1875490000000000    0.6165700000000000    0.3247520000000000 Na
   0.3253980000000000    0.1888850000000000    0.6150450000000000 Na
   0.9104900000000000    0.4813590000000000    0.7737630000000000 Na
   0.7728020000000000    0.9095170000000000    0.4821610000000000 Na
   0.4819260000000000    0.7731590000000000    0.9093230000000000 Na
   0.0485360000000000    0.0487420000000000    0.0486090000000000 Li
EA330   2.151  9.728  2.153 95.99 89.70 84.05 Sym.group:  139
1.0
   2.1504240000000001    0.0171400000000000   -0.0477320000000000
   0.9288120000000000    9.6831230000000001   -0.0924960000000000
   0.0605260000000000   -0.2109610000000000    2.1416160000000000
Be F
6 1
direct
   0.3940660000000000    0.7510350000000000    0.1092650000000000 Be
   0.2595630000000000    0.0343700000000000    0.2444450000000000 Be
   0.5233550000000000    0.4776430000000000    0.9793480000000000 Be
   0.6957710000000000    0.1694440000000000    0.8085090000000000 Be
   0.9597560000000001    0.6125389999999999    0.5432790000000000 Be
   0.8252800000000000    0.8957930000000000    0.6783870000000000 Be
   0.6090220000000000    0.3235420000000000    0.8934240000000000 F
EA165   4.210  4.169  3.347 89.69 89.88 60.98 Sym.group:  189
1.0
   4.2103359999999999    0.0021600000000000    0.0050820000000000
   2.0204390000000001    3.6469909999999999   -0.0017200000000000
   0.0029270000000000    0.0207740000000000    3.3472260000000000
O F
6 1
direct
   0.4486870000000000    0.5537230000000000    0.3292020000000000 O
   0.4484370000000000    0.5524289999999999    0.6794940000000000 O
   0.9957160000000000    0.4408700000000000    0.3291580000000000 O
   0.9959220000000000    0.4400440000000000    0.6796820000000000 O
   0.5503660000000000    0.0050200000000000    0.3290270000000000 O
   0.5509590000000000    0.0032180000000000    0.6793640000000000 O
   0.0012560000000000    0.9895190000000000    0.0041630000000000 F
EA203   3.133 10.134  3.101 89.99 119.65 98.12 Sym.group:  166
1.0
   1.6286449999999999   -0.2593420000000000   -2.6643249999999998
  -1.4845729999999999   10.0224600000000006   -0.2000760000000000
   1.5046050000000000    0.2772760000000000    2.6968850000000000
P Cl
6 1
direct
   0.6161540000000000    0.8906340000000000    0.1597610000000000 P
   0.4556750000000000    0.1575110000000000    0.5793630000000000 P
   0.2177190000000000    0.7750310000000000    0.4607110000000000 P
   0.3781700000000000    0.5081670000000000    0.0410880000000000 P
   0.0526610000000000    0.0422960000000000    0.8779820000000000 P
   0.7811900000000001    0.6233780000000000    0.7424720000000000 P
   0.9169060000000000    0.3328480000000000    0.3102180000000000 Cl
EA441   6.788  6.789  4.698 90.00 89.51 60.02 Sym.group:  192
1.0
   6.7875160000000001    0.0032370000000000   -0.0300430000000000
   3.3894560000000000    5.8821690000000002   -0.0108910000000000
   0.0611070000000000   -0.0269770000000000    4.6970640000000001
Na Al
12 2
direct
   0.4236220000000000    0.7162330000000000    0.7453160000000000 Na
   0.2845910000000000    0.1382390000000000    0.7459670000000000 Na
   0.8626450000000000    0.4212820000000000    0.7534310000000000 Na
   0.5793190000000000    0.2826750000000000    0.7569560000000000 Na
   0.7181400000000000    0.8603790000000000    0.7530500000000000 Na
   0.1406000000000000    0.5769620000000000    0.7465880000000000 Na
   0.5794420000000000    0.1368020000000000    0.2562250000000000 Na
   0.8633790000000000    0.7147019999999999    0.2514830000000000 Na
   0.2852580000000000    0.5769110000000000    0.2461690000000000 Na
   0.4234970000000000    0.8606230000000000    0.2450020000000000 Na
   0.1396880000000000    0.2826910000000000    0.2470650000000000 Na
   0.7173750000000000    0.4208110000000000    0.2553410000000000 Na
   0.0013640000000000    0.9986580000000000    0.0002820000000000 Al
   0.0014080000000000    0.9993840000000001    0.5002390000000000 Al
EA440   3.141 14.468  3.141 89.96 90.00 89.99 Sym.group:  123
1.0
   3.1408459999999998    0.0136340000000000    0.0002050000000000
  -0.0597910000000000   14.4644910000000007   -0.2961840000000000
  -0.0005000000000000    0.0667740000000000    3.1407039999999999
P H
12 2
direct
   0.2383960000000000    0.4239210000000000    0.5031510000000000 P
   0.7383180000000000    0.4239460000000000    0.0030750000000000 P
   0.2390770000000000    0.1105730000000000    0.5081360000000000 P
   0.7389230000000000    0.2680130000000000    0.0051180000000000 P
   0.2389150000000000    0.2679490000000000    0.5052219999999999 P
   0.2382310000000000    0.5801720000000000    0.5034060000000000 P
   0.7382910000000000    0.5802450000000000    0.0034690000000000 P
   0.7390850000000000    0.1106110000000000    0.0081540000000000 P
   0.2381110000000000    0.7362150000000000    0.5038080000000000 P
   0.7376880000000000    0.8937140000000000    0.0048550000000000 P
   0.7380500000000000    0.7362410000000000    0.0039710000000000 P
   0.2376330000000000    0.8936870000000000    0.5049280000000000 P
   0.2404690000000000    0.0021700000000000    0.5069930000000000 H
   0.7398600000000000    0.0022340000000000    0.0075820000000000 H
EA401   2.873  2.873 10.089 90.00 90.00 89.98 Sym.group:  129
1.0
   2.8732240000000000   -0.0256900000000000    0.0017980000000000
   0.0266460000000000    2.8731860000000000   -0.0022040000000000
  -0.0066340000000000    0.0083800000000000   10.0892260000000000
Be C
12 2
direct
   0.7267010000000000    0.7319099999999999    0.0006750000000000 Be
   0.2267990000000000    0.2319790000000000    0.0006810000000000 Be
   0.7259460000000000    0.7310050000000000    0.5006730000000000 Be
   0.2258000000000000    0.7312959999999999    0.6406070000000000 Be
   0.7262980000000000    0.2309390000000000    0.3607430000000000 Be
   0.2259690000000000    0.2310240000000000    0.5006690000000000 Be
   0.7258300000000000    0.2313480000000000    0.6497210000000000 Be
   0.2263500000000000    0.7309840000000000    0.3516300000000000 Be
   0.2260220000000000    0.2317800000000000    0.7972610000000000 Be
   0.2267490000000000    0.2312610000000000    0.2040930000000000 Be
   0.7260970000000000    0.7317920000000000    0.7972620000000000 Be
   0.7267880000000000    0.7313330000000000    0.2040940000000000 Be
   0.2264270000000000    0.7318960000000000    0.9012210000000000 C
   0.7267850000000000    0.2316490000000000    0.1001400000000000 C
EA231   3.809  3.808  3.801 89.97 90.00 60.00 Sym.group:  187
1.0
   1.9103850000000000    3.2947769999999998   -0.0014270000000000
  -1.8982049999999999    3.3015690000000002   -0.0041850000000000
  -0.0050040000000000    0.0045310000000000    3.8014809999999999
Be Si
6 1
direct
   0.5706990000000000    0.4321910000000000    0.1625800000000000 Be
   0.2379670000000000    0.0976180000000000    0.9110050000000000 Be
   0.0728310000000000    0.4280850000000000    0.4110580000000000 Be
   0.0727100000000000    0.9330020000000000    0.4110950000000000 Be
   0.5714310000000000    0.4307190000000000    0.6595190000000000 Be
   0.5679480000000000    0.9329750000000000    0.4109970000000000 Be
   0.9045420000000000    0.7642010000000000    0.9110520000000000 Si
EA264   4.086  4.073  4.076 99.44 99.65 99.72 Sym.group:  148
1.0
   4.0855930000000003   -0.0226900000000000   -0.0205310000000000
  -0.6658200000000000    4.0180239999999996   -0.0320130000000000
  -0.6677700000000000   -0.7566770000000000    3.9494989999999999
Li Mg
6 1
direct
   0.1925780000000000    0.3497560000000000    0.9214780000000000 Li
   0.8026870000000000    0.6409990000000000    0.0750630000000000 Li
   0.3518370000000000    0.9186870000000000    0.1930730000000000 Li
   0.9203660000000000    0.1903530000000000    0.3530720000000000 Li
   0.0748890000000000    0.8002880000000000    0.6435620000000000 Li
   0.6435870000000000    0.0719400000000000    0.8036030000000000 Li
   0.4975160000000000    0.4952310000000000    0.4982030000000000 Mg
