NUMBER OF TEMPLATES 25
COMPOSITION A 3 B
pairs , SPACEGROUPS 
[Al Na] , 123 
[F C] , 148 
[N B] , 187 
[Al Si] , 139 
[Si H] , 166 
[N C] , 156 
[P F] , 129 
[C Li] , 191 
[Cl Al] , 162 
[H C] , 148 
[Al S] , 123 
[F Al] , 127 
[Mg Be] , 123 
[Al O] , 156 
[Li H] , 162 
[Li Cl] , 160 
[B F] , 164 
[Be O] , 160 
[Al Mg] , 221 
[S Cl] , 162 
[N B] , 160 
[Mg O] , 166 
[Be B] , 160 
[Mg H] , 155 
[Li O] , 164 
RANKING VECTORS ENTHALPIES
0:[-353.40585065 -353.39879928 -353.36743438 -353.34133947 -353.33283774 -353.33129147 -353.3277793  -353.31928249 -353.31840759 -353.3135091 -353.28459574 -353.24321462 -353.16766444 -353.09493653 -353.074801 -353.07065436 -353.02573229 -353.02196791 -352.95691576 -352.85685145 -352.77060162 -352.73479446 -352.69515926 -351.86651124 -350.41500045] 
1:[-541.1466891  -541.14571553 -539.56814846 -539.55641018 -539.55628104 -539.46623457 -539.44373668 -539.34108529 -539.22519446 -539.09003514 -539.00704248 -538.79901565 -538.79314524 -538.71474875 -538.66320078 -538.62987181 -538.60213421 -538.52191345 -538.50528745 -538.48529831 -538.4317728  -538.30698116 -538.300674   -538.23887941 -538.00480528] 
2:[-229.35032773 -229.34998479 -229.29156463 -229.01613634 -228.9368183 -228.91862065 -228.65510827 -228.6546425  -228.58185994 -228.5001111 -228.27780879 -228.27256504 -227.95192117 -227.88199754 -227.73909033 -227.73451424 -227.70001386 -227.25148014 -227.23595016 -227.07761525 -226.94614001 -226.57714037 -226.57533937 -226.24540347 -225.93925703] 
3:[-71.84504253 -71.84380784 -71.83479034 -71.83082481 -71.77860195 -71.69902476 -71.69397095 -71.67289831 -71.63975588 -71.63891549 -71.637431   -71.63280437 -71.63254007 -71.61084986 -71.59857628 -71.58239898 -71.49325148 -71.47265271 -71.47218577 -71.44263092 -71.27661586 -71.2340519  -70.99724179 -70.36323014 -69.39122038] 
4:[-86.6261371  -86.62534365 -86.6149592  -86.61074178 -86.5867051 -86.57873408 -86.56174658 -86.55262153 -86.55244235 -86.54757608 -86.53346306 -86.53067289 -86.52513758 -86.52275361 -86.51517362 -86.48562585 -86.4609116  -86.42055607 -86.41875354 -86.38974072 -86.3842928  -86.36579098 -86.28624965 -86.16345911 -85.81903466] 
5:[-249.44131295 -249.4322344  -249.42337662 -249.19854533 -249.1911245 -249.11011731 -249.05217496 -248.99956658 -248.65560581 -248.44607755 -248.43608629 -248.37543626 -248.37501173 -248.35995791 -248.27511587 -248.2602046  -248.14422196 -247.83349854 -247.76419683 -247.46759314 -247.40518106 -247.37177414 -246.34585811 -246.30019005 -245.97878659] 
6:[-305.20733256 -305.06984287 -304.96170029 -304.91332536 -304.83637705 -304.79018742 -304.78771343 -304.78230834 -304.76873078 -304.71711961 -304.71157637 -304.69650946 -304.670759   -304.61983238 -304.61975796 -304.60681299 -304.58118124 -304.55809985 -304.54759318 -304.54006588 -304.52164435 -304.32355323 -304.15217866 -304.00392284 -302.88242427] 
7:[-169.76996461 -169.76405682 -169.76161937 -169.65891968 -169.56855941 -169.21534243 -169.17138747 -168.88487361 -168.84621623 -168.84119645 -168.64189411 -168.51502248 -168.33483336 -168.0903059  -168.06811561 -168.0653172  -168.00007495 -167.90499962 -167.81670043 -167.73064049 -167.70445446 -167.48582668 -167.29112955 -167.2846223  -166.24873626] 
8:[-346.69142265 -346.68780703 -346.67579772 -346.60053141 -346.08899213 -346.06063734 -345.84510974 -345.83056628 -345.83017011 -345.80266247 -345.79525804 -345.79408448 -345.77999047 -345.74959758 -345.72139953 -345.5097209  -345.50958755 -345.46007891 -345.35119322 -345.27107232 -345.18204912 -345.09038762 -345.06636444 -344.85258574 -344.48631986] 
9:[-51.57076585 -51.57049317 -51.38060148 -50.97689399 -50.73307392 -50.73108651 -50.64633986 -50.60472066 -50.56026256 -50.55690625 -50.55193133 -50.55138315 -50.45337484 -50.44924903 -50.367999 -50.34108548 -50.32528489 -50.15575108 -50.11785058 -50.11726912 -50.05345099 -50.01686443 -49.98238356 -49.94895218 -49.83246404] 
10:[-118.21580601 -118.20917169 -118.16903148 -118.02188314 -118.01831518 -118.00693581 -117.95951356 -117.95031919 -117.94599245 -117.93089642 -117.91698493 -117.91329865 -117.85066937 -117.84638452 -117.83355943 -117.81807665 -117.79891812 -117.78051401 -117.77972341 -117.71478628 -117.69880694 -117.65167788 -117.00352543 -116.62909745 -116.00321612] 
11:[-517.57818026 -517.54759056 -517.54497854 -517.53904649 -517.44662185 -517.38940797 -517.12672835 -517.10115558 -516.81986963 -516.67015105 -516.64052997 -516.61690484 -516.59975872 -516.55118883 -516.55078839 -516.53922132 -516.51973354 -516.47455749 -516.31383358 -516.09212911 -516.01252331 -515.22358928 -514.90600839 -514.29850338 -513.84767246] 
12:[-1301.97443566 -1301.92087607 -1301.91924476 -1301.8975624 -1301.89665674 -1301.88550283 -1301.83295134 -1301.8072257 -1301.80660605 -1301.78902401 -1301.69504399 -1301.69263108 -1301.63971292 -1301.6095438  -1301.54431488 -1301.50983348 -1301.49451942 -1301.43122705 -1301.43013068 -1301.23764434 -1301.20144328 -1301.09126977 -1300.80695236 -1300.57394497 -1300.43476949] 
13:[-156.73682597 -156.60534832 -156.51821494 -156.47161507 -156.43815861 -156.36558    -156.32133098 -156.28822762 -156.25829174 -156.25116564 -156.16989293 -156.0588525  -156.05170396 -156.05066808 -156.04064248 -156.02124529 -155.78870607 -155.52874798 -155.47761655 -155.36414437 -155.33173176 -155.24294142 -155.19057534 -155.12521104 -154.32387734] 
14:[-148.40096984 -148.40010936 -148.39996831 -148.39402483 -148.39371651 -148.3918273  -148.38625663 -148.38581248 -148.38052868 -148.37665875 -148.35145303 -148.34812838 -148.30468661 -148.27729618 -148.25632865 -148.23493648 -148.17964418 -148.10459051 -148.07528748 -148.01837989 -147.93720719 -147.91042521 -147.82798868 -147.81257349 -147.62217214] 
15:[-255.6629968  -255.66056092 -255.64013457 -255.55484182 -255.46925453 -255.45355218 -255.44356912 -255.42033265 -255.38935899 -255.31592662 -255.31204196 -255.30906654 -255.29084327 -255.28850716 -255.2863223 -255.26983053 -255.15961831 -255.15034587 -255.06813406 -255.01666445 -254.85954238 -254.85319419 -254.7824445  -254.54901069 -254.52067703] 
16:[-225.47088201 -225.04333758 -224.89146584 -224.84189156 -224.80039469 -224.66869421 -224.66666452 -224.57633823 -224.43052426 -224.39814135 -224.39702415 -224.39683995 -224.34162433 -224.28591206 -224.22631144 -224.21205566 -224.13140698 -224.0828725  -223.96739229 -223.96449306 -223.59623653 -223.47813326 -223.08325231 -222.51128244 -221.65716825] 
17:[-395.51752839 -395.31078056 -395.23805535 -395.22219112 -395.09867602 -395.07884781 -395.07824005 -395.07802976 -395.01484935 -394.90954351 -394.78188406 -394.7522462  -394.69991988 -394.60058463 -394.57542393 -394.46164185 -394.4472129  -394.37051169 -394.35191361 -394.24989088 -394.22036948 -394.01905506 -393.90039957 -393.79418291 -392.83868415] 
18:[-446.68962113 -446.66176459 -446.65636706 -446.64087182 -446.58994911 -446.58287468 -446.57758782 -446.5759291  -446.48675424 -446.4857631 -446.46065372 -446.45876967 -446.44212987 -446.36256954 -446.26757751 -446.22653542 -446.11262442 -446.0874245  -446.02966018 -445.93031715 -445.9034619  -445.7526503  -445.03414115 -444.91015695 -443.63730088] 
19:[-331.5686082  -331.56246843 -331.54587038 -331.53948452 -331.49098691 -331.48750307 -331.48259113 -331.47570654 -331.43749216 -331.42144276 -331.41439388 -331.36192988 -331.32338405 -331.31374384 -331.30272408 -331.25096945 -331.23913472 -331.21424591 -331.20296791 -331.11596376 -331.10980894 -331.09791778 -331.05553765 -330.5770522  -329.83443041] 
20:[-229.35032773 -229.34998479 -229.29156463 -229.01613634 -228.9368183 -228.91862065 -228.65510827 -228.6546425  -228.58185994 -228.5001111 -228.27780879 -228.27256504 -227.95192117 -227.88199754 -227.73909033 -227.73451424 -227.70001386 -227.25148014 -227.23595016 -227.07761525 -226.94614001 -226.57714037 -226.57533937 -226.24540347 -225.93925703] 
21:[-1320.84166537 -1320.81944046 -1320.78426614 -1320.76802004 -1320.7641953  -1320.6590961  -1320.65895972 -1320.62175942 -1320.61411523 -1320.48388895 -1320.47987371 -1320.40508942 -1320.22046077 -1320.16544956 -1319.84069113 -1319.82827978 -1319.80398892 -1319.7344322  -1319.71463089 -1319.6626883 -1319.6099776  -1319.46751484 -1319.24716193 -1318.74501286 -1318.24425243] 
22:[-302.45051633 -302.43813897 -302.38102397 -302.35839558 -302.3442381 -302.30268705 -302.30134125 -302.27122087 -302.25588407 -302.244009 -302.2111422  -302.19084941 -302.1378731  -302.11150495 -302.09977859 -302.0982585  -302.09543145 -302.05760846 -302.00480403 -301.77052047 -301.76722078 -301.70108491 -301.56489193 -301.51289115 -301.34800619] 
23:[-1211.54666993 -1211.53231474 -1211.53169173 -1211.52590738 -1211.52302702 -1211.49008692 -1211.480005   -1211.47922826 -1211.47261149 -1211.3974685  -1211.32596931 -1211.32286223 -1211.28187678 -1211.21232669 -1211.2074397  -1211.09688014 -1210.98060442 -1210.86163401 -1210.84513546 -1210.78033472 -1210.76917184 -1210.76488618 -1210.53623051 -1210.47727515 -1210.07238062] 
24:[-257.71687484 -257.48223663 -257.47894925 -257.45557381 -257.44311778 -257.35149839 -257.34106455 -257.28996127 -257.28081986 -257.26868266 -257.26852623 -257.23433138 -257.22634098 -257.2182047  -257.191722 -257.10260218 -257.09831478 -257.05720397 -256.87799977 -256.87369514 -256.84202832 -256.61596989 -256.20904284 -256.16526377 -255.33126595] 
RANKING VECTORS IDX
0:[ 0. 12. 18.  3. 13.  6. 16.  4. 22. 15. 20. 21. 17.  5.  8.  9. 19.  1. 14. 10. 24.  7. 23.  2. 11.] 
1:[ 9.  1. 23. 19.  8. 11. 14. 22. 24.  4. 20. 15.  6. 17. 21. 10. 13. 16. 12.  0.  5. 18.  3.  2.  7.] 
2:[ 5.  2. 20. 17. 22. 24.  1.  9. 11. 19. 14.  8. 15. 13. 21. 23.  6. 10. 16.  7.  4. 12.  0.  3. 18.] 
3:[ 3.  0. 18. 12. 21.  6. 15. 13.  4. 22.  5.  1. 16.  9. 17. 20.  8. 14. 24. 19. 10. 23.  7.  2. 11.] 
4:[21. 16. 23.  4. 15.  9.  1. 13.  8. 14. 12.  6.  0. 24. 17.  5. 22. 20.  3. 19. 10. 18.  2. 11.  7.] 
5:[ 5.  2. 20.  9.  1. 17. 22. 24. 11.  6. 16.  8. 14. 19. 13. 15. 23. 21.  4.  0.  7. 10. 12.  3. 18.] 
6:[ 6. 19.  7.  9. 20. 22.  1.  4. 17. 16.  3. 15. 13. 12.  0.  5.  8. 24. 21. 18. 23. 10. 14.  2. 11.] 
7:[ 7. 19. 14. 16. 24.  1.  9.  5. 17. 22. 13. 15.  6. 21. 20.  8.  4. 23.  0. 10. 12.  2. 18.  3. 11.] 
8:[ 8. 19. 14. 23. 21. 24. 15. 22. 12.  0.  3.  5.  4. 20. 11.  9.  1. 17. 18. 10. 13.  2. 16.  6.  7.] 
9:[ 1.  9. 16.  6. 11. 17.  7. 13. 24. 15. 20. 22. 23. 19. 10. 14.  8.  4.  0. 12. 21.  3.  2.  5. 18.] 
10:[ 0. 12.  6. 21. 10. 15.  8. 14.  1.  3.  9. 13.  5. 17. 16. 18. 24.  4. 22. 20. 19. 23.  7.  2. 11.] 
11:[23.  8. 19. 14. 11.  1. 24. 22. 21.  4. 20. 15.  3.  5.  2. 17.  9. 18. 10.  0. 12.  7.  6. 13. 16.] 
12:[ 6.  0. 12.  4. 22.  3. 18.  9.  1. 21. 20. 23.  5. 17. 16. 13. 19. 14.  8.  7. 10. 24. 15.  2. 11.] 
13:[13.  6. 17. 21. 20. 15.  5.  8. 14. 19. 23.  0. 12.  1. 10.  9. 24.  2.  4. 22.  3. 11. 16. 18.  7.] 
14:[14.  8. 20. 19.  6.  5. 15. 12. 21. 23.  0. 24. 22. 11. 16. 17.  2. 13.  1.  9. 18.  4.  3. 10.  7.] 
15:[ 0. 12. 18. 15.  3. 24.  6. 23. 22.  1. 21. 19. 14.  8.  9. 20.  5. 17. 13.  4. 10.  2.  7. 11. 16.] 
16:[16.  6. 17.  1.  9.  4. 21. 24. 10. 20. 22. 13.  5. 15. 19. 23. 14.  8. 12.  0.  7.  3. 18.  2. 11.] 
17:[ 6. 17. 21. 22. 13.  5.  8. 14. 15. 20. 23. 12.  0.  1. 19.  3. 10.  9. 24.  2. 11. 16. 18.  4.  7.] 
18:[18.  0.  3. 12. 15. 20.  4. 22. 21. 13.  6.  5. 16. 17.  8. 19.  9. 14. 24. 10. 23.  7.  2.  1. 11.] 
19:[19.  8. 20. 21.  6.  1.  9.  7. 14. 22. 16. 15.  5. 13. 17.  3.  4. 24. 12. 23.  0. 18. 10.  2. 11.] 
20:[ 5.  2. 20. 17. 22. 24.  1.  9. 11. 19. 14.  8. 15. 13. 21. 23.  6. 10. 16.  7.  4. 12.  0.  3. 18.] 
21:[15.  6. 21. 24. 22.  8. 14. 19.  5. 23. 12. 17. 13. 20. 11.  9.  0.  3.  1.  2. 10. 18.  4. 16.  7.] 
22:[22. 18. 24.  3.  1.  0. 12. 14.  8.  6. 21.  4. 19. 23. 17.  9. 16. 13. 15.  5.  2.  7. 10. 11. 20.] 
23:[23. 14.  8. 21. 22. 16. 19. 13. 17.  5.  0. 12. 20. 24.  9.  2. 11. 10.  3.  4. 18. 15.  6.  1.  7.] 
24:[24. 19. 14.  8. 18.  9. 22. 12.  0. 21. 23.  5.  2. 20. 15.  3.  7. 11. 17.  6.  4. 10.  1. 13. 16.] 
POSCARS
EA120   7.851  2.601  2.481 90.02 90.00 90.03 Sym.group:  123
1.0
   7.8504889999999996    0.0027390000000000    0.0516550000000000
  -0.0025020000000000    2.5997270000000001    0.0679150000000000
  -0.0162450000000000   -0.0656700000000000    2.4805400000000000
Al Na
3 1
direct
   0.1125450000000000    0.8364960000000000    0.0126570000000000 Al
   0.6469870000000000    0.8350800000000000    0.0129990000000000 Al
   0.8797870000000000    0.3358040000000000    0.5128730000000000 Al
   0.3796720000000000    0.3355470000000000    0.5130430000000000 Na
EA251   4.123  4.120  4.126 72.33 72.07 107.65 Sym.group:  148
1.0
   4.1228980000000002    0.0184750000000000   -0.0250150000000000
  -1.2669349999999999    3.9199069999999998   -0.0313240000000000
   1.2831450000000000    1.7590380000000001    3.5041810000000000
F C
6 2
direct
   0.8869130000000000    0.0738220000000000    0.4183890000000000 F
   0.0747610000000000    0.7042720000000000    0.2349820000000000 F
   0.1652560000000000    0.5355650000000000    0.7581180000000000 F
   0.5344510000000000    0.3640480000000000    0.9563250000000000 F
   0.3642830000000000    0.1660900000000000    0.5863770000000000 F
   0.7053530000000000    0.8874020000000000    0.0481200000000000 F
   0.7894660000000000    0.7890900000000000    0.3331630000000000 C
   0.4542910000000000    0.4547000000000000    0.6674900000000000 C
EA301   2.469  2.469  5.438 90.03 89.21 119.99 Sym.group:  187
1.0
   1.2351710000000000   -2.1378849999999998    0.0008290000000000
   1.2343860000000000    2.1382580000000000   -0.0010090000000000
   0.0731500000000000   -0.0424050000000000    5.4378320000000002
N B
3 1
direct
   0.2811560000000000    0.7461880000000000    0.0963260000000000 N
   0.6069750000000000    0.4074460000000000    0.4953130000000000 N
   0.2643370000000000    0.7404430000000000    0.8958500000000000 N
   0.9403899999999999    0.0740740000000000    0.4952310000000000 B
EA101   3.652  6.940  3.654 90.07 90.06 90.00 Sym.group:  139
1.0
   3.6517900000000001   -0.0027420000000000    0.0247750000000000
   0.0044030000000000    6.9401700000000002    0.0459820000000000
  -0.0284070000000000   -0.0285350000000000    3.6539320000000002
Al Si
6 2
direct
   0.7535770000000001    0.8758440000000000    0.0004310000000000 Al
   0.2539870000000000    0.3754450000000000    0.5007310000000000 Al
   0.7534120000000000    0.3750630000000000    0.0021270000000000 Al
   0.2539800000000000    0.8746699999999999    0.5024160000000000 Al
   0.2527320000000000    0.6251860000000000    0.0015760000000000 Al
   0.7547739999999999    0.1253090000000000    0.5012440000000000 Al
   0.2552240000000000    0.1252190000000000    0.0007900000000000 Si
   0.7522520000000000    0.6253080000000000    0.5020210000000001 Si
EA186   3.504  3.501  3.504 109.09 109.12 70.91 Sym.group:  166
1.0
   3.5032969999999999    0.0440030000000000   -0.0319580000000000
   1.1028420000000001    3.3221720000000001   -0.0318940000000000
  -1.1081960000000000   -0.8085170000000000    3.2239810000000002
Si H
3 1
direct
   0.2281920000000000    0.9756089999999999    0.7083220000000000 Si
   0.9345180000000000    0.6828610000000001    0.0007900000000000 Si
   0.6420480000000000    0.3901260000000000    0.2944580000000000 Si
   0.4274450000000000    0.1829280000000000    0.4937710000000000 H
EA53    2.363  2.363  5.424 89.93 89.95 60.01 Sym.group:  156
1.0
   2.3631080000000000    0.0001610000000000    0.0019400000000000
   1.1812680000000000    2.0469149999999998    0.0016730000000000
   0.0001950000000000    0.0035560000000000    5.4235080000000000
N C
3 1
direct
   0.2599130000000000    0.7428570000000000    0.2681910000000000 N
   0.5930170000000000    0.0796780000000000    0.8666260000000000 N
   0.2600240000000000    0.7424180000000000    0.4714860000000000 N
   0.9262899999999999    0.4129200000000000    0.9036030000000000 C
EA30    3.144  3.142  8.398 90.00 90.02 90.00 Sym.group:  129
1.0
   3.1436099999999998    0.0003610000000000    0.0006840000000000
  -0.0003830000000000    3.1424930000000000   -0.0022080000000000
  -0.0049950000000000    0.0062330000000000    8.3981119999999994
P F
6 2
direct
   0.0025110000000000    0.2526560000000000    0.3849900000000000 P
   0.5026520000000000    0.7526240000000000    0.4036780000000000 P
   0.0007810000000000    0.2531300000000000    0.8513640000000000 P
   0.5008460000000000    0.7531409999999999    0.8700630000000000 P
   0.0016140000000000    0.2527730000000000    0.1281950000000000 P
   0.5017160000000001    0.7527390000000000    0.1268600000000000 P
   0.0011080000000000    0.2532120000000000    0.6590730000000000 F
   0.5012980000000000    0.7531430000000000    0.5959650000000000 F
EA186   4.245  3.021  4.245 89.96 60.01 89.95 Sym.group:  191
1.0
   2.1235430000000002    0.0167520000000000   -3.6756419999999999
   0.0472770000000000    3.0201389999999999    0.0378630000000000
   4.2445349999999999   -0.0632660000000000    0.0010660000000000
C Li
6 2
direct
   0.3318190000000000    0.0048540000000000    0.6188260000000000 C
   0.3317940000000000    0.0048310000000000    0.2870890000000000 C
   0.0000340000000000    0.0047700000000000    0.2870630000000000 C
   0.6682450000000000    0.0047680000000000    0.6188540000000000 C
   0.0000070000000000    0.0048500000000000    0.9506380000000000 C
   0.6682700000000000    0.0048100000000000    0.9506110000000000 C
   0.6666960000000000    0.5048100000000000    0.2855350000000000 Li
   0.3333530000000000    0.5048190000000000    0.9521630000000000 Li
EA83    5.148  4.741  5.149 90.00 60.01 90.01 Sym.group:  162
1.0
   5.1460509999999999    0.1050740000000000   -0.0664380000000000
  -0.0973360000000000    4.7397669999999996    0.0273200000000000
   2.6310180000000001    0.0283900000000000    4.4261179999999998
Cl Al
6 2
direct
   0.8754590000000000    0.4127620000000000    0.8120420000000000 Cl
   0.1965540000000000    0.8792330000000000    0.4911480000000000 Cl
   0.5543320000000000    0.8791560000000000    0.8118430000000000 Cl
   0.8761020000000000    0.8787310000000000    0.1696030000000000 Cl
   0.5550130000000000    0.4122400000000000    0.4904840000000000 Cl
   0.1972300000000000    0.4123250000000000    0.1697900000000000 Cl
   0.5427270000000000    0.1451900000000000    0.1573960000000000 Al
   0.2088350000000000    0.1462870000000000    0.8242290000000000 Al
EA27    3.219  3.219  3.217 76.69 103.39 76.53 Sym.group:  148
1.0
   3.2168570000000001   -0.0864470000000000    0.0774050000000000
   0.8332060000000000    3.1094210000000002    0.0414280000000000
  -0.7919420000000000    0.9394510000000000    2.9733269999999998
H C
6 2
direct
   0.6609230000000000    0.2896720000000000    0.9750270000000000 H
   0.4603420000000000    0.8968670000000000    0.7846959999999999 H
   0.8525160000000001    0.0875460000000000    0.5825110000000000 H
   0.1014170000000000    0.4451650000000000    0.0330330000000000 H
   0.9101200000000000    0.6475340000000001    0.4255300000000000 H
   0.3023170000000000    0.8379560000000000    0.2233010000000000 H
   0.5603810000000000    0.1887440000000000    0.6830130000000000 C
   0.2021790000000000    0.5461260000000000    0.3249580000000000 C
EA255   4.468  4.468  2.491 90.05 90.03 89.99 Sym.group:  123
1.0
   4.4678649999999998   -0.0009370000000000    0.0023130000000000
   0.0013610000000000    4.4678690000000003    0.0049230000000000
  -0.0024130000000000   -0.0049830000000000    2.4912660000000000
Al S
3 1
direct
   0.0421480000000000    0.6911100000000000    0.5145990000000000 Al
   0.0355200000000000    0.1913820000000000    0.0128100000000000 Al
   0.5423990000000000    0.6843800000000000    0.0160920000000000 Al
   0.5358320000000000    0.1846910000000000    0.0132800000000000 S
EA256   4.576  4.577  3.359 89.97 89.98 90.01 Sym.group:  127
1.0
   4.5757550000000000    0.0019970000000000   -0.0189800000000000
  -0.0028800000000000    4.5768459999999997   -0.0229820000000000
   0.0152470000000000    0.0186430000000000    3.3589500000000001
F Al
6 2
direct
   0.6246180000000000    0.3804320000000000    0.4975920000000000 F
   0.1245840000000000    0.8804590000000000    0.4975960000000000 F
   0.4559110000000000    0.7117100000000000    0.9964680000000000 F
   0.7931970000000000    0.0490830000000000    0.9980450000000000 F
   0.9559280000000000    0.5489350000000000    0.9979970000000000 F
   0.2930570000000000    0.2117180000000000    0.9978270000000000 F
   0.1244920000000000    0.8802870000000000    0.9975990000000000 Al
   0.6244470000000000    0.3803370000000000    0.9975940000000000 Al
EA215   7.049  2.588  2.595 90.04 90.00 89.99 Sym.group:  123
1.0
   7.0485369999999996   -0.0119420000000000    0.0001870000000000
   0.0046390000000000    2.5878009999999998   -0.0082420000000000
  -0.0002180000000000    0.0066300000000000    2.5954510000000002
Mg Be
3 1
direct
   0.1614360000000000    0.9038929999999999    0.0973680000000000 Mg
   0.7317030000000000    0.9044200000000000    0.0972230000000000 Mg
   0.4465850000000000    0.4048460000000000    0.5968610000000000 Mg
   0.9466000000000000    0.4042040000000000    0.5970490000000001 Be
EA361   2.590 14.228  2.590 89.99 119.98 89.99 Sym.group:  156
1.0
   2.5896300000000001   -0.0153580000000000   -0.0423460000000000
   0.0891870000000000   14.2272379999999998    0.1619790000000000
  -1.2577469999999999   -0.0176590000000000    2.2644880000000001
Al O
6 2
direct
   0.7435650000000000    0.0386380000000000    0.0262880000000000 Al
   0.7484120000000000    0.3397590000000000    0.0350380000000000 Al
   0.4103480000000000    0.5383380000000000    0.3649690000000000 Al
   0.4120740000000000    0.8880770000000000    0.3616390000000000 Al
   0.0804320000000000    0.1891330000000000    0.6984120000000000 Al
   0.0795070000000000    0.7370580000000000    0.6977620000000000 Al
   0.0768520000000000    0.6081530000000001    0.6982150000000000 O
   0.7440290000000001    0.4687400000000000    0.0318120000000000 O
EA33    3.961  3.961  3.868 89.97 89.62 60.01 Sym.group:  162
1.0
   3.9607239999999999    0.0001430000000000   -0.0028020000000000
   1.9795590000000001    3.4305530000000002   -0.0018280000000000
   0.0285870000000000   -0.0124190000000000    3.8680219999999998
Li H
6 2
direct
   0.3347190000000000    0.0052410000000000    0.2498340000000000 Li
   0.6604650000000000    0.3421820000000000    0.2491500000000000 Li
   0.9979330000000000    0.6679550000000000    0.2493650000000000 Li
   0.6641899999999999    0.0034180000000000    0.7540530000000000 Li
   0.3383000000000000    0.6665960000000000    0.7547170000000000 Li
   0.0008560000000000    0.3408890000000000    0.7545610000000000 Li
   0.6660020000000000    0.6712770000000000    0.0024830000000000 H
   0.3328290000000000    0.3374860000000000    0.0014690000000000 H
EA172   2.988  2.994  9.528 98.94 90.39 118.82 Sym.group:  160
1.0
   2.9793430000000001   -0.2293830000000000   -0.0157910000000000
  -1.2378499999999999    2.7263480000000002    0.0031160000000000
  -0.1473770000000000   -1.7040360000000001    9.3730480000000007
Li Cl
6 2
direct
   0.4741630000000000    0.2503150000000000    0.1499850000000000 Li
   0.8792660000000000    0.0808770000000000    0.3839260000000000 Li
   0.1782560000000000    0.6744430000000000    0.2776130000000000 Li
   0.5830200000000000    0.4938540000000000    0.4997930000000000 Li
   0.9705310000000000    0.2370420000000000    0.6329210000000000 Li
   0.3842710000000000    0.0814710000000000    0.8892500000000000 Li
   0.6743500000000000    0.6559199999999999    0.7539630000000000 Cl
   0.0952890000000000    0.5085960000000000    0.0274240000000000 Cl
EA305   2.664  2.663  8.355 89.97 89.97 60.01 Sym.group:  164
1.0
   2.6639260000000000   -0.0003200000000000   -0.0025270000000000
   1.3312330000000001    2.3064499999999999   -0.0011720000000000
   0.0115810000000000    0.0030820000000000    8.3544920000000005
B F
6 2
direct
   0.2007370000000000    0.1660160000000000    0.7932810000000000 B
   0.8692550000000000    0.8322900000000000    0.6801440000000000 B
   0.2030480000000000    0.1658360000000000    0.5904550000000000 B
   0.8668600000000000    0.8327020000000001    0.8829669999999999 B
   0.8697210000000000    0.8331060000000000    0.4905710000000000 B
   0.2000360000000000    0.1658390000000000    0.9828360000000000 B
   0.2019460000000000    0.1654020000000000    0.1383110000000000 F
   0.8680330000000001    0.8331760000000000    0.3351170000000000 F
EA50    2.325  2.337  5.624 101.95 78.12 119.17 Sym.group:  160
1.0
   1.1538839999999999    2.0183399999999998   -0.0068750000000000
  -2.3369849999999999    0.0238200000000000   -0.0025830000000000
   1.1653640000000001    0.6859080000000000    5.4589270000000001
Be O
3 1
direct
   0.5895020000000000    0.0465390000000000    0.4783490000000000 Be
   0.8375490000000000    0.8004210000000000    0.7570350000000000 Be
   0.3921720000000000    0.2453210000000000    0.0743110000000000 Be
   0.6856810000000000    0.9497940000000000    0.1980460000000000 O
EA27    5.199  5.199  5.198 90.23 119.94 119.79 Sym.group:  221
1.0
   5.1961139999999997   -0.1626340000000000    0.0358440000000000
  -2.4738859999999998    2.7106680000000001   -3.6819389999999999
  -2.5381490000000002    2.6473810000000002    3.6838940000000000
Al Mg
6 2
direct
   0.2527550000000000    0.1257330000000000    0.5020970000000000 Al
   0.7527690000000000    0.6257790000000000    0.5021580000000000 Al
   0.2527910000000000    0.6257600000000000    0.5021620000000000 Al
   0.7527910000000000    0.1256950000000000    0.0021050000000000 Al
   0.2527530000000000    0.1257050000000000    0.0021000000000000 Al
   0.2528040000000000    0.6257260000000000    0.0021480000000000 Al
   0.7527600000000000    0.1257660000000000    0.5020820000000000 Mg
   0.7527650000000000    0.6256420000000000    0.0021430000000000 Mg
EA10    6.277  6.261  3.017 89.78 89.91 119.42 Sym.group:  162
1.0
   6.2771420000000004    0.0051010000000000    0.0010780000000000
  -3.0795029999999999    5.4508450000000002   -0.0025160000000000
   0.0043460000000000    0.0173220000000000    3.0167220000000001
S Cl
6 2
direct
   0.0052370000000000    0.7161200000000000    0.1596360000000000 S
   0.2856130000000000    0.9971670000000000    0.8429150000000000 S
   0.2830900000000000    0.2805870000000000    0.1550340000000000 S
   0.0011910000000000    0.2836330000000000    0.8412310000000000 S
   0.7208710000000000    0.0026590000000000    0.1582200000000000 S
   0.7233140000000000    0.7192170000000000    0.8460250000000000 S
   0.3400640000000000    0.6651760000000000    0.5004800000000000 Cl
   0.6663070000000000    0.3346740000000000    0.5003850000000000 Cl
EA254   2.471  2.471  5.583 89.28 102.37 119.99 Sym.group:  160
1.0
   1.2360730000000000   -2.1391040000000001   -0.0090480000000000
   1.2349990000000000    2.1398999999999999    0.0389070000000000
  -1.1906630000000000    0.6701080000000000    5.4133909999999998
N B
3 1
direct
   0.9624840000000000    0.7294530000000000    0.1376970000000000 N
   0.8176220000000000    0.6524350000000000    0.9360940000000000 N
   0.8849620000000000    0.1853900000000000    0.5310340000000000 N
   0.5558930000000000    0.5205830000000000    0.5381350000000000 B
EA305   2.731  2.746  6.898 79.26 90.01 60.19 Sym.group:  166
1.0
   2.7307470000000000    0.0006470000000000   -0.0013580000000000
   1.3647330000000000    2.3830870000000002    0.0030340000000000
   0.0015410000000000    1.4716430000000000    6.7390220000000003
Mg O
3 1
direct
   0.0538140000000000    0.5506210000000000    0.8638790000000000 Mg
   0.6079850000000000    0.4389080000000000    0.5101290000000001 Mg
   0.8359730000000000    0.0019350000000000    0.1869850000000000 Mg
   0.3308240000000000    0.9943630000000000    0.6869330000000000 O
EA251   3.525  4.651  3.030 90.03 89.98 100.86 Sym.group:  160
1.0
   3.5222050000000000   -0.1509430000000000   -0.0044320000000000
  -0.6801199999999999    4.6005640000000003    0.0098840000000000
   0.0044280000000000   -0.0072790000000000    3.0296379999999998
Be B
6 2
direct
   0.2774630000000000    0.1126740000000000    0.9903520000000000 Be
   0.7774740000000000    0.6126730000000000    0.4903710000000000 Be
   0.6986550000000000    0.9030899999999999    0.9903490000000000 Be
   0.1986610000000000    0.4030940000000000    0.4903460000000000 Be
   0.1471910000000000    0.6788170000000000    0.9903570000000000 Be
   0.6471900000000000    0.1788140000000000    0.4903450000000000 Be
   0.8720010000000000    0.3174090000000000    0.9904130000000000 B
   0.3720140000000000    0.8174010000000000    0.4904200000000000 B
EA117   5.139  4.753  4.750 119.96 62.48 117.53 Sym.group:  155
1.0
   2.9475129999999998   -2.3496320000000002    3.4931109999999999
  -0.0164260000000000    4.7534140000000003   -0.0210150000000000
  -2.1922530000000000   -2.3643489999999998    3.4881959999999999
Mg H
6 2
direct
   0.2129970000000000    0.2512070000000000    0.6587990000000000 Mg
   0.7132400000000000    0.7405920000000000    0.8167900000000000 Mg
   0.2133730000000000    0.9131110000000000    0.9896620000000000 Mg
   0.2129670000000000    0.5820800000000000    0.3281720000000000 Mg
   0.7131250000000000    0.4238000000000000    0.1581220000000000 Mg
   0.7129860000000000    0.0820470000000000    0.4996440000000000 Mg
   0.4733820000000000    0.0019890000000000    0.2381270000000000 H
   0.9527960000000000    0.1623410000000000    0.0784630000000000 H
EA1     2.916  2.915  7.106 89.98 90.02 119.98 Sym.group:  164
1.0
   1.4623340000000000   -2.5226600000000001    0.0014090000000000
   1.4541970000000000    2.5268380000000001   -0.0016330000000000
   0.0004350000000000    0.0075920000000000    7.1064179999999997
Li O
6 2
direct
   0.6699640000000000    0.9604210000000000    0.1676180000000000 Li
   0.0035520000000000    0.6270070000000000    0.0086470000000000 Li
   0.3364680000000000    0.2936960000000000    0.8397130000000000 Li
   0.3359180000000000    0.2939730000000000    0.3415060000000000 Li
   0.6691660000000000    0.9605629999999999    0.6694080000000000 Li
   0.0022710000000000    0.6273800000000000    0.5005140000000000 Li
   0.6700790000000000    0.9603640000000000    0.9220110000000000 O
   0.3356900000000000    0.2939890000000000    0.5870980000000000 O
