NUMBER OF TEMPLATES 25
COMPOSITION A 3 B
pairs , SPACEGROUPS 
[O Be] , 187 
[Na Mg] , 123 
[P Si] , 139 
[C N] , 160 
[Si H] , 166 
[Na Al] , 221 
[C Li] , 191 
[C H] , 166 
[C S] , 166 
[Al C] , 162 
[S Li] , 229 
[S Cl] , 162 
[Al Li] , 139 
[P Si] , 129 
[Al Si] , 123 
[Mg Na] , 123 
[Li Si] , 225 
[Mg S] , 148 
[N Al] , 123 
[Li F] , 164 
[Mg H] , 155 
[Si Al] , 160 
[P Si] , 123 
[Cl C] , 148 
[Al Mg] , 221 
RANKING VECTORS ENTHALPIES
0:[-429.27289557 -429.2343124  -428.79565384 -428.76561516 -428.72725589 -428.71989256 -428.69882886 -428.68284981 -428.67267212 -428.54302006 -428.51434017 -428.3679554  -428.36135232 -428.22983541 -428.09418826 -428.04483063 -427.94048826 -427.91298543 -427.90618227 -427.90603561 -427.69087715 -427.68941786 -427.61399476 -427.58880125 -427.55322601] 
1:[-1330.70400465 -1330.69428759 -1330.64348622 -1330.64244349 -1330.63708627 -1330.63594472 -1330.625101   -1330.6211137 -1330.6205264  -1330.6199217  -1330.61603075 -1330.60901832 -1330.60853314 -1330.60815083 -1330.60798485 -1330.58181655 -1330.57340647 -1330.46431638 -1330.42651836 -1330.42304975 -1330.36455805 -1330.35621326 -1330.34561359 -1329.60613275 -1329.37331569] 
2:[-165.9482788  -165.91889146 -165.90593794 -165.90449    -165.90297259 -165.78534527 -165.77887254 -165.68214068 -165.67043641 -165.66526893 -165.66163672 -165.66014748 -165.64714659 -165.61817396 -165.61710757 -165.56675894 -165.55956505 -165.51997233 -165.46585803 -165.46411489 -165.46384268 -165.45426541 -165.27305352 -164.79388379 -164.51807202] 
3:[-191.29072715 -190.55869245 -190.53495334 -189.83621984 -189.69166259 -189.66686882 -189.49160386 -189.48676369 -189.48515608 -189.48211102 -189.4015662  -189.06199626 -189.02584049 -189.01644647 -189.01165686 -188.94823819 -188.61736497 -188.30046057 -187.39716059 -187.21166861 -187.21041351 -187.18813091 -187.17328585 -186.82973229 -186.82965859] 
4:[-86.67091917 -86.65930123 -86.6149592  -86.61074178 -86.609474 -86.56583842 -86.56473581 -86.56391733 -86.52793036 -86.41475129 -86.39752406 -86.38974072 -86.38865814 -86.36579098 -86.35697291 -86.35546641 -86.3488423  -86.34426322 -86.33703877 -86.2819966 -85.94929485 -85.86577579 -85.86526253 -85.85678184 -85.81903466] 
5:[-942.85908825 -942.79169909 -942.7786185  -942.772712   -942.76015068 -942.74556862 -942.7250406  -942.72260187 -942.69957906 -942.69530885 -942.68619901 -942.65605319 -942.65464287 -942.6516418  -942.64816544 -942.6360756  -942.62528474 -942.62222065 -942.48277822 -942.42072054 -942.36792285 -942.33245968 -942.30085261 -941.58645058 -941.21736963] 
6:[-169.76996461 -169.76405682 -169.74818401 -169.43714253 -169.43632852 -169.02165478 -168.72374714 -168.51769677 -168.10618804 -168.05743871 -168.05682664 -168.00007495 -167.90499962 -167.89394641 -167.82121188 -167.48574974 -167.34532864 -167.3034137  -167.29112955 -167.28588911 -167.28029242 -167.27717482 -167.27667057 -166.90199953 -166.42897181] 
7:[-125.19792927 -125.17277975 -124.45456334 -124.21715901 -124.21655826 -124.21652253 -124.21594925 -123.45267814 -123.33939737 -123.22663703 -123.00110776 -122.95583022 -122.87409753 -122.7756678  -122.73878149 -122.68399822 -122.64612512 -122.61676182 -122.30092518 -121.83437994 -121.82661887 -121.82440824 -121.81921982 -121.76795452 -121.76792603] 
8:[-195.20624087 -195.17149542 -194.66208726 -194.46374091 -194.43420199 -194.38020808 -194.33187187 -194.23778896 -193.4834569  -193.30073888 -193.27144969 -193.22349396 -193.20233743 -193.17678643 -193.04047797 -193.0398457  -192.85482633 -192.41934815 -192.33500019 -191.95730188 -191.92123127 -191.88269501 -191.8798767  -191.55171199 -191.52543872] 
9:[-84.59368969 -84.57879383 -84.57304623 -84.50067654 -84.47116528 -84.42685207 -84.35115031 -84.25574231 -84.24570889 -84.20486689 -84.1580825  -83.93850152 -83.8649159  -83.73904683 -83.60594299 -83.60114786 -83.59323558 -83.55947645 -83.47636502 -83.39273749 -83.35220714 -83.23801285 -83.16821147 -82.98674264 -81.57534817] 
10:[-270.37968927 -270.34518149 -270.3425697  -270.28223041 -270.21601027 -270.21449551 -270.0330425  -270.01050849 -269.99605119 -269.98727156 -269.95318054 -269.94683768 -269.89346554 -269.87190889 -269.864437 -269.85207901 -269.84696371 -269.84256108 -269.83543138 -269.81857014 -269.78577653 -269.6152976  -269.5506582  -269.50989857 -269.39120792] 
11:[-331.5686082  -331.55634343 -331.50494026 -331.4982846  -331.49354313 -331.47570654 -331.45073337 -331.42433482 -331.30616251 -331.27315089 -331.23913472 -331.23364429 -331.22921834 -331.22871901 -331.20258495 -331.1865611  -331.15938525 -331.14099495 -331.12030104 -331.11596376 -331.09791778 -331.0370708  -330.58369684 -330.5674906  -330.46560032] 
12:[-92.29024338 -92.28423764 -92.28336024 -92.28317136 -92.28301491 -92.26962873 -92.26291992 -92.24541177 -92.23481634 -92.21038372 -92.2073731  -92.16974941 -92.00692155 -91.99083409 -91.96417654 -91.91339293 -91.8903744  -91.86802207 -91.58102874 -91.51577457 -91.46201256 -91.24149285 -91.22799012 -91.07682    -91.04945523] 
13:[-165.9482788  -165.91889146 -165.90593794 -165.90449    -165.90297259 -165.78534527 -165.77887254 -165.68214068 -165.67043641 -165.66526893 -165.66163672 -165.66014748 -165.64714659 -165.61817396 -165.61710757 -165.56675894 -165.55956505 -165.51997233 -165.46585803 -165.46411489 -165.46384268 -165.45426541 -165.27305352 -164.79388379 -164.51807202] 
14:[-71.84434806 -71.83815342 -71.83542287 -71.83516678 -71.83479034 -71.83450064 -71.81837213 -71.81273562 -71.79381513 -71.70424628 -71.68430098 -71.6837492  -71.63975588 -71.54741512 -71.49123905 -71.48668502 -71.44263092 -71.2340519  -71.15801631 -71.00083169 -70.99724179 -70.9227427  -70.88596908 -70.36275623 -69.86959925] 
15:[-1517.10091202 -1517.07162933 -1517.06981579 -1517.0635422 -1517.06200832 -1517.06128184 -1517.05101522 -1517.03358123 -1517.02254803 -1517.01066947 -1517.01045796 -1517.00580046 -1516.97834003 -1516.87538216 -1516.87497531 -1516.7712788 -1516.73513248 -1516.64736519 -1516.44976196 -1516.42429093 -1516.40423398 -1516.39463987 -1516.37040863 -1515.52749828 -1515.45021132] 
16:[-172.68092259 -172.67458573 -172.67443567 -172.55098714 -172.54107564 -172.44853746 -172.444421   -172.44338869 -172.4431447  -172.44253744 -172.36342444 -172.33835839 -172.32703105 -172.20572971 -172.1862067 -172.13676391 -172.12652501 -172.04911136 -172.0049666  -171.99146227 -171.96139244 -171.91543519 -171.88781185 -171.76808615 -171.04704737] 
17:[-1282.3295316  -1282.3208664  -1282.12315244 -1282.09949894 -1282.06040634 -1282.05595317 -1282.04412159 -1282.02990566 -1282.02743917 -1282.02743609 -1282.00461287 -1281.96176126 -1281.83828583 -1281.82088047 -1281.75439705 -1281.74695101 -1281.6541275  -1281.64860621 -1281.59821427 -1281.52898857 -1281.51124407 -1281.24805145 -1281.19548219 -1281.13837862 -1280.7614752 ] 
18:[-224.75540966 -224.6997954  -224.3298202  -224.19405034 -224.0554215 -224.04269714 -223.96876668 -223.92201209 -223.85750571 -223.70390856 -223.62768226 -223.56486899 -223.52379762 -223.51106916 -223.37424029 -223.17879112 -223.16883911 -223.15568956 -223.11106422 -223.07407668 -223.06971109 -223.06765853 -222.9903809  -222.91549982 -222.90437406] 
19:[-312.4826296  -312.45335959 -312.44760474 -312.44502013 -312.44494981 -312.41926303 -312.4116014  -312.41138401 -312.38068131 -312.37120772 -312.35097429 -312.33813705 -312.32637294 -312.03720945 -312.03580255 -312.0345     -312.02473431 -312.02161285 -312.0161118  -311.74363775 -311.72237814 -311.59446282 -311.5530651  -311.46278287 -311.43842553] 
20:[-1211.54666993 -1211.53168111 -1211.52977445 -1211.50547656 -1211.50114062 -1211.49895995 -1211.480005   -1211.35452137 -1211.34614882 -1211.32546969 -1211.30681334 -1211.24478338 -1211.22452321 -1211.09667089 -1210.85508297 -1210.80503875 -1210.78834578 -1210.78057592 -1210.78033472 -1210.76917184 -1210.7669407  -1210.72362742 -1210.47238527 -1210.33050217 -1210.07238062] 
21:[-97.8565135  -97.85376751 -97.85363967 -97.85349167 -97.85309406 -97.84715539 -97.84208144 -97.84088485 -97.80747055 -97.77912859 -97.77026823 -97.70240557 -97.67800107 -97.59421179 -97.58505 -97.5847854  -97.46973726 -97.46940599 -97.3119406  -97.28700981 -97.28412031 -97.2422899  -96.59828906 -96.55498829 -95.76269241] 
22:[-165.9482788  -165.91889146 -165.90593794 -165.90449    -165.90297259 -165.78534527 -165.77887254 -165.68214068 -165.67043641 -165.66526893 -165.66163672 -165.66014748 -165.64714659 -165.61817396 -165.61710757 -165.56675894 -165.55956505 -165.51997233 -165.46585803 -165.46411489 -165.46384268 -165.45426541 -165.27305352 -164.79388379 -164.51807202] 
23:[-370.93252447 -370.57384028 -370.56148545 -370.52237263 -370.05913414 -370.02499661 -370.00714368 -369.98352521 -369.9484464  -369.80613388 -369.79831989 -369.79036492 -369.74696062 -369.70221547 -369.4043354 -369.18513547 -369.1697682  -369.15486897 -369.1050351  -369.02201677 -369.01756217 -368.99302908 -368.99302643 -368.98962337 -368.53570618] 
24:[-446.69015082 -446.68993484 -446.68962113 -446.67529853 -446.6749006 -446.66458681 -446.654316   -446.64727334 -446.61365646 -446.57758782 -446.57131811 -446.56135664 -446.40745922 -446.36280252 -446.24319599 -446.22653542 -446.20106038 -445.9146533  -445.9034619  -445.7526503 -445.58196458 -445.55799907 -445.54820186 -445.03313198 -444.25895227] 
RANKING VECTORS IDX
0:[ 0. 18. 13.  9. 11.  2. 22. 21. 10.  3. 17. 20. 19. 23.  1. 12.  7.  4. 14. 15. 24.  5. 16.  6.  8.] 
1:[13. 19. 15.  3.  1.  8. 17.  7. 12. 16.  4. 14. 21. 24.  5. 20. 23. 11.  6.  2. 22.  9. 10.  0. 18.] 
2:[21.  2. 13. 10. 22.  8. 19.  1. 15. 14.  4. 12. 23. 16. 17.  7. 20. 11. 24.  5.  9.  6.  3.  0. 18.] 
3:[ 3.  7.  8. 23.  4. 17. 20.  9.  6. 21. 11. 13.  2. 10.  0. 22. 19. 18.  1. 14. 15. 12. 16. 24.  5.] 
4:[17. 23. 20.  4. 13.  9.  3. 19.  1. 12.  2. 11. 16. 24. 14. 21. 18. 15.  5.  0. 10.  8. 22.  7.  6.] 
5:[ 7.  3. 13. 19. 14. 15.  8.  1. 16.  4. 12. 17.  5. 21. 23. 24.  6. 11.  9.  2. 20. 10. 22.  0. 18.] 
6:[ 6. 11. 17.  7.  8.  3. 23.  2. 19. 13.  9.  4. 20. 21.  1.  0. 22. 12. 24. 14. 10.  5. 15. 16. 18.] 
7:[ 7.  8. 23.  3.  6. 11.  9.  2. 20. 17. 13.  4.  1. 21. 10. 22. 19.  0. 18. 12. 15. 14. 16.  5. 24.] 
8:[ 7.  8.  3.  6.  9. 17. 11. 23. 13. 10. 21.  2. 22. 20. 19.  4. 18.  0.  1. 16. 12. 14. 15.  5. 24.] 
9:[17.  9. 11. 13. 19.  2. 20.  8.  3.  7.  1. 18. 23. 12. 15. 14. 21. 24.  5.  4.  0. 16. 22. 10.  6.] 
10:[10. 17. 21. 22. 13.  2. 14. 15.  1. 23.  4. 12. 20.  7.  8. 11.  9. 19. 24.  5. 16.  6. 18.  3.  0.] 
11:[11.  9. 19.  7.  8.  6. 23. 17.  1. 21.  4.  2. 12. 13. 14. 16. 15. 22. 10. 20. 24.  5.  3.  0. 18.] 
12:[13. 17. 21. 14. 24.  5. 15. 12.  1. 19. 16.  4.  3. 23. 11.  9. 20.  8.  2.  6.  7. 10. 22.  0. 18.] 
13:[21.  2. 13. 10. 22.  8. 19.  1. 15. 14.  4. 12. 23. 16. 17.  7. 20. 11. 24.  5.  9.  6.  3.  0. 18.] 
14:[12. 15. 14. 21. 24.  5. 17.  1. 19. 13. 16.  3.  4. 23.  9.  8. 11. 20.  7.  2.  6. 22. 10.  0. 18.] 
15:[13.  4. 12.  1. 19. 16. 14. 15. 17. 21. 24.  8.  5.  7. 23.  9. 11. 20.  6.  2. 10. 22.  3. 18.  0.] 
16:[16.  4. 12. 14. 15.  1. 17. 21.  5. 24. 11.  6. 23. 19. 13.  9. 20.  7.  2. 10.  3. 22.  8.  0. 18.] 
17:[ 1. 13. 17. 19. 14. 15.  9. 23. 24. 21.  5.  2. 11. 20.  4. 16. 22.  7.  3.  8. 12. 10. 18.  6.  0.] 
18:[18. 17.  0. 13. 21. 22. 10.  2. 20.  3. 11. 19.  1.  4.  9. 14. 12. 15. 23.  6.  5. 24.  7.  8. 16.] 
19:[19.  3. 13. 23. 17.  1. 11.  9. 20.  2.  8.  7. 18. 24. 14.  0. 21. 15.  5. 12. 22.  4. 16.  6. 10.] 
20:[20. 17.  9.  2. 13. 19. 11.  3. 23.  1.  8. 18.  7.  0. 12. 21.  5. 14.  4. 24. 15. 16. 22. 10.  6.] 
21:[17. 21. 14. 24.  5. 12.  1. 15. 19. 13. 16.  4. 23.  7.  8.  9.  6. 11. 20.  2. 22. 10.  3.  0. 18.] 
22:[21.  2. 13. 10. 22.  8. 19.  1. 15. 14.  4. 12. 23. 16. 17.  7. 20. 11. 24.  5.  9.  6.  3.  0. 18.] 
23:[23.  7.  8. 17.  9. 11. 13. 20.  2. 21. 19. 18.  4.  3.  1. 16. 12.  0. 15. 14. 22.  5. 24. 10.  6.] 
24:[21. 14. 24. 15. 17.  1. 12.  5. 19.  4. 16. 13.  3. 23.  9. 11.  8.  7. 20.  6.  2. 22. 10.  0. 18.] 
POSCARS
EA193   2.487  2.490  5.228 90.00 89.91 119.91 Sym.group:  187
1.0
   2.4873400000000001   -0.0044590000000000   -0.0142020000000000
  -1.2379819999999999    2.1608250000000000   -0.0001040000000000
   0.0380280000000000    0.0216920000000000    5.2280379999999997
O Be
3 1
direct
   0.6637100000000000    0.2912760000000000    0.8361680000000000 O
   0.3303410000000000    0.6277410000000000    0.2212700000000000 O
   0.6643740000000000    0.2915900000000000    0.6065220000000000 O
   0.9970950000000000    0.9617520000000001    0.2222290000000000 Be
EA118   2.968  2.965  6.243 90.00 89.91 90.07 Sym.group:  123
1.0
   2.9681750000000000    0.0005150000000000   -0.0120780000000000
  -0.0041840000000000    2.9654929999999999   -0.0011710000000000
   0.0349160000000000    0.0023020000000000    6.2425139999999999
Na Mg
3 1
direct
   0.9999800000000000    0.9970840000000000    0.5025140000000000 Na
   0.4992660000000000    0.4974060000000000    0.2638810000000000 Na
   0.5006540000000000    0.4969220000000000    0.7414849999999999 Na
   0.9998780000000000    0.9972120000000000    0.0026170000000000 Mg
EA254   8.979  3.208  3.208 90.00 90.00 90.00 Sym.group:  139
1.0
   8.9778990000000007   -0.0210800000000000    0.1612760000000000
   0.0075610000000000    3.2084350000000001    0.0078890000000000
  -0.0574200000000000   -0.0076740000000000    3.2078350000000002
P Si
6 2
direct
   0.9959240000000000    0.0006480000000000    0.6254990000000000 P
   0.9981870000000000    0.5007260000000000    0.1264080000000000 P
   0.4981660000000000    0.0007590000000000    0.6267880000000000 P
   0.7470720000000000    0.5003520000000000    0.1226110000000000 P
   0.2470370000000000    0.0005580000000000    0.6270460000000000 P
   0.4959460000000000    0.5007290000000000    0.1277360000000000 P
   0.2470680000000000    0.5005550000000000    0.1269450000000000 Si
   0.7470440000000000    0.0003620000000000    0.6228669999999999 Si
EA95    2.373  2.373  8.911 82.47 89.97 119.99 Sym.group:  160
1.0
   2.3725350000000001   -0.0336700000000000   -0.0071800000000000
  -1.1565369999999999    2.0716329999999998    0.0160510000000000
   0.0489850000000000    1.2963789999999999    8.8161459999999998
C N
6 2
direct
   0.5548920000000001    0.7312220000000000    0.4105940000000000 C
   0.6111420000000000    0.8435170000000000    0.2390030000000000 C
   0.7067110000000000    0.0331810000000000    0.9501900000000000 C
   0.2970490000000000    0.2150450000000000    0.1809280000000000 C
   0.3541080000000000    0.3281690000000000    0.0085820000000000 C
   0.7642800000000000    0.1480480000000000    0.7752320000000000 C
   0.8702280000000000    0.3620270000000000    0.4650060000000000 N
   0.4491640000000000    0.5177619999999999    0.7201100000000000 N
EA186   3.504  3.501  3.504 109.09 109.12 70.91 Sym.group:  166
1.0
   3.5032969999999999    0.0440030000000000   -0.0319580000000000
   1.1028420000000001    3.3221720000000001   -0.0318940000000000
  -1.1081960000000000   -0.8085170000000000    3.2239810000000002
Si H
3 1
direct
   0.2281920000000000    0.9756089999999999    0.7083220000000000 Si
   0.9345180000000000    0.6828610000000001    0.0007900000000000 Si
   0.6420480000000000    0.3901260000000000    0.2944580000000000 Si
   0.4274450000000000    0.1829280000000000    0.4937710000000000 H
EA117   3.779  3.778  3.779 89.97 90.06 89.96 Sym.group:  221
1.0
   3.7785720000000000    0.0084540000000000   -0.0104070000000000
  -0.0055080000000000    3.7778160000000001    0.0060110000000000
   0.0067080000000000   -0.0038960000000000    3.7787590000000000
Na Al
3 1
direct
   0.2554780000000000    0.6913629999999999    0.2840360000000000 Na
   0.7544060000000000    0.6911010000000000    0.7840410000000000 Na
   0.7544070000000000    0.1930780000000000    0.2843860000000000 Na
   0.2539810000000000    0.1906760000000000    0.7840560000000000 Al
EA186   4.245  3.021  4.245 89.96 60.01 89.95 Sym.group:  191
1.0
   2.1235430000000002    0.0167520000000000   -3.6756419999999999
   0.0472770000000000    3.0201389999999999    0.0378630000000000
   4.2445349999999999   -0.0632660000000000    0.0010660000000000
C Li
6 2
direct
   0.3318190000000000    0.0048540000000000    0.6188260000000000 C
   0.3317940000000000    0.0048310000000000    0.2870890000000000 C
   0.0000340000000000    0.0047700000000000    0.2870630000000000 C
   0.6682450000000000    0.0047680000000000    0.6188540000000000 C
   0.0000070000000000    0.0048500000000000    0.9506380000000000 C
   0.6682700000000000    0.0048100000000000    0.9506110000000000 C
   0.6666960000000000    0.5048100000000000    0.2855350000000000 Li
   0.3333530000000000    0.5048190000000000    0.9521630000000000 Li
EA388   2.442  2.441  7.519 80.69 89.98 120.00 Sym.group:  166
1.0
   2.4415070000000001   -0.0014230000000000    0.0000090000000000
  -1.2194659999999999    2.1151059999999999    0.0013180000000000
   0.0036320000000000    1.4018969999999999    7.3867339999999997
C H
6 2
direct
   0.6888590000000000    0.8923990000000001    0.4183610000000000 C
   0.0436120000000000    0.6018510000000000    0.3540340000000000 C
   0.1972540000000000    0.9105150000000000    0.8925380000000001 C
   0.8424400000000000    0.2010090000000000    0.9568640000000000 C
   0.6214240000000000    0.7576550000000000    0.6217480000000000 C
   0.2656230000000000    0.0461570000000000    0.6891530000000000 C
   0.0925950000000000    0.6991190000000000    0.2084280000000000 H
   0.7941610000000000    0.1044490000000000    0.1024720000000000 H
EA253   2.449  2.461 10.419 96.72 96.70 60.75 Sym.group:  166
1.0
   1.2800060000000000    2.0878540000000001    0.0093590000000000
  -1.2022320000000000    2.1473490000000002    0.0245600000000000
   0.0365320000000000   -1.4941640000000000   10.3115299999999994
C S
6 2
direct
   0.0697190000000000    0.3043280000000000    0.4846960000000000 C
   0.2155190000000000    0.4531080000000000    0.9182300000000000 C
   0.8660390000000000    0.1033890000000000    0.8713180000000000 C
   0.8174360000000001    0.0539610000000000    0.7252950000000000 C
   0.4679800000000000    0.7035160000000000    0.6776300000000000 C
   0.4192400000000000    0.6540540000000000    0.5316080000000000 C
   0.2722760000000000    0.5122130000000000    0.0902550000000000 S
   0.0122220000000000    0.2450630000000000    0.3126720000000000 S
EA405   4.641  4.641  4.404 89.99 90.01 60.00 Sym.group:  162
1.0
   4.6413539999999998    0.0029850000000000   -0.0006960000000000
   2.3178679999999998    4.0211470000000000   -0.0004110000000000
  -0.0002600000000000    0.0015640000000000    4.4037080000000000
Al C
6 2
direct
   0.3252040000000000    0.6731239999999999    0.2364970000000000 Al
   0.9996640000000000    0.3246960000000000    0.2360260000000000 Al
   0.6736180000000001    0.9986400000000000    0.2360110000000000 Al
   0.3262590000000000    0.9981570000000000    0.7548660000000000 Al
   0.0001940000000000    0.6720750000000000    0.7548560000000000 Al
   0.6746880000000000    0.3236370000000000    0.7543380000000000 Al
   0.3332510000000000    0.3317300000000000    0.4954190000000000 C
   0.6665970000000000    0.6650779999999999    0.4954430000000000 C
EA6     3.853  3.852  3.853 109.46 109.48 109.46 Sym.group:  229
1.0
   3.8525220000000000   -0.0087600000000000   -0.0092680000000000
  -1.2750619999999999    3.6347939999999999   -0.0060750000000000
  -1.2813500000000000   -1.8047100000000000    3.1533329999999999
S Li
3 1
direct
   0.8762550000000000    0.3775450000000000    0.8753350000000000 S
   0.8765030000000000    0.8773590000000000    0.3752980000000000 S
   0.3763370000000000    0.8773690000000000    0.8753400000000000 S
   0.3765350000000000    0.3778190000000000    0.3754550000000000 Li
EA10    6.277  6.261  3.017 89.78 89.91 119.42 Sym.group:  162
1.0
   6.2771420000000004    0.0051010000000000    0.0010780000000000
  -3.0795029999999999    5.4508450000000002   -0.0025160000000000
   0.0043460000000000    0.0173220000000000    3.0167220000000001
S Cl
6 2
direct
   0.0052370000000000    0.7161200000000000    0.1596360000000000 S
   0.2856130000000000    0.9971670000000000    0.8429150000000000 S
   0.2830900000000000    0.2805870000000000    0.1550340000000000 S
   0.0011910000000000    0.2836330000000000    0.8412310000000000 S
   0.7208710000000000    0.0026590000000000    0.1582200000000000 S
   0.7233140000000000    0.7192170000000000    0.8460250000000000 S
   0.3400640000000000    0.6651760000000000    0.5004800000000000 Cl
   0.6663070000000000    0.3346740000000000    0.5003850000000000 Cl
EA177   4.251  4.252  5.159 90.00 90.00 75.05 Sym.group:  139
1.0
   4.2154579999999999    0.5472930000000000   -0.0052450000000000
   0.5589560000000000    4.2148469999999998    0.0066010000000000
   0.0078940000000000   -0.0094680000000000    5.1587009999999998
Al Li
6 2
direct
   0.0010910000000000    0.4990050000000000    0.7501610000000000 Al
   0.0011200000000000    0.4990300000000000    0.2504570000000000 Al
   0.5013290000000000    0.9987460000000000    0.7504430000000000 Al
   0.5013069999999999    0.9987150000000000    0.2501470000000000 Al
   0.5013890000000000    0.4983640000000000    0.0002660000000000 Al
   0.0010260000000000    0.9993800000000000    0.5003410000000000 Al
   0.5003830000000000    0.4998140000000000    0.4999400000000000 Li
   0.0020690000000000    0.9979560000000000    0.0006490000000000 Li
EA286   9.011  3.200  3.199 90.00 90.02 90.04 Sym.group:  129
1.0
   8.9981510000000000   -0.4793360000000000   -0.0031880000000000
   0.1682160000000000    3.1953170000000002    0.0000640000000000
  -0.0000550000000000   -0.0002810000000000    3.1992720000000001
P Si
6 2
direct
   0.3228800000000000    0.4062430000000000    0.5434380000000000 P
   0.8210080000000000    0.9064200000000000    0.0431350000000000 P
   0.5734860000000001    0.4063210000000000    0.5426870000000000 P
   0.5710850000000000    0.9062560000000000    0.0428980000000000 P
   0.8234060000000000    0.4064910000000000    0.5429540000000000 P
   0.0716080000000000    0.9065130000000000    0.0425200000000000 P
   0.0722600000000000    0.4066470000000000    0.5425270000000000 Si
   0.3222290000000000    0.9061090000000001    0.0434160000000000 Si
EA198   3.656  3.657  3.458 90.00 90.00 90.00 Sym.group:  123
1.0
   3.6553079999999998    0.0008300000000000   -0.0552610000000000
  -0.0007190000000000    3.6573180000000001    0.0090670000000000
   0.0522590000000000   -0.0086020000000000    3.4578419999999999
Al Si
3 1
direct
   0.3193290000000000    0.4019020000000000    0.8863200000000000 Al
   0.8192900000000000    0.4020560000000000    0.3863060000000000 Al
   0.3192610000000000    0.9019900000000000    0.3863200000000000 Al
   0.8193150000000000    0.9017750000000000    0.8863060000000000 Si
EA110   5.547  5.548  3.591 90.00 89.99 90.01 Sym.group:  123
1.0
   5.5473450000000000    0.0195260000000000    0.0119280000000000
  -0.0201120000000000    5.5482909999999999   -0.0033120000000000
  -0.0068280000000000    0.0019650000000000    3.5909749999999998
Mg Na
6 2
direct
   0.0064400000000000    0.2477770000000000    0.9991570000000000 Mg
   0.5067440000000000    0.7474720000000000    0.9991770000000000 Mg
   0.2569850000000000    0.4978090000000000    0.4991600000000000 Mg
   0.7568600000000000    0.4973330000000000    0.4991590000000000 Mg
   0.7564130000000000    0.9972630000000000    0.4991570000000000 Mg
   0.2562590000000000    0.9979120000000000    0.4991340000000000 Mg
   0.5064990000000000    0.2473100000000000    0.9991560000000000 Na
   0.0068950000000000    0.7475880000000000    0.9991000000000000 Na
EA28    3.597  6.311  3.657 88.97 60.55 73.45 Sym.group:  225
1.0
   1.8077070000000000    0.4377700000000000    3.0783909999999999
   1.8470290000000000    6.0324150000000003    0.1577050000000000
  -1.8473470000000001    0.5534210000000001    3.1066460000000000
Li Si
6 2
direct
   0.8810890000000000    0.9373170000000000    0.8096800000000000 Li
   0.8806010000000000    0.4373940000000000    0.3089500000000000 Li
   0.1309080000000000    0.5611960000000000    0.6849890000000000 Li
   0.1315640000000000    0.0613750000000000    0.1842660000000000 Li
   0.3815370000000000    0.6852070000000000    0.0605880000000000 Li
   0.3818720000000000    0.1852070000000000    0.5591090000000000 Li
   0.6312750000000000    0.8112870000000000    0.4351710000000000 Si
   0.6312460000000000    0.3113000000000000    0.9339990000000000 Si
EA72    5.184  5.184  5.459 117.48 62.16 119.40 Sym.group:  148
1.0
   5.1834069999999999    0.0202250000000000    0.0387030000000000
  -2.5627909999999998    4.5066660000000001   -0.0064280000000000
   2.5204930000000001   -1.4579130000000000    4.6171790000000001
Mg S
6 2
direct
   0.9079640000000000    0.8987520000000000    0.4647820000000000 Mg
   0.5962160000000000    0.6026650000000000    0.0352470000000000 Mg
   0.5263220000000000    0.0994040000000000    0.4750460000000000 Mg
   0.9778840000000000    0.4021800000000000    0.0248660000000000 Mg
   0.0945560000000000    0.4710040000000000    0.4755280000000000 Mg
   0.4095520000000000    0.0306020000000000    0.0244910000000000 Mg
   0.0570620000000000    0.9409800000000000    0.8283430000000001 S
   0.4469920000000000    0.5606310000000000    0.6717919999999999 S
EA82    2.575  2.610  4.900 90.44 90.73 90.00 Sym.group:  123
1.0
   2.5752860000000002   -0.0004130000000000    0.0039580000000000
   0.0004330000000000    2.6095799999999998   -0.0000060000000000
  -0.0700260000000000   -0.0377300000000000    4.8991009999999999
N Al
3 1
direct
   0.8702320000000000    0.8723020000000000    0.9903480000000000 N
   0.3720030000000000    0.3745410000000000    0.3772520000000000 N
   0.8736429999999999    0.8746610000000000    0.7641310000000000 N
   0.8720030000000000    0.8745570000000000    0.3772450000000000 Al
EA382   2.412  2.411  5.893 89.97 89.94 60.02 Sym.group:  164
1.0
   2.4118330000000001    0.0019890000000000   -0.0172000000000000
   1.2034060000000000    2.0897450000000002   -0.0063690000000000
   0.0480060000000000   -0.0058650000000000    5.8925070000000002
Li F
3 1
direct
   0.0618530000000000    0.5995910000000000    0.3879580000000000 Li
   0.7306830000000000    0.2640320000000000    0.0707600000000000 Li
   0.3985900000000000    0.9307420000000000    0.7050950000000000 Li
   0.0647430000000000    0.5974680000000000    0.8879160000000000 F
EA117   5.139  4.753  4.750 119.96 62.48 117.53 Sym.group:  155
1.0
   2.9475129999999998   -2.3496320000000002    3.4931109999999999
  -0.0164260000000000    4.7534140000000003   -0.0210150000000000
  -2.1922530000000000   -2.3643489999999998    3.4881959999999999
Mg H
6 2
direct
   0.2129970000000000    0.2512070000000000    0.6587990000000000 Mg
   0.7132400000000000    0.7405920000000000    0.8167900000000000 Mg
   0.2133730000000000    0.9131110000000000    0.9896620000000000 Mg
   0.2129670000000000    0.5820800000000000    0.3281720000000000 Mg
   0.7131250000000000    0.4238000000000000    0.1581220000000000 Mg
   0.7129860000000000    0.0820470000000000    0.4996440000000000 Mg
   0.4733820000000000    0.0019890000000000    0.2381270000000000 H
   0.9527960000000000    0.1623410000000000    0.0784630000000000 H
EA41    3.627  3.629  3.629 99.11 80.97 80.98 Sym.group:  160
1.0
   3.6270259999999999    0.0014270000000000    0.0012190000000000
   0.5674890000000000    3.5843349999999998    0.0012870000000000
   0.5689570000000000   -0.6731830000000000    3.5207269999999999
Si Al
3 1
direct
   0.3711660000000000    0.1538180000000000    0.5700539999999999 Si
   0.8188900000000000    0.1577790000000000    0.0203730000000000 Si
   0.3703620000000000    0.7074470000000000    0.0167630000000000 Si
   0.8887870000000000    0.6420270000000000    0.5054900000000000 Al
EA79    3.220  3.220  4.486 88.98 90.87 90.05 Sym.group:  123
1.0
   3.2199049999999998    0.0293950000000000    0.0354640000000000
  -0.0316260000000000    3.2194669999999999   -0.0432630000000000
  -0.1189550000000000    0.1390870000000000    4.4818020000000001
P Si
3 1
direct
   0.7979940000000000    0.5007340000000000    0.8683130000000000 P
   0.2945930000000000    0.0038410000000000    0.3675610000000000 P
   0.2991380000000000    0.9994350000000000    0.8673410000000000 P
   0.7946010000000000    0.5037080000000000    0.3680920000000000 Si
EA44    4.830  5.537  4.828 115.81 119.98 90.04 Sym.group:  148
1.0
   4.8291860000000000   -0.0601380000000000   -0.0206400000000000
   0.0264990000000000    3.8230400000000002   -4.0048360000000001
  -2.3807710000000002    1.1911360000000000    4.0273709999999996
Cl C
6 2
direct
   0.6646080000000000    0.3231730000000000    0.0836850000000000 Cl
   0.9985470000000000    0.3231320000000000    0.7401190000000000 Cl
   0.8334400000000000    0.8380190000000000    0.0861720000000000 Cl
   0.5107230000000000    0.8381200000000000    0.4201660000000000 Cl
   0.1768910000000000    0.8381630000000000    0.7638400000000000 Cl
   0.3419100000000000    0.3232780000000000    0.4177780000000000 Cl
   0.1400170000000000    0.7372800000000000    0.3562590000000000 C
   0.0353540000000000    0.4240060000000000    0.1476720000000000 C
EA27    5.199  5.199  5.198 90.23 119.94 119.79 Sym.group:  221
1.0
   5.1961139999999997   -0.1626340000000000    0.0358440000000000
  -2.4738859999999998    2.7106680000000001   -3.6819389999999999
  -2.5381490000000002    2.6473810000000002    3.6838940000000000
Al Mg
6 2
direct
   0.2527550000000000    0.1257330000000000    0.5020970000000000 Al
   0.7527690000000000    0.6257790000000000    0.5021580000000000 Al
   0.2527910000000000    0.6257600000000000    0.5021620000000000 Al
   0.7527910000000000    0.1256950000000000    0.0021050000000000 Al
   0.2527530000000000    0.1257050000000000    0.0021000000000000 Al
   0.2528040000000000    0.6257260000000000    0.0021480000000000 Al
   0.7527600000000000    0.1257660000000000    0.5020820000000000 Mg
   0.7527650000000000    0.6256420000000000    0.0021430000000000 Mg
