NUMBER OF TEMPLATES 25
COMPOSITION A 1 B
pairs , SPACEGROUPS 
[Al Li] , 123 
[Mg Na] , 123 
[N P] , 131 
[Be S] , 119 
[B N] , 216 
[C P] , 164 
[Mg S] , 225 
[H Mg] , 129 
[Be Li] , 129 
[P Si] , 225 
[Al Si] , 141 
[F P] , 129 
[Mg N] , 187 
[B Li] , 166 
[Na S] , 123 
[Li N] , 139 
[Be O] , 186 
[C Li] , 160 
[B N] , 186 
[S Si] , 166 
[Cl P] , 129 
[H Na] , 225 
[Al Mg] , 123 
[F Li] , 194 
[Cl O] , 139 
RANKING VECTORS ENTHALPIES
0:[-125.94413702 -125.94373683 -125.94218317 -125.93906097 -125.8724465 -125.87158525 -125.850424   -125.8439578  -125.81035013 -125.77927415 -125.73298376 -125.68996082 -125.56979083 -125.54258702 -125.50940966 -125.50731015 -125.47564581 -125.43745325 -125.32528498 -125.22279407 -125.04592183 -125.02622108 -125.02605891 -124.27196996 -123.56731656] 
1:[-1423.89980148 -1423.8843263  -1423.88267893 -1423.87493324 -1423.87457655 -1423.86981048 -1423.86204159 -1423.83211593 -1423.82266465 -1423.79214631 -1423.78748509 -1423.78682871 -1423.78575893 -1423.78508041 -1423.78333203 -1423.78108987 -1423.77843157 -1423.58834835 -1423.55776562 -1423.40987571 -1423.2631707  -1423.24435189 -1423.23196077 -1423.06271262 -1422.003897  ] 
2:[-232.17857727 -231.90450186 -231.82183411 -231.81918944 -231.75722977 -231.70205026 -231.69849889 -231.66924464 -231.63302658 -231.63293347 -231.35799593 -231.31677125 -231.27653858 -231.26656212 -231.26268428 -231.2624685  -231.21350572 -231.15118176 -231.09291307 -230.86352104 -230.76849375 -230.75719425 -230.75329324 -230.75107134 -230.66424565] 
3:[-337.14753937 -337.14667518 -337.13776611 -337.13729757 -337.13003911 -337.0831528  -337.08214636 -337.06489338 -337.06396473 -337.04393497 -336.8660546  -336.66981769 -336.57523189 -336.48490473 -336.47536603 -336.35941019 -336.25213924 -336.22647834 -336.22370177 -336.2048109 -336.19625175 -336.19229182 -335.91715491 -335.84089542 -335.81280788] 
4:[-180.52731906 -180.52723124 -180.52289577 -180.50580575 -180.50579788 -179.99776052 -179.99221543 -179.33535871 -178.93334982 -178.92488791 -178.92392455 -178.90300743 -178.9029461  -178.59336397 -178.5750976 -178.55009471 -178.23999292 -178.19039967 -178.05633114 -177.80755167 -177.79686526 -176.74972407 -176.74287789 -176.73955133 -176.10432759] 
5:[-172.41373787 -172.39125899 -172.36247401 -172.35015304 -172.34878062 -172.33467788 -172.31737267 -172.31731302 -172.31355114 -172.29138767 -172.28742973 -172.28481529 -172.19469975 -172.15315111 -172.13029842 -172.09398246 -172.07862174 -171.95696968 -171.87463138 -171.71755043 -171.43976484 -171.1838748  -171.18030443 -171.17985304 -171.17231722] 
6:[-954.7470586  -954.74573324 -954.74457196 -954.74381982 -954.74337734 -954.73969029 -954.73473844 -954.6989362  -954.36688826 -954.25151192 -954.25015495 -954.2449025  -954.2444438  -954.24155464 -954.19939131 -954.16805306 -954.12867835 -953.95649958 -953.95579819 -953.91612008 -953.63408109 -953.55400419 -953.46748682 -953.33166759 -953.1292597 ] 
7:[-812.81702982 -812.75798755 -812.75633011 -812.675353   -812.66981374 -812.66766711 -812.66755458 -812.6647923  -812.64846965 -812.61797644 -812.61583418 -812.55885957 -812.53376542 -812.5330454  -812.51591063 -812.49576351 -812.48441074 -812.48064651 -812.45367334 -812.39132907 -812.39096363 -812.39063912 -812.37810218 -812.37659293 -812.22599432] 
8:[-284.92936437 -284.89967422 -284.8986623  -284.89261871 -284.88823834 -284.88777029 -284.8859612  -284.88151252 -284.86572784 -284.85797911 -284.82414758 -284.82398775 -284.81425042 -284.80079307 -284.7974398 -284.79598278 -284.78919393 -284.74085293 -284.57450679 -284.55436418 -284.25139353 -284.10653456 -284.10059087 -284.10040824 -282.54373578] 
9:[-147.59063228 -147.5767674  -147.57664081 -147.53187419 -147.52707095 -147.49436504 -147.47943115 -147.45487904 -147.44721031 -147.44172378 -147.37842118 -147.36389486 -147.36199506 -147.34818499 -147.34708155 -147.33734552 -147.32376939 -147.30352104 -147.25171662 -147.24238721 -147.12725894 -147.09032182 -146.92429442 -146.80289086 -146.59995463] 
10:[-84.87089141 -84.86726228 -84.86345198 -84.86300363 -84.85789443 -84.85787621 -84.82090956 -84.78705158 -84.78357107 -84.78311752 -84.77054211 -84.76751268 -84.67459595 -84.67383495 -84.56314966 -84.43497148 -84.38197413 -84.27053047 -84.21749657 -84.16077056 -84.16045145 -84.13459833 -83.6040623  -83.23540123 -82.79865461] 
11:[-426.17604051 -426.17108159 -426.06556743 -426.06510903 -425.85881104 -425.85877419 -425.68493868 -425.49084414 -425.45365921 -425.44972994 -425.44968362 -425.44955625 -425.44954984 -425.4482396  -425.43585582 -425.35541996 -425.34881452 -425.3295501  -425.32798013 -424.84484463 -424.44856765 -423.97931778 -423.97538422 -423.96161717 -423.43026926] 
12:[-946.25378227 -946.02822513 -946.00371766 -946.00282769 -946.00247193 -946.00210468 -946.00172002 -945.99253406 -945.96368953 -945.91651113 -945.91171147 -945.90586414 -945.90335981 -945.90316807 -945.86738825 -945.73385722 -945.72518523 -945.65090386 -945.57720918 -945.48223467 -945.48203848 -945.13881234 -944.97975801 -944.55521549 -944.4223248 ] 
13:[-135.90449089 -135.8643729  -135.86103663 -135.49930234 -135.48720687 -135.43343764 -135.31575059 -135.31336661 -135.3120857  -135.31181832 -135.31093895 -135.21408368 -135.20570299 -135.17339898 -135.17110662 -135.16272687 -135.09881231 -135.03529021 -134.87282739 -133.92906949 -133.87603264 -133.87596793 -133.37501602 -132.6861635  -132.64263239] 
14:[-767.9053064  -767.90378383 -767.90345114 -767.90341669 -767.90269336 -767.75486274 -767.70584473 -767.65232681 -767.58820576 -767.55900083 -767.54928639 -767.45436825 -767.43356072 -767.31018833 -767.30822553 -767.30816827 -767.23717575 -767.19243405 -767.06640026 -767.04145218 -767.04126779 -766.92712717 -766.19558656 -766.19436259 -765.5583053 ] 
15:[-237.17184506 -237.15999754 -237.00136182 -236.7707081  -236.66811787 -236.47702729 -236.45560377 -236.45557977 -236.45539278 -236.45350946 -236.19763006 -236.19125753 -236.15367043 -236.11070559 -236.02489699 -235.91595197 -235.91421348 -235.91302777 -235.68860416 -235.68845081 -235.66698317 -235.62035792 -235.38014423 -235.3800719  -234.7624073 ] 
16:[-414.37379937 -414.37249339 -414.36984658 -414.36835721 -414.36681629 -414.14823056 -414.14803802 -414.1469078  -414.14660901 -414.14521096 -414.14180929 -414.07958939 -414.03802741 -413.96144578 -413.76632896 -413.76139091 -413.6939492  -413.61011704 -413.55085158 -413.36231139 -413.36055544 -412.77946772 -412.77945394 -412.77943144 -412.77941737] 
17:[-177.49934382 -177.46779915 -177.45264418 -177.41827319 -177.17357396 -176.83604664 -176.82030896 -176.81979285 -176.81660368 -176.81520264 -176.598111   -176.5975921  -176.59241071 -176.45542995 -176.45322786 -176.41554996 -176.39240179 -175.99700189 -175.50472487 -175.50466881 -175.49963529 -175.46973215 -175.09186362 -175.09183236 -174.34214144] 
18:[-180.52731906 -180.52723124 -180.52289577 -180.50580575 -180.50579788 -179.99776052 -179.99221543 -179.33535871 -178.93334982 -178.92488791 -178.92392455 -178.90300743 -178.9029461  -178.59336397 -178.5750976 -178.55009471 -178.23999292 -178.19039967 -178.05633114 -177.80755167 -177.79686526 -176.74972407 -176.74287789 -176.73955133 -176.10432759] 
19:[-203.45362754 -203.36648621 -203.34285767 -203.29602124 -203.29384947 -203.27037709 -203.27021636 -203.26651806 -203.26156158 -203.25867787 -203.25490902 -203.24103705 -203.23954316 -203.23557139 -203.08149876 -203.05099762 -203.0217416  -203.02070966 -202.96825304 -202.92963787 -202.92952007 -202.83527215 -202.68865282 -202.681428   -201.90915354] 
20:[-312.45885843 -312.45662642 -312.45643357 -312.30045302 -312.27108278 -312.22053315 -312.21920748 -312.20672173 -312.18456819 -312.13223025 -312.02489664 -312.0106937  -311.9574342  -311.85143761 -311.84735695 -311.84554943 -311.84554241 -311.79980921 -311.55587166 -311.44971539 -311.27423261 -311.27299299 -311.25634337 -310.41907151 -309.86795122] 
21:[-626.95894155 -626.95791302 -626.95290051 -626.95067465 -626.94932014 -626.90049097 -626.90031153 -626.90020374 -626.90020272 -626.89968904 -626.89847944 -626.89598973 -626.85016143 -626.83875978 -626.78021252 -626.73375392 -626.66427498 -626.66219533 -626.49993952 -626.49870588 -626.44612398 -626.43080986 -626.3783887  -626.33224241 -626.28823594] 
22:[-834.57067465 -834.56678417 -834.56563543 -834.56259031 -834.55468438 -834.54391265 -834.51773515 -834.51594779 -834.50859739 -834.50113351 -834.4751699  -834.47411788 -834.46377415 -834.45500229 -834.40332921 -834.31602413 -834.20270108 -834.15125546 -833.97886466 -833.84375057 -833.48839117 -833.48804735 -833.4631002  -832.4345404  -831.63309051] 
23:[-432.96083252 -432.96056618 -432.96044377 -432.96020383 -432.95994989 -432.95959884 -432.95262766 -432.90849909 -432.78793924 -432.72575268 -432.71830185 -432.66716714 -432.6670681  -432.6652722  -432.66430904 -432.66392818 -432.66379894 -432.64898048 -432.64218881 -432.61021596 -432.54988214 -432.51364735 -432.49284868 -432.3079571  -432.250384  ] 
24:[-442.67321871 -442.67262777 -442.64552846 -442.55701558 -442.55560891 -442.55477808 -442.52879628 -442.46634581 -442.29086382 -442.08693941 -442.02139772 -442.00674641 -442.00145809 -441.97253316 -441.97019636 -441.96833847 -441.88909256 -441.8550381  -441.84066457 -441.76080441 -441.76024897 -441.75974811 -441.75878548 -441.72250583 -440.91209907] 
RANKING VECTORS IDX
0:[ 1. 22. 14.  0. 11. 20.  8. 13. 10. 12. 23. 17.  5. 19. 15. 24. 18.  7.  3.  2.  6.  9. 21. 16.  4.] 
1:[17.  5. 19. 11. 23.  8. 20. 13. 10. 24. 18. 16.  7. 14. 22.  1.  0.  2.  3. 15. 21.  9.  6. 12.  4.] 
2:[13. 17.  5. 19.  7. 15. 24.  8. 18. 16.  3. 10.  6. 23.  9. 21. 11. 12.  2. 20. 14.  0. 22.  1.  4.] 
3:[ 4.  3. 18. 16. 23.  8. 20.  9. 21.  6. 17. 15. 12.  5. 19. 10.  7. 14. 22.  1.  2.  0. 24. 11. 13.] 
4:[ 3.  4. 17. 18. 16. 13. 19.  5.  8. 21.  9. 23.  6. 24. 15.  2. 10.  7. 12. 20. 11. 14.  0.  1. 22.] 
5:[15.  5. 17. 16. 18.  6. 21.  3.  9.  8.  4. 13. 12. 24.  7. 20. 23. 19. 10.  2. 11.  0. 22.  1. 14.] 
6:[20.  8. 11.  9. 21. 17.  6. 23. 12.  7.  1.  0. 22. 14. 10.  3. 24. 16. 18. 15.  4. 19. 13.  2.  5.] 
7:[23.  8. 20. 17. 11. 21.  9.  6. 19. 15. 24. 13. 18. 16.  5. 12.  4.  3. 10. 14.  0. 22.  1.  7.  2.] 
8:[19. 10. 13. 20. 11. 17.  8. 23.  5. 12. 16. 18. 24.  7. 22.  1. 14.  0.  2.  3. 15.  6.  9. 21.  4.] 
9:[ 6.  9. 21. 12.  3. 15. 23.  1.  0. 14.  8. 19.  2. 20. 17. 11. 13. 10. 22.  7. 24.  5. 16. 18.  4.] 
10:[10.  7. 22.  1.  0. 14. 23.  8. 17. 11. 20. 19. 13. 24. 18.  2.  3. 12. 15.  9. 21.  6.  5. 16.  4.] 
11:[10. 13. 11. 20. 18. 16.  2.  5. 19. 14.  0. 22.  1.  7. 23.  8. 17. 15. 24.  3. 12.  6. 21.  9.  4.] 
12:[12.  6.  9. 21. 11.  8. 20. 15. 23.  7.  1. 22.  0. 14. 19.  3. 10. 24.  5. 18. 16.  2.  4. 13. 17.] 
13:[19. 13. 10. 23.  5. 17.  7. 22.  0. 14.  1. 24. 15.  8. 11. 20. 12.  3.  2.  6.  9. 21. 16. 18.  4.] 
14:[ 7.  0. 14. 22.  1.  3. 17. 10. 23. 12. 15. 13. 19. 20. 11.  8.  5.  2.  6.  9. 21. 24. 18. 16.  4.] 
15:[15. 24. 12. 19.  5.  7.  1. 22.  0. 14. 10. 23.  3. 13.  2. 11. 20.  8.  9. 21.  6. 17. 18. 16.  4.] 
16:[18. 16.  4. 17.  3. 11.  8.  9. 20. 21.  6. 23. 13. 19. 15. 24.  5. 12. 10.  2.  7.  0. 14. 22.  1.] 
17:[17. 19. 13.  5. 23.  7. 22.  1.  0. 14. 20. 11.  8. 10.  3. 15.  2. 24.  9. 21. 12.  6. 18. 16.  4.] 
18:[ 3.  4. 17. 18. 16. 13. 19.  5.  8. 21.  9. 23.  6. 24. 15.  2. 10.  7. 12. 20. 11. 14.  0.  1. 22.] 
19:[13. 17. 15.  6. 19.  9. 21. 23. 14.  0. 12.  1. 22.  8.  5.  3. 20. 11. 10. 18. 16.  7. 24.  2.  4.] 
20:[ 8. 11. 20. 17. 24. 18. 13. 10. 19.  7.  5. 23.  2.  0. 14. 22.  1. 15.  3. 12.  9. 21.  6. 16.  4.] 
21:[ 1.  7.  0. 14. 22. 11. 20.  8.  9. 21.  6. 17. 12. 23. 10.  3. 24. 15. 18. 16. 19. 13.  2.  4.  5.] 
22:[ 7. 14. 22.  1.  0. 10. 23. 12. 17. 13.  8. 20. 11. 19.  5. 24. 18. 15.  2.  3.  9. 21.  6. 16.  4.] 
23:[11. 20.  9. 21.  6. 17.  8. 12. 23.  7.  3. 18. 16.  1.  0. 14. 22. 15. 24. 10.  4. 19.  2.  5. 13.] 
24:[18. 16. 24. 20. 11.  8.  5. 15. 10.  7.  2. 13.  6.  9. 21. 12. 23.  3. 17.  1. 14. 22.  0. 19.  4.] 
POSCARS
EA10    2.564  5.886  2.618 90.00 90.00 90.00 Sym.group:  123
1.0
   2.5467900000000001    0.2942280000000000   -0.0141000000000000
  -0.6755030000000000    5.8468320000000000    0.0418430000000000
   0.0165320000000000   -0.0169070000000000    2.6176940000000002
Al Li
2 2
direct
   0.7493430000000000    0.1230640000000000    0.2620230000000000 Al
   0.7493700000000000    0.6230850000000000    0.2621960000000000 Al
   0.2494330000000000    0.3732320000000000    0.7621880000000000 Li
   0.2493380000000000    0.8728780000000000    0.7620720000000000 Li
EA116   3.716  3.714  4.013 89.99 89.98 90.02 Sym.group:  123
1.0
   3.7163780000000002   -0.0053910000000000    0.0154880000000000
   0.0039180000000000    3.7143590000000000    0.0157850000000000
  -0.0152380000000000   -0.0163190000000000    4.0129180000000000
Na Mg
2 2
direct
   0.3733960000000000    0.8768629999999999    0.9967110000000000 Na
   0.8733960000000000    0.3768490000000000    0.9966699999999999 Na
   0.3732840000000000    0.3770070000000000    0.4963710000000000 Mg
   0.8732600000000000    0.8769950000000000    0.4963460000000000 Mg
EA457   2.538  4.866  2.529 89.78 90.08 90.74 Sym.group:  131
1.0
   2.5343619999999998   -0.0775900000000000   -0.1045540000000000
   0.0872620000000000    4.8646839999999996    0.0205710000000000
   0.1004480000000000   -0.0026590000000000    2.5265949999999999
N P
2 2
direct
   0.3688340000000000    0.2693370000000000    0.7484910000000000 N
   0.3826040000000000    0.7683140000000001    0.7478790000000000 N
   0.3758940000000000    0.5188230000000000    0.2481900000000000 P
   0.8756720000000000    0.0188370000000000    0.7481139999999999 P
EA231   4.336  3.143  3.143 90.00 89.99 90.00 Sym.group:  119
1.0
   4.3364339999999997    0.0001780000000000   -0.0005190000000000
  -0.0000800000000000    3.1427200000000002    0.0032470000000000
   0.0009940000000000   -0.0031540000000000    3.1431719999999999
Be S
2 2
direct
   0.1191090000000000    0.0092710000000000    0.2522740000000000 Be
   0.6191480000000000    0.5094050000000000    0.7523470000000000 Be
   0.3691760000000000    0.5092680000000001    0.2524190000000000 S
   0.8691770000000000    0.0093890000000000    0.7523570000000001 S
EA97    4.276  2.469  2.469 119.97 73.24 106.76 Sym.group:  216
1.0
   4.2761579999999997    0.0215250000000000    0.0394400000000000
  -0.7002260000000000    1.2684359999999999   -1.9996860000000001
   0.6871410000000000    1.2016739999999999    2.0448279999999999
N B
2 2
direct
   0.6083840000000000    0.6889510000000000    0.8151490000000000 N
   0.1083840000000000    0.1885460000000000    0.3157960000000000 N
   0.9834430000000000    0.8135540000000000    0.6908970000000000 B
   0.4834420000000000    0.3139750000000000    0.1902190000000000 B
EA18    2.822  2.833  4.690 90.32 90.23 60.73 Sym.group:  164
1.0
   1.4439240000000000   -2.4244420000000000    0.0032630000000000
   2.8324150000000001    0.0742730000000000   -0.0098110000000000
  -0.0105710000000000    0.0217840000000000    4.6904250000000003
C P
2 2
direct
   0.9990000000000000    0.9942210000000000    0.3454370000000000 C
   0.9988210000000000    0.9991910000000001    0.6608760000000000 C
   0.3326470000000000    0.3291990000000000    0.1795880000000000 P
   0.6651750000000000    0.6642130000000001    0.8267250000000000 P
EA161   4.663  3.307  3.307 90.00 90.00 90.00 Sym.group:  225
1.0
   4.6632980000000002   -0.0034580000000000    0.0014890000000000
   0.0022380000000000    3.3066650000000002   -0.0021100000000000
  -0.0009630000000000    0.0023220000000000    3.3070949999999999
Mg S
2 2
direct
   0.1267730000000000    0.7812550000000000    0.7745649999999999 Mg
   0.6280880000000000    0.2806070000000000    0.2750160000000000 Mg
   0.1280070000000000    0.2813220000000000    0.2745110000000000 S
   0.6270160000000000    0.7806980000000000    0.7749300000000000 S
EA157   2.807  2.816  4.033 89.95 89.95 90.03 Sym.group:  129
1.0
   2.8074729999999999   -0.0032640000000000   -0.0067820000000000
   0.0018600000000000    2.8159280000000000   -0.0100890000000000
   0.0134650000000000    0.0178050000000000    4.0326240000000002
H Mg
2 2
direct
   0.5009270000000000    0.9999690000000000    0.5022910000000000 H
   0.0013910000000000    0.4996800000000000    0.5002259999999999 H
   0.5010930000000000    0.4997960000000000    0.7722059999999999 Mg
   0.0011210000000000    0.9999340000000000    0.2303930000000000 Mg
EA43    2.375  2.385  5.000 89.99 90.04 90.00 Sym.group:  129
1.0
   2.3750279999999999    0.0002990000000000    0.0165700000000000
  -0.0002360000000000    2.3852609999999999   -0.0065260000000000
  -0.0383010000000000    0.0145730000000000    4.9994470000000000
Be Li
2 2
direct
   0.0068570000000000    0.5065260000000000    0.6047220000000000 Be
   0.5064880000000000    0.0065580000000000    0.3984820000000000 Be
   0.0061030000000000    0.5066880000000000    0.1389080000000000 Li
   0.5072530000000000    0.0064070000000000    0.8642900000000000 Li
EA21    3.181  3.224  3.224 119.21 119.52 60.48 Sym.group:  225
1.0
   3.1807430000000001    0.0060770000000000   -0.0043340000000000
   1.5832590000000000    2.8086280000000001    0.0022880000000000
  -1.5833900000000001   -0.9159920000000000    2.6552099999999998
P Si
1 1
direct
   0.9917700000000000    0.9975650000000000    0.0039190000000000 P
   0.4917320000000000    0.4975890000000000    0.5038930000000000 Si
EA9     3.535  3.538  4.372 66.13 113.84 89.99 Sym.group:  141
1.0
   3.5016240000000001    0.4839560000000000   -0.0003920000000000
  -0.4839390000000000    3.5051120000000000    0.0003880000000000
  -1.9923460000000000    1.5102000000000000    3.5864750000000001
Al Si
2 2
direct
   0.7532250000000000    0.7507960000000000    0.4994310000000000 Al
   0.0030600000000000    0.0009340000000000    0.9991090000000000 Al
   0.5033750000000000    0.5006130000000000    0.9997300000000000 Si
   0.2529090000000000    0.2511170000000000    0.4988110000000000 Si
EA351   3.101  4.005  3.168 89.75 90.00 89.84 Sym.group:  129
1.0
   3.1013400000000000   -0.0014890000000000    0.0003730000000000
   0.0128550000000000    4.0047420000000002   -0.0016520000000000
  -0.0004820000000000    0.0152050000000000    3.1680720000000000
F P
2 2
direct
   0.7378749999999999    0.9171750000000000    0.2530480000000000 F
   0.2378290000000000    0.0927400000000000    0.7519990000000000 F
   0.7508330000000000    0.5162980000000000    0.2485800000000000 P
   0.2511700000000000    0.4936080000000000    0.7513919999999999 P
EA111   3.064  3.065  4.052 89.99 90.03 60.00 Sym.group:  187
1.0
   3.0644469999999999    0.0054710000000000    0.0071540000000000
   1.5274850000000000    2.6566920000000001   -0.0020150000000000
  -0.0114100000000000    0.0102490000000000    4.0519959999999999
N Mg
2 2
direct
   0.9948500000000000    0.0043460000000000    0.8350550000000000 N
   0.9939829999999999    0.0049470000000000    0.3959230000000000 N
   0.3279030000000000    0.3378790000000000    0.1154070000000000 Mg
   0.6611650000000000    0.6712720000000000    0.6155530000000000 Mg
EA7     2.948  2.944  3.616 89.99 66.16 60.06 Sym.group:  166
1.0
   1.4841850000000001    2.5475240000000001    0.0100190000000000
  -1.4640850000000001    2.5535790000000000   -0.0250440000000000
   1.4244509999999999    0.8490500000000000    3.2129509999999999
B Li
2 2
direct
   0.8114250000000000    0.0247860000000000    0.4788280000000000 B
   0.4544910000000000    0.7026990000000000    0.5085790000000000 B
   0.3658470000000000    0.2473590000000000    0.1431600000000000 Li
   0.9000990000000000    0.4801040000000000    0.8442120000000000 Li
EA120   2.598  2.598  7.015 89.99 90.00 90.12 Sym.group:  123
1.0
   2.5977730000000001    0.0045990000000000    0.0007530000000000
  -0.0099900000000000    2.5976319999999999   -0.0048070000000000
  -0.0022590000000000    0.0136650000000000    7.0149210000000002
Na S
2 2
direct
   0.2562920000000000    0.7504700000000000    0.2723070000000000 Na
   0.2587670000000000    0.7522600000000000    0.7722890000000000 Na
   0.7580800000000000    0.2533620000000000    0.0222570000000000 S
   0.7573110000000000    0.2499810000000000    0.5222440000000000 S
EA114   2.546  2.586  4.018 108.38 72.25 89.09 Sym.group:  139
1.0
   2.5375939999999999   -0.1679290000000000    0.1117830000000000
   0.2128880000000000    2.5775969999999999   -0.0226080000000000
   0.9802280000000000   -1.3202320000000001    3.6662240000000001
N Li
2 2
direct
   0.1015080000000000    0.9211620000000000    0.8257960000000000 N
   0.9305960000000000    0.0943010000000000    0.1707700000000000 N
   0.6756560000000000    0.3464750000000000    0.6766320000000000 Li
   0.3564550000000000    0.6689889999999999    0.3199300000000000 Li
EA9     2.558  2.558  4.154 90.00 90.00 120.00 Sym.group:  186
1.0
   1.2797879999999999   -2.2145630000000001    0.0001290000000000
   1.2780560000000001    2.2155209999999999   -0.0019060000000000
   0.0026940000000000    0.0021730000000000    4.1543720000000004
O Be
2 2
direct
   0.3187550000000000    0.6586500000000000    0.1303500000000000 O
   0.6521370000000000    0.3252110000000000    0.6303460000000000 O
   0.6520600000000000    0.3252690000000000    0.0078250000000000 Be
   0.3187180000000000    0.6585320000000000    0.5077120000000001 Be
EA114   2.436  2.439  5.169 77.55 76.80 60.13 Sym.group:  160
1.0
   2.4355069999999999    0.0326110000000000    0.0116820000000000
   1.1858379999999999    2.1292949999999999    0.0868090000000000
   1.1506099999999999    0.4304810000000000    5.0213619999999999
C Li
2 2
direct
   0.5081329999999999    0.2797530000000000    0.7069520000000000 C
   0.1531480000000000    0.9274030000000000    0.7711570000000000 C
   0.3870170000000000    0.1686560000000000    0.0696140000000000 Li
   0.9309630000000000    0.7045960000000000    0.4353600000000000 Li
EA14    2.461  2.461  4.073 90.00 90.00 120.00 Sym.group:  186
1.0
   2.4611839999999998    0.0001860000000000   -0.0017710000000000
  -1.2306960000000000    2.1314380000000002    0.0008860000000000
   0.0031600000000000    0.0000000000000000    4.0726279999999999
N B
2 2
direct
   0.6728370000000000    0.3458740000000000    0.1324850000000000 N
   0.3397440000000000    0.6799690000000000    0.6324850000000000 N
   0.3395030000000000    0.6792210000000000    0.0064780000000000 B
   0.6730610000000000    0.3466200000000000    0.5064770000000000 B
EA237   3.077  3.077  6.387 103.80 103.81 60.08 Sym.group:  166
1.0
   1.5414200000000000    2.6636389999999999    0.0010510000000000
  -1.5398769999999999    2.6643400000000002   -0.0072570000000000
  -0.0179460000000000   -1.7529170000000001    6.1412370000000003
S Si
2 2
direct
   0.8843330000000000    0.1459110000000000    0.9263890000000000 S
   0.1010140000000000    0.3622070000000000    0.5762550000000000 S
   0.7013260000000000    0.9626040000000000    0.3776210000000000 Si
   0.2840180000000000    0.5455179999999999    0.1250220000000000 Si
EA123   5.647  3.102  3.101 90.00 90.03 90.01 Sym.group:  129
1.0
   5.6474359999999999   -0.0058580000000000    0.0235360000000000
   0.0028310000000000    3.1019470000000000   -0.0016190000000000
  -0.0143380000000000    0.0016730000000000    3.1010089999999999
Cl P
2 2
direct
   0.0491200000000000    0.8893030000000000    0.6548640000000000 Cl
   0.3445530000000000    0.3894800000000000    0.1569170000000000 Cl
   0.6991170000000000    0.8893890000000000    0.6615680000000000 P
   0.6945690000000000    0.3892620000000000    0.1612970000000000 P
EA9     2.754  2.763  3.898 89.91 90.24 90.00 Sym.group:  225
1.0
   2.7536130000000001    0.0003320000000000    0.0059160000000000
  -0.0002510000000000    2.7629459999999999   -0.0025380000000000
  -0.0248570000000000    0.0096260000000000    3.8976380000000002
H Na
2 2
direct
   0.3749810000000000    0.3733480000000000    0.1248950000000000 H
   0.8862890000000000    0.8732330000000000    0.6259860000000000 H
   0.8751960000000000    0.8737360000000000    0.1259200000000000 Na
   0.3859780000000000    0.3737420000000000    0.6251810000000000 Na
EA56    2.543  4.045  2.494 90.00 89.96 90.00 Sym.group:  123
1.0
   2.5430709999999999    0.0003640000000000   -0.0105260000000000
  -0.0005950000000000    4.0454439999999998   -0.0003850000000000
   0.0122430000000000    0.0002370000000000    2.4935969999999998
Al Mg
1 1
direct
   0.0410140000000000    0.6772810000000000    0.1313260000000000 Al
   0.5412470000000000    0.1772920000000000    0.6312200000000000 Mg
EA119   2.508  2.508  4.329 89.99 89.99 60.01 Sym.group:  194
1.0
   1.2588120000000000   -2.1691220000000002    0.0047060000000000
   2.5082770000000001    0.0059160000000000    0.0021060000000000
  -0.0031460000000000    0.0062900000000000    4.3290970000000000
F Li
2 2
direct
   0.6648380000000000    0.6648790000000000    0.2534100000000000 F
   0.3314310000000000    0.3318450000000000    0.7534090000000000 F
   0.9980000000000000    0.9984980000000000    0.0034320000000000 Li
   0.9983980000000000    0.9984620000000000    0.5034570000000000 Li
EA331   2.306  7.981  2.306 81.81 90.98 81.88 Sym.group:  139
1.0
   2.3060179999999999   -0.0191640000000000    0.0109330000000000
   1.1929110000000001    7.8913110000000000    0.0912200000000000
  -0.0476260000000000    0.3131370000000000    2.2843969999999998
Cl O
2 2
direct
   0.9650240000000000    0.5409830000000000    0.7703310000000000 Cl
   0.3100490000000000    0.8480290000000000    0.1187680000000000 Cl
   0.6754660000000000    0.1180990000000000    0.4831730000000000 O
   0.5996020000000000    0.2709490000000000    0.4061410000000000 O
