NUMBER OF TEMPLATES 14
COMPOSITION A 3 B
pairs , SPACEGROUPS 
[Na Al] , 221 
[Si Li] , 191 
[F Si] , 139 
[Si S] , 229 
[Be F] , 123 
[C Li] , 166 
[P Si] , 129 
[O Be] , 187 
[P F] , 129 
[Mg O] , 166 
[Li Mg] , 123 
[Al Si] , 123 
[Si H] , 166 
[Be Si] , 167 
RANKING VECTORS ENTHALPIES
0:[-942.80496755 -942.7786185  -942.76015068 -942.75175523 -942.7385151 -942.70052    -942.69530885 -942.65464287 -942.46867598 -942.43115608 -942.32564626 -942.2772347  -941.89426175 -941.58645058] 
1:[-131.54189835 -131.50362949 -131.49241316 -131.49096194 -131.42453271 -131.40315045 -131.36259938 -131.36170488 -131.36166075 -131.10882249 -130.9436354  -130.88519441 -130.75911407 -130.47322762] 
2:[-529.75976727 -528.90906331 -528.70001235 -528.50388756 -528.47412186 -528.47407617 -528.42969153 -528.22127201 -528.1639694  -528.15989737 -527.9160077  -527.70336656 -527.67140671 -527.63155431] 
3:[-156.96351243 -156.95002152 -156.94112586 -156.91583915 -156.87178564 -156.85703245 -156.80243774 -156.75694595 -156.75462357 -156.70255811 -156.70122338 -156.67941437 -156.64507105 -155.71638484] 
4:[-450.27833128 -450.07977768 -449.94927783 -449.90937735 -449.49028846 -449.48924212 -449.37811472 -449.03430297 -448.95471384 -448.8691506 -448.78145695 -448.71764504 -448.71620061 -448.56165346] 
5:[-169.76781776 -168.66827892 -168.33483336 -168.18866309 -168.0903059 -168.05743871 -168.00007495 -167.9991513  -167.48574974 -167.28588911 -167.27912289 -167.27717482 -167.26587546 -167.19164375] 
6:[-165.92911384 -165.92153769 -165.90593794 -165.88886599 -165.80552971 -165.67585189 -165.66526893 -165.66163672 -165.62657229 -165.58897913 -165.50172301 -165.46411489 -165.45716007 -164.79388379] 
7:[-429.27289557 -428.83329121 -428.79565384 -428.67400124 -428.39168953 -428.23013826 -427.91298543 -427.90618227 -427.90298578 -427.72904212 -427.68941786 -427.52234457 -427.24585553 -427.16542049] 
8:[-305.20733256 -305.05416466 -304.85620043 -304.83921328 -304.78230834 -304.7684178  -304.54759318 -304.5426617  -304.54249377 -304.54033911 -304.49776292 -304.39299662 -304.1869811  -304.00155101] 
9:[-1320.81944046 -1320.81679912 -1320.78426614 -1320.21955697 -1319.67720694 -1319.48890846 -1319.48423693 -1319.46759698 -1319.31080396 -1319.24716193 -1319.08720062 -1319.04081339 -1318.84344636 -1318.84189447] 
10:[-546.93300995 -546.91757194 -546.91606883 -546.91463955 -546.91097916 -546.89125666 -546.89115539 -546.87818198 -546.82382572 -546.73493874 -546.7171871  -546.54017117 -546.44913111 -546.18161488] 
11:[-71.83542287 -71.83450064 -71.8317177  -71.77860195 -71.70424628 -71.69902476 -71.6987805  -71.63975588 -71.43483648 -71.32528198 -71.08224978 -70.90269565 -70.84656368 -70.36275623] 
12:[-86.6261371  -86.61074178 -86.609474   -86.53067289 -86.51538211 -86.40624731 -86.36870318 -86.35697291 -86.3392193  -86.33703877 -86.2819966  -85.97462515 -85.92972951 -85.90764399] 
13:[-310.64377266 -310.63840146 -310.52426724 -310.52426579 -310.52041016 -310.47714521 -310.4064359  -310.37620153 -310.3062705  -310.27878218 -310.16020827 -309.7395694  -309.5961594  -309.5204835 ] 
RANKING VECTORS IDX
0:[ 1.  6. 11.  9. 10. 13. 12.  0.  4.  2.  3.  8.  5.  7.] 
1:[11.  0.  1. 10.  9. 12. 13.  8.  6.  5.  4.  2.  3.  7.] 
2:[ 2.  6. 13. 12. 11. 10.  0.  3.  7.  5.  4.  9.  8.  1.] 
3:[ 3. 10.  9.  2.  6. 12.  4. 11.  0.  8. 13.  1.  5.  7.] 
4:[ 4.  8.  9.  6. 11. 10. 13.  2.  1. 12.  7.  3.  5.  0.] 
5:[ 5. 13.  8.  1.  9.  6. 12.  2.  7. 11. 10.  0.  3.  4.] 
6:[ 9.  3.  6.  2.  8. 10. 11. 12.  1.  4.  5.  0. 13.  7.] 
7:[ 7.  2.  6.  3.  9. 13. 12. 11. 10.  5.  0.  1.  4.  8.] 
8:[ 8.  5.  1.  4. 12.  6.  9. 11. 10.  0.  2. 13.  3.  7.] 
9:[ 8.  6.  9.  2.  7. 10. 11.  0.  4. 12. 13.  1.  3.  5.] 
10:[13. 11.  0. 12. 10.  8.  6.  9.  1.  2.  3.  4.  5.  7.] 
11:[11.  0. 10.  9.  6.  8. 13. 12.  1.  4.  5.  2.  3.  7.] 
12:[ 9. 12.  6.  8.  2.  4. 13. 11. 10.  0.  7.  5.  1.  3.] 
13:[ 8.  6.  0. 10. 11. 13.  9. 12.  1.  4.  5.  2.  7.  3.] 
POSCARS
EA117   3.779  3.778  3.779 89.97 90.06 89.96 Sym.group:  221
1.0
   3.7785720000000000    0.0084540000000000   -0.0104070000000000
  -0.0055080000000000    3.7778160000000001    0.0060110000000000
   0.0067080000000000   -0.0038960000000000    3.7787590000000000
Na Al
3 1
direct
   0.2554780000000000    0.6913629999999999    0.2840360000000000 Na
   0.7544060000000000    0.6911010000000000    0.7840410000000000 Na
   0.7544070000000000    0.1930780000000000    0.2843860000000000 Na
   0.2539810000000000    0.1906760000000000    0.7840560000000000 Al
EA107   4.643  4.643  4.599 90.04 89.99 60.00 Sym.group:  191
1.0
   2.3216230000000002    4.0206679999999997   -0.0014180000000000
  -2.3211919999999999    4.0209050000000000    0.0060600000000000
   0.0109400000000000   -0.0039540000000000    4.5993810000000002
Si Li
6 2
direct
   0.5024630000000000    0.4977590000000000    0.2502180000000000 Si
   0.5019000000000000    0.9971460000000000    0.7511510000000000 Si
   0.0024770000000000    0.4977390000000000    0.2500210000000000 Si
   0.5023300000000001    0.4969330000000000    0.7502180000000001 Si
   0.5025539999999999    0.9977360000000000    0.2511640000000000 Si
   0.0021060000000000    0.4971010000000000    0.7500240000000000 Si
   0.0020040000000000    0.9970880000000000    0.0005670000000000 Li
   0.0028110000000000    0.9967800000000000    0.5005520000000000 Li
EA49    3.429  3.428  5.892 73.75 106.55 89.69 Sym.group:  139
1.0
   3.4286680000000000   -0.0290100000000000   -0.0190210000000000
   0.0478230000000000    3.4277579999999999    0.0508410000000000
  -1.6349940000000001    1.5913090000000001    5.4320709999999996
F Si
6 2
direct
   0.4572150000000000    0.9223990000000000    0.1505830000000000 F
   0.9617780000000000    0.4160390000000000    0.1563520000000000 F
   0.6030219999999999    0.2810480000000000    0.4418350000000000 F
   0.1003910000000000    0.7761920000000000    0.4417150000000000 F
   0.8159900000000000    0.0573970000000000    0.8651460000000000 F
   0.3186350000000000    0.5622070000000000    0.8652590000000000 F
   0.1057130000000000    0.2734180000000000    0.4472950000000000 Si
   0.3133020000000000    0.0649530000000000    0.8597010000000000 Si
EA83    3.974  3.974  3.974 109.47 70.53 70.53 Sym.group:  229
1.0
   1.3223830000000001    3.7479019999999998   -0.0005040000000000
  -1.3267840000000000    1.8723420000000000   -3.2447080000000001
  -1.3255159999999999    1.8727529999999999    3.2449590000000001
Si S
3 1
direct
   0.0021250000000000    0.4959550000000000    0.4931330000000000 Si
   0.5021080000000000    0.9959620000000000    0.4931560000000000 Si
   0.5021910000000001    0.4958970000000000    0.9931390000000000 Si
   0.0021730000000000    0.9958590000000000    0.9931750000000000 S
EA151   2.211  5.436  2.208 90.05 90.00 89.91 Sym.group:  123
1.0
   2.2109899999999998    0.0293350000000000    0.0011930000000000
  -0.0631640000000000    5.4352349999999996   -0.0332400000000000
  -0.0014330000000000    0.0114740000000000    2.2083810000000001
Be F
3 1
direct
   0.2408190000000000    0.3943120000000000    0.7488640000000000 Be
   0.7391400000000000    0.6228040000000000    0.2499610000000000 Be
   0.2372880000000000    0.8514980000000000    0.7509550000000000 Be
   0.2340590000000000    0.1228960000000000    0.7418140000000000 F
EA202   3.871  3.871  3.871 113.40 113.41 66.60 Sym.group:  166
1.0
   3.8714930000000001   -0.0010350000000000   -0.0020710000000000
   1.5385940000000000    3.5521289999999999   -0.0076720000000000
  -1.5363359999999999   -1.0029870000000001    3.4090090000000002
C Li
6 2
direct
   0.1912280000000000    0.3939760000000000    0.5245420000000000 C
   0.8571710000000000    0.3939730000000000    0.1904810000000000 C
   0.5251700000000000    0.7255880000000000    0.1906210000000000 C
   0.5252710000000000    0.0597770000000000    0.5246320000000000 C
   0.8571050000000000    0.0598280000000000    0.8564220000000000 C
   0.1911450000000000    0.7256170000000000    0.8565140000000000 C
   0.0238560000000000    0.8931770000000000    0.3578570000000000 Li
   0.3584750000000000    0.2262260000000000    0.0230020000000000 Li
EA286   9.011  3.200  3.199 90.00 90.02 90.04 Sym.group:  129
1.0
   8.9981510000000000   -0.4793360000000000   -0.0031880000000000
   0.1682160000000000    3.1953170000000002    0.0000640000000000
  -0.0000550000000000   -0.0002810000000000    3.1992720000000001
P Si
6 2
direct
   0.3228800000000000    0.4062430000000000    0.5434380000000000 P
   0.8210080000000000    0.9064200000000000    0.0431350000000000 P
   0.5734860000000001    0.4063210000000000    0.5426870000000000 P
   0.5710850000000000    0.9062560000000000    0.0428980000000000 P
   0.8234060000000000    0.4064910000000000    0.5429540000000000 P
   0.0716080000000000    0.9065130000000000    0.0425200000000000 P
   0.0722600000000000    0.4066470000000000    0.5425270000000000 Si
   0.3222290000000000    0.9061090000000001    0.0434160000000000 Si
EA193   2.487  2.490  5.228 90.00 89.91 119.91 Sym.group:  187
1.0
   2.4873400000000001   -0.0044590000000000   -0.0142020000000000
  -1.2379819999999999    2.1608250000000000   -0.0001040000000000
   0.0380280000000000    0.0216920000000000    5.2280379999999997
O Be
3 1
direct
   0.6637100000000000    0.2912760000000000    0.8361680000000000 O
   0.3303410000000000    0.6277410000000000    0.2212700000000000 O
   0.6643740000000000    0.2915900000000000    0.6065220000000000 O
   0.9970950000000000    0.9617520000000001    0.2222290000000000 Be
EA30    3.144  3.142  8.398 90.00 90.02 90.00 Sym.group:  129
1.0
   3.1436099999999998    0.0003610000000000    0.0006840000000000
  -0.0003830000000000    3.1424930000000000   -0.0022080000000000
  -0.0049950000000000    0.0062330000000000    8.3981119999999994
P F
6 2
direct
   0.0025110000000000    0.2526560000000000    0.3849900000000000 P
   0.5026520000000000    0.7526240000000000    0.4036780000000000 P
   0.0007810000000000    0.2531300000000000    0.8513640000000000 P
   0.5008460000000000    0.7531409999999999    0.8700630000000000 P
   0.0016140000000000    0.2527730000000000    0.1281950000000000 P
   0.5017160000000001    0.7527390000000000    0.1268600000000000 P
   0.0011080000000000    0.2532120000000000    0.6590730000000000 F
   0.5012980000000000    0.7531430000000000    0.5959650000000000 F
EA305   2.731  2.746  6.898 79.26 90.01 60.19 Sym.group:  166
1.0
   2.7307470000000000    0.0006470000000000   -0.0013580000000000
   1.3647330000000000    2.3830870000000002    0.0030340000000000
   0.0015410000000000    1.4716430000000000    6.7390220000000003
Mg O
3 1
direct
   0.0538140000000000    0.5506210000000000    0.8638790000000000 Mg
   0.6079850000000000    0.4389080000000000    0.5101290000000001 Mg
   0.8359730000000000    0.0019350000000000    0.1869850000000000 Mg
   0.3308240000000000    0.9943630000000000    0.6869330000000000 O
EA189   2.900  3.661  3.672 90.08 90.05 90.08 Sym.group:  123
1.0
   2.8998930000000001   -0.0010510000000000   -0.0006150000000000
  -0.0037780000000000    3.6611400000000001    0.0078060000000000
  -0.0023180000000000   -0.0127030000000000    3.6721309999999998
Li Mg
3 1
direct
   0.9081780000000000    0.2291460000000000    0.9279440000000000 Li
   0.9087340000000000    0.7319550000000000    0.4280560000000000 Li
   0.4089830000000000    0.2309890000000000    0.4278420000000000 Li
   0.4081690000000000    0.7291400000000000    0.9282960000000000 Mg
EA198   3.656  3.657  3.458 90.00 90.00 90.00 Sym.group:  123
1.0
   3.6553079999999998    0.0008300000000000   -0.0552610000000000
  -0.0007190000000000    3.6573180000000001    0.0090670000000000
   0.0522590000000000   -0.0086020000000000    3.4578419999999999
Al Si
3 1
direct
   0.3193290000000000    0.4019020000000000    0.8863200000000000 Al
   0.8192900000000000    0.4020560000000000    0.3863060000000000 Al
   0.3192610000000000    0.9019900000000000    0.3863200000000000 Al
   0.8193150000000000    0.9017750000000000    0.8863060000000000 Si
EA186   3.504  3.501  3.504 109.09 109.12 70.91 Sym.group:  166
1.0
   3.5032969999999999    0.0440030000000000   -0.0319580000000000
   1.1028420000000001    3.3221720000000001   -0.0318940000000000
  -1.1081960000000000   -0.8085170000000000    3.2239810000000002
Si H
3 1
direct
   0.2281920000000000    0.9756089999999999    0.7083220000000000 Si
   0.9345180000000000    0.6828610000000001    0.0007900000000000 Si
   0.6420480000000000    0.3901260000000000    0.2944580000000000 Si
   0.4274450000000000    0.1829280000000000    0.4937710000000000 H
EA107   3.921  3.916  3.942 91.52 88.12 89.70 Sym.group:  167
1.0
   3.9211309999999999    0.0096320000000000    0.0290110000000000
   0.0110440000000000    3.9160710000000001   -0.0256880000000000
   0.1000800000000000   -0.0790570000000000    3.9401850000000000
Be Si
6 2
direct
   0.0579140000000000    0.6891710000000000    0.4310540000000000 Be
   0.3114250000000000    0.4353290000000000    0.9532119999999999 Be
   0.5734570000000000    0.9488100000000000    0.6908540000000000 Be
   0.5494760000000000    0.9296690000000000    0.1909450000000000 Be
   0.0649000000000000    0.1891100000000000    0.4512660000000000 Be
   0.8114830000000000    0.4424430000000000    0.9281880000000000 Be
   0.5614180000000000    0.4392110000000000    0.4407580000000000 Si
   0.0614520000000000    0.9389420000000001    0.9410880000000000 Si
