NUMBER OF TEMPLATES 29
COMPOSITION A 3 B
pairs , SPACEGROUPS 
[O Be] , 187 
[Mg Si] , 221 
[Al Si] , 123 
[Li Mg] , 123 
[C S] , 166 
[B S] , 164 
[Na O] , 176 
[Na S] , 194 
[C H] , 166 
[Si Al] , 160 
[C B] , 115 
[Si Li] , 191 
[F Si] , 139 
[Al Mg] , 221 
[S Cl] , 162 
[Mg P] , 221 
[Be Si] , 167 
[Na H] , 164 
[Mg Na] , 123 
[Li Si] , 225 
[N B] , 187 
[Al F] , 166 
[N B] , 160 
[Si H] , 166 
[B F] , 164 
[F C] , 148 
[P F] , 129 
[Be Li] , 139 
[Na Al] , 221 
RANKING VECTORS ENTHALPIES
0:[-429.27452784 -429.27289557 -429.23104625 -428.83329121 -428.72725589 -428.68284981 -428.398802   -428.37045059 -428.34312731 -428.23013826 -428.0388592  -427.91298543 -427.90618227 -427.90603561 -427.90298578 -427.89041896 -427.80883779 -427.69087715 -427.69073121 -427.69069999 -427.68941786 -427.61692511 -427.61399476 -427.55322601 -427.52234457 -427.38816135 -427.16542049 -427.13889233 -426.89177471] 
1:[-1235.75192269 -1235.75119507 -1235.75083412 -1235.75074574 -1235.74977025 -1235.74975541 -1235.74011852 -1235.72551741 -1235.72513325 -1235.72480645 -1235.63179172 -1235.59950715 -1235.59142276 -1235.58585149 -1235.50333277 -1235.49173122 -1235.42522088 -1235.35117328 -1235.25421701 -1235.20875074 -1235.20057029 -1235.05678689 -1234.94477195 -1234.93947559 -1234.85341992 -1234.70119208 -1234.5516552  -1234.21991384 -1234.21795794] 
2:[-72.37145719 -71.83815342 -71.83542287 -71.83516678 -71.83497242 -71.83496041 -71.83479034 -71.83450064 -71.8317177  -71.82664462 -71.79768562 -71.79331652 -71.78970479 -71.78840387 -71.69902476 -71.6987805  -71.68430098 -71.63975588 -71.63280437 -71.63254007 -71.58239898 -71.44263092 -71.43483648 -71.33524004 -71.29396834 -71.21664477 -70.90269565 -70.36323014 -70.36275623] 
3:[-546.93300995 -546.92463823 -546.92219099 -546.92002681 -546.91757194 -546.91753045 -546.91748684 -546.91748199 -546.91746251 -546.91606883 -546.91463955 -546.91097916 -546.91086461 -546.90899354 -546.90014275 -546.89125666 -546.83433874 -546.82382572 -546.78316906 -546.73493874 -546.73291598 -546.71807677 -546.70045642 -546.69939431 -546.69355842 -546.58706407 -546.51293805 -546.18182165 -546.18161488] 
4:[-195.14073074 -195.13979966 -194.33187187 -194.24246449 -194.09573246 -194.03275694 -193.97050901 -193.66870774 -193.55173615 -193.34363559 -193.27144969 -193.16714226 -193.11699031 -193.0398457  -193.03967079 -192.86356154 -192.86341964 -192.45219863 -192.41934815 -191.95730188 -191.91647244 -191.88269501 -191.88227188 -191.8798767  -191.75572282 -191.55172618 -191.55172564 -191.55171199 -191.52543872] 
5:[-132.19700753 -132.16509091 -132.15112584 -131.8946173  -131.89435806 -131.80397783 -131.67444642 -131.67323076 -131.64143825 -131.6266651 -131.61417502 -131.55748153 -131.41642518 -131.32110627 -131.30107476 -131.29726238 -131.23004466 -130.8959786  -130.88209917 -130.72448389 -130.70167757 -130.67424207 -130.66534747 -130.64892897 -130.64640737 -130.63896158 -130.63728292 -130.63495194 -130.628634  ] 
6:[-1041.38621913 -1041.3271907  -1041.32603217 -1041.18422853 -1041.07676862 -1041.07568656 -1041.02036869 -1041.02013713 -1041.0199867  -1041.01959188 -1041.01958424 -1041.01921602 -1041.0092209  -1040.97547293 -1040.92895622 -1040.91308757 -1040.89624638 -1040.89278086 -1040.75613484 -1040.75610672 -1040.72151135 -1040.59550098 -1040.4205874  -1040.14691026 -1040.06164684 -1039.96044508 -1039.61335636 -1039.14028013 -1039.00681817] 
7:[-1003.47412368 -1003.47273365 -1003.45960613 -1003.31129043 -1003.31020962 -1003.30981831 -1003.30981285 -1003.30897511 -1003.29541408 -1003.29244358 -1003.24812329 -1003.18604619 -1003.17901585 -1003.09152692 -1002.99016539 -1002.76402531 -1002.70845206 -1002.69183399 -1002.62006485 -1002.47294728 -1002.40824714 -1002.38742646 -1002.38547118 -1002.33743174 -1002.18808608 -1002.08250374 -1002.00346085 -1001.82795419 -1001.47605975] 
8:[-125.17277975 -125.14859834 -125.08537802 -124.68045327 -124.21652253 -123.81107287 -123.76618697 -123.70946569 -123.01684509 -122.95583022 -122.7756678  -122.72068473 -122.69281496 -122.65736375 -122.64600797 -122.63663583 -122.61676182 -122.33471365 -122.21554058 -122.02710044 -121.8326739  -121.82661887 -121.82440824 -121.82414039 -121.81921982 -121.76800363 -121.76800288 -121.76795452 -121.76792603] 
9:[-97.85376751 -97.85363967 -97.85349167 -97.85347955 -97.85347474 -97.85309406 -97.84827222 -97.84606423 -97.84088485 -97.83842231 -97.82888683 -97.81848416 -97.81446094 -97.8058708  -97.79708025 -97.77488879 -97.77026823 -97.7319471  -97.72024133 -97.70240557 -97.67527273 -97.64539375 -97.59404142 -97.54591033 -97.54020946 -97.46940599 -97.30219867 -96.5553285  -96.55498829] 
10:[-140.83692459 -140.8062596  -140.79323567 -140.32956788 -140.30726938 -139.61656854 -139.52034878 -139.49810639 -139.47793889 -139.46744051 -139.37573025 -139.01379294 -138.81499238 -138.44259898 -138.41051579 -138.40917116 -138.25858708 -137.81522883 -137.71671992 -137.68507523 -137.37266886 -137.37163712 -137.37067155 -137.33095555 -137.32268128 -137.17200226 -137.17200007 -137.17199977 -137.17199056] 
11:[-131.54189835 -131.54164487 -131.54151964 -131.54101834 -131.54085732 -131.53836343 -131.51861484 -131.50364871 -131.50362949 -131.50058917 -131.49241316 -131.49096194 -131.47150774 -131.40315045 -131.36259938 -131.36170488 -131.35307079 -131.33886649 -131.1979201  -131.19327218 -131.1866217  -131.15319932 -131.12557304 -131.08084234 -130.89088394 -130.88519441 -130.48463191 -130.4734114  -130.47322762] 
12:[-529.75976727 -529.74552292 -528.97617561 -528.95439611 -528.84769028 -528.70001235 -528.65246838 -528.6158362  -528.5307328  -528.50388756 -528.47412186 -528.47411911 -528.47407617 -528.47404162 -528.47068913 -528.4701062  -528.46200058 -528.44820608 -528.42969153 -528.34967642 -528.17327803 -528.1639694  -528.04827318 -527.67248332 -527.67140671 -527.63155431 -527.59979233 -527.29945873 -526.66129297] 
13:[-446.69015082 -446.68993484 -446.68962113 -446.68459543 -446.68256518 -446.67529853 -446.66785912 -446.64727334 -446.63421775 -446.61281608 -446.60742293 -446.58287468 -446.57758782 -446.57131811 -446.52789925 -446.49404763 -446.47176928 -446.46065372 -446.44212987 -446.42060994 -446.22653542 -446.20106038 -446.11312608 -446.01080692 -445.57429462 -445.52195149 -445.03414115 -445.03313198 -444.91015695] 
14:[-331.79536574 -331.5686082  -331.54587038 -331.49098691 -331.48750307 -331.48406657 -331.48207766 -331.43832204 -331.41439388 -331.41077433 -331.3946015  -331.34738693 -331.27315089 -331.2418467  -331.24177053 -331.23913472 -331.23159406 -331.21942747 -331.20258495 -331.1865611 -331.15938525 -331.13887651 -331.13217436 -331.10311194 -331.10243416 -331.09791778 -331.0370708  -330.5770522  -330.5674906 ] 
15:[-1254.308421   -1254.30765204 -1254.30673565 -1254.3058284 -1254.3010051  -1254.29995424 -1254.29926552 -1254.29141402 -1254.26045527 -1254.25742683 -1254.25705992 -1254.22322727 -1254.04471844 -1253.94629736 -1253.94569453 -1253.93936815 -1253.93812226 -1253.92333987 -1253.7587601  -1253.71807313 -1253.67505017 -1253.61094039 -1253.54515108 -1253.52716771 -1253.27558609 -1253.2189292  -1253.08610945 -1252.83079898 -1252.82292577] 
16:[-310.64377266 -310.52426724 -310.52426579 -310.52394125 -310.52355618 -310.52322508 -310.52247616 -310.52041016 -310.51137669 -310.50313899 -310.49474211 -310.49300721 -310.47714521 -310.4400104  -310.42694325 -310.42615371 -310.42606107 -310.3875225  -310.37620153 -310.34940782 -310.3062705  -310.23283647 -310.12643674 -310.10965651 -309.86588294 -309.76660608 -309.7395694  -309.5961594  -309.59435859] 
17:[-932.14648832 -932.14635096 -932.11183748 -932.08187519 -931.96902452 -931.96067042 -931.94912787 -931.92127686 -931.88189859 -931.86082496 -931.82686151 -931.80634851 -931.80623399 -931.80618195 -931.80617056 -931.8059014  -931.80587609 -931.80519436 -931.7752945  -931.76408544 -931.73233918 -931.73024392 -931.7282906  -931.7238891  -931.70975794 -931.56716114 -931.54739272 -931.54161098 -931.17293512] 
18:[-1517.09991209 -1517.07162933 -1517.06832556 -1517.06128184 -1517.0592033  -1517.05691143 -1517.05101522 -1517.03358123 -1517.0287706  -1517.0283883  -1517.02576311 -1517.01066947 -1517.01045796 -1517.01009198 -1517.01003842 -1517.00580046 -1517.0051733  -1516.99561564 -1516.97834003 -1516.97098034 -1516.9563107  -1516.93140063 -1516.91847484 -1516.84423113 -1516.73513248 -1516.68639756 -1516.43424786 -1515.45050431 -1515.45021132] 
19:[-172.69184042 -172.68092259 -172.67458573 -172.67073217 -172.5950659 -172.55742905 -172.55098714 -172.54107564 -172.53596065 -172.5297591 -172.52797269 -172.49382506 -172.49221892 -172.44364214 -172.44363827 -172.44338869 -172.4431447  -172.44253744 -172.36342444 -172.20400465 -172.18639817 -172.18551845 -171.94278    -171.92707044 -171.91996926 -171.87127687 -171.79248423 -171.77610149 -171.76808615] 
20:[-229.34998479 -229.34629853 -229.29156463 -228.96529219 -228.65510827 -228.5001111  -228.46279778 -228.4081464  -227.95493994 -227.78518177 -227.72928966 -227.70001386 -227.62415154 -227.56626366 -227.23595016 -227.20127801 -227.19832233 -226.94614001 -226.56706104 -226.49441609 -226.30225374 -226.30068515 -226.30006068 -226.24322453 -226.24073211 -225.93925703 -225.93921843 -225.93921554 -225.93918435] 
21:[-211.41137209 -211.22397339 -211.18653731 -211.15227314 -211.11674313 -211.07763291 -211.06128762 -210.90191241 -210.89892089 -210.88119562 -210.84981602 -210.81409912 -210.78586756 -210.71029501 -210.70584485 -210.6761039  -210.66456289 -210.6607243  -210.64440948 -210.57864055 -210.559342   -210.45277167 -210.41712097 -210.41681681 -210.38691644 -210.38077362 -210.16090609 -210.13561032 -210.13551191] 
22:[-229.34998479 -229.34629853 -229.29156463 -228.96529219 -228.65510827 -228.5001111  -228.46279778 -228.4081464  -227.95493994 -227.78518177 -227.72928966 -227.70001386 -227.62415154 -227.56626366 -227.23595016 -227.20127801 -227.19832233 -226.94614001 -226.56706104 -226.49441609 -226.30225374 -226.30068515 -226.30006068 -226.24322453 -226.24073211 -225.93925703 -225.93921843 -225.93921554 -225.93918435] 
23:[-86.66463354 -86.65171625 -86.63358264 -86.62534365 -86.61074178 -86.56212715 -86.56174658 -86.53067289 -86.51538211 -86.45234132 -86.45089983 -86.42055607 -86.41075522 -86.38974072 -86.38865814 -86.36870318 -86.36579098 -86.35697291 -86.35619921 -86.35546641 -86.35177241 -86.35134972 -86.34426322 -86.3392193  -86.33703877 -86.28917616 -86.28624965 -86.2819966  -85.92972951] 
24:[-225.47088201 -225.38794938 -225.32586807 -225.04333758 -224.84189156 -224.66869421 -224.58195563 -224.56330764 -224.55536658 -224.50379045 -224.39814135 -224.31981523 -224.2887854  -224.22631144 -224.16254647 -224.15189056 -224.04904821 -223.94438773 -223.94291991 -223.93349301 -223.47837069 -223.47545402 -223.4705877  -223.08372021 -223.08371692 -223.08367607 -223.08325231 -222.51128244 -222.51121742] 
25:[-541.14571553 -540.2381693  -540.20372992 -540.11649413 -539.90440903 -539.81672002 -539.55641018 -539.35630539 -539.09003514 -539.08260528 -539.06423353 -539.00704248 -538.97527348 -538.79314524 -538.63959934 -538.52313801 -538.52191345 -538.44085628 -538.34619904 -538.34597963 -538.32057673 -538.31967171 -538.3196699  -538.31965955 -538.30698116 -538.2809054  -538.23887941 -538.23877253 -538.23835495] 
26:[-305.20733256 -305.06984287 -304.85620043 -304.83637705 -304.78771343 -304.78657169 -304.78230834 -304.76598757 -304.75333377 -304.7442443 -304.71711961 -304.70844582 -304.68551774 -304.68348552 -304.68251674 -304.65279923 -304.5426617  -304.5425078  -304.54249377 -304.54043372 -304.54042897 -304.54033911 -304.54006588 -304.52316927 -304.49776292 -304.45238852 -304.39299662 -304.00392284 -304.00155101] 
27:[-331.22125539 -331.21683505 -331.20266909 -331.1624803  -331.15088199 -331.14653929 -331.14552758 -331.14497443 -331.10980541 -331.10825514 -331.09920218 -331.08225998 -331.07468434 -331.06762152 -331.06657269 -331.06227946 -331.06191338 -331.06158562 -331.06145745 -331.05782012 -330.93312927 -330.83430721 -330.74881686 -330.63496978 -330.6094081 -330.56041645 -330.55794144 -329.37469703 -329.37438465] 
28:[-942.85908825 -942.80496755 -942.77506144 -942.76015068 -942.74556862 -942.7385151  -942.72453965 -942.72163702 -942.70603062 -942.70052 -942.69957906 -942.69530885 -942.67134942 -942.6591738  -942.65591858 -942.65589415 -942.6558823  -942.65464287 -942.6516418  -942.6360756 -942.62222065 -942.6122047  -942.57349502 -942.43115608 -942.28504566 -942.2772347  -942.19123188 -941.64705057 -941.58645058] 
RANKING VECTORS IDX
0:[20.  0. 22. 12. 14.  9. 10. 25. 17. 16.  6. 23.  2. 18.  3.  5.  7. 13. 15.  1. 28. 27. 19.  4. 11. 21. 26.  8. 24.] 
1:[ 3. 13.  2. 18. 15.  1. 28.  6.  7.  5. 22. 16. 19. 23. 26. 17. 25. 11. 24.  4. 14. 10.  9. 21.  8. 27. 12. 20.  0.] 
2:[ 4. 18.  2.  9. 15.  1. 13. 28.  3. 27.  5.  6.  7. 17. 26. 16. 19. 23. 25. 24. 22. 14. 11. 21. 10.  8. 12. 20.  0.] 
3:[16.  5. 18.  7.  2.  9. 15.  1. 13. 28. 23.  3. 27. 19.  6. 26. 17. 11. 22. 12. 21. 24. 25. 14.  4. 10.  8. 20.  0.] 
4:[24.  8. 14.  4. 25. 10. 22. 12. 16. 21.  9.  5. 26. 23. 17.  6.  7. 20.  0. 19. 27.  2.  3. 18. 11. 15.  1. 28. 13.] 
5:[24. 10.  5. 25.  6.  4. 12. 14.  8.  9. 21. 17. 11. 26. 16. 22.  7. 20.  0. 19.  2.  3. 23. 27. 13. 18. 15.  1. 28.] 
6:[ 6.  5.  7. 12. 14.  4. 13.  9.  2. 15.  1. 28.  3. 18. 16. 27. 19. 23.  0. 20. 22. 17. 11. 25.  8. 10. 21. 24. 26.] 
7:[ 5.  7.  6. 18.  2. 15.  1. 28.  3. 13.  9. 23. 19. 16. 14. 11. 10. 12. 27. 17. 26.  0. 20. 25. 21.  4.  8. 22. 24.] 
8:[ 4. 24.  8. 25. 14. 26. 22. 10. 12. 23.  9. 11.  6.  5. 17. 20.  0.  7. 21. 16. 27. 18.  2.  3. 19. 15.  1. 28. 13.] 
9:[ 9.  2. 13. 15.  1. 28.  3. 27. 18.  5.  7.  6. 21. 17. 11. 26. 19. 25. 16. 23. 24. 22.  8.  4. 10. 14. 12. 20.  0.] 
10:[24.  8. 10.  4. 25. 14. 22. 26. 12. 16.  5.  9. 17.  6.  0. 20. 11.  7. 21. 23.  3. 18.  2. 27. 19. 13. 15.  1. 28.] 
11:[ 2.  9. 13. 15.  1. 18. 27.  6. 28.  5. 11.  3.  7. 23. 16. 26. 17. 19. 21. 14. 10.  4. 24. 22. 25. 12.  8. 20.  0.] 
12:[12. 25.  9. 14.  6. 16.  7.  5. 22. 23.  2. 13.  3. 18. 15.  1. 19. 27. 28. 10. 20.  0. 21. 17. 26. 11.  8.  4. 24.] 
13:[ 9.  2. 13. 15.  1. 18.  5. 28.  7.  3. 17. 22. 23. 19.  6. 16. 27. 26. 24. 11. 14.  4. 21. 10. 12.  8. 20.  0. 25.] 
14:[21. 14. 22. 26. 25. 17.  5.  8. 24. 11. 16.  4.  9. 27. 12. 23.  6.  7.  2. 19. 18. 10.  3. 15.  1. 13. 28. 20.  0.] 
15:[ 9.  3. 13. 18.  2. 15.  1. 28.  5.  7.  6. 27. 16. 19. 22. 26. 23. 17. 11. 14. 21. 24.  4. 10.  8. 12. 25.  0. 20.] 
16:[26. 28.  3. 18. 15.  1. 13.  2.  9.  5.  7.  6. 16. 17. 22.  4. 25. 24. 23. 19. 11. 27.  8. 14. 21. 10. 12.  0. 20.] 
17:[17. 26. 22. 14.  6. 12. 16.  8.  5. 25.  7. 18. 13. 28.  2. 15.  1.  9. 20.  3. 27. 23.  0. 19.  4. 21. 11. 10. 24.] 
18:[26. 23. 27. 19. 24. 17.  2. 18.  6.  5.  3.  9. 13. 15.  1.  4.  8.  7. 28. 16. 25. 22. 21. 11. 14. 10. 12. 20.  0.] 
19:[22. 19. 23. 27. 16.  3.  2. 18.  7.  6.  5. 11. 25. 15.  1.  9. 28. 13. 14.  4. 26. 17. 10. 12.  8. 24. 21. 20.  0.] 
20:[20.  0. 22.  5. 25. 14. 12. 10.  9.  4.  8. 26. 17. 16. 24.  7.  6. 23. 11. 21. 18.  2.  3. 27. 19. 13. 15.  1. 28.] 
21:[ 4. 21. 17. 26. 24. 22. 25.  3. 18.  8.  2. 23. 10. 19.  6. 14. 27. 12. 16.  9.  5.  7. 28. 13. 15.  1. 11. 20.  0.] 
22:[20.  0. 22.  5. 25. 14. 12. 10.  9.  4.  8. 26. 17. 16. 24.  7.  6. 23. 11. 21. 18.  2.  3. 27. 19. 13. 15.  1. 28.] 
23:[ 4.  6. 21. 24. 23. 17. 25. 26. 12. 27. 10. 22.  5. 14. 19. 16. 13.  2.  7.  9. 15.  1. 18.  3. 28.  8. 20.  0. 11.] 
24:[24.  4.  8. 26. 25. 23. 16. 10.  9. 21. 22. 12.  5. 14.  6.  7. 17.  2.  3. 18. 11. 27. 19. 15.  1. 28. 13. 20.  0.] 
25:[25.  9.  5.  6.  8. 12. 14. 21. 23. 16.  7. 22.  4. 26. 17. 10. 24. 19. 18.  3.  2. 15.  1. 28. 13. 27. 20. 11.  0.] 
26:[26. 14. 11. 22. 25. 19. 23. 10. 21. 27. 24.  4.  5.  7.  6.  9.  2. 18.  3. 15.  1. 28. 13. 17. 12.  8. 16. 20.  0.] 
27:[27. 23. 19.  3.  2. 26. 17. 18. 24.  5.  7. 16.  6. 22. 28.  9. 13. 15.  1. 25. 14. 11. 21. 12.  8. 10.  4. 20.  0.] 
28:[ 8. 11. 17.  2. 18.  3. 22.  4. 25. 16. 19. 23. 21.  5.  7. 15.  1. 28.  9. 13. 14.  6. 10. 12. 24. 26. 27. 20.  0.] 
POSCARS
EA193   2.487  2.490  5.228 90.00 89.91 119.91 Sym.group:  187
1.0
   2.4873400000000001   -0.0044590000000000   -0.0142020000000000
  -1.2379819999999999    2.1608250000000000   -0.0001040000000000
   0.0380280000000000    0.0216920000000000    5.2280379999999997
O Be
3 1
direct
   0.6637100000000000    0.2912760000000000    0.8361680000000000 O
   0.3303410000000000    0.6277410000000000    0.2212700000000000 O
   0.6643740000000000    0.2915900000000000    0.6065220000000000 O
   0.9970950000000000    0.9617520000000001    0.2222290000000000 Be
EA296   5.245  5.244  5.244 89.99 60.01 119.99 Sym.group:  221
1.0
   5.2449009999999996   -0.0300790000000000    0.0167660000000000
  -2.5950970000000000    4.5570339999999998   -0.0002680000000000
   2.6164529999999999    1.4913190000000001    4.2932790000000001
Mg Si
6 2
direct
   0.0053760000000000    0.2509490000000000    0.2495350000000000 Mg
   0.0026160000000000    0.7492280000000000    0.7506320000000000 Mg
   0.5037660000000000    0.2499260000000000    0.7489000000000000 Mg
   0.5041750000000000    0.7501850000000000    0.2513050000000000 Mg
   0.0027100000000000    0.2493520000000000    0.7507320000000000 Mg
   0.0052910000000000    0.7508250000000000    0.2494090000000000 Mg
   0.5041060000000001    0.2500960000000000    0.2501130000000000 Si
   0.5040510000000000    0.7500590000000000    0.7500760000000000 Si
EA198   3.656  3.657  3.458 90.00 90.00 90.00 Sym.group:  123
1.0
   3.6553079999999998    0.0008300000000000   -0.0552610000000000
  -0.0007190000000000    3.6573180000000001    0.0090670000000000
   0.0522590000000000   -0.0086020000000000    3.4578419999999999
Al Si
3 1
direct
   0.3193290000000000    0.4019020000000000    0.8863200000000000 Al
   0.8192900000000000    0.4020560000000000    0.3863060000000000 Al
   0.3192610000000000    0.9019900000000000    0.3863200000000000 Al
   0.8193150000000000    0.9017750000000000    0.8863060000000000 Si
EA189   2.900  3.661  3.672 90.08 90.05 90.08 Sym.group:  123
1.0
   2.8998930000000001   -0.0010510000000000   -0.0006150000000000
  -0.0037780000000000    3.6611400000000001    0.0078060000000000
  -0.0023180000000000   -0.0127030000000000    3.6721309999999998
Li Mg
3 1
direct
   0.9081780000000000    0.2291460000000000    0.9279440000000000 Li
   0.9087340000000000    0.7319550000000000    0.4280560000000000 Li
   0.4089830000000000    0.2309890000000000    0.4278420000000000 Li
   0.4081690000000000    0.7291400000000000    0.9282960000000000 Mg
EA253   2.449  2.461 10.419 96.72 96.70 60.75 Sym.group:  166
1.0
   1.2800060000000000    2.0878540000000001    0.0093590000000000
  -1.2022320000000000    2.1473490000000002    0.0245600000000000
   0.0365320000000000   -1.4941640000000000   10.3115299999999994
C S
6 2
direct
   0.0697190000000000    0.3043280000000000    0.4846960000000000 C
   0.2155190000000000    0.4531080000000000    0.9182300000000000 C
   0.8660390000000000    0.1033890000000000    0.8713180000000000 C
   0.8174360000000001    0.0539610000000000    0.7252950000000000 C
   0.4679800000000000    0.7035160000000000    0.6776300000000000 C
   0.4192400000000000    0.6540540000000000    0.5316080000000000 C
   0.2722760000000000    0.5122130000000000    0.0902550000000000 S
   0.0122220000000000    0.2450630000000000    0.3126720000000000 S
EA37    4.264  4.264  4.208 90.00 90.01 120.00 Sym.group:  164
1.0
   4.2638410000000002   -0.0001180000000000   -0.0004540000000000
  -2.1315990000000000    3.6926410000000001    0.0000530000000000
   0.0000810000000000    0.0002780000000000    4.2083029999999999
B S
6 2
direct
   0.1314800000000000    0.2601690000000000    0.1607050000000000 B
   0.7458590000000000    0.8756090000000000    0.1606640000000000 B
   0.1304490000000000    0.8744990000000000    0.1597110000000000 B
   0.8732080000000000    0.7472510000000000    0.8391130000000000 B
   0.2588290000000000    0.1318100000000000    0.8391550000000000 B
   0.8742340000000000    0.1329190000000000    0.8401110000000001 B
   0.6689410000000000    0.3370830000000000    0.6199970000000000 S
   0.3357490000000000    0.6703380000000000    0.3798190000000000 S
EA10    5.183  5.181  3.339 90.00 90.00 60.60 Sym.group:  176
1.0
   5.1810440000000000    0.1465580000000000    0.0015340000000000
   2.4146570000000001    4.5836880000000004   -0.0019450000000000
  -0.0009210000000000    0.0018450000000000    3.3391280000000001
Na O
6 2
direct
   0.1099990000000000    0.7430430000000000    0.2488900000000000 Na
   0.0084090000000000    0.4756650000000000    0.7489700000000000 Na
   0.4758600000000000    0.6429760000000000    0.7490860000000000 Na
   0.7467190000000000    0.2745400000000000    0.2491110000000000 Na
   0.6459410000000000    0.0068380000000000    0.7491600000000000 Na
   0.2795080000000000    0.1076340000000000    0.2489400000000000 Na
   0.7098780000000000    0.7095900000000001    0.2491000000000000 O
   0.0455230000000000    0.0408160000000000    0.7489410000000000 O
EA27    4.043  5.260  5.279 119.85 90.41 89.95 Sym.group:  194
1.0
   4.0395599999999998   -0.0123550000000000    0.1760030000000000
   0.0205560000000000    5.2597849999999999   -0.0028710000000000
  -0.2449170000000000   -2.6241889999999999    4.5744420000000003
Na S
6 2
direct
   0.4547590000000000    0.0764390000000000    0.6536689999999999 Na
   0.4522920000000000    0.0768520000000000    0.1702420000000000 Na
   0.4525430000000000    0.5923520000000000    0.1706880000000000 Na
   0.9534840000000000    0.4213040000000000    0.8283560000000000 Na
   0.9534600000000000    0.9056600000000000    0.8278530000000000 Na
   0.9519190000000000    0.4214250000000000    0.3448330000000000 Na
   0.4528000000000000    0.5824240000000001    0.6661010000000001 S
   0.9533290000000000    0.9154380000000000    0.3322600000000000 S
EA388   2.442  2.441  7.519 80.69 89.98 120.00 Sym.group:  166
1.0
   2.4415070000000001   -0.0014230000000000    0.0000090000000000
  -1.2194659999999999    2.1151059999999999    0.0013180000000000
   0.0036320000000000    1.4018969999999999    7.3867339999999997
C H
6 2
direct
   0.6888590000000000    0.8923990000000001    0.4183610000000000 C
   0.0436120000000000    0.6018510000000000    0.3540340000000000 C
   0.1972540000000000    0.9105150000000000    0.8925380000000001 C
   0.8424400000000000    0.2010090000000000    0.9568640000000000 C
   0.6214240000000000    0.7576550000000000    0.6217480000000000 C
   0.2656230000000000    0.0461570000000000    0.6891530000000000 C
   0.0925950000000000    0.6991190000000000    0.2084280000000000 H
   0.7941610000000000    0.1044490000000000    0.1024720000000000 H
EA41    3.627  3.629  3.629 99.11 80.97 80.98 Sym.group:  160
1.0
   3.6270259999999999    0.0014270000000000    0.0012190000000000
   0.5674890000000000    3.5843349999999998    0.0012870000000000
   0.5689570000000000   -0.6731830000000000    3.5207269999999999
Si Al
3 1
direct
   0.3711660000000000    0.1538180000000000    0.5700539999999999 Si
   0.8188900000000000    0.1577790000000000    0.0203730000000000 Si
   0.3703620000000000    0.7074470000000000    0.0167630000000000 Si
   0.8887870000000000    0.6420270000000000    0.5054900000000000 Al
EA26    3.787  2.390  2.421 89.99 89.77 90.00 Sym.group:  115
1.0
   3.7741810000000000   -0.1598870000000000   -0.2637700000000000
   0.0910430000000000    2.3835430000000000   -0.1420740000000000
   0.1841920000000000    0.1371600000000000    2.4098830000000002
C B
3 1
direct
   0.3904840000000000    0.9936980000000000    0.3644610000000000 C
   0.8456630000000001    0.4936930000000000    0.8664590000000000 C
   0.6190260000000000    0.4937060000000000    0.3710200000000000 C
   0.1220860000000000    0.9937420000000000    0.8721710000000000 B
EA107   4.643  4.643  4.599 90.04 89.99 60.00 Sym.group:  191
1.0
   2.3216230000000002    4.0206679999999997   -0.0014180000000000
  -2.3211919999999999    4.0209050000000000    0.0060600000000000
   0.0109400000000000   -0.0039540000000000    4.5993810000000002
Si Li
6 2
direct
   0.5024630000000000    0.4977590000000000    0.2502180000000000 Si
   0.5019000000000000    0.9971460000000000    0.7511510000000000 Si
   0.0024770000000000    0.4977390000000000    0.2500210000000000 Si
   0.5023300000000001    0.4969330000000000    0.7502180000000001 Si
   0.5025539999999999    0.9977360000000000    0.2511640000000000 Si
   0.0021060000000000    0.4971010000000000    0.7500240000000000 Si
   0.0020040000000000    0.9970880000000000    0.0005670000000000 Li
   0.0028110000000000    0.9967800000000000    0.5005520000000000 Li
EA49    3.429  3.428  5.892 73.75 106.55 89.69 Sym.group:  139
1.0
   3.4286680000000000   -0.0290100000000000   -0.0190210000000000
   0.0478230000000000    3.4277579999999999    0.0508410000000000
  -1.6349940000000001    1.5913090000000001    5.4320709999999996
F Si
6 2
direct
   0.4572150000000000    0.9223990000000000    0.1505830000000000 F
   0.9617780000000000    0.4160390000000000    0.1563520000000000 F
   0.6030219999999999    0.2810480000000000    0.4418350000000000 F
   0.1003910000000000    0.7761920000000000    0.4417150000000000 F
   0.8159900000000000    0.0573970000000000    0.8651460000000000 F
   0.3186350000000000    0.5622070000000000    0.8652590000000000 F
   0.1057130000000000    0.2734180000000000    0.4472950000000000 Si
   0.3133020000000000    0.0649530000000000    0.8597010000000000 Si
EA27    5.199  5.199  5.198 90.23 119.94 119.79 Sym.group:  221
1.0
   5.1961139999999997   -0.1626340000000000    0.0358440000000000
  -2.4738859999999998    2.7106680000000001   -3.6819389999999999
  -2.5381490000000002    2.6473810000000002    3.6838940000000000
Al Mg
6 2
direct
   0.2527550000000000    0.1257330000000000    0.5020970000000000 Al
   0.7527690000000000    0.6257790000000000    0.5021580000000000 Al
   0.2527910000000000    0.6257600000000000    0.5021620000000000 Al
   0.7527910000000000    0.1256950000000000    0.0021050000000000 Al
   0.2527530000000000    0.1257050000000000    0.0021000000000000 Al
   0.2528040000000000    0.6257260000000000    0.0021480000000000 Al
   0.7527600000000000    0.1257660000000000    0.5020820000000000 Mg
   0.7527650000000000    0.6256420000000000    0.0021430000000000 Mg
EA10    6.277  6.261  3.017 89.78 89.91 119.42 Sym.group:  162
1.0
   6.2771420000000004    0.0051010000000000    0.0010780000000000
  -3.0795029999999999    5.4508450000000002   -0.0025160000000000
   0.0043460000000000    0.0173220000000000    3.0167220000000001
S Cl
6 2
direct
   0.0052370000000000    0.7161200000000000    0.1596360000000000 S
   0.2856130000000000    0.9971670000000000    0.8429150000000000 S
   0.2830900000000000    0.2805870000000000    0.1550340000000000 S
   0.0011910000000000    0.2836330000000000    0.8412310000000000 S
   0.7208710000000000    0.0026590000000000    0.1582200000000000 S
   0.7233140000000000    0.7192170000000000    0.8460250000000000 S
   0.3400640000000000    0.6651760000000000    0.5004800000000000 Cl
   0.6663070000000000    0.3346740000000000    0.5003850000000000 Cl
EA19    5.190  5.189  5.190 119.97 60.04 89.95 Sym.group:  221
1.0
   5.1893539999999998   -0.0423180000000000   -0.0031950000000000
   0.0471190000000000    5.1891299999999996   -0.0029890000000000
   2.5733250000000001   -2.6140300000000001    3.6718590000000000
Mg P
6 2
direct
   0.9984520000000000    0.3714420000000000    0.4981880000000000 Mg
   0.5000090000000000    0.3734500000000000    0.4949120000000000 Mg
   0.4991900000000000    0.8721160000000000    0.9970240000000000 Mg
   0.0022810000000000    0.3732850000000000    0.9971470000000000 Mg
   0.0014490000000000    0.8719430000000000    0.4991510000000000 Mg
   0.5029770000000000    0.8740580000000000    0.4960820000000000 Mg
   0.0007020000000000    0.8727680000000000    0.9971210000000000 P
   0.5007670000000000    0.3727000000000000    0.9970230000000000 P
EA107   3.921  3.916  3.942 91.52 88.12 89.70 Sym.group:  167
1.0
   3.9211309999999999    0.0096320000000000    0.0290110000000000
   0.0110440000000000    3.9160710000000001   -0.0256880000000000
   0.1000800000000000   -0.0790570000000000    3.9401850000000000
Be Si
6 2
direct
   0.0579140000000000    0.6891710000000000    0.4310540000000000 Be
   0.3114250000000000    0.4353290000000000    0.9532119999999999 Be
   0.5734570000000000    0.9488100000000000    0.6908540000000000 Be
   0.5494760000000000    0.9296690000000000    0.1909450000000000 Be
   0.0649000000000000    0.1891100000000000    0.4512660000000000 Be
   0.8114830000000000    0.4424430000000000    0.9281880000000000 Be
   0.5614180000000000    0.4392110000000000    0.4407580000000000 Si
   0.0614520000000000    0.9389420000000001    0.9410880000000000 Si
EA43    2.670  2.639  6.865 90.33 89.74 119.52 Sym.group:  164
1.0
   1.4526889999999999   -2.2407970000000001    0.0049070000000000
   1.2194680000000000    2.3401369999999999    0.0040710000000000
  -0.0288820000000000   -0.0410790000000000    6.8647250000000000
Na H
3 1
direct
   0.6943530000000000    0.2231150000000000    0.1750140000000000 Na
   0.3755450000000000    0.5579390000000000    0.8223100000000000 Na
   0.0363030000000000    0.8894339999999999    0.4987130000000000 Na
   0.0347670000000000    0.8907020000000000    0.9986790000000000 H
EA110   5.547  5.548  3.591 90.00 89.99 90.01 Sym.group:  123
1.0
   5.5473450000000000    0.0195260000000000    0.0119280000000000
  -0.0201120000000000    5.5482909999999999   -0.0033120000000000
  -0.0068280000000000    0.0019650000000000    3.5909749999999998
Mg Na
6 2
direct
   0.0064400000000000    0.2477770000000000    0.9991570000000000 Mg
   0.5067440000000000    0.7474720000000000    0.9991770000000000 Mg
   0.2569850000000000    0.4978090000000000    0.4991600000000000 Mg
   0.7568600000000000    0.4973330000000000    0.4991590000000000 Mg
   0.7564130000000000    0.9972630000000000    0.4991570000000000 Mg
   0.2562590000000000    0.9979120000000000    0.4991340000000000 Mg
   0.5064990000000000    0.2473100000000000    0.9991560000000000 Na
   0.0068950000000000    0.7475880000000000    0.9991000000000000 Na
EA28    3.597  6.311  3.657 88.97 60.55 73.45 Sym.group:  225
1.0
   1.8077070000000000    0.4377700000000000    3.0783909999999999
   1.8470290000000000    6.0324150000000003    0.1577050000000000
  -1.8473470000000001    0.5534210000000001    3.1066460000000000
Li Si
6 2
direct
   0.8810890000000000    0.9373170000000000    0.8096800000000000 Li
   0.8806010000000000    0.4373940000000000    0.3089500000000000 Li
   0.1309080000000000    0.5611960000000000    0.6849890000000000 Li
   0.1315640000000000    0.0613750000000000    0.1842660000000000 Li
   0.3815370000000000    0.6852070000000000    0.0605880000000000 Li
   0.3818720000000000    0.1852070000000000    0.5591090000000000 Li
   0.6312750000000000    0.8112870000000000    0.4351710000000000 Si
   0.6312460000000000    0.3113000000000000    0.9339990000000000 Si
EA301   2.469  2.469  5.438 90.03 89.21 119.99 Sym.group:  187
1.0
   1.2351710000000000   -2.1378849999999998    0.0008290000000000
   1.2343860000000000    2.1382580000000000   -0.0010090000000000
   0.0731500000000000   -0.0424050000000000    5.4378320000000002
N B
3 1
direct
   0.2811560000000000    0.7461880000000000    0.0963260000000000 N
   0.6069750000000000    0.4074460000000000    0.4953130000000000 N
   0.2643370000000000    0.7404430000000000    0.8958500000000000 N
   0.9403899999999999    0.0740740000000000    0.4952310000000000 B
EA45    2.522  7.996  2.523 81.25 119.72 98.73 Sym.group:  166
1.0
   1.3194550000000000   -0.1798700000000000    2.1420859999999999
  -1.0865490000000000    7.9216199999999999   -0.0948340000000000
  -2.5211690000000000    0.0426920000000000    0.0838500000000000
Al F
3 1
direct
   0.2403200000000000    0.2044950000000000    0.1986550000000000 Al
   0.6647700000000000    0.4795850000000000    0.7699070000000000 Al
   0.0889900000000000    0.7546210000000000    0.3478020000000000 Al
   0.1681640000000000    0.9795300000000000    0.2715610000000000 F
EA254   2.471  2.471  5.583 89.28 102.37 119.99 Sym.group:  160
1.0
   1.2360730000000000   -2.1391040000000001   -0.0090480000000000
   1.2349990000000000    2.1398999999999999    0.0389070000000000
  -1.1906630000000000    0.6701080000000000    5.4133909999999998
N B
3 1
direct
   0.9624840000000000    0.7294530000000000    0.1376970000000000 N
   0.8176220000000000    0.6524350000000000    0.9360940000000000 N
   0.8849620000000000    0.1853900000000000    0.5310340000000000 N
   0.5558930000000000    0.5205830000000000    0.5381350000000000 B
EA186   3.504  3.501  3.504 109.09 109.12 70.91 Sym.group:  166
1.0
   3.5032969999999999    0.0440030000000000   -0.0319580000000000
   1.1028420000000001    3.3221720000000001   -0.0318940000000000
  -1.1081960000000000   -0.8085170000000000    3.2239810000000002
Si H
3 1
direct
   0.2281920000000000    0.9756089999999999    0.7083220000000000 Si
   0.9345180000000000    0.6828610000000001    0.0007900000000000 Si
   0.6420480000000000    0.3901260000000000    0.2944580000000000 Si
   0.4274450000000000    0.1829280000000000    0.4937710000000000 H
EA305   2.664  2.663  8.355 89.97 89.97 60.01 Sym.group:  164
1.0
   2.6639260000000000   -0.0003200000000000   -0.0025270000000000
   1.3312330000000001    2.3064499999999999   -0.0011720000000000
   0.0115810000000000    0.0030820000000000    8.3544920000000005
B F
6 2
direct
   0.2007370000000000    0.1660160000000000    0.7932810000000000 B
   0.8692550000000000    0.8322900000000000    0.6801440000000000 B
   0.2030480000000000    0.1658360000000000    0.5904550000000000 B
   0.8668600000000000    0.8327020000000001    0.8829669999999999 B
   0.8697210000000000    0.8331060000000000    0.4905710000000000 B
   0.2000360000000000    0.1658390000000000    0.9828360000000000 B
   0.2019460000000000    0.1654020000000000    0.1383110000000000 F
   0.8680330000000001    0.8331760000000000    0.3351170000000000 F
EA251   4.123  4.120  4.126 72.33 72.07 107.65 Sym.group:  148
1.0
   4.1228980000000002    0.0184750000000000   -0.0250150000000000
  -1.2669349999999999    3.9199069999999998   -0.0313240000000000
   1.2831450000000000    1.7590380000000001    3.5041810000000000
F C
6 2
direct
   0.8869130000000000    0.0738220000000000    0.4183890000000000 F
   0.0747610000000000    0.7042720000000000    0.2349820000000000 F
   0.1652560000000000    0.5355650000000000    0.7581180000000000 F
   0.5344510000000000    0.3640480000000000    0.9563250000000000 F
   0.3642830000000000    0.1660900000000000    0.5863770000000000 F
   0.7053530000000000    0.8874020000000000    0.0481200000000000 F
   0.7894660000000000    0.7890900000000000    0.3331630000000000 C
   0.4542910000000000    0.4547000000000000    0.6674900000000000 C
EA30    3.144  3.142  8.398 90.00 90.02 90.00 Sym.group:  129
1.0
   3.1436099999999998    0.0003610000000000    0.0006840000000000
  -0.0003830000000000    3.1424930000000000   -0.0022080000000000
  -0.0049950000000000    0.0062330000000000    8.3981119999999994
P F
6 2
direct
   0.0025110000000000    0.2526560000000000    0.3849900000000000 P
   0.5026520000000000    0.7526240000000000    0.4036780000000000 P
   0.0007810000000000    0.2531300000000000    0.8513640000000000 P
   0.5008460000000000    0.7531409999999999    0.8700630000000000 P
   0.0016140000000000    0.2527730000000000    0.1281950000000000 P
   0.5017160000000001    0.7527390000000000    0.1268600000000000 P
   0.0011080000000000    0.2532120000000000    0.6590730000000000 F
   0.5012980000000000    0.7531430000000000    0.5959650000000000 F
EA18    3.248  3.248  3.339 61.02 61.03 89.82 Sym.group:  139
1.0
   3.2480790000000002    0.0045190000000000   -0.0058990000000000
   0.0058190000000000    3.2482050000000000   -0.0068860000000000
   1.6198720000000000    1.6200829999999999    2.4296650000000000
Be Li
3 1
direct
   0.9642360000000000    0.4716470000000000    0.0702960000000000 Be
   0.4635920000000000    0.9720680000000000    0.0704490000000000 Be
   0.7139160000000000    0.7218610000000000    0.5703680000000000 Be
   0.2139200000000000    0.2218540000000000    0.5703730000000000 Li
EA117   3.779  3.778  3.779 89.97 90.06 89.96 Sym.group:  221
1.0
   3.7785720000000000    0.0084540000000000   -0.0104070000000000
  -0.0055080000000000    3.7778160000000001    0.0060110000000000
   0.0067080000000000   -0.0038960000000000    3.7787590000000000
Na Al
3 1
direct
   0.2554780000000000    0.6913629999999999    0.2840360000000000 Na
   0.7544060000000000    0.6911010000000000    0.7840410000000000 Na
   0.7544070000000000    0.1930780000000000    0.2843860000000000 Na
   0.2539810000000000    0.1906760000000000    0.7840560000000000 Al
