NUMBER OF TEMPLATES 17
COMPOSITION A 2 B
pairs , SPACEGROUPS 
[B O] , 189 
[B N] , 119 
[Be Na] , 164 
[Cl Si] , 140 
[Li B] , 164 
[Mg Na] , 164 
[P F] , 139 
[Li S] , 225 
[Li Cl] , 166 
[Mg Be] , 140 
[P Mg] , 115 
[Cl Be] , 137 
[P Al] , 119 
[Al Be] , 140 
[B Al] , 191 
[Li Be] , 164 
[Al B] , 164 
RANKING VECTORS ENTHALPIES
0:[-201.35775697 -201.04679481 -201.01253356 -201.0008878  -200.96986364 -200.67860935 -200.4265641  -200.41544362 -200.14549322 -200.14203093 -200.08221366 -199.81534425 -199.81451016 -199.61434095 -199.52077474 -199.10222278 -197.77598944] 
1:[-146.0955659  -146.09437586 -145.6137914  -145.13972612 -145.13286 -145.1056517  -144.99174109 -144.85433756 -144.6957894  -144.46406908 -144.22132873 -144.22131888 -144.01046719 -143.90046261 -143.37192829 -143.17285371 -142.66047263] 
2:[-663.82383185 -663.82015016 -663.80760591 -663.77330602 -663.77200916 -663.51798377 -663.48304063 -663.45016824 -663.27133174 -663.0162077 -662.96624592 -662.84262251 -662.84056288 -662.81541487 -662.63263395 -661.92375972 -661.47972111] 
3:[-331.46678232 -331.06379396 -331.06378996 -330.83975822 -330.8358097 -330.76113658 -330.75052421 -330.72404957 -330.68499633 -330.6473761 -330.62643779 -330.53169997 -330.35924283 -330.29603158 -330.27886076 -330.21294406 -330.0328359 ] 
4:[-154.76675352 -154.76581277 -154.76244849 -154.71927402 -154.66227681 -154.66223765 -154.643334   -154.32612312 -154.31883345 -154.09947224 -154.09632497 -154.07412524 -153.95903225 -153.85884881 -153.5545265 -153.46373548 -153.34793228] 
5:[-1486.03238364 -1486.02878805 -1486.0285905  -1486.01995589 -1486.00622312 -1485.88444985 -1485.80614264 -1485.75855236 -1485.74445255 -1485.70833707 -1485.69689981 -1485.65278303 -1485.4666408  -1485.07075201 -1485.06963343 -1484.6748537 -1484.57935803] 
6:[-345.57860767 -345.51641464 -345.39161792 -345.38956447 -345.30319061 -345.0562518  -344.97634355 -344.8721017  -344.85894323 -344.75055771 -344.62189069 -344.54080961 -344.5096968  -344.38682211 -344.38309276 -344.09112138 -344.00268544] 
7:[-228.45649191 -228.45522833 -228.31673518 -228.31635776 -228.31634524 -228.2416168  -228.02241096 -228.02240273 -227.96211919 -227.87457046 -227.83481957 -227.83198451 -227.36162574 -227.34118061 -227.25849438 -226.74687031 -226.67984625] 
8:[-276.63392294 -276.48211694 -276.48211496 -276.4414997  -276.44129105 -276.43102744 -276.42455138 -276.31034732 -276.30988066 -276.30021565 -276.28200548 -276.25533899 -275.9049103  -275.88009223 -275.6863807 -275.54520141 -275.0396454 ] 
9:[-1199.20139834 -1199.19285056 -1199.03509718 -1199.00058455 -1198.99015876 -1198.95827544 -1198.90050968 -1198.89131703 -1198.88479924 -1198.88190838 -1198.7028799  -1198.55559898 -1198.49859592 -1198.48241332 -1197.53620124 -1197.37328791 -1197.18973541] 
10:[-659.8382326  -659.78185898 -659.77395285 -659.71919627 -659.71113278 -659.69852777 -659.69013467 -659.66421749 -659.53955348 -659.52743846 -659.50700204 -659.48592955 -659.16117253 -659.15620827 -659.14792884 -658.77521615 -658.60643306] 
11:[-420.85342571 -420.7493599  -420.73945898 -420.73234105 -420.09724561 -420.06223825 -419.96555556 -419.96554663 -419.77172776 -419.70938448 -419.66282185 -419.58521412 -419.51282937 -419.22800361 -419.1978286 -419.11159969 -418.35922758] 
12:[-142.93978531 -142.48574309 -142.4857239  -142.4819964  -142.48166116 -142.41664693 -142.4160866  -142.4010757  -142.32440483 -142.28409528 -142.23401671 -142.17071402 -142.09081724 -141.94506931 -141.83014829 -141.82865955 -141.4979572 ] 
13:[-164.90585256 -164.90500654 -164.66665755 -164.66070684 -164.57834558 -164.5256403  -164.49973378 -164.46475168 -164.45570543 -164.37376312 -164.37287652 -164.26214307 -164.25735378 -163.94936954 -163.84573212 -163.82747206 -163.19466912] 
14:[-71.97992827 -71.97963683 -71.97710517 -71.48165334 -71.47905195 -71.46991604 -71.37140062 -71.09538897 -71.07686159 -71.07635263 -71.07487482 -70.71477481 -70.69918034 -70.51640656 -70.33610303 -70.14367917 -69.68150967] 
15:[-254.0523451  -254.05092021 -254.04745519 -254.04563936 -254.0047572 -253.99766934 -253.86766979 -253.86206333 -253.86199701 -253.81919791 -253.81461726 -253.78754724 -253.75023964 -253.67170938 -253.35547739 -253.00760928 -252.75852037] 
16:[-65.24230339 -65.23985429 -65.11827438 -65.11697103 -65.03759357 -64.85456529 -64.79727053 -64.79229827 -64.76625668 -64.62787579 -64.42550903 -64.30737727 -64.29276433 -64.10135063 -63.99051544 -63.91496064 -63.59817188] 
RANKING VECTORS IDX
0:[ 0. 15. 16.  4.  1. 11.  8. 10.  5.  2. 12. 13.  9.  6.  3. 14.  7.] 
1:[12.  1.  0. 16.  4. 11. 10.  5.  3.  8. 13.  9. 15.  6. 14.  2.  7.] 
2:[16. 15.  4.  2.  5. 11. 14. 10.  8. 12.  0. 13.  9.  3.  6.  7.  1.] 
3:[ 3. 13.  9.  2.  5.  4. 15. 10. 16.  7.  8. 11.  1.  6. 12. 14.  0.] 
4:[16.  4. 15. 14.  9. 13.  3.  8. 12.  2.  5. 10.  1.  6. 11.  7.  0.] 
5:[ 4.  2. 15.  5. 16. 14. 11.  9. 13.  3.  8. 12.  6.  7. 10.  0.  1.] 
6:[ 6. 14.  4. 15. 16.  1. 11.  2.  5.  8. 10.  3. 12. 13.  9.  7.  0.] 
7:[11.  7. 15. 16.  4. 14. 13.  9. 10.  8.  1. 12.  5.  2.  3.  6.  0.] 
8:[ 8. 13.  9. 16. 15.  4. 10.  2.  5. 11.  7. 12. 14.  1.  3.  0.  6.] 
9:[ 9. 13.  3. 15.  4. 16.  8.  2.  5. 14. 10.  7. 11. 12.  6.  0.  1.] 
10:[14. 12.  8. 13.  5. 11.  2. 10.  4. 15.  9. 16.  6.  3.  7.  0.  1.] 
11:[ 5.  2. 11. 10.  8.  3.  9. 13.  1.  7.  4. 16.  0. 12. 15.  6. 14.] 
12:[ 1. 12. 16.  4. 15. 13.  9.  8.  2. 14.  5.  6. 10. 11.  3.  7.  0.] 
13:[13.  9.  5.  2.  7. 15.  3.  4.  8. 10. 16. 14. 11.  1. 12.  6.  0.] 
14:[ 2.  5. 14. 15. 16.  4.  8. 11.  9. 10. 13. 12.  0.  1.  7.  6.  3.] 
15:[14. 16.  4. 15.  2.  5. 12. 13.  9.  3. 11.  8.  1.  6. 10.  7.  0.] 
16:[ 4. 16. 13.  9.  7.  8.  2.  5. 10.  3. 11. 15.  1. 12.  6. 14.  0.] 
POSCARS
EA13    4.040  4.040  2.484 90.00 89.99 120.00 Sym.group:  189
1.0
   4.0395149999999997   -0.0006620000000000    0.0028050000000000
  -2.0191110000000001    3.4988310000000000   -0.0005280000000000
  -0.0013510000000000   -0.0004930000000000    2.4843660000000001
B O
4 2
direct
   0.9965260000000000    0.9947460000000000    0.9994350000000000 B
   0.9965070000000000    0.2791460000000000    0.4994770000000000 B
   0.2809440000000000    0.9947370000000000    0.4992420000000000 B
   0.7121300000000000    0.7103610000000000    0.4995940000000000 B
   0.3298670000000000    0.6614210000000000    0.4995670000000000 O
   0.6631990000000000    0.3280790000000000    0.4992720000000000 O
EA62    2.380  2.388  6.256 79.04 100.92 89.77 Sym.group:  119
1.0
   2.3784190000000001   -0.0988640000000000   -0.0110520000000000
   0.1089370000000000    2.3851599999999999    0.0185890000000000
  -1.1088220000000000    1.1941480000000000    6.0401990000000003
B N
4 2
direct
   0.5862280000000000    0.6640030000000000    0.8308030000000000 B
   0.1895110000000000    0.5605000000000000    0.0378220000000000 B
   0.2922660000000000    0.9581440000000000    0.2432320000000000 B
   0.9391910000000000    0.3110310000000000    0.5370160000000000 B
   0.5137830000000000    0.2360560000000000    0.6864610000000000 N
   0.8647020000000000    0.8852160000000000    0.3883680000000000 N
EA51    2.188  2.188  5.972 90.22 89.67 119.93 Sym.group:  164
1.0
   2.1879900000000001   -0.0076470000000000    0.0018420000000000
  -1.0849240000000000    1.8999870000000001   -0.0015950000000000
   0.0292190000000000   -0.0049000000000000    5.9719040000000003
Be Na
2 1
direct
   0.6642650000000000    0.6673140000000000    0.1995130000000000 Be
   0.9937110000000000    0.3343270000000000    0.4673260000000000 Be
   0.3320110000000000    0.0014090000000000    0.8331960000000000 Na
EA48    4.702  4.637  4.703 119.53 104.06 60.47 Sym.group:  140
1.0
   2.4257010000000001    4.0277180000000001    0.0025010000000000
  -2.2771740000000000    4.0395909999999997    0.0006250000000000
   1.1369020000000001   -2.0210569999999999    4.0916969999999999
Cl Si
4 2
direct
   0.9996699999999999    0.0720200000000000    0.8160849999999999 Cl
   0.6804650000000000    0.5725200000000000    0.4979480000000000 Cl
   0.9993400000000000    0.7526460000000000    0.1771530000000000 Cl
   0.3199700000000000    0.2527470000000000    0.4978370000000000 Cl
   0.4991340000000000    0.9128210000000000    0.9980760000000000 Si
   0.5003370000000000    0.4123870000000000    0.9984050000000000 Si
EA159   3.005  4.958  3.003 90.33 60.33 90.06 Sym.group:  164
1.0
   3.0038040000000001    0.0794550000000000    0.0041180000000000
  -0.1361460000000000    4.9538320000000002    0.1546900000000000
   1.4845910000000000   -0.0581280000000000    2.6093030000000002
Li B
4 2
direct
   0.6598800000000000    0.3844180000000000    0.7470540000000000 Li
   0.9964850000000000    0.7966030000000000    0.0789650000000000 Li
   0.3181630000000000    0.5457200000000000    0.4170910000000000 Li
   0.6547670000000000    0.9579090000000000    0.7490030000000000 Li
   0.9988750000000000    0.2021890000000000    0.0762570000000000 B
   0.3157730000000000    0.1401380000000000    0.4197990000000000 B
EA45    2.654  2.653  6.757 90.06 89.82 119.94 Sym.group:  164
1.0
   2.6535030000000002   -0.0020020000000000   -0.0001750000000000
  -1.3221480000000001    2.2998230000000000   -0.0000800000000000
   0.0222630000000000    0.0043180000000000    6.7570769999999998
Mg Na
2 1
direct
   0.3478080000000000    0.3296290000000000    0.1550550000000000 Mg
   0.6755250000000000    0.9927930000000000    0.4791620000000000 Mg
   0.0057790000000000    0.6636500000000000    0.8170180000000000 Na
EA262   2.269  2.266 11.584 95.53 95.57 90.01 Sym.group:  139
1.0
   2.2684810000000000   -0.0046350000000000    0.0115890000000000
   0.0040890000000000    2.2658749999999999    0.0024060000000000
  -1.1854130000000000   -1.1265369999999999   11.4682010000000005
P F
4 2
direct
   0.4783240000000000    0.3049800000000000    0.2193560000000000 P
   0.6645410000000000    0.4955080000000000    0.6046230000000000 P
   0.7721270000000000    0.5968470000000000    0.7980980000000000 P
   0.5799410000000000    0.4048930000000000    0.4128510000000000 P
   0.4123350000000000    0.2363370000000000    0.0825680000000000 F
   0.8405070000000000    0.6644620000000000    0.9348900000000000 F
EA11    3.427  3.431  3.430 90.36 60.24 60.28 Sym.group:  225
1.0
   3.4266120000000000   -0.0317030000000000   -0.0424470000000000
   1.7281290000000000    2.9634230000000001   -0.0160090000000000
   1.7277460000000000   -1.0175829999999999    2.7829730000000001
Li S
2 1
direct
   0.4931640000000000    0.2465900000000000    0.7460900000000000 Li
   0.4935140000000000    0.7451000000000000    0.2467130000000000 Li
   0.9934809999999999    0.9956820000000000    0.9965830000000000 S
EA336   3.045  7.279  3.026 101.88 119.23 78.02 Sym.group:  166
1.0
   3.0249340000000000    0.0433080000000000   -0.3473540000000000
   1.3960330000000001    7.1409180000000001   -0.1976450000000000
  -1.1645770000000000   -0.3305440000000000    2.7735150000000002
Li Cl
4 2
direct
   0.1821380000000000    0.2939250000000000    0.8247260000000000 Li
   0.7586370000000000    0.6209560000000000    0.2687180000000000 Li
   0.4704010000000000    0.4574310000000000    0.5465390000000000 Li
   0.9703900000000000    0.9574420000000000    0.0469170000000000 Li
   0.5740310000000000    0.1352850000000000    0.4385020000000000 Cl
   0.3667520000000000    0.7795930000000000    0.6550990000000000 Cl
EA7     4.511  4.323  4.485 118.80 76.85 118.62 Sym.group:  140
1.0
   4.5102669999999998   -0.0275780000000000    0.0727250000000000
  -2.1139480000000002    1.7781180000000001    3.3253260000000000
   0.9910580000000000   -4.3715780000000004    0.1588280000000000
Mg Be
4 2
direct
   0.0020600000000000    0.8389430000000000    0.1860930000000000 Mg
   0.3221700000000000    0.6601230000000000    0.5080380000000000 Mg
   0.0009360000000000    0.1605990000000000    0.8299500000000000 Mg
   0.6808280000000000    0.3391210000000000    0.5075140000000000 Mg
   0.5015790000000000    0.7491630000000000    0.0077720000000000 Be
   0.5014800000000000    0.2501970000000000    0.0077900000000000 Be
EA114   3.178  3.181  3.750 90.07 89.97 90.00 Sym.group:  115
1.0
   3.1784249999999998    0.0001100000000000   -0.0004880000000000
  -0.0000910000000000    3.1804739999999998   -0.0135390000000000
   0.0025010000000000    0.0114130000000000    3.7504200000000001
P Mg
2 1
direct
   0.5069660000000000    0.0011280000000000    0.5178739999999999 P
   0.0073600000000000    0.5011050000000000    0.4736420000000000 P
   0.0064640000000000    0.0005820000000000    0.9958070000000000 Mg
EA249   2.946  8.359  2.946 89.90 90.00 90.00 Sym.group:  137
1.0
   2.9458820000000001    0.0006500000000000   -0.0004470000000000
  -0.0012380000000000    8.3589470000000006   -0.0185290000000000
   0.0004390000000000    0.0116050000000000    2.9458139999999999
Cl Be
4 2
direct
   0.9966600000000000    0.1938790000000000    0.4175250000000000 Cl
   0.4936380000000000    0.4696000000000000    0.9173249999999999 Cl
   0.4968560000000000    0.9695930000000000    0.9177710000000000 Cl
   0.9937290000000000    0.6938590000000000    0.4142680000000000 Cl
   0.9971340000000000    0.8317510000000000    0.9130120000000000 Be
   0.4967950000000000    0.3317620000000000    0.4183360000000000 Be
EA108   4.370  4.368  4.777 116.47 116.31 89.90 Sym.group:  119
1.0
   4.3656459999999999   -0.1111660000000000   -0.1632580000000000
   0.1116160000000000    4.3628499999999999   -0.1918640000000000
  -2.0231180000000002   -1.9095640000000000    3.8830570000000000
P Al
4 2
direct
   0.4720830000000000    0.1336410000000000    0.5780630000000000 P
   0.0340730000000000    0.1856500000000000    0.6961150000000000 P
   0.7261060000000000    0.8804810000000000    0.0775890000000000 P
   0.4203440000000000    0.5712270000000000    0.4589760000000000 P
   0.1554340000000000    0.8012910000000000    0.9330580000000001 Al
   0.8058620000000000    0.4520470000000000    0.2231030000000000 Al
EA1     4.207  4.292  4.293 76.30 118.12 118.05 Sym.group:  140
1.0
   4.2061409999999997    0.0581750000000000    0.0642870000000000
  -2.0710540000000002    3.7589220000000001    0.0261960000000000
  -2.0814900000000001   -0.0120560000000000    3.7549709999999998
Al Be
4 2
direct
   0.4913470000000000    0.0015990000000000    0.3173720000000000 Al
   0.9915610000000000    0.3198040000000000    0.9990950000000000 Al
   0.6659389999999999    0.6802790000000000    0.9960450000000000 Al
   0.1660920000000000    0.9984980000000000    0.6776630000000000 Al
   0.0787070000000000    0.5031750000000000    0.4943260000000000 Be
   0.5788020000000000    0.4969260000000000    0.5008280000000001 Be
EA171   3.022  2.844  2.844 60.17 90.06 89.65 Sym.group:  191
1.0
   2.2411759999999998   -0.8250630000000000    1.8512329999999999
   0.9712010000000000    2.6730489999999998    0.0442100000000000
  -0.9564870000000000    1.8202890000000000    1.9642290000000000
B Al
2 1
direct
   0.8287380000000000    0.3307850000000000    0.7243410000000000 B
   0.8287300000000000    0.6647180000000000    0.0583240000000000 B
   0.3287310000000000    0.9976900000000000    0.3914120000000000 Al
EA108   4.417  3.424  3.436 60.13 90.24 90.01 Sym.group:  164
1.0
   4.4142180000000000    0.0061850000000000    0.1652410000000000
  -0.0053740000000000    3.4236659999999999   -0.0005000000000000
  -0.1283580000000000    1.7117739999999999    2.9767969999999999
Li Be
4 2
direct
   0.5640970000000000    0.5892970000000000    0.4930420000000000 Li
   0.3918010000000000    0.9224880000000000    0.8266970000000000 Li
   0.9330820000000000    0.9232020000000000    0.8252840000000000 Li
   0.7607420000000000    0.2563880000000000    0.1589370000000000 Li
   0.2296500000000000    0.2560660000000000    0.1595500000000000 Be
   0.0951640000000000    0.5896230000000000    0.4924290000000000 Be
EA242   2.755  2.755  8.971 89.98 89.99 60.02 Sym.group:  164
1.0
   1.4186240000000001    2.3620070000000002   -0.0316800000000000
  -1.3366659999999999    2.4091079999999998    0.0218160000000000
   0.1726250000000000    0.0178490000000000    8.9695219999999996
Al B
4 2
direct
   0.3330460000000000    0.5067400000000000    0.6288260000000000 Al
   0.6676060000000000    0.8387410000000000    0.8486860000000001 Al
   0.0001670000000000    0.1727220000000000    0.0689140000000000 Al
   0.0004730000000000    0.1727420000000000    0.4085990000000000 Al
   0.3336100000000000    0.5060400000000000    0.2362990000000000 B
   0.6670280000000000    0.8394160000000001    0.2412150000000000 B
