NUMBER OF TEMPLATES 37
COMPOSITION A 1 B
pairs , SPACEGROUPS 
[Al S] , 139 
[B Be] , 164 
[F Li] , 225 
[Li O] , 187 
[H P] , 129 
[Cl Li] , 194 
[Al P] , 194 
[Mg N] , 187 
[Cl O] , 139 
[Mg O] , 225 
[Al Na] , 141 
[Li Si] , 123 
[Al N] , 186 
[F Na] , 225 
[Al O] , 166 
[Cl Li] , 225 
[F Si] , 191 
[B S] , 166 
[B C] , 139 
[Al Li] , 227 
[Na Si] , 123 
[P Si] , 225 
[Cl Mg] , 164 
[N O] , 160 
[C Cl] , 166 
[N P] , 131 
[C P] , 164 
[H Li] , 225 
[H Si] , 191 
[Be F] , 166 
[F Mg] , 164 
[H Na] , 225 
[Be S] , 119 
[Mg Na] , 123 
[Mg S] , 225 
[C F] , 164 
[F P] , 129 
RANKING VECTORS ENTHALPIES
0:[-177.84594982 -177.84047062 -177.78478309 -177.78298735 -177.77796655 -177.77599104 -177.7582275  -177.75781553 -177.72602488 -177.70993638 -177.69430794 -177.69391855 -177.69388981 -177.69376726 -177.69376296 -177.68695272 -177.51148756 -177.49534296 -177.42200132 -177.37460806 -177.37166406 -177.36917177 -177.35760799 -177.30367469 -177.19885471 -177.18859276 -177.15309655 -177.15010242 -177.14853331 -177.06718757 -177.02004654 -176.97431709 -176.97044366 -176.90604598 -176.83984411 -176.83470784 -176.38017579] 
1:[-227.62667475 -227.62609122 -227.62529306 -227.57734614 -227.57683368 -227.51354713 -227.4214598  -227.4167776  -227.40279081 -227.39660749 -227.2624992  -227.25630361 -227.24666945 -227.20470525 -227.09786591 -227.05214673 -227.02429604 -227.01673458 -226.94724766 -226.93989061 -226.86725877 -226.86365516 -226.8582671  -226.7633474  -226.66253471 -226.64510143 -226.48367604 -226.48048455 -226.42547649 -226.35938474 -226.35824826 -226.35818743 -226.35781858 -226.35774724 -226.32381253 -226.31428877 -226.27826522] 
2:[-432.96083252 -432.96044377 -432.9602602  -432.96020383 -432.96018222 -432.96004852 -432.96001184 -432.95994989 -432.95994256 -432.95994229 -432.90849909 -432.90792424 -432.78909932 -432.78866407 -432.71830185 -432.66706275 -432.66660013 -432.6665441  -432.66563453 -432.66552708 -432.66534214 -432.6652722  -432.66347333 -432.6499244  -432.64218881 -432.54990304 -432.51339476 -432.49284868 -432.38589551 -432.35574864 -432.3079571  -432.25110702 -432.24482355 -432.07018265 -431.64384532 -431.43080177 -431.43067126] 
3:[-321.00449173 -321.00429075 -320.91786662 -320.90792757 -320.79258862 -320.79219327 -320.78920993 -320.78639774 -320.73655012 -320.69429345 -320.68570763 -320.68546238 -320.67088195 -320.60501066 -320.59418468 -320.57783857 -320.57566427 -320.57559531 -320.57558816 -320.575511 -320.57519664 -320.57510802 -320.57374444 -320.57107643 -320.38226101 -320.27540085 -320.27378945 -320.27343937 -320.27340006 -320.27315641 -320.25376705 -320.21973682 -320.1952179  -320.18039055 -319.96957863 -319.56015171 -319.55411889] 
4:[-99.34360644 -99.1824063  -99.17630417 -99.11945507 -99.08446058 -99.0501186  -99.04242863 -99.03951299 -99.02984292 -99.01565325 -98.99903983 -98.97980567 -98.97913579 -98.97643219 -98.95137087 -98.93778684 -98.92801375 -98.91987561 -98.88666847 -98.88556027 -98.88475757 -98.85719552 -98.83557093 -98.8147509  -98.80987918 -98.78718164 -98.78529316 -98.77857855 -98.76164422 -98.73962497 -98.73412015 -98.71598762 -98.71598762 -98.71598426 -98.71598426 -98.70939387 -98.70442781] 
5:[-318.96943266 -318.96937933 -318.96936772 -318.96924207 -318.96871684 -318.96866486 -318.96865453 -318.96859921 -318.96859741 -318.96584808 -318.95805442 -318.95665884 -318.69513849 -318.69473519 -318.64215554 -318.56437303 -318.56049883 -318.54435951 -318.54348849 -318.54346103 -318.46505169 -318.46501874 -318.46501455 -318.46499758 -318.35669071 -318.31705236 -318.28188645 -318.25199865 -318.15489032 -318.10928282 -318.10723341 -317.98509565 -317.67679024 -317.62327996 -317.16462238 -317.16404592 -316.77349897] 
6:[-121.74998379 -121.74957828 -121.70626233 -121.70440136 -121.70319169 -121.70310834 -121.67545079 -121.6750488  -121.67502562 -121.6749365 -121.67493357 -121.64190352 -121.61730484 -121.59819073 -121.59333129 -121.51669463 -121.47499483 -121.47171191 -121.4065187  -121.39356258 -121.37653614 -121.35909983 -121.358135   -121.33723242 -121.32714872 -121.3185575  -121.31311912 -121.31209392 -121.30729314 -121.23741757 -121.23501907 -121.16701162 -121.16189075 -121.07441206 -120.91304946 -120.91217778 -120.46298415] 
7:[-946.25378227 -946.23359922 -946.02822513 -946.00371766 -946.00282769 -946.00278322 -946.00247193 -946.00224191 -946.00219454 -946.00217298 -946.00183931 -945.999115   -945.99412122 -945.9629758  -945.96231485 -945.9117461  -945.91171147 -945.91079211 -945.85908601 -945.73385722 -945.65090386 -945.57720918 -945.52620858 -945.48221268 -945.48195038 -945.4809695  -945.48095567 -945.30257646 -945.14628582 -945.13881234 -945.09712753 -944.86976907 -944.859071   -944.36315712 -944.04793492 -943.60494506 -943.60248469] 
8:[-442.671709   -442.64552846 -442.55560891 -442.55377575 -442.52879628 -442.50129697 -442.42402064 -442.38681191 -442.37224154 -442.28153524 -442.02139772 -442.01495901 -442.00145809 -441.97253316 -441.97019636 -441.9698849  -441.96833847 -441.96802136 -441.96741712 -441.96723863 -441.96428828 -441.9549534  -441.9340739  -441.89338811 -441.88733149 -441.8550381  -441.80657599 -441.76277272 -441.76089258 -441.76087418 -441.76080441 -441.76000078 -441.75804551 -441.75622746 -441.71021287 -441.70869734 -441.69542957] 
9:[-1031.63857323 -1031.63822166 -1031.63800215 -1031.6378839 -1031.63721418 -1031.63669936 -1031.63629825 -1031.63623523 -1031.63514272 -1031.63483223 -1031.45571022 -1031.45508875 -1031.3263837  -1031.32042131 -1031.1731171  -1031.1718707 -1031.1717761  -1031.17174856 -1031.17037286 -1031.11715609 -1030.99699173 -1030.99544248 -1030.96549789 -1030.96548664 -1030.9637858  -1030.88897354 -1030.65800403 -1030.60193982 -1030.50803756 -1030.40951109 -1030.15945716 -1030.15570297 -1030.07780603 -1029.80216049 -1028.99197468 -1028.43111404 -1028.43101719] 
10:[-648.25142361 -648.24614845 -648.21872607 -648.14040044 -648.10770895 -648.10531982 -648.07941453 -648.078219   -648.0770429  -648.06633418 -648.06085644 -648.05493474 -648.04728747 -648.01706364 -647.99986434 -647.9991563  -647.94555824 -647.93914883 -647.9230797  -647.86487753 -647.81508725 -647.81112938 -647.7193559  -647.49194248 -647.17397665 -647.05235333 -647.04518242 -646.91566099 -646.91418377 -646.91144758 -646.86437096 -646.86413707 -646.86405858 -646.86402171 -646.86392519 -646.77488222 -645.85193336] 
11:[-152.25551935 -152.24322418 -152.23898803 -152.03053615 -152.01979673 -152.01883332 -152.00351544 -151.99793721 -151.9970547  -151.98055965 -151.88286559 -151.80863626 -151.7754416  -151.71346047 -151.7088448 -151.68176826 -151.66197133 -151.65991133 -151.53795752 -151.50963107 -151.44615478 -151.43104426 -151.4262201  -151.40983454 -151.40066322 -151.39443197 -151.37933004 -151.28249017 -151.15998135 -151.15989589 -151.15989342 -151.15986495 -151.15986313 -151.1592057  -151.14522099 -151.10065976 -150.59425134] 
12:[-171.4231052  -171.42146896 -171.42082119 -171.42016298 -171.41926819 -171.41899083 -171.41898076 -171.41894892 -171.41894884 -171.41165553 -171.21249144 -171.21239484 -171.07509916 -171.07509777 -171.07486113 -171.00363316 -170.97475691 -170.9733948  -170.74547251 -170.74504782 -170.62438508 -170.62199691 -170.48361754 -170.38172131 -169.96020261 -169.93012292 -169.8817596  -169.83966643 -169.79984101 -169.76910382 -169.76733427 -169.76556412 -169.14849613 -168.31077543 -168.02215968 -168.0195131  -167.87872935] 
13:[-955.56030206 -955.56029628 -955.55605256 -955.45429523 -955.45417043 -955.45402021 -955.45398544 -955.45395185 -955.45393931 -955.45340743 -955.45327696 -955.45313379 -955.44504777 -955.40558909 -955.40102894 -955.38417417 -955.38336686 -955.19993619 -955.16251999 -955.16238163 -954.94587239 -954.90497733 -954.90461938 -954.90401231 -954.90386509 -954.901292   -954.85422275 -954.85147235 -954.85005777 -954.85005198 -954.81095195 -954.75472796 -954.70921108 -954.6486843  -954.55595314 -953.78938722 -953.78915519] 
14:[-254.87313889 -254.62626843 -254.37645078 -254.37412279 -254.37335262 -254.36794425 -254.30300746 -254.28389728 -254.27990493 -254.27767118 -254.23488596 -254.17844264 -254.17438311 -254.08217808 -253.99411743 -253.95440565 -253.9286016  -253.87489188 -253.78400608 -253.6651164 -253.66438809 -253.47303534 -253.46222984 -253.46218989 -253.4617 -253.46165472 -253.46124071 -253.46116896 -253.45740121 -253.11398775 -253.11211232 -253.09749419 -252.9170023  -252.91576483 -252.91048952 -251.87131601 -251.66605852] 
15:[-318.96943266 -318.96937933 -318.96936772 -318.96924207 -318.96871684 -318.96866486 -318.96865453 -318.96859921 -318.96859741 -318.96584808 -318.95805442 -318.95665884 -318.69513849 -318.69473519 -318.64215554 -318.56437303 -318.56049883 -318.54435951 -318.54348849 -318.54346103 -318.46505169 -318.46501874 -318.46501455 -318.46499758 -318.35669071 -318.31705236 -318.28188645 -318.25199865 -318.15489032 -318.10928282 -318.10723341 -317.98509565 -317.67679024 -317.62327996 -317.16462238 -317.16404592 -316.77349897] 
16:[-389.87894334 -389.8781304  -389.70987232 -389.68329541 -389.65998013 -389.65997448 -389.6536072  -389.64959387 -389.51092824 -389.50495608 -389.50235374 -389.43281752 -389.3618475  -389.3585022  -389.33467693 -389.31601285 -389.29774687 -389.29774113 -389.13057371 -389.02049408 -389.02042346 -389.01841396 -388.99969259 -388.95158056 -388.65046586 -388.40875771 -388.36043029 -388.08630299 -388.08456716 -387.91555889 -387.90679468 -387.90522225 -387.90505896 -387.90505878 -387.90467964 -387.90448523 -387.90447476] 
17:[-186.94242881 -186.5523587  -186.52295534 -186.40838178 -186.39893709 -186.39893709 -186.39890402 -186.39510584 -186.39436866 -186.38215468 -186.37929281 -186.37813809 -186.37500036 -186.37255201 -186.36092224 -186.22135242 -186.21865992 -186.19679911 -186.19568364 -186.18619913 -186.18548594 -186.18316511 -186.15068683 -186.1115148  -186.01326076 -185.939378   -185.78386431 -185.77683893 -185.72860756 -185.63022936 -185.61393543 -185.46595594 -185.4542853  -185.32749641 -185.26978501 -185.06530035 -184.93540276] 
18:[-119.79770711 -119.74656643 -119.65993783 -119.47867246 -119.46915752 -119.46600451 -119.38636821 -119.38296134 -119.37994926 -119.36768936 -119.33492911 -118.88810683 -118.86908312 -118.84165496 -118.84165106 -118.84156023 -118.84153098 -118.84101618 -118.80093189 -118.79580563 -118.77875111 -118.65356001 -118.65329562 -118.62663222 -118.57835228 -118.33933762 -118.33722869 -118.3286469  -118.14026141 -118.02753189 -117.88805208 -117.87091595 -117.83083695 -117.54023457 -117.25064406 -117.24832967 -116.89610882] 
19:[-125.95137581 -125.94910865 -125.94413702 -125.8724465  -125.86594488 -125.83665695 -125.83212234 -125.77927415 -125.77289761 -125.75012082 -125.75011248 -125.68405564 -125.67959496 -125.65715393 -125.6558159 -125.65480624 -125.64806032 -125.56979083 -125.50994245 -125.50731015 -125.48043663 -125.46040854 -125.45673521 -125.32528498 -125.24744067 -125.22379742 -125.22279407 -125.06344168 -125.05414886 -125.04592183 -125.02622108 -125.02605891 -125.02603916 -125.02596236 -125.02596016 -124.2739807  -124.12411615] 
20:[-674.53005941 -674.51882454 -674.51846478 -674.43853852 -674.34740243 -674.33838775 -674.3075254  -674.28673193 -674.28036336 -674.24974101 -674.24585603 -674.24112513 -674.22841458 -674.18545108 -674.18372512 -674.14194236 -674.11892448 -674.0194845  -673.97154178 -673.97123822 -673.93832155 -673.92227693 -673.7890729  -673.71985533 -673.48794469 -673.47590525 -673.40922288 -673.18313005 -672.96827775 -672.96413779 -672.96389757 -672.96382446 -672.96381647 -672.96379092 -672.95493578 -672.9464586  -671.92789511] 
21:[-147.59063228 -147.5767674  -147.57664081 -147.57663354 -147.57657371 -147.57657138 -147.54762042 -147.54250755 -147.53187419 -147.5272872 -147.52707095 -147.52150456 -147.51183946 -147.49888369 -147.46528582 -147.46513857 -147.45823056 -147.45487904 -147.43488252 -147.41916058 -147.37653416 -147.36199506 -147.35889031 -147.33734552 -147.33709845 -147.32925409 -147.32585807 -147.32023571 -147.30387848 -147.29576473 -147.25383914 -147.24530746 -147.22296416 -147.12725894 -147.09032182 -146.99316413 -146.94304123] 
22:[-1026.85454699 -1026.84991217 -1026.78209065 -1026.77907424 -1026.77799209 -1026.76949141 -1026.68813711 -1026.68649835 -1026.68197528 -1026.67515366 -1026.67347937 -1026.64104066 -1026.63201146 -1026.5918916  -1026.58203551 -1026.30856304 -1026.30778578 -1026.22636523 -1026.19249304 -1026.19199196 -1026.19174982 -1026.19148768 -1026.19146375 -1026.17948077 -1026.17872793 -1026.1445542  -1026.07555732 -1026.07535601 -1026.04311032 -1026.03948234 -1025.88195229 -1025.88014191 -1025.76319489 -1025.7621025  -1025.75001984 -1025.50371683 -1025.03222879] 
23:[-361.88412447 -361.86232342 -361.8582179  -361.77991794 -360.99587357 -360.71378643 -360.53888077 -360.48608494 -360.48477509 -360.28974512 -360.23893202 -360.23316427 -360.20895089 -360.20542378 -360.15740754 -360.15029736 -360.13045928 -360.13026708 -360.12932132 -360.12245363 -360.0721048  -360.07100083 -360.06043075 -360.0596659  -360.05966582 -360.05966514 -360.05966512 -360.0564745  -360.05346533 -360.00752804 -359.93866329 -359.93808524 -359.89277864 -359.89187941 -359.8099403 -359.43818747 -359.43188581] 
24:[-301.01053368 -300.87913862 -300.87834739 -300.87809849 -300.87799018 -300.8719584  -300.76907298 -300.07147438 -300.06569125 -299.90866134 -299.61962172 -299.24978961 -298.90475099 -298.90455875 -298.90454422 -298.90433887 -298.90429608 -298.90412802 -298.89534655 -298.88756204 -298.87096138 -298.86838827 -298.68015152 -298.67443601 -298.66789471 -298.65654231 -298.62844305 -298.62813421 -298.61505876 -298.58333953 -298.55016499 -298.43569097 -298.43178564 -298.4207391  -298.40602255 -298.14351655 -298.10506134] 
25:[-232.20514046 -231.91798716 -231.91656804 -231.91334781 -231.82183411 -231.75138549 -231.7097187  -231.7014749  -231.69849889 -231.61583857 -231.35799593 -231.3387678  -231.33417253 -231.27653858 -231.2690489 -231.26864883 -231.26268428 -231.2624685  -231.26242551 -231.26213699 -231.26213323 -231.24925007 -231.2360371  -231.21350572 -231.21094772 -231.19104626 -231.18042603 -231.15118176 -231.09291307 -230.98135093 -230.87049074 -230.76482607 -230.75107134 -230.64246034 -230.41046652 -230.39473385 -230.08045139] 
26:[-172.81377203 -172.75086647 -172.6253521  -172.41206744 -172.39125899 -172.35433212 -172.3460479  -172.33467788 -172.31737267 -172.31736452 -172.31731302 -172.31729582 -172.31729582 -172.31355114 -172.28357652 -172.28100326 -172.26433673 -172.25667174 -172.19579688 -172.19469975 -172.15315111 -172.06062284 -172.06049105 -172.01788503 -171.97558641 -171.97171284 -171.71755043 -171.55561847 -171.54127246 -171.53499691 -171.43976484 -171.41509543 -171.17985304 -171.1769827  -170.88535587 -170.80950224 -170.55053826] 
27:[-104.52340365 -104.52305936 -104.52285825 -104.52259201 -104.52256578 -104.52075166 -104.52057565 -104.52049635 -104.51815025 -104.51800726 -104.45580401 -104.4557728  -104.41489689 -104.41487413 -104.36273694 -104.33509943 -104.3319393  -104.33135631 -104.29357034 -104.29309914 -104.29153948 -104.29084795 -104.28794452 -104.24839154 -104.23891557 -104.20056836 -104.10983294 -104.10800463 -104.05900763 -103.98362091 -103.93436219 -103.91132272 -103.86917597 -103.82132208 -103.59911541 -103.19808602 -103.191748  ] 
28:[-62.62287527 -62.47578354 -62.46681771 -62.4589842  -62.43302688 -62.43035103 -62.42702457 -62.42504293 -62.41497066 -62.39514944 -62.39514944 -62.39428638 -62.3900932  -62.38503522 -62.38346916 -62.37740209 -62.37580848 -62.37089062 -62.36979742 -62.35306033 -62.35162332 -62.34790136 -62.34789948 -62.33064047 -62.33060056 -62.32081153 -62.29963562 -62.29712072 -62.2949554  -62.29454634 -62.29304717 -62.28904428 -62.26411634 -62.25825311 -62.25329966 -62.24674419 -61.9942887 ] 
29:[-523.49671869 -523.46388473 -523.4638007  -523.46000012 -523.44045663 -523.42332101 -523.33215738 -523.29354578 -523.09937745 -523.00441868 -522.92240423 -522.91366499 -522.60889136 -522.58572552 -522.57936295 -522.57589239 -522.57375575 -522.57285774 -522.41083318 -522.4106711 -522.39116112 -522.26951682 -522.15806448 -521.95389832 -521.88999734 -521.88655901 -521.87249778 -521.87134631 -521.87094003 -521.86843564 -521.86843477 -521.86842404 -521.86842376 -521.76428821 -521.76426359 -521.76378242 -521.28590238] 
30:[-1140.88295972 -1140.88078794 -1140.74799411 -1140.74465249 -1140.74134008 -1140.72714384 -1140.72133631 -1140.70796282 -1140.68097048 -1140.58013092 -1140.55664107 -1140.25575203 -1140.24106688 -1140.23974822 -1140.20621854 -1140.16362641 -1140.15814528 -1140.13226976 -1140.12196492 -1140.12195497 -1140.11532312 -1140.11519889 -1140.10976871 -1140.10476538 -1140.10128343 -1140.1003466  -1140.07001478 -1140.02842914 -1140.00170232 -1139.83280349 -1139.83203267 -1139.83190127 -1139.83165763 -1139.82340971 -1139.72689476 -1139.27519401 -1138.96756484] 
31:[-626.95896352 -626.95894155 -626.9579108  -626.90049097 -626.90020272 -626.90002274 -626.89968904 -626.89939226 -626.89938735 -626.89926597 -626.89847944 -626.89766359 -626.897459   -626.85016143 -626.84214916 -626.83923535 -626.83819653 -626.73375392 -626.66427498 -626.66410168 -626.49986688 -626.4993315  -626.4992757  -626.49905519 -626.49299443 -626.47846771 -626.43143474 -626.42896317 -626.42624496 -626.42352596 -626.41948004 -626.3783887  -626.37262097 -626.28823594 -626.23165691 -625.65846208 -625.65772544] 
32:[-337.14667518 -337.14433945 -337.13669346 -337.12970586 -337.12898457 -337.0828677  -337.0794321  -337.07521421 -337.06489338 -337.06396473 -337.06341099 -337.06339698 -337.04393497 -337.03864745 -337.02653756 -337.02482945 -337.02429451 -337.02351594 -336.6678231  -336.58819483 -336.57523189 -336.57174624 -336.53763136 -336.48490473 -336.25671849 -336.2048109  -336.20183483 -336.1975026  -336.19625175 -336.08562305 -336.06018433 -335.91715491 -335.86401352 -335.84089542 -335.83923593 -335.83405085 -335.74258182] 
33:[-1423.90370431 -1423.90060161 -1423.89900069 -1423.89092896 -1423.8843263  -1423.87791003 -1423.87588661 -1423.87493324 -1423.86747849 -1423.84550272 -1423.83938476 -1423.83477672 -1423.82009988 -1423.81338026 -1423.79214631 -1423.79093418 -1423.7877692  -1423.78510082 -1423.78462658 -1423.78108987 -1423.72768126 -1423.72336316 -1423.58834835 -1423.55776562 -1423.40528835 -1423.26888462 -1423.2631707  -1423.26314744 -1423.26287122 -1423.26283972 -1423.25267085 -1423.24435189 -1423.23196077 -1423.09045452 -1423.06271262 -1422.63111783 -1422.27280962] 
34:[-954.74651717 -954.74647592 -954.74463845 -954.74457196 -954.74381982 -954.74337734 -954.74323989 -954.74282932 -954.74281485 -954.73473844 -954.70013071 -954.69918078 -954.36688826 -954.36027827 -954.25040473 -954.25015495 -954.24743356 -954.16805306 -954.12867835 -954.12502977 -953.95650729 -953.95556979 -953.95552219 -953.83519036 -953.69967401 -953.64168006 -953.51833992 -953.46800643 -953.45672237 -953.33166759 -953.31708918 -953.16149827 -953.1292597  -952.92451499 -952.69444405 -952.6909609  -952.66994142] 
35:[-414.63788139 -414.63787073 -414.63776585 -414.63689335 -413.73752945 -413.73603404 -413.53262398 -413.52556287 -413.44504688 -412.98631974 -412.98629188 -412.68271915 -412.64029641 -412.44398118 -412.11494111 -412.07720475 -412.0733707  -411.89939196 -411.87125345 -411.70313172 -411.69217865 -411.68287878 -411.67172404 -411.6714381  -411.49000792 -411.47774298 -411.43481517 -411.43184028 -411.42763968 -410.8304831 -410.8263844  -410.82613454 -410.82612547 -410.82612506 -410.82612211 -410.82612094 -410.82438033] 
36:[-426.17624575 -426.17365683 -426.16603983 -426.06618491 -426.06556743 -426.05408835 -425.84340627 -425.8412401  -425.74881625 -425.74206943 -425.68493868 -425.63557969 -425.49084414 -425.4672102  -425.4654731 -425.45418477 -425.45400839 -425.44954984 -425.44823902 -425.44569236 -425.35376088 -425.32798013 -424.84484463 -424.79894298 -424.44885996 -424.44856765 -424.39546909 -424.39053749 -424.38988639 -423.97931778 -423.97852631 -423.97603983 -423.97603698 -423.97603667 -423.97538422 -423.97474308 -423.96161717] 
RANKING VECTORS IDX
0:[ 7.  3. 20. 11.  0. 33.  6.  5. 34. 27. 21. 31.  9. 13. 15.  2. 32. 29. 14. 30.  1. 22.  8. 26. 25. 17. 16. 28. 10. 23. 12. 24. 35. 19. 36.  4. 18.] 
1:[ 1. 35. 30.  6.  5. 24. 11. 20. 33.  0. 36.  4. 26. 10. 29. 22. 17. 25.  8. 19.  3. 23.  7. 18. 32. 14. 16. 28. 12. 21. 31.  9. 13. 15.  2. 27. 34.] 
2:[36. 21. 27. 31.  9.  4.  2. 34. 13. 15.  7.  3.  6.  5. 32. 12. 35.  1. 22. 30. 20. 33. 11.  0.  8. 23. 24. 25. 17. 18. 26. 29. 14. 10. 19. 28. 16.] 
3:[ 7.  3.  0.  8. 11. 20. 33. 24. 32. 26.  6.  5. 29. 34. 18. 36. 21. 31.  9. 27. 13. 15.  4.  2. 25. 22. 12.  1. 30. 35. 23. 14. 10. 17. 19. 16. 28.] 
4:[ 8.  4. 36. 35. 12. 29. 28. 16. 23. 14. 11. 33. 18.  0. 17. 10. 25. 19. 30.  1. 22. 24. 20. 32. 26.  3.  7.  6.  5.  2. 27.  9. 31. 15. 13. 34. 21.] 
5:[27. 36.  4.  2. 21. 31.  9. 13. 15. 34.  7.  3.  6.  5. 32.  8.  0. 11. 20. 33. 12. 30. 22.  1. 23. 25. 29. 26. 17. 14. 18. 10. 24. 19. 28. 16. 35.] 
6:[ 6.  5. 27.  4.  2. 36. 21. 31.  9. 13. 15. 34. 33. 20. 11. 14.  3.  7.  0. 10. 26. 30. 29. 19. 22. 16. 28.  8. 17. 25. 23. 35. 24.  1. 32. 12. 18.] 
7:[ 7.  3. 34. 21. 31. 27. 36.  9. 13. 15.  4.  2.  0.  6.  5. 20. 33. 11. 24. 32.  8. 26. 18.  1. 12. 22. 30. 29. 23. 25. 17. 14. 10. 19. 35. 16. 28.] 
8:[23.  8. 36.  4. 26. 24. 35. 16. 28. 14. 25.  0. 34. 21. 31.  9.  7.  3. 13. 15. 27.  2. 29.  6.  5. 32. 12. 17.  1. 20. 33. 11. 30. 22. 19. 10. 18.] 
9:[36.  4. 21. 27. 31.  9. 13. 15. 34.  2.  6.  5.  7.  3. 12.  1. 22. 30. 35. 32.  0.  8. 20. 33. 11. 23. 17. 24. 25. 18. 29. 14. 26. 10. 19. 28. 16.] 
10:[10. 19. 24. 29.  1. 30. 22. 26.  5.  6. 36.  4.  8. 33. 11. 20. 35. 23. 17. 14. 16. 28. 25. 32.  0.  7.  3. 34. 27.  2. 21.  9. 31. 15. 13. 18. 12.] 
11:[33. 11. 20.  5. 36.  4. 19. 24. 10.  8. 29. 26. 22. 25. 23. 17.  1. 30.  0. 32. 14. 35. 18. 16. 28.  3.  7.  6. 21. 31.  9. 13. 15.  2. 27. 34. 12.] 
12:[36.  4.  2. 27. 21. 31.  9. 13. 15. 34.  5.  6.  1. 30. 22. 12. 23. 32.  7.  3.  8.  0. 17. 24. 25. 26. 18. 29. 14. 20. 33. 11. 10. 35. 16. 28. 19.] 
13:[20. 33. 11. 21. 27. 31.  9.  2. 34. 13. 15. 36.  4.  7.  3.  6.  5. 32.  8.  0. 10. 12.  1. 30. 35. 22. 18. 24. 29. 19. 17. 25. 23. 26. 14. 28. 16.] 
14:[14.  0. 29.  4. 36. 24. 17. 30. 22.  1. 26.  3.  7. 25.  8. 23. 12. 32. 18.  6.  5. 27. 31.  9. 13. 15. 21. 34.  2. 20. 33. 11. 28. 16. 10. 19. 35.] 
15:[27. 36.  4.  2. 21. 31.  9. 13. 15. 34.  7.  3.  6.  5. 32.  8.  0. 11. 20. 33. 12. 30. 22.  1. 23. 25. 29. 26. 17. 14. 18. 10. 24. 19. 28. 16. 35.] 
16:[16. 28. 35. 12.  4. 36. 23. 24. 22. 14. 30. 17. 26.  1. 29. 25.  6.  5. 10. 11. 20. 33.  8. 19. 32.  0. 18.  7.  3. 21. 27. 34. 13. 15.  2. 31.  9.] 
17:[17. 29. 32. 35. 15. 13. 21. 31.  9. 34. 27. 26. 12.  2.  0.  3.  7.  5.  6. 22.  1. 30. 18. 25. 24. 14. 28. 16.  4. 36.  8. 33. 11. 23. 10. 19. 20.] 
18:[18. 24. 35. 32. 12. 29.  1. 22. 30. 26. 17.  0. 36. 31.  9. 13. 15. 21. 34. 27.  2.  6.  5. 25. 14.  3.  7.  4. 16. 28. 10.  8. 23. 20. 33. 11. 19.] 
19:[11. 20. 33. 36.  4. 10. 19.  7.  3.  6.  5. 29. 24. 30.  1. 35. 22. 26.  0.  8. 14. 23. 17. 32. 16. 28. 25.  2. 27. 34. 21. 31.  9. 13. 15. 12. 18.] 
20:[33. 20. 11. 24.  4. 36. 19. 10.  6.  5.  8. 29. 22. 17. 26. 25. 23. 35. 30.  1. 16. 28. 32. 14.  3.  7.  0. 18. 27. 21. 31. 13. 15.  9.  2. 34. 12.] 
21:[34. 21. 31.  9. 13. 15.  2. 27.  7.  3. 32. 16. 28.  0.  6.  5. 18. 33. 14. 29. 10. 25. 24. 36.  4.  1. 30. 35. 22. 23. 11. 20. 19.  8. 26. 17. 12.] 
22:[ 4. 36. 30.  1. 22. 29. 33. 20.  6. 11.  5.  8.  0. 17. 26. 23. 12. 34. 21. 31.  9. 13. 15.  2. 27. 14.  7.  3. 10. 25. 24. 19. 16. 28. 35. 32. 18.] 
23:[23. 36.  4. 35. 18.  0. 14. 24. 17. 29. 16. 28. 33. 25. 20. 11.  1. 22. 30.  8. 27.  2. 32. 31.  9. 13. 15. 34. 21. 26.  3.  7.  5.  6. 12. 10. 19.] 
24:[29. 35. 30.  1. 22. 26. 24. 36.  4.  8.  0. 17. 21. 31.  9. 13. 15.  2. 27. 18. 34. 23.  3.  7. 16. 28.  6.  5. 14. 32. 25. 33. 11. 20. 12. 19. 10.] 
25:[29. 30.  1. 22. 26. 18. 17.  0.  8. 23. 32. 28. 16. 34.  6.  5. 21. 31.  9. 13. 15.  2. 27. 36.  4. 14.  3.  7. 25. 24. 12. 11. 33. 35. 10. 19. 20.] 
26:[35. 24. 17.  0. 26. 12. 23. 34. 31.  9. 32. 15. 13. 21.  2. 27. 29.  1.  3.  7.  8.  6.  5. 18. 22. 30. 25.  4. 16. 28. 36. 14. 33. 11. 10. 19. 20.] 
27:[ 4. 27. 36.  2. 34. 21. 31.  9. 13. 15.  3.  7.  6.  5. 32. 11. 20. 33. 35.  1. 30. 12. 22.  0.  8. 23. 17. 24. 25. 18. 29. 26. 14. 10. 19. 28. 16.] 
28:[24. 16. 28.  0.  1. 22. 30. 35. 29.  9. 31. 13. 21. 10. 23.  3. 17. 18.  7. 12.  2.  6.  5.  8. 15. 32. 33. 27. 34. 11. 25. 20.  4. 26. 36. 14. 19.] 
29:[29.  1. 22. 30. 26. 24. 17. 14.  0.  8.  3.  7. 35. 12. 23. 28. 16. 25. 36.  4. 18.  5. 32. 10.  6. 34. 27.  2. 21. 31.  9. 13. 15. 33. 20. 11. 19.] 
30:[36.  4. 30.  1. 22.  0.  8. 24. 29. 26. 17. 18.  5.  6. 23.  7.  3. 34. 13. 15.  2. 27. 12. 21. 31.  9. 32. 14. 25. 11. 28. 20. 33. 16. 10. 19. 35.] 
31:[20. 33. 11. 36. 21. 27. 31. 13. 15.  9. 34.  2.  4.  7.  3.  6.  5. 32.  8.  0. 12.  1. 30. 35. 22. 10. 24. 19. 18. 17. 29. 25. 23. 26. 14. 16. 28.] 
32:[32. 23. 12.  6.  5.  9. 27.  2. 21. 31. 15. 13. 34. 17. 35. 30.  1. 22.  0. 29.  7.  3. 18. 26. 14. 33. 20. 11. 25. 24. 10.  8. 28. 36. 16.  4. 19.] 
33:[29.  1. 22. 30. 26.  6.  5. 36.  4. 24. 19. 10. 14. 35.  8. 23. 20. 11. 17. 33. 16. 28. 25. 32.  0.  2. 31.  9. 15. 13. 27. 21. 34.  3.  7. 18. 12.] 
34:[ 4. 27.  2. 36. 21. 31.  9. 13. 15. 34.  6.  5.  7.  3. 20. 33. 11. 32.  8.  0. 12.  1. 30. 17. 10. 23. 24. 29. 19. 25. 14. 22. 26. 18. 16. 28. 35.] 
35:[30.  1. 22. 35. 36.  4. 24. 29. 26.  6.  5. 12. 23. 18. 14. 16. 28.  0. 17.  8. 25. 11. 33. 20.  3.  7. 10. 32. 19. 34.  2. 21. 31.  9. 13. 15. 27.] 
36:[10. 24. 19.  4. 36. 35. 23. 12. 16. 28. 25. 14. 26. 30. 22. 20. 11. 33. 29.  1. 17.  8. 32.  0.  3.  7. 18.  5.  6. 34.  2.  9. 13. 15. 31. 27. 21.] 
POSCARS
EA273   3.267  5.262  3.275 72.09 89.92 72.14 Sym.group:  139
1.0
   3.2572770000000002   -0.2366790000000000   -0.0918090000000000
   1.9823670000000000    3.8341449999999999    3.0104280000000001
   0.0149660000000000   -1.0586789999999999    3.0996350000000001
Al S
2 2
direct
   0.8955780000000000    0.9574260000000000    0.0383110000000000 Al
   0.6404490000000000    0.4558070000000000    0.7833750000000000 Al
   0.1248000000000000    0.4889460000000000    0.2676990000000000 S
   0.4112270000000000    0.9242870000000000    0.5539870000000000 S
EA245   2.766  2.767  3.637 90.04 90.12 61.32 Sym.group:  164
1.0
   2.7660790000000000   -0.0258580000000000   -0.0020680000000000
   1.3504849999999999    2.4147609999999999   -0.0082960000000000
  -0.0049130000000000    0.0122750000000000    3.6371820000000001
B Be
2 2
direct
   0.0054240000000000    0.9968560000000000    0.3645330000000000 B
   0.6704410000000000    0.6611390000000000    0.1543400000000000 B
   0.0075860000000000    0.9983230000000000    0.8967300000000000 Be
   0.6683190000000000    0.6596810000000000    0.6221790000000000 Be
EA21    2.552  2.552  2.552 60.00 90.00 120.00 Sym.group:  225
1.0
   1.2773699999999999    1.2758929999999999   -1.8042149999999999
  -1.2757680000000000    1.2766130000000000    1.8047700000000000
   1.2766960000000001    1.2750390000000000    1.8053770000000000
F Li
1 1
direct
   0.7466190000000000    0.4931490000000000    0.7566740000000000 F
   0.2466160000000000    0.4931440000000000    0.2566920000000000 Li
EA5     2.791  2.792  3.569 89.82 89.86 60.04 Sym.group:  187
1.0
   1.4297830000000000    2.3968550000000000   -0.0448400000000000
  -1.3630290000000000    2.4357240000000000   -0.0493280000000000
  -0.0070970000000000    0.0812810000000000    3.5685330000000000
O Li
2 2
direct
   0.3330630000000000    0.0810250000000000    0.5309900000000000 O
   0.3322780000000000    0.0798410000000000    0.9545490000000000 O
   0.9994960000000001    0.7465440000000000    0.7427790000000000 Li
   0.6655300000000000    0.4143290000000000    0.2427620000000000 Li
EA125   3.047  3.111  3.202 89.76 90.52 90.00 Sym.group:  129
1.0
   3.0467860000000000   -0.0000550000000000    0.0033390000000000
  -0.0000940000000000    3.1108709999999999   -0.0101860000000000
  -0.0328360000000000    0.0237280000000000    3.2015600000000002
H P
2 2
direct
   0.2426430000000000    0.7489150000000000    0.5106240000000000 H
   0.7460620000000000    0.2478020000000000    0.4908810000000000 H
   0.2442380000000000    0.7486159999999999    0.9688870000000001 P
   0.7444740000000000    0.2483850000000000    0.0326210000000000 P
EA12    3.052  3.052  5.051 89.98 90.01 60.02 Sym.group:  194
1.0
   3.0516519999999998    0.0006860000000000   -0.0006070000000000
   1.5246480000000000    2.6440519999999998    0.0017880000000000
   0.0005290000000000   -0.0020950000000000    5.0506380000000002
Cl Li
2 2
direct
   0.3282430000000000    0.3356440000000000    0.2505880000000000 Cl
   0.6614650000000000    0.6687270000000000    0.7505940000000000 Cl
   0.9944100000000000    0.0025990000000000    0.0005910000000000 Li
   0.9952970000000000    0.0017800000000000    0.5005920000000000 Li
EA40    3.302  3.304  5.255 90.00 90.00 119.97 Sym.group:  194
1.0
   3.3019690000000002    0.0002330000000000   -0.0010690000000000
  -1.6505240000000001    2.8620000000000001   -0.0003000000000000
   0.0014970000000000    0.0013480000000000    5.2548159999999999
Al P
2 2
direct
   0.9987549999999999    0.0054590000000000    0.9985550000000000 Al
   0.9988020000000000    0.0054790000000000    0.4985540000000000 Al
   0.6655219999999999    0.3390830000000000    0.7485600000000000 P
   0.3320310000000000    0.6718530000000000    0.2485520000000000 P
EA111   3.064  3.065  4.052 89.99 90.03 60.00 Sym.group:  187
1.0
   3.0644469999999999    0.0054710000000000    0.0071540000000000
   1.5274850000000000    2.6566920000000001   -0.0020150000000000
  -0.0114100000000000    0.0102490000000000    4.0519959999999999
N Mg
2 2
direct
   0.9948500000000000    0.0043460000000000    0.8350550000000000 N
   0.9939829999999999    0.0049470000000000    0.3959230000000000 N
   0.3279030000000000    0.3378790000000000    0.1154070000000000 Mg
   0.6611650000000000    0.6712720000000000    0.6155530000000000 Mg
EA205   2.306  7.972  2.308 81.82 89.62 98.27 Sym.group:  139
1.0
   2.3061609999999999   -0.0346520000000000   -0.0060650000000000
  -1.0270500000000000    7.5629739999999996    2.3034640000000000
   0.0161510000000000   -0.3465170000000000    2.2814480000000001
Cl O
2 2
direct
   0.5634230000000000    0.1035520000000000    0.6642510000000000 Cl
   0.9118120000000000    0.7966740000000000    0.3194190000000000 Cl
   0.1997520000000000    0.3735880000000000    0.0297060000000000 O
   0.2769270000000000    0.5266230000000000    0.9541190000000001 O
EA23    2.797  2.797  2.797 60.00 120.00 90.00 Sym.group:  225
1.0
   2.7970839999999999   -0.0019080000000000   -0.0005040000000000
   0.0019740000000000    2.7972070000000002    0.0004340000000000
  -1.3971169999999999    1.3991499999999999    1.9785990000000000
O Mg
1 1
direct
   0.6095090000000000    0.4019480000000000    0.1968680000000000 O
   0.1094800000000000    0.9018730000000000    0.1968580000000000 Mg
EA114   4.141  4.141  4.162 60.89 119.12 88.62 Sym.group:  141
1.0
   2.0541250000000000    3.5947680000000002    0.0624260000000000
  -2.0546489999999999    1.2305200000000001    3.3777879999999998
   0.0434070000000000   -2.4165770000000002    3.3888379999999998
Al Na
2 2
direct
   0.6281440000000000    0.2378450000000000    0.7580070000000000 Al
   0.3775850000000000    0.9872760000000000    0.2580290000000000 Al
   0.1281480000000000    0.7376060000000000    0.7579740000000000 Na
   0.8776800000000000    0.4874720000000000    0.2579760000000000 Na
EA33    4.692  2.282  3.531 90.01 90.04 90.00 Sym.group:  123
1.0
   4.6914879999999997    0.0012920000000000   -0.0139000000000000
  -0.0006550000000000    2.2824710000000001   -0.0032430000000000
   0.0082610000000000    0.0045600000000000    3.5308790000000001
Li Si
2 2
direct
   0.2887400000000000    0.7046690000000000    0.8414420000000000 Li
   0.7887400000000000    0.7044020000000000    0.8414890000000000 Li
   0.5387830000000000    0.2046500000000000    0.3414680000000000 Si
   0.0387830000000000    0.2044340000000000    0.3414640000000000 Si
EA307   2.968  2.968  4.637 90.00 90.00 60.00 Sym.group:  186
1.0
   2.9680460000000002    0.0000440000000000    0.0000690000000000
   1.4838750000000001    2.5703659999999999   -0.0000850000000000
  -0.0001050000000000    0.0002080000000000    4.6365189999999998
Al N
2 2
direct
   0.3404440000000000    0.3333520000000000    0.1944030000000000 Al
   0.6736060000000000    0.6667860000000000    0.6944030000000000 Al
   0.6737930000000000    0.6666800000000001    0.3048440000000000 N
   0.3402560000000000    0.3334590000000000    0.8048440000000000 N
EA1     2.891  2.880  4.081 89.57 90.09 90.00 Sym.group:  225
1.0
   2.8911319999999998   -0.0003270000000000    0.0019110000000000
   0.0002030000000000    2.8802469999999998   -0.0082450000000000
  -0.0088840000000000    0.0424570000000000    4.0804640000000001
F Na
2 2
direct
   0.3711040000000000    0.8696680000000000    0.9639440000000000 F
   0.8750260000000000    0.3707220000000000    0.4635940000000000 F
   0.8712290000000000    0.3703310000000000    0.9633980000000000 Na
   0.3753950000000000    0.8713330000000000    0.4642500000000000 Na
EA16    2.634  2.632  5.796 77.11 89.87 119.64 Sym.group:  166
1.0
   2.5643349999999998   -0.5950740000000000    0.0862310000000000
  -0.7559740000000000    2.5187360000000001    0.1038400000000000
   0.0878040000000000    1.1436679999999999    5.6817510000000002
Al O
2 2
direct
   0.8713770000000000    0.2547800000000000    0.2520090000000000 Al
   0.3712730000000000    0.2545730000000000    0.7520200000000000 Al
   0.9803200000000000    0.4741660000000000    0.9259300000000000 O
   0.7625100000000000    0.0352760000000000    0.5780880000000000 O
EA96    3.064  3.065  3.065 60.02 60.02 60.02 Sym.group:  225
1.0
   1.5412220000000001   -2.6484809999999999    0.0005390000000000
   3.0644819999999999    0.0113070000000000    0.0178740000000000
   1.5201570000000000   -0.8868710000000000    2.5093260000000002
Cl Li
1 1
direct
   0.2629950000000000    0.8232710000000000    0.1687850000000000 Cl
   0.7628950000000000    0.3232900000000000    0.6687460000000000 Li
EA121   2.396  2.396  7.158 90.00 89.95 120.00 Sym.group:  191
1.0
   2.3963960000000002   -0.0031500000000000    0.0044340000000000
  -1.1953890000000000    2.0769579999999999    0.0003370000000000
  -0.0075610000000000   -0.0050310000000000    7.1579179999999996
F Si
2 2
direct
   0.2383830000000000    0.2455900000000000    0.2484410000000000 F
   0.2359420000000000    0.2482310000000000    0.7484380000000000 F
   0.2369940000000000    0.2440530000000000    0.9984350000000000 Si
   0.2372740000000000    0.2445330000000000    0.4984360000000000 Si
EA197   2.847  2.845  5.780 75.79 75.77 60.12 Sym.group:  166
1.0
   2.8470230000000001    0.0280920000000000    0.0087170000000000
   1.3929590000000001    2.4807440000000001    0.0406380000000000
   1.3965620000000001    0.7523430000000000    5.5580829999999999
B S
2 2
direct
   0.9827570000000000    0.6458840000000000    0.2853540000000000 B
   0.0785050000000000    0.7424670000000000    0.9946940000000000 B
   0.7925930000000000    0.4566900000000000    0.8509330000000001 S
   0.2686690000000000    0.9316610000000000    0.4291140000000000 S
EA1     3.706  2.687  2.687 89.98 68.77 111.23 Sym.group:  139
1.0
   3.7063630000000001   -0.0127100000000000    0.0119180000000000
  -0.9640260000000000    2.5075820000000002   -0.0154630000000000
   0.9661270000000000    0.3877260000000000    2.4767039999999998
C B
2 2
direct
   0.2250170000000000    0.1202560000000000    0.8870150000000000 C
   0.7720690000000000    0.8942380000000000    0.1136900000000000 C
   0.4985170000000000    0.2574860000000000    0.2503560000000000 B
   0.4985700000000000    0.7570080000000000    0.7503500000000000 B
EA115   3.872  3.872  3.872 90.03 119.99 119.98 Sym.group:  227
1.0
   0.0885970000000000   -2.2011989999999999   -3.1837399999999998
   1.8915800000000000    3.3775230000000001    0.0702230000000000
   1.8911380000000000   -1.1273070000000001    3.1854429999999998
Al Li
2 2
direct
   0.6172470000000000    0.8650330000000001    0.1149040000000000 Al
   0.1173490000000000    0.6150020000000000    0.3650230000000000 Al
   0.6173140000000000    0.3650650000000000    0.6149790000000001 Li
   0.1173030000000000    0.1150330000000000    0.8650220000000000 Li
EA51    4.796  2.354  4.879 90.01 119.41 90.00 Sym.group:  123
1.0
   4.7943530000000001    0.0034510000000000   -0.1058000000000000
  -0.0016520000000000    2.3544399999999999   -0.0011250000000000
  -2.3010370000000000   -0.0006120000000000    4.3019639999999999
Na Si
2 2
direct
   0.7457680000000000    0.7559950000000000    0.7465190000000000 Na
   0.2459260000000000    0.7541940000000000    0.7466760000000000 Na
   0.2460550000000000    0.2547740000000000    0.2466200000000000 Si
   0.7464430000000000    0.2548220000000000    0.2467900000000000 Si
EA21    3.181  3.224  3.224 119.21 119.52 60.48 Sym.group:  225
1.0
   3.1807430000000001    0.0060770000000000   -0.0043340000000000
   1.5832590000000000    2.8086280000000001    0.0022880000000000
  -1.5833900000000001   -0.9159920000000000    2.6552099999999998
P Si
1 1
direct
   0.9917700000000000    0.9975650000000000    0.0039190000000000 P
   0.4917320000000000    0.4975890000000000    0.5038930000000000 Si
EA88    2.997  2.995  6.979 90.01 90.09 119.93 Sym.group:  164
1.0
   2.9968309999999998   -0.0235090000000000    0.0037260000000000
  -1.4738770000000001    2.6074269999999999    0.0030110000000000
  -0.0203500000000000   -0.0214480000000000    6.9790400000000004
Cl Mg
2 2
direct
   0.0072470000000000    0.9945030000000000    0.0901720000000000 Cl
   0.3412810000000000    0.6617450000000000    0.7858309999999999 Cl
   0.3416280000000000    0.6614900000000000    0.2944480000000000 Mg
   0.0067290000000000    0.9948920000000000    0.5815460000000000 Mg
EA37    2.292  2.292  6.496 80.22 99.77 119.46 Sym.group:  160
1.0
   2.2919470000000000    0.0024120000000000   -0.0190910000000000
  -1.1291789999999999    1.9945290000000000    0.0090090000000000
  -1.0500389999999999    0.6442890000000000    6.3776999999999999
O N
2 2
direct
   0.2241560000000000    0.7810360000000000    0.1617740000000000 O
   0.7211400000000000    0.2779780000000000    0.6617980000000000 O
   0.2821760000000000    0.7230350000000000    0.3399740000000000 N
   0.7791709999999999    0.2199780000000000    0.8400069999999999 N
EA104   2.393  7.779  2.394 90.76 62.10 81.30 Sym.group:  166
1.0
   2.3920650000000001    0.0650340000000000    0.0412650000000000
   0.9647100000000000    7.7172099999999997    0.1542300000000000
   1.0897640000000000   -0.2104310000000000    2.1206930000000002
C Cl
2 2
direct
   0.9111640000000000    0.3648850000000000    0.1786930000000000 C
   0.5753700000000000    0.3649480000000000    0.8429700000000000 C
   0.0196780000000000    0.6956360000000000    0.6201170000000000 Cl
   0.4567960000000000    0.0341320000000000    0.3925650000000000 Cl
EA457   2.538  4.866  2.529 89.78 90.08 90.74 Sym.group:  131
1.0
   2.5343619999999998   -0.0775900000000000   -0.1045540000000000
   0.0872620000000000    4.8646839999999996    0.0205710000000000
   0.1004480000000000   -0.0026590000000000    2.5265949999999999
N P
2 2
direct
   0.3688340000000000    0.2693370000000000    0.7484910000000000 N
   0.3826040000000000    0.7683140000000001    0.7478790000000000 N
   0.3758940000000000    0.5188230000000000    0.2481900000000000 P
   0.8756720000000000    0.0188370000000000    0.7481139999999999 P
EA18    2.822  2.833  4.690 90.32 90.23 60.73 Sym.group:  164
1.0
   1.4439240000000000   -2.4244420000000000    0.0032630000000000
   2.8324150000000001    0.0742730000000000   -0.0098110000000000
  -0.0105710000000000    0.0217840000000000    4.6904250000000003
C P
2 2
direct
   0.9990000000000000    0.9942210000000000    0.3454370000000000 C
   0.9988210000000000    0.9991910000000001    0.6608760000000000 C
   0.3326470000000000    0.3291990000000000    0.1795880000000000 P
   0.6651750000000000    0.6642130000000001    0.8267250000000000 P
EA5     2.359  2.360  4.082 106.80 90.01 60.03 Sym.group:  225
1.0
   1.1935640000000001   -2.0350649999999999   -0.0041010000000000
   2.3600629999999998    0.0172160000000000    0.0214400000000000
  -1.2097329999999999   -0.7161810000000000    3.8327450000000001
H Li
2 2
direct
   0.6184950000000000    0.7575160000000000    0.3815790000000000 H
   0.1190320000000000    0.7566050000000000    0.8816970000000000 H
   0.8690400000000000    0.2571020000000000    0.6313450000000000 Li
   0.3686920000000000    0.2571480000000000    0.1312920000000000 Li
EA52    3.213  2.318  2.318 120.00 89.99 90.01 Sym.group:  191
1.0
   3.2133159999999998    0.0024550000000000   -0.0044090000000000
  -0.0041960000000000    1.1843830000000000   -1.9923780000000000
   0.0022070000000000    1.1333370000000000    2.0218630000000002
H Si
1 1
direct
   0.3412390000000000    0.2445300000000000    0.9988190000000000 H
   0.8412180000000000    0.2504320000000000    0.0009270000000000 Si
EA83    2.354  2.335  5.556 90.14 102.13 119.49 Sym.group:  166
1.0
   2.3518390000000000   -0.0925950000000000    0.0066780000000000
  -1.0686279999999999    2.0757140000000001    0.0172670000000000
  -1.2107920000000001   -0.6831660000000001    5.3792720000000003
Be F
2 2
direct
   0.4774560000000000    0.3644900000000000    0.3385240000000000 Be
   0.0195150000000000    0.1386650000000000    0.6588619999999999 Be
   0.4619270000000000    0.8595840000000000    0.8206120000000000 F
   0.0351830000000000    0.6438820000000000    0.1767780000000000 F
EA272   2.821  2.821  5.546 89.92 90.16 119.84 Sym.group:  164
1.0
   2.8214020000000000    0.0030940000000000    0.0052530000000000
  -1.4062340000000000    2.4455480000000001    0.0005210000000000
  -0.0261630000000000   -0.0068980000000000    5.5460919999999998
F Mg
2 2
direct
   0.3251680000000000    0.6632720000000000    0.6423250000000000 F
   0.6577290000000000    0.3290550000000000    0.3590160000000000 F
   0.3229400000000000    0.6630130000000000    0.1933900000000000 Mg
   0.6598600000000000    0.3292440000000000    0.8079980000000000 Mg
EA9     2.754  2.763  3.898 89.91 90.24 90.00 Sym.group:  225
1.0
   2.7536130000000001    0.0003320000000000    0.0059160000000000
  -0.0002510000000000    2.7629459999999999   -0.0025380000000000
  -0.0248570000000000    0.0096260000000000    3.8976380000000002
H Na
2 2
direct
   0.3749810000000000    0.3733480000000000    0.1248950000000000 H
   0.8862890000000000    0.8732330000000000    0.6259860000000000 H
   0.8751960000000000    0.8737360000000000    0.1259200000000000 Na
   0.3859780000000000    0.3737420000000000    0.6251810000000000 Na
EA231   4.336  3.143  3.143 90.00 89.99 90.00 Sym.group:  119
1.0
   4.3364339999999997    0.0001780000000000   -0.0005190000000000
  -0.0000800000000000    3.1427200000000002    0.0032470000000000
   0.0009940000000000   -0.0031540000000000    3.1431719999999999
Be S
2 2
direct
   0.1191090000000000    0.0092710000000000    0.2522740000000000 Be
   0.6191480000000000    0.5094050000000000    0.7523470000000000 Be
   0.3691760000000000    0.5092680000000001    0.2524190000000000 S
   0.8691770000000000    0.0093890000000000    0.7523570000000001 S
EA116   3.716  3.714  4.013 89.99 89.98 90.02 Sym.group:  123
1.0
   3.7163780000000002   -0.0053910000000000    0.0154880000000000
   0.0039180000000000    3.7143590000000000    0.0157850000000000
  -0.0152380000000000   -0.0163190000000000    4.0129180000000000
Na Mg
2 2
direct
   0.3733960000000000    0.8768629999999999    0.9967110000000000 Na
   0.8733960000000000    0.3768490000000000    0.9966699999999999 Na
   0.3732840000000000    0.3770070000000000    0.4963710000000000 Mg
   0.8732600000000000    0.8769950000000000    0.4963460000000000 Mg
EA161   4.663  3.307  3.307 90.00 90.00 90.00 Sym.group:  225
1.0
   4.6632980000000002   -0.0034580000000000    0.0014890000000000
   0.0022380000000000    3.3066650000000002   -0.0021100000000000
  -0.0009630000000000    0.0023220000000000    3.3070949999999999
Mg S
2 2
direct
   0.1267730000000000    0.7812550000000000    0.7745649999999999 Mg
   0.6280880000000000    0.2806070000000000    0.2750160000000000 Mg
   0.1280070000000000    0.2813220000000000    0.2745110000000000 S
   0.6270160000000000    0.7806980000000000    0.7749300000000000 S
EA12    2.446  2.445  4.951 90.04 90.14 60.01 Sym.group:  164
1.0
   1.2238709999999999    2.1174430000000002    0.0050860000000000
  -1.2220370000000000    2.1179109999999999    0.0011470000000000
  -0.0159580000000000   -0.0163780000000000    4.9512000000000000
C F
2 2
direct
   0.5732030000000000    0.5824680000000000    0.4103930000000000 C
   0.2392400000000000    0.2492650000000000    0.3130770000000000 C
   0.5750720000000000    0.5818719999999999    0.6815540000000000 F
   0.2371290000000000    0.2495140000000000    0.0419140000000000 F
EA351   3.101  4.005  3.168 89.75 90.00 89.84 Sym.group:  129
1.0
   3.1013400000000000   -0.0014890000000000    0.0003730000000000
   0.0128550000000000    4.0047420000000002   -0.0016520000000000
  -0.0004820000000000    0.0152050000000000    3.1680720000000000
F P
2 2
direct
   0.7378749999999999    0.9171750000000000    0.2530480000000000 F
   0.2378290000000000    0.0927400000000000    0.7519990000000000 F
   0.7508330000000000    0.5162980000000000    0.2485800000000000 P
   0.2511700000000000    0.4936080000000000    0.7513919999999999 P
