NUMBER OF TEMPLATES 23
COMPOSITION A 3 B
pairs , SPACEGROUPS 
[C F] , 166 
[B C] , 107 
[Si H] , 166 
[Li Si] , 225 
[Li P] , 225 
[C P] , 164 
[Al Li] , 139 
[Na O] , 176 
[B F] , 164 
[Al Si] , 123 
[B S] , 164 
[P S] , 164 
[S Li] , 229 
[Na S] , 194 
[Na Cl] , 123 
[Na Al] , 221 
[C N] , 160 
[N C] , 156 
[Si S] , 229 
[Be F] , 123 
[Mg Na] , 123 
[Mg P] , 221 
[Al Si] , 139 
RANKING VECTORS ENTHALPIES
0:[-288.30729838 -288.27423036 -288.23254309 -287.69757154 -286.53282718 -286.37383831 -286.00716811 -285.85382189 -285.52311098 -285.49108372 -285.31912865 -285.23603894 -285.20571587 -285.20429449 -284.9754629 -284.55360902 -284.54924974 -284.549186   -284.54772985 -284.34311251 -284.31138631 -283.95622519 -283.95217136] 
1:[-98.80846565 -98.79952503 -98.6136942  -98.54814762 -98.2646029 -98.25531692 -98.22926815 -98.01301138 -98.00489883 -97.73780461 -97.72494904 -97.7242428  -97.60458988 -97.38031303 -97.35442728 -97.13830583 -97.04052333 -96.95714751 -96.94932709 -96.94708314 -96.93534321 -96.72362179 -96.72362144] 
2:[-86.87859758 -86.65171625 -86.62534365 -86.61329575 -86.61074178 -86.53852495 -86.53581223 -86.48562585 -86.44519328 -86.41875354 -86.41475129 -86.41075522 -86.40624731 -86.389206   -86.38865814 -86.35697291 -86.35619921 -86.35177241 -86.34426322 -86.33703877 -86.28956712 -85.94929485 -85.90764399] 
3:[-172.68148162 -172.68092975 -172.68092259 -172.67458573 -172.67443567 -172.55098714 -172.54107564 -172.53596065 -172.5297591  -172.52797269 -172.44725542 -172.44364214 -172.4431447  -172.25333197 -172.18886973 -172.09752605 -172.00227359 -171.99146227 -171.87127687 -171.85828063 -171.84037206 -171.81567066 -171.58539169] 
4:[-191.65793881 -191.65588319 -191.65569531 -191.65465725 -191.65465254 -191.632182   -191.41905994 -191.41485926 -191.408186   -191.38170868 -191.26449446 -191.26380585 -191.26280865 -191.25222863 -190.98226078 -190.88389698 -190.87607516 -190.7274428  -190.32964371 -190.24908098 -190.22122935 -190.13517776 -190.03999097] 
5:[-167.43594421 -167.40628769 -167.37904063 -167.03229881 -166.97966078 -166.82795907 -166.79415204 -165.8370641  -165.81540846 -165.70711146 -165.29917921 -165.29214653 -165.22827082 -164.76414616 -164.43190088 -164.41941095 -164.4194106  -164.41025371 -164.40797836 -164.39346763 -164.3832923  -164.10790168 -164.107886  ] 
6:[-92.28317136 -92.28287616 -92.26962873 -92.2659712  -92.26291992 -92.25701938 -92.24561479 -92.24541177 -92.23366971 -92.2300863 -92.20779364 -92.2073731  -92.19109252 -92.16974941 -92.04177957 -91.9974804  -91.84283505 -91.69583714 -91.68530559 -91.62595744 -91.24625878 -91.24149285 -90.50074819] 
7:[-1041.38621913 -1041.3271907  -1041.32603217 -1041.19834586 -1041.07056239 -1041.03429076 -1041.0199867  -1041.01959188 -1041.01921602 -1040.97547293 -1040.91298861 -1040.91110611 -1040.89624638 -1040.89617082 -1040.89278086 -1040.88308584 -1040.78379645 -1040.65786446 -1040.65326268 -1039.88472203 -1039.60565047 -1039.55707681 -1039.14028013] 
8:[-225.47088201 -225.33573321 -225.28274128 -224.82235701 -224.72219433 -224.66869421 -224.61476879 -224.52300834 -224.52281799 -224.52181542 -224.34162433 -224.2887854  -224.16254647 -224.15189056 -223.96677268 -223.94438773 -223.93349301 -223.47813326 -223.47058853 -223.4705877 -223.4284741  -223.08372021 -223.08367607] 
9:[-71.84504253 -71.84434806 -71.83815342 -71.83542287 -71.83497242 -71.83450064 -71.79768562 -71.79331652 -71.78970479 -71.70159156 -71.68432085 -71.68430098 -71.63975588 -71.637431   -71.63254007 -71.48144867 -71.4019647  -71.39271198 -71.3487428  -71.32528198 -70.88596908 -70.84656368 -70.15079238] 
10:[-132.2086083  -132.19700753 -132.15112584 -132.04930925 -131.99694336 -131.89435806 -131.82392895 -131.73789345 -131.66033868 -131.60114297 -131.58811394 -131.51086977 -131.23004466 -131.04364147 -130.77020911 -130.75885949 -130.72845219 -130.72448389 -130.70167757 -130.66534747 -130.63896158 -130.63728292 -130.628634  ] 
11:[-212.07044307 -212.05216509 -212.04381755 -211.7846392  -211.75802782 -211.75767227 -211.74682638 -211.72392759 -211.7096465  -211.70214544 -211.68590925 -211.68339578 -211.68277065 -211.66456559 -211.61300873 -211.58884728 -211.58450289 -211.58130393 -211.54443116 -211.42563166 -211.41531451 -211.2249913  -210.97637376] 
12:[-270.37968927 -270.3465322  -270.30498907 -270.03928025 -270.0330425 -270.02759978 -270.02737398 -270.01050849 -269.96316342 -269.95318054 -269.94683768 -269.94552601 -269.94097019 -269.91577795 -269.82631987 -269.81857014 -269.78661135 -269.78577653 -269.72428014 -269.71100506 -269.7037166  -269.6405632  -269.30138061] 
13:[-1003.47412368 -1003.47273365 -1003.45960613 -1003.31129043 -1003.31020962 -1003.30981831 -1003.30897511 -1003.19235147 -1003.19094579 -1003.18604619 -1003.1790258  -1003.17901585 -1003.07708471 -1002.8584046  -1002.75262879 -1002.68347432 -1002.66148768 -1002.64740044 -1002.1265608  -1002.05755557 -1001.9255045  -1001.47605975 -1001.29665114] 
14:[-1039.56431567 -1039.47559164 -1039.47479407 -1039.46409583 -1039.34694599 -1039.34276205 -1039.30410874 -1039.29605919 -1039.29513096 -1039.23817644 -1039.22540375 -1039.20325154 -1039.13516381 -1039.12357922 -1039.12353374 -1038.86666653 -1038.85881485 -1038.75685296 -1038.74594099 -1038.73234177 -1038.53749328 -1038.15657467 -1037.98966711] 
15:[-942.81446566 -942.78213155 -942.76015068 -942.74556862 -942.72245578 -942.70958257 -942.69957906 -942.69937387 -942.69530885 -942.68619901 -942.6591738  -942.65591858 -942.65589415 -942.65464287 -942.6122047 -942.57611409 -942.46867598 -942.33245968 -942.32564626 -942.28504566 -942.21200592 -941.8731156  -941.32308667] 
16:[-191.1443956  -190.95830629 -190.84069007 -190.50167276 -190.48714787 -190.45439594 -189.69166259 -189.17112792 -189.03789787 -189.01644647 -189.01122041 -188.81058536 -188.41110965 -188.40670903 -187.21166861 -187.21041351 -187.18818711 -187.18813091 -187.17328793 -187.17328585 -187.17032873 -186.82976218 -186.82965859] 
17:[-249.44131295 -249.16887777 -249.02665346 -248.94042239 -248.70017937 -248.69706478 -248.43608629 -248.35476898 -247.81298807 -247.7927145 -247.76419683 -247.72836624 -247.27640158 -247.27386576 -246.38794423 -246.30777492 -246.30776814 -246.30429906 -246.30429656 -246.30019005 -246.30013708 -245.97885423 -245.97861651] 
18:[-157.07032269 -157.00162099 -156.98434327 -156.97386582 -156.96351243 -156.90929507 -156.89595817 -156.85703245 -156.8281921  -156.80243774 -156.78135789 -156.77960191 -156.77666789 -156.77621333 -156.77304044 -156.76626017 -156.76617818 -156.75804759 -156.75694595 -156.75682822 -156.75462357 -156.52316548 -156.07772188] 
19:[-450.27833128 -450.2664872  -449.83536869 -449.7782514  -449.67052767 -449.61111859 -449.55808107 -449.51036751 -449.49028846 -449.48982618 -449.41241822 -449.35571365 -449.30776702 -449.29868469 -449.10321536 -448.9224853  -448.8691506  -448.71764504 -448.70632216 -448.56250232 -448.56165346 -448.45359053 -448.40399218] 
20:[-1517.10484868 -1517.07162933 -1517.07004775 -1517.06981579 -1517.06209216 -1517.06128184 -1517.0592033  -1517.05101522 -1517.03358123 -1517.0287706  -1517.0283883  -1517.01681133 -1517.01009198 -1516.99561564 -1516.97834003 -1516.9753779 -1516.96869363 -1516.81154352 -1516.41406679 -1516.40423398 -1516.37040863 -1515.87441777 -1515.62115957] 
21:[-1254.3058284  -1254.3010051  -1254.29995424 -1254.29141402 -1254.26045527 -1254.25742683 -1254.25705992 -1254.22332897 -1254.22056016 -1254.157181   -1253.94670538 -1253.94629736 -1253.93812226 -1253.79922118 -1253.79605251 -1253.61094039 -1253.56705677 -1253.54198334 -1253.49917883 -1253.20898577 -1253.20408573 -1252.77482957 -1252.56062736] 
22:[-71.84504253 -71.84434806 -71.83815342 -71.83542287 -71.83497242 -71.83450064 -71.79768562 -71.79331652 -71.78970479 -71.70159156 -71.68432085 -71.68430098 -71.63975588 -71.637431   -71.63254007 -71.48144867 -71.4019647  -71.39271198 -71.3487428  -71.32528198 -70.88596908 -70.84656368 -70.15079238] 
RANKING VECTORS IDX
0:[ 5.  8.  0. 11. 16. 17.  1.  2.  7. 13. 19. 10. 12. 18. 14. 22.  4.  3.  6.  9. 20. 21. 15.] 
1:[ 1.  8.  0. 16.  7. 10.  5. 11. 17. 12. 19. 18. 14. 13.  2.  6. 22. 20.  9. 15. 21.  4.  3.] 
2:[16.  7.  8. 11.  2. 14.  5. 17.  1. 22.  6. 10. 19.  4.  3.  9. 13. 21. 20. 15.  0. 12. 18.] 
3:[22.  4.  3.  2.  6.  9. 20. 13.  7. 10. 14. 21. 15. 11. 17. 16. 18. 12.  8.  5.  0. 19.  1.] 
4:[ 2.  1. 22.  4.  3.  6. 10. 13.  7. 11. 21. 15.  9. 20. 14. 12. 18. 17. 19.  5.  8.  0. 16.] 
5:[ 0.  5.  8. 16. 11. 17. 10. 12. 18.  1. 13.  7. 19. 14.  2.  4.  3. 20.  9. 22.  6. 21. 15.] 
6:[ 9. 21. 15. 10. 20. 13. 22.  6. 14.  7.  4.  3. 11.  2. 17.  8.  5. 19. 16.  0. 18. 12.  1.] 
7:[ 7. 10. 13. 11. 14. 16.  9. 21. 15. 20.  6. 22.  3.  4.  2.  0. 17. 18. 12.  1. 19.  5.  8.] 
8:[ 8.  0.  5.  1. 11.  2. 16. 18. 12. 19. 17. 10.  7. 13. 14.  9. 20. 22.  4.  3.  6. 21. 15.] 
9:[22.  6. 20.  9. 21. 15. 10.  7. 13. 14.  4.  3.  2. 17.  8.  5. 16. 11.  0. 19. 12. 18.  1.] 
10:[16.  8. 10.  0.  5.  7. 17. 11. 18.  1. 12. 19. 13. 14. 22.  6.  4.  3.  9.  2. 20. 21. 15.] 
11:[18. 11. 12. 19.  4.  3.  7. 13.  2. 14. 22.  6.  9. 20.  8.  5. 17. 10.  0. 21. 15. 16.  1.] 
12:[12.  1. 18.  7.  9. 17. 14. 20. 11.  2.  6. 22. 10. 13. 21. 15.  4.  3.  5.  0. 19. 16.  8.] 
13:[10. 13.  7. 20.  9. 21. 15. 22.  6.  2.  4.  3. 14. 16. 11. 18. 12. 17. 19.  0.  5.  8.  1.] 
14:[14. 20. 21. 15. 10. 13.  7. 22.  6. 11. 17. 16.  2.  4.  3.  9.  0. 18.  5. 12. 19.  1.  8.] 
15:[11. 17.  9. 20. 22. 14.  3.  4.  2.  6. 10. 13. 21. 15.  7.  5. 19. 12. 18.  8.  0. 16.  1.] 
16:[16. 10. 11.  8.  0.  5.  2.  1. 17. 12. 18. 19. 13.  7.  9. 20. 22.  6.  4.  3. 14. 21. 15.] 
17:[17. 11. 16. 10.  5.  0.  8.  1. 12. 18.  2. 19.  7. 13. 14.  4.  3. 20.  9. 22.  6. 21. 15.] 
18:[ 0. 12. 14. 11. 18.  8.  6.  2.  5. 19. 22. 20. 13. 10.  7.  4.  3. 17.  9. 21. 15. 16.  1.] 
19:[19. 11. 14. 16.  8.  5. 17. 10.  9. 20.  7.  0. 22.  6.  1. 13.  2. 18. 12. 21. 15.  4.  3.] 
20:[11.  2. 22.  6.  4.  3.  8.  9. 20.  7. 10. 14. 21. 13. 15. 17.  0. 19. 18. 12. 16.  5.  1.] 
21:[20.  9. 21. 15. 10. 13.  7.  6. 22. 14.  4.  3.  2. 11. 17.  8. 16.  0. 19. 12. 18.  5.  1.] 
22:[22.  6. 20.  9. 21. 15. 10.  7. 13. 14.  4.  3.  2. 17.  8.  5. 16. 11.  0. 19. 12. 18.  1.] 
POSCARS
EA421   2.441  2.441  9.044 97.49 97.70 60.05 Sym.group:  166
1.0
   2.4404210000000002    0.0263450000000000   -0.0126750000000000
   1.1958730000000000    2.1279390000000000   -0.0421010000000000
  -1.1598180000000000   -0.5240660000000000    8.9535909999999994
C F
6 2
direct
   0.0677500000000000    0.7396820000000000    0.6030700000000000 C
   0.2387960000000000    0.8964950000000000    0.1041810000000000 C
   0.4197060000000000    0.0903880000000000    0.6578920000000000 C
   0.8294400000000000    0.4935540000000000    0.8815600000000000 C
   0.4770630000000000    0.1426080000000000    0.8256920000000000 C
   0.8868200000000001    0.5457820000000000    0.0493590000000000 C
   0.2895180000000000    0.9448990000000000    0.2539940000000000 F
   0.0173660000000000    0.6913899999999999    0.4532580000000000 F
EA1     2.604  2.604  7.032 90.00 90.01 90.00 Sym.group:  107
1.0
   2.6037180000000002    0.0003170000000000    0.0032510000000000
  -0.0003130000000000    2.6037900000000000    0.0013080000000000
  -0.0094340000000000   -0.0037520000000000    7.0321819999999997
B C
6 2
direct
   0.0081670000000000    0.9979360000000000    0.0917870000000000 B
   0.5063290000000000    0.4984870000000000    0.5917780000000000 B
   0.0061400000000000    0.4983840000000000    0.7496570000000000 B
   0.5060970000000000    0.9985360000000000    0.7496570000000000 B
   0.5086490000000000    0.9980920000000000    0.2496560000000000 B
   0.0085640000000000    0.4979960000000000    0.2496610000000000 B
   0.0063290000000000    0.9983379999999999    0.8776430000000000 C
   0.5084320000000000    0.4981740000000000    0.3776530000000000 C
EA186   3.504  3.501  3.504 109.09 109.12 70.91 Sym.group:  166
1.0
   3.5032969999999999    0.0440030000000000   -0.0319580000000000
   1.1028420000000001    3.3221720000000001   -0.0318940000000000
  -1.1081960000000000   -0.8085170000000000    3.2239810000000002
Si H
3 1
direct
   0.2281920000000000    0.9756089999999999    0.7083220000000000 Si
   0.9345180000000000    0.6828610000000001    0.0007900000000000 Si
   0.6420480000000000    0.3901260000000000    0.2944580000000000 Si
   0.4274450000000000    0.1829280000000000    0.4937710000000000 H
EA28    3.597  6.311  3.657 88.97 60.55 73.45 Sym.group:  225
1.0
   1.8077070000000000    0.4377700000000000    3.0783909999999999
   1.8470290000000000    6.0324150000000003    0.1577050000000000
  -1.8473470000000001    0.5534210000000001    3.1066460000000000
Li Si
6 2
direct
   0.8810890000000000    0.9373170000000000    0.8096800000000000 Li
   0.8806010000000000    0.4373940000000000    0.3089500000000000 Li
   0.1309080000000000    0.5611960000000000    0.6849890000000000 Li
   0.1315640000000000    0.0613750000000000    0.1842660000000000 Li
   0.3815370000000000    0.6852070000000000    0.0605880000000000 Li
   0.3818720000000000    0.1852070000000000    0.5591090000000000 Li
   0.6312750000000000    0.8112870000000000    0.4351710000000000 Si
   0.6312460000000000    0.3113000000000000    0.9339990000000000 Si
EA163   3.598  3.598  6.216 106.77 106.77 60.09 Sym.group:  225
1.0
   3.5982870000000000   -0.0027330000000000    0.0006900000000000
   1.7967310000000001    3.1173790000000001   -0.0156590000000000
  -1.7952450000000000   -1.0057640000000001    5.8656170000000003
Li P
6 2
direct
   0.9406740000000000    0.5619459999999999    0.5638590000000000 Li
   0.5654480000000000    0.1868380000000000    0.4383540000000000 Li
   0.4406010000000000    0.0618760000000000    0.0637170000000000 Li
   0.8158360000000000    0.4372040000000000    0.1892540000000000 Li
   0.0654270000000000    0.6867560000000000    0.9384520000000000 Li
   0.3157530000000000    0.9371200000000000    0.6891530000000000 Li
   0.1906520000000000    0.8120450000000000    0.3138150000000000 P
   0.6905900000000000    0.3119320000000000    0.8138010000000000 P
EA327   2.430  2.430 10.306 90.04 90.04 60.00 Sym.group:  164
1.0
   2.4299750000000002    0.0029530000000000    0.0154170000000000
   1.2122100000000000    2.1059139999999998    0.0157600000000000
  -0.0723080000000000   -0.0447310000000000   10.3060500000000008
C P
6 2
direct
   0.5403620000000000    0.2428460000000000    0.0702420000000000 C
   0.5382980000000001    0.2420360000000000    0.6357650000000000 C
   0.2055110000000000    0.9087170000000000    0.8290190000000000 C
   0.8734459999999999    0.5760280000000000    0.0235170000000000 C
   0.8724390000000000    0.5754950000000000    0.8769880000000000 C
   0.2050950000000000    0.9087620000000000    0.6824890000000000 C
   0.5406110000000000    0.2447010000000000    0.2480930000000000 P
   0.5403720000000000    0.2419160000000000    0.4579140000000000 P
EA177   4.251  4.252  5.159 90.00 90.00 75.05 Sym.group:  139
1.0
   4.2154579999999999    0.5472930000000000   -0.0052450000000000
   0.5589560000000000    4.2148469999999998    0.0066010000000000
   0.0078940000000000   -0.0094680000000000    5.1587009999999998
Al Li
6 2
direct
   0.0010910000000000    0.4990050000000000    0.7501610000000000 Al
   0.0011200000000000    0.4990300000000000    0.2504570000000000 Al
   0.5013290000000000    0.9987460000000000    0.7504430000000000 Al
   0.5013069999999999    0.9987150000000000    0.2501470000000000 Al
   0.5013890000000000    0.4983640000000000    0.0002660000000000 Al
   0.0010260000000000    0.9993800000000000    0.5003410000000000 Al
   0.5003830000000000    0.4998140000000000    0.4999400000000000 Li
   0.0020690000000000    0.9979560000000000    0.0006490000000000 Li
EA10    5.183  5.181  3.339 90.00 90.00 60.60 Sym.group:  176
1.0
   5.1810440000000000    0.1465580000000000    0.0015340000000000
   2.4146570000000001    4.5836880000000004   -0.0019450000000000
  -0.0009210000000000    0.0018450000000000    3.3391280000000001
Na O
6 2
direct
   0.1099990000000000    0.7430430000000000    0.2488900000000000 Na
   0.0084090000000000    0.4756650000000000    0.7489700000000000 Na
   0.4758600000000000    0.6429760000000000    0.7490860000000000 Na
   0.7467190000000000    0.2745400000000000    0.2491110000000000 Na
   0.6459410000000000    0.0068380000000000    0.7491600000000000 Na
   0.2795080000000000    0.1076340000000000    0.2489400000000000 Na
   0.7098780000000000    0.7095900000000001    0.2491000000000000 O
   0.0455230000000000    0.0408160000000000    0.7489410000000000 O
EA305   2.664  2.663  8.355 89.97 89.97 60.01 Sym.group:  164
1.0
   2.6639260000000000   -0.0003200000000000   -0.0025270000000000
   1.3312330000000001    2.3064499999999999   -0.0011720000000000
   0.0115810000000000    0.0030820000000000    8.3544920000000005
B F
6 2
direct
   0.2007370000000000    0.1660160000000000    0.7932810000000000 B
   0.8692550000000000    0.8322900000000000    0.6801440000000000 B
   0.2030480000000000    0.1658360000000000    0.5904550000000000 B
   0.8668600000000000    0.8327020000000001    0.8829669999999999 B
   0.8697210000000000    0.8331060000000000    0.4905710000000000 B
   0.2000360000000000    0.1658390000000000    0.9828360000000000 B
   0.2019460000000000    0.1654020000000000    0.1383110000000000 F
   0.8680330000000001    0.8331760000000000    0.3351170000000000 F
EA198   3.656  3.657  3.458 90.00 90.00 90.00 Sym.group:  123
1.0
   3.6553079999999998    0.0008300000000000   -0.0552610000000000
  -0.0007190000000000    3.6573180000000001    0.0090670000000000
   0.0522590000000000   -0.0086020000000000    3.4578419999999999
Al Si
3 1
direct
   0.3193290000000000    0.4019020000000000    0.8863200000000000 Al
   0.8192900000000000    0.4020560000000000    0.3863060000000000 Al
   0.3192610000000000    0.9019900000000000    0.3863200000000000 Al
   0.8193150000000000    0.9017750000000000    0.8863060000000000 Si
EA37    4.264  4.264  4.208 90.00 90.01 120.00 Sym.group:  164
1.0
   4.2638410000000002   -0.0001180000000000   -0.0004540000000000
  -2.1315990000000000    3.6926410000000001    0.0000530000000000
   0.0000810000000000    0.0002780000000000    4.2083029999999999
B S
6 2
direct
   0.1314800000000000    0.2601690000000000    0.1607050000000000 B
   0.7458590000000000    0.8756090000000000    0.1606640000000000 B
   0.1304490000000000    0.8744990000000000    0.1597110000000000 B
   0.8732080000000000    0.7472510000000000    0.8391130000000000 B
   0.2588290000000000    0.1318100000000000    0.8391550000000000 B
   0.8742340000000000    0.1329190000000000    0.8401110000000001 B
   0.6689410000000000    0.3370830000000000    0.6199970000000000 S
   0.3357490000000000    0.6703380000000000    0.3798190000000000 S
EA309   3.124  3.123 10.959 90.13 89.88 119.64 Sym.group:  164
1.0
   3.1232570000000002   -0.0490040000000000    0.0310040000000000
  -1.5005489999999999    2.7350590000000001   -0.1534920000000000
  -0.0765650000000000    0.5440080000000000   10.9452230000000004
P S
6 2
direct
   0.8142980000000000    0.6039410000000000    0.1301040000000000 P
   0.4848110000000000    0.9354160000000000    0.7235210000000000 P
   0.4836550000000000    0.9358160000000000    0.3694230000000000 P
   0.1534270000000000    0.2671320000000000    0.6094700000000000 P
   0.8153049999999999    0.6045280000000000    0.4840730000000000 P
   0.1459080000000000    0.2727800000000000    0.2441500000000000 P
   0.4751320000000000    0.9430220000000000    0.0120100000000000 S
   0.8236200000000000    0.5962760000000000    0.8416050000000000 S
EA6     3.853  3.852  3.853 109.46 109.48 109.46 Sym.group:  229
1.0
   3.8525220000000000   -0.0087600000000000   -0.0092680000000000
  -1.2750619999999999    3.6347939999999999   -0.0060750000000000
  -1.2813500000000000   -1.8047100000000000    3.1533329999999999
S Li
3 1
direct
   0.8762550000000000    0.3775450000000000    0.8753350000000000 S
   0.8765030000000000    0.8773590000000000    0.3752980000000000 S
   0.3763370000000000    0.8773690000000000    0.8753400000000000 S
   0.3765350000000000    0.3778190000000000    0.3754550000000000 Li
EA27    4.043  5.260  5.279 119.85 90.41 89.95 Sym.group:  194
1.0
   4.0395599999999998   -0.0123550000000000    0.1760030000000000
   0.0205560000000000    5.2597849999999999   -0.0028710000000000
  -0.2449170000000000   -2.6241889999999999    4.5744420000000003
Na S
6 2
direct
   0.4547590000000000    0.0764390000000000    0.6536689999999999 Na
   0.4522920000000000    0.0768520000000000    0.1702420000000000 Na
   0.4525430000000000    0.5923520000000000    0.1706880000000000 Na
   0.9534840000000000    0.4213040000000000    0.8283560000000000 Na
   0.9534600000000000    0.9056600000000000    0.8278530000000000 Na
   0.9519190000000000    0.4214250000000000    0.3448330000000000 Na
   0.4528000000000000    0.5824240000000001    0.6661010000000001 S
   0.9533290000000000    0.9154380000000000    0.3322600000000000 S
EA25    4.358  4.358  5.426 89.95 89.97 89.74 Sym.group:  123
1.0
   4.3579410000000003   -0.0084760000000000    0.0003470000000000
   0.0284910000000000    4.3581430000000001   -0.0037910000000000
   0.0025530000000000    0.0093220000000000    5.4260109999999999
Na Cl
6 2
direct
   0.7495390000000000    0.7499530000000000    0.8863550000000000 Na
   0.2492800000000000    0.2494980000000000    0.8868710000000000 Na
   0.2489800000000000    0.7494810000000000    0.6187250000000000 Na
   0.7502529999999999    0.2507260000000000    0.1544940000000000 Na
   0.2497470000000000    0.7502770000000000    0.1546400000000000 Na
   0.7499580000000000    0.2499070000000000    0.6186570000000000 Na
   0.7496170000000000    0.7502500000000000    0.3867020000000000 Cl
   0.2500310000000000    0.2498790000000000    0.3868280000000000 Cl
EA117   3.779  3.778  3.779 89.97 90.06 89.96 Sym.group:  221
1.0
   3.7785720000000000    0.0084540000000000   -0.0104070000000000
  -0.0055080000000000    3.7778160000000001    0.0060110000000000
   0.0067080000000000   -0.0038960000000000    3.7787590000000000
Na Al
3 1
direct
   0.2554780000000000    0.6913629999999999    0.2840360000000000 Na
   0.7544060000000000    0.6911010000000000    0.7840410000000000 Na
   0.7544070000000000    0.1930780000000000    0.2843860000000000 Na
   0.2539810000000000    0.1906760000000000    0.7840560000000000 Al
EA95    2.373  2.373  8.911 82.47 89.97 119.99 Sym.group:  160
1.0
   2.3725350000000001   -0.0336700000000000   -0.0071800000000000
  -1.1565369999999999    2.0716329999999998    0.0160510000000000
   0.0489850000000000    1.2963789999999999    8.8161459999999998
C N
6 2
direct
   0.5548920000000001    0.7312220000000000    0.4105940000000000 C
   0.6111420000000000    0.8435170000000000    0.2390030000000000 C
   0.7067110000000000    0.0331810000000000    0.9501900000000000 C
   0.2970490000000000    0.2150450000000000    0.1809280000000000 C
   0.3541080000000000    0.3281690000000000    0.0085820000000000 C
   0.7642800000000000    0.1480480000000000    0.7752320000000000 C
   0.8702280000000000    0.3620270000000000    0.4650060000000000 N
   0.4491640000000000    0.5177619999999999    0.7201100000000000 N
EA53    2.363  2.363  5.424 89.93 89.95 60.01 Sym.group:  156
1.0
   2.3631080000000000    0.0001610000000000    0.0019400000000000
   1.1812680000000000    2.0469149999999998    0.0016730000000000
   0.0001950000000000    0.0035560000000000    5.4235080000000000
N C
3 1
direct
   0.2599130000000000    0.7428570000000000    0.2681910000000000 N
   0.5930170000000000    0.0796780000000000    0.8666260000000000 N
   0.2600240000000000    0.7424180000000000    0.4714860000000000 N
   0.9262899999999999    0.4129200000000000    0.9036030000000000 C
EA83    3.974  3.974  3.974 109.47 70.53 70.53 Sym.group:  229
1.0
   1.3223830000000001    3.7479019999999998   -0.0005040000000000
  -1.3267840000000000    1.8723420000000000   -3.2447080000000001
  -1.3255159999999999    1.8727529999999999    3.2449590000000001
Si S
3 1
direct
   0.0021250000000000    0.4959550000000000    0.4931330000000000 Si
   0.5021080000000000    0.9959620000000000    0.4931560000000000 Si
   0.5021910000000001    0.4958970000000000    0.9931390000000000 Si
   0.0021730000000000    0.9958590000000000    0.9931750000000000 S
EA151   2.211  5.436  2.208 90.05 90.00 89.91 Sym.group:  123
1.0
   2.2109899999999998    0.0293350000000000    0.0011930000000000
  -0.0631640000000000    5.4352349999999996   -0.0332400000000000
  -0.0014330000000000    0.0114740000000000    2.2083810000000001
Be F
3 1
direct
   0.2408190000000000    0.3943120000000000    0.7488640000000000 Be
   0.7391400000000000    0.6228040000000000    0.2499610000000000 Be
   0.2372880000000000    0.8514980000000000    0.7509550000000000 Be
   0.2340590000000000    0.1228960000000000    0.7418140000000000 F
EA110   5.547  5.548  3.591 90.00 89.99 90.01 Sym.group:  123
1.0
   5.5473450000000000    0.0195260000000000    0.0119280000000000
  -0.0201120000000000    5.5482909999999999   -0.0033120000000000
  -0.0068280000000000    0.0019650000000000    3.5909749999999998
Mg Na
6 2
direct
   0.0064400000000000    0.2477770000000000    0.9991570000000000 Mg
   0.5067440000000000    0.7474720000000000    0.9991770000000000 Mg
   0.2569850000000000    0.4978090000000000    0.4991600000000000 Mg
   0.7568600000000000    0.4973330000000000    0.4991590000000000 Mg
   0.7564130000000000    0.9972630000000000    0.4991570000000000 Mg
   0.2562590000000000    0.9979120000000000    0.4991340000000000 Mg
   0.5064990000000000    0.2473100000000000    0.9991560000000000 Na
   0.0068950000000000    0.7475880000000000    0.9991000000000000 Na
EA19    5.190  5.189  5.190 119.97 60.04 89.95 Sym.group:  221
1.0
   5.1893539999999998   -0.0423180000000000   -0.0031950000000000
   0.0471190000000000    5.1891299999999996   -0.0029890000000000
   2.5733250000000001   -2.6140300000000001    3.6718590000000000
Mg P
6 2
direct
   0.9984520000000000    0.3714420000000000    0.4981880000000000 Mg
   0.5000090000000000    0.3734500000000000    0.4949120000000000 Mg
   0.4991900000000000    0.8721160000000000    0.9970240000000000 Mg
   0.0022810000000000    0.3732850000000000    0.9971470000000000 Mg
   0.0014490000000000    0.8719430000000000    0.4991510000000000 Mg
   0.5029770000000000    0.8740580000000000    0.4960820000000000 Mg
   0.0007020000000000    0.8727680000000000    0.9971210000000000 P
   0.5007670000000000    0.3727000000000000    0.9970230000000000 P
EA101   3.652  6.940  3.654 90.07 90.06 90.00 Sym.group:  139
1.0
   3.6517900000000001   -0.0027420000000000    0.0247750000000000
   0.0044030000000000    6.9401700000000002    0.0459820000000000
  -0.0284070000000000   -0.0285350000000000    3.6539320000000002
Al Si
6 2
direct
   0.7535770000000001    0.8758440000000000    0.0004310000000000 Al
   0.2539870000000000    0.3754450000000000    0.5007310000000000 Al
   0.7534120000000000    0.3750630000000000    0.0021270000000000 Al
   0.2539800000000000    0.8746699999999999    0.5024160000000000 Al
   0.2527320000000000    0.6251860000000000    0.0015760000000000 Al
   0.7547739999999999    0.1253090000000000    0.5012440000000000 Al
   0.2552240000000000    0.1252190000000000    0.0007900000000000 Si
   0.7522520000000000    0.6253080000000000    0.5020210000000001 Si
