NUMBER OF TEMPLATES 33
COMPOSITION A 1 B
pairs , SPACEGROUPS 
[H Na] , 225 
[Na S] , 123 
[B C] , 139 
[C F] , 164 
[B Be] , 164 
[Mg Na] , 123 
[P Si] , 225 
[N O] , 160 
[Mg P] , 123 
[Al Si] , 141 
[C F] , 166 
[Li Na] , 187 
[Li O] , 187 
[Na Si] , 123 
[Li Na] , 194 
[Be S] , 119 
[Li Si] , 123 
[Mg N] , 187 
[C Cl] , 166 
[Be F] , 166 
[C H] , 164 
[Al O] , 166 
[Li P] , 123 
[Cl Mg] , 164 
[Cl Li] , 225 
[B S] , 166 
[Cl Li] , 194 
[S Si] , 166 
[Al B] , 156 
[B Li] , 166 
[Be F] , 119 
[Be O] , 186 
[Mg S] , 225 
RANKING VECTORS ENTHALPIES
0:[-626.95896352 -626.95894155 -626.95875631 -626.95808117 -626.9579108 -626.95370431 -626.95067465 -626.90020272 -626.89968904 -626.89938735 -626.89847944 -626.85300281 -626.85016143 -626.84214916 -626.83819653 -626.81595474 -626.78021252 -626.73375392 -626.6087101  -626.4993921 -626.4993315  -626.49905519 -626.49870588 -626.49299443 -626.44612398 -626.43143474 -626.43080986 -626.42624496 -626.42352596 -626.42286999 -626.41948004 -626.37262097 -626.23165691] 
1:[-767.90402286 -767.90345114 -767.90290211 -767.90285367 -767.90269336 -767.8983766  -767.75486274 -767.65232681 -767.60894475 -767.56660656 -767.564309   -767.55900083 -767.55152882 -767.45436825 -767.43356072 -767.43040354 -767.42129682 -767.22467631 -767.09714713 -767.06640026 -767.04145218 -767.04126779 -767.04115602 -766.80280673 -766.71880232 -766.71665872 -766.64768226 -766.62576193 -766.62537151 -766.62157917 -766.58570828 -766.44672399 -766.19436259] 
2:[-119.79770711 -119.74656643 -119.65993783 -119.65513992 -119.63419181 -119.61976523 -119.47867246 -119.46950854 -119.46600451 -119.38636821 -119.38296134 -119.33492911 -119.11429528 -118.84165496 -118.84153098 -118.84101618 -118.80093189 -118.65329562 -118.62114238 -118.57835228 -118.35111581 -118.33933762 -118.33722869 -118.15053064 -117.88919843 -117.83083695 -117.54023457 -117.30629977 -117.25064406 -117.24843402 -117.24832967 -117.24333305 -117.23945935] 
3:[-414.63787073 -414.63776585 -414.63689335 -414.63687678 -414.63223226 -414.63164037 -414.03295989 -413.53391368 -413.53262398 -413.52556287 -412.98629188 -412.68224282 -412.64029641 -412.44398118 -412.11494111 -412.05723822 -411.87125345 -411.68287878 -411.68258574 -411.67172404 -411.6714381  -411.66341878 -411.66226105 -411.49000792 -411.48894935 -411.4813063  -411.47774298 -411.43419854 -411.43184028 -410.8304831 -410.82613454 -410.82612547 -410.82612094] 
4:[-227.62667475 -227.62609122 -227.62578313 -227.57683368 -227.51354713 -227.51147003 -227.42173378 -227.4214598  -227.41803878 -227.4167776 -227.41131342 -227.40279081 -227.25847143 -227.17160307 -227.16119182 -227.1611192  -227.15899068 -227.14388359 -227.13214107 -227.09786591 -227.05214673 -227.02429604 -226.86725877 -226.86365516 -226.8582671 -226.7633474  -226.66253471 -226.64510143 -226.42268712 -226.35938474 -226.35824826 -226.35774724 -226.27826522] 
5:[-1423.90370431 -1423.90060161 -1423.89900069 -1423.89229157 -1423.88267893 -1423.87588661 -1423.87332009 -1423.87079228 -1423.84550272 -1423.83211593 -1423.82266465 -1423.82009988 -1423.81625399 -1423.81338026 -1423.81119999 -1423.79093418 -1423.7877692  -1423.78682871 -1423.78515631 -1423.78510082 -1423.78508041 -1423.78462658 -1423.78383734 -1423.78108987 -1423.72963463 -1423.55776562 -1423.2631707  -1423.26287122 -1423.24435189 -1423.23196077 -1423.09045452 -1423.06271262 -1422.63111783] 
6:[-147.59063228 -147.5767674  -147.57664081 -147.57657138 -147.53187419 -147.5272872  -147.52707095 -147.46513857 -147.45823056 -147.45487904 -147.44458149 -147.44172378 -147.44156582 -147.43488252 -147.41916058 -147.36389486 -147.36293062 -147.35889031 -147.32925409 -147.32376939 -147.32023571 -147.30713753 -147.30387848 -147.30352104 -147.29576473 -147.2830201  -147.25516619 -147.25383914 -147.24530746 -147.19437344 -146.99316413 -146.92429442 -146.68160989] 
7:[-361.88412447 -361.77991794 -361.77968243 -361.75599178 -361.36665874 -360.99587357 -360.54843694 -360.53888077 -360.48608494 -360.48477509 -360.38205036 -360.37665908 -360.28974512 -360.20895089 -360.15740754 -360.15029736 -360.15003074 -360.13045928 -360.13026708 -360.06043075 -360.0596659  -360.05966512 -360.0564745  -360.0543215  -360.05346533 -359.9616175  -359.93866329 -359.93808524 -359.93405093 -359.89277864 -359.83248132 -359.48800794 -359.48579048] 
8:[-897.80747712 -897.78377878 -897.78367639 -897.77835891 -897.77785012 -897.77645827 -897.77603856 -897.67578562 -897.65179683 -897.64911297 -897.57666688 -897.56893913 -897.54645451 -897.45442849 -897.44324545 -897.43229866 -897.43155401 -897.4310934  -897.33253217 -897.30229607 -897.29808062 -897.24402019 -897.24348008 -897.23017802 -897.09569063 -897.07741337 -897.05569649 -896.91145096 -896.90413338 -896.81936492 -896.76538575 -896.55211057 -896.46410411] 
9:[-84.87389993 -84.87089141 -84.86300363 -84.86050838 -84.85787621 -84.85119597 -84.85117088 -84.82803034 -84.81715462 -84.79821066 -84.76751268 -84.7576771  -84.67459595 -84.62499593 -84.62204828 -84.60149574 -84.59494957 -84.56301055 -84.55643711 -84.55635923 -84.55593942 -84.38197413 -84.27053047 -84.26438753 -84.19152351 -84.16077056 -84.16045145 -84.16029464 -84.14000379 -84.13459833 -84.13242136 -83.27774656 -83.23540123] 
10:[-414.63787073 -414.63776585 -414.63689335 -414.63687678 -414.63223226 -414.63164037 -414.03295989 -413.53391368 -413.53262398 -413.52556287 -412.98629188 -412.68224282 -412.64029641 -412.44398118 -412.11494111 -412.05723822 -411.87125345 -411.68287878 -411.68258574 -411.67172404 -411.6714381  -411.66341878 -411.66226105 -411.49000792 -411.48894935 -411.4813063  -411.47774298 -411.43419854 -411.43184028 -410.8304831 -410.82613454 -410.82612547 -410.82612094] 
11:[-714.89563825 -714.88975234 -714.8870512  -714.87995155 -714.87974199 -714.87634595 -714.87575219 -714.87491479 -714.87385614 -714.87372238 -714.87365671 -714.87307607 -714.87288821 -714.87287087 -714.87172554 -714.86019018 -714.85962339 -714.85238013 -714.84262143 -714.83496935 -714.83479246 -714.82507914 -714.82273264 -714.82158553 -714.81874475 -714.77449631 -714.77169443 -714.75114669 -714.74151977 -714.73970108 -714.73967956 -714.68519317 -714.51517341] 
12:[-321.00449173 -321.00429075 -320.84248178 -320.79263641 -320.79258862 -320.79219327 -320.7903342  -320.78920993 -320.78639774 -320.78310441 -320.78279574 -320.73655012 -320.68546238 -320.67088195 -320.61525037 -320.60943827 -320.60896242 -320.60501066 -320.59418468 -320.57566427 -320.57559531 -320.57510802 -320.33800401 -320.27540085 -320.27343937 -320.27336064 -320.27315641 -320.2726839  -320.25376705 -320.21973682 -320.18976572 -320.18039055 -320.14485277] 
13:[-674.56394829 -674.53005941 -674.52836178 -674.51883309 -674.51882454 -674.51846478 -674.43853852 -674.43784995 -674.4157107  -674.3111127 -674.30380428 -674.30069239 -674.24974101 -674.24112513 -674.22841458 -674.18545108 -674.11892448 -674.09524379 -674.05099729 -674.0194845 -673.99727262 -673.97272872 -673.97123822 -673.7890729  -673.71985533 -673.48794469 -673.47590525 -673.18313005 -672.96413779 -672.96389757 -672.96381647 -672.9464586  -671.93050972] 
14:[-714.89563825 -714.88975234 -714.8870512  -714.87995155 -714.87974199 -714.87634595 -714.87575219 -714.87491479 -714.87385614 -714.87372238 -714.87365671 -714.87307607 -714.87288821 -714.87287087 -714.87172554 -714.86019018 -714.85962339 -714.85238013 -714.84262143 -714.83496935 -714.83479246 -714.82507914 -714.82273264 -714.82158553 -714.81874475 -714.77449631 -714.77169443 -714.75114669 -714.74151977 -714.73970108 -714.73967956 -714.68519317 -714.51517341] 
15:[-337.14667518 -337.14433945 -337.13729757 -337.12898457 -337.06489338 -337.06396473 -337.06341099 -337.05446495 -337.04393497 -337.03864745 -337.02653756 -337.02429451 -337.02351594 -336.89489063 -336.62894332 -336.5996438  -336.58819483 -336.58539443 -336.57523189 -336.57174624 -336.53763136 -336.47536603 -336.35941019 -336.25671849 -336.22647834 -336.21631858 -336.2048109  -336.20373171 -336.20183483 -336.1975026 -336.0910905  -336.08562305 -335.81280788] 
16:[-152.25879708 -152.25551935 -152.24325548 -152.24322418 -152.23898803 -152.17837902 -152.14403485 -152.07608997 -152.06178694 -152.03053615 -151.99793721 -151.93997471 -151.88660623 -151.88286559 -151.7754416 -151.72750666 -151.7088448  -151.68176826 -151.66197133 -151.65775121 -151.64892349 -151.57226785 -151.50963107 -151.44615478 -151.43104426 -151.4262201  -151.39443197 -151.37933004 -151.15998135 -151.15989589 -151.15986313 -151.10065976 -150.59913884] 
17:[-946.26043046 -946.25378227 -946.23359922 -946.02822513 -946.00371766 -946.00282769 -946.00217298 -945.96231485 -945.91282075 -945.9117461 -945.91171147 -945.91079211 -945.90715356 -945.90316807 -945.90218306 -945.88835806 -945.86738825 -945.85908601 -945.73385722 -945.72518523 -945.52620858 -945.48221268 -945.48203848 -945.4809695  -945.30257646 -945.14628582 -945.09712753 -944.86976907 -944.57403035 -944.55521549 -944.4718997  -944.05114337 -944.04793492] 
18:[-301.09195054 -301.01053368 -300.89525044 -300.87918812 -300.87913862 -300.87809849 -300.87799018 -300.86139844 -300.76907298 -299.63548633 -299.24978961 -298.90475099 -298.90455875 -298.90429608 -298.88756204 -298.87096138 -298.86838827 -298.77861225 -298.69120419 -298.68015152 -298.67443601 -298.62813421 -298.61728611 -298.61505876 -298.58333953 -298.57306794 -298.43785892 -298.43569097 -298.43412737 -298.43193524 -298.43178564 -298.4207391  -298.4104085 ] 
19:[-523.52463793 -523.50720415 -523.49671869 -523.46410359 -523.46388473 -523.4638007  -523.42332101 -523.38795569 -523.33215738 -523.29354578 -522.92240423 -522.91366499 -522.60902972 -522.60889136 -522.58376043 -522.57936295 -522.56463441 -522.39116112 -522.32280766 -522.26951682 -522.23565694 -522.18721488 -522.15806448 -521.88655901 -521.87094003 -521.86843564 -521.86842376 -521.76428821 -521.76426359 -521.7639234 -521.76379022 -521.7637898  -521.76378242] 
20:[-88.37504288 -88.37498626 -88.36963553 -88.3605551  -88.35788115 -88.35745056 -88.34258814 -88.2851077  -87.64504377 -86.98828392 -86.7205056  -86.63371122 -86.59108109 -86.58301606 -86.57464465 -86.47592515 -86.31977571 -86.3166952  -86.31619794 -86.26307744 -86.20728417 -86.2029635  -86.16203644 -86.13868065 -85.88137277 -85.8673706  -85.83177494 -85.79680727 -85.78716924 -85.67775459 -85.67749902 -85.6760759  -85.66179662] 
21:[-254.87313889 -254.44021169 -254.37645078 -254.37136384 -254.36794425 -254.30358063 -254.30300746 -254.27990493 -254.27767118 -254.17844264 -254.17438311 -253.95440565 -253.92652194 -253.87746401 -253.87489188 -253.84392321 -253.78910371 -253.78400608 -253.71928622 -253.66438809 -253.46222984 -253.46165472 -253.46124071 -253.46116896 -253.11581143 -253.11398775 -253.11211232 -253.09923114 -253.09790848 -253.09749419 -251.71474684 -251.66854346 -251.66605852] 
22:[-189.22545578 -189.19577334 -189.19388391 -189.19124137 -189.19117177 -189.18690588 -189.01052497 -189.00711516 -189.00508285 -188.82339478 -188.75270789 -188.71169936 -188.67005296 -188.66508353 -188.66268605 -188.63277723 -188.57587903 -188.54098974 -188.5248282  -188.5245677 -188.52229397 -188.52169695 -188.51742455 -188.42613202 -188.40813705 -188.39672496 -188.25920092 -188.2591253  -188.25904511 -188.24582382 -188.21946908 -187.98135778 -187.7839332 ] 
23:[-1026.7844991  -1026.78278696 -1026.77907424 -1026.77799209 -1026.77239057 -1026.76949141 -1026.69837038 -1026.68813711 -1026.68687254 -1026.68649835 -1026.68439181 -1026.67927517 -1026.67515366 -1026.67347937 -1026.59285483 -1026.5918916 -1026.36485006 -1026.30856304 -1026.30821077 -1026.30433026 -1026.22636523 -1026.19249304 -1026.19199196 -1026.19146375 -1026.1445542  -1026.07555732 -1026.07535601 -1025.88195229 -1025.75001984 -1025.74799547 -1025.74611604 -1025.50371683 -1025.03222879] 
24:[-318.96871684 -318.96866486 -318.96859741 -318.96584808 -318.95805442 -318.95764585 -318.95665884 -318.69473519 -318.69227159 -318.64215554 -318.61991846 -318.54993192 -318.54488434 -318.5445681  -318.54436028 -318.54435951 -318.54433957 -318.54348849 -318.54346103 -318.4650621 -318.46501455 -318.46499758 -318.46498656 -318.42450214 -318.35669071 -318.28277214 -318.28188645 -318.15489032 -318.10928282 -318.10723341 -317.67679024 -316.8176719  -316.77349897] 
25:[-186.94242881 -186.5756847  -186.5523587  -186.52295534 -186.45937628 -186.44934173 -186.40838178 -186.39893709 -186.39890402 -186.39510584 -186.38215468 -186.36965879 -186.36790092 -186.22135242 -186.21865992 -186.21854121 -186.19679911 -186.18619913 -186.18548594 -186.15068683 -186.11047627 -186.09963543 -186.06596202 -186.01326076 -185.96049757 -185.939378   -185.46595594 -185.45428645 -185.4542853  -185.45165139 -185.44808803 -185.32749641 -184.93540276] 
26:[-318.96871684 -318.96866486 -318.96859741 -318.96584808 -318.95805442 -318.95764585 -318.95665884 -318.69473519 -318.69227159 -318.64215554 -318.61991846 -318.54993192 -318.54488434 -318.5445681  -318.54436028 -318.54435951 -318.54433957 -318.54348849 -318.54346103 -318.4650621 -318.46501455 -318.46499758 -318.46498656 -318.42450214 -318.35669071 -318.28277214 -318.28188645 -318.15489032 -318.10928282 -318.10723341 -317.67679024 -316.8176719  -316.77349897] 
27:[-203.45362754 -203.45107245 -203.41243439 -203.37682343 -203.37219651 -203.29602124 -203.29384947 -203.27037709 -203.27021636 -203.27011264 -203.26923839 -203.26877457 -203.26539913 -203.26156158 -203.261345 -203.25890417 -203.25785522 -203.25490902 -203.25445577 -203.25338033 -203.24103705 -203.22377958 -203.05099762 -203.04987623 -203.0445242 -203.03737448 -203.0037952  -203.00263289 -202.99287005 -202.97419773 -202.96825304 -202.92952007 -202.70541966] 
28:[-68.5776475  -68.5613201  -68.40540323 -68.31137576 -68.30853017 -68.26869505 -68.26310036 -68.24949968 -68.2420162  -68.24045428 -68.2398192  -68.07554463 -68.01547547 -67.98755173 -67.86635145 -67.85955952 -67.85842554 -67.8581799  -67.85264925 -67.84921631 -67.84661697 -67.72343961 -67.68749234 -67.68689514 -67.68480766 -67.66313075 -67.62996257 -67.46345113 -67.45082891 -67.4058535 -67.23676171 -67.20347084 -67.10756289] 
29:[-135.9189047  -135.90449089 -135.86477316 -135.8643729  -135.86147907 -135.86103663 -135.49623006 -135.32647913 -135.32524115 -135.32327277 -135.32324968 -135.31181832 -135.31093895 -135.30898129 -135.09881231 -135.08267845 -135.08216076 -135.03529021 -134.93986762 -134.92587482 -134.92328817 -134.91820684 -134.90839139 -134.81722197 -134.80314713 -134.77905893 -134.6282714  -133.94134114 -133.92906949 -133.87603264 -133.87596793 -133.87591989 -133.37501602] 
30:[-523.52463793 -523.50720415 -523.49671869 -523.46410359 -523.46388473 -523.4638007  -523.42332101 -523.38795569 -523.33215738 -523.29354578 -522.92240423 -522.91366499 -522.60902972 -522.60889136 -522.58376043 -522.57936295 -522.56463441 -522.39116112 -522.32280766 -522.26951682 -522.23565694 -522.18721488 -522.15806448 -521.88655901 -521.87094003 -521.86843564 -521.86842376 -521.76428821 -521.76426359 -521.7639234 -521.76379022 -521.7637898  -521.76378242] 
31:[-414.37249339 -414.37029717 -414.36681629 -414.18967479 -414.18438958 -414.18082774 -414.17461939 -414.1469078  -414.14521096 -414.14298168 -414.14180929 -414.07774786 -414.04163118 -414.04021279 -414.03802741 -413.96144578 -413.95077033 -413.75622699 -413.61565754 -413.61424446 -413.61011704 -413.58734613 -413.55085158 -413.4487874  -413.37779012 -412.77945569 -412.77945394 -412.77945335 -412.77942273 -412.77941737 -412.77510324 -412.64073069 -410.9227007 ] 
32:[-954.74381982 -954.74337734 -954.74281485 -954.73473844 -954.69918078 -954.36868686 -954.36688826 -954.36027827 -954.35587936 -954.25153709 -954.25040473 -954.25015495 -954.24743356 -954.24618523 -954.24155464 -954.19939131 -954.16805306 -954.11089307 -953.95649958 -953.95556979 -953.95299992 -953.83519036 -953.64168006 -953.55400419 -953.51833992 -953.46800643 -953.46748682 -953.31708918 -953.16149827 -953.00999752 -952.92451499 -952.70778205 -952.66994142] 
RANKING VECTORS IDX
0:[13.  5. 30.  8. 16. 22.  1.  6.  0. 24. 32. 14. 17. 12. 26. 11.  9. 15. 28. 20.  4.  3. 31. 23. 27. 18. 29.  2. 25. 10. 19.  7. 21.] 
1:[22.  1. 13. 16.  5.  8. 15.  9. 26. 14. 11. 17. 12. 29. 27. 19. 18. 21.  7. 32.  6.  0. 24. 30. 25. 28. 23.  4. 20.  3. 10.  2. 31.] 
2:[ 2. 18.  3. 20. 10. 27. 15. 31. 19.  4. 23. 25. 28.  0. 24.  6. 32. 26. 29. 21. 11. 12. 17. 30.  9.  7. 13. 14.  5. 22. 16.  8.  1.] 
3:[ 4. 23.  3. 20. 29. 10. 28. 27. 18. 19. 26. 31.  7.  2. 21. 30. 25. 16. 22.  5. 13.  8.  1. 12. 11. 14. 17.  9. 15. 32.  6.  0. 24.] 
4:[ 4.  3. 20. 26. 18. 28. 22. 16.  1. 13.  8.  5.  9. 14. 27. 10. 29. 11. 30. 19. 23. 25. 12.  7. 17.  2. 15. 21. 31.  6.  0. 24. 32.] 
5:[19.  4. 23. 28. 27. 26. 14. 11. 18. 29.  9. 21. 10.  3. 20.  7. 13. 31. 22. 16.  1. 25.  8.  5. 30. 15.  0. 24.  6. 32. 12. 17.  2.] 
6:[32.  6.  0. 24. 17. 12. 15. 26.  2.  5. 22.  1.  8. 21. 19. 27. 28. 18.  4. 29.  3. 10. 23.  9.  7. 11. 14. 16. 13. 30. 25. 31. 20.] 
7:[ 7.  3. 20. 10. 30.  2. 28. 21. 18. 25. 29. 27. 19.  5. 13. 16. 22.  4. 23. 15.  0. 24. 32.  9.  6. 31. 12. 17. 14. 26. 11.  1.  8.] 
8:[ 9. 13.  5.  8. 22. 16.  1. 26. 17. 12. 15. 11. 14. 32. 29.  6.  0. 24. 21. 28. 23. 19. 27. 18.  7. 25. 30.  3. 20.  4. 10. 31.  2.] 
9:[ 8.  9.  5. 13.  1. 22. 16. 14. 19. 11. 27. 23. 29. 25.  7. 21. 18. 30. 10.  3. 20. 15. 17. 12. 26.  6.  0. 24. 28. 32.  4.  2. 31.] 
10:[ 4. 23.  3. 20. 29. 10. 28. 27. 18. 19. 26. 31.  7.  2. 21. 30. 25. 16. 22.  5. 13.  8.  1. 12. 11. 14. 17.  9. 15. 32.  6.  0. 24.] 
11:[28. 23. 20.  4. 19. 14.  8. 13.  1. 27.  5. 26. 22. 16. 11. 12. 17. 30.  3. 25.  9.  7. 29. 31. 10. 15. 21. 32.  6.  0. 24. 18.  2.] 
12:[17. 12. 30. 22. 16. 13.  1.  5. 18.  8. 27. 15. 26. 19.  9. 11. 14. 32.  2.  6.  0. 24. 28. 23.  4. 20.  3. 31.  7. 21. 10. 25. 29.] 
13:[ 8.  5.  1. 22. 13. 16. 18. 27. 29.  9. 11. 14. 26. 19. 23. 25.  7. 30. 28.  3. 10. 20.  4. 15. 21. 12. 17.  2.  6.  0. 24. 32. 31.] 
14:[28. 23. 20.  4. 19. 14.  8. 13.  1. 27.  5. 26. 22. 16. 11. 12. 17. 30.  3. 25.  9.  7. 29. 31. 10. 15. 21. 32.  6.  0. 24. 18.  2.] 
15:[15.  7. 31. 26.  6.  0. 24. 10. 32. 25.  3.  4. 23. 28. 30. 11. 19. 14. 17. 12.  2. 27.  9. 21.  1.  8.  5. 22. 13. 16. 20. 18. 29.] 
16:[ 1.  5. 22. 16. 13.  8.  9. 11. 14. 26. 18. 29. 10. 19. 23. 27.  7. 25.  4. 20. 28. 30. 15. 21.  3.  2. 12. 17.  6.  0. 24. 32. 31.] 
17:[14. 17. 12. 32.  6.  0. 24. 26. 30. 13.  5. 16. 22.  1.  8. 11. 27. 18. 15.  9.  2.  4. 31. 23. 19.  7. 25. 21. 10. 29. 28. 20.  3.] 
18:[27. 19. 28. 20.  3.  4. 23. 10. 18. 30. 25.  6.  0. 24.  2. 32.  7.  9. 14. 12. 17. 26. 29. 21. 15. 11.  8.  5.  1. 22. 16. 13. 31.] 
19:[27. 29. 19. 28.  4. 23. 18. 30. 25. 21. 12. 17. 20.  3. 31.  7. 10.  2. 14. 26. 11.  9. 15. 32.  6.  0. 24.  5. 13.  1.  8. 22. 16.] 
20:[20.  3.  4. 23. 10. 19. 27. 18. 28. 29. 26. 25.  2. 31.  7.  9. 13. 16. 22.  8.  1.  5. 21. 30. 12. 17. 15. 14. 11. 24.  6.  0. 32.] 
21:[21. 27. 19. 29. 18. 28. 25. 23.  4. 12. 17.  7. 31. 14. 15. 11. 30.  2.  9. 26.  0. 24.  6. 32.  8. 13.  5. 22.  1. 16. 10. 20.  3.] 
22:[ 8.  5.  1. 22. 16. 13. 11.  9. 14. 18. 29.  7. 15. 12. 17. 21. 27. 28.  4. 26.  3. 25. 10. 23. 30. 19.  6.  0. 24. 32.  2. 20. 31.] 
23:[29. 27.  4. 23. 28. 19. 11.  5.  1. 13.  8. 22. 16. 26. 14. 25.  9.  7. 31. 30. 32.  6.  0. 24. 21. 17. 12. 18.  3. 10. 20. 15.  2.] 
24:[ 6.  0. 24. 32. 17. 14. 12. 26. 11. 15. 28.  9. 30.  8. 22. 16.  1. 13.  5. 31. 23.  4. 20. 27.  7. 29. 19. 25. 21.  2. 18. 10.  3.] 
25:[25. 29. 19. 15. 27. 10.  3. 24.  6.  0. 32. 31. 28. 12. 17. 14. 26. 23.  4.  2. 30. 20. 11. 18.  9. 21.  5. 22. 16.  8.  1.  7. 13.] 
26:[ 6.  0. 24. 32. 17. 14. 12. 26. 11. 15. 28.  9. 30.  8. 22. 16.  1. 13.  5. 31. 23.  4. 20. 27.  7. 29. 19. 25. 21.  2. 18. 10.  3.] 
27:[29. 19. 28.  4. 23. 32. 27.  6.  0. 24.  2. 14. 26.  1. 12.  8. 11. 17. 22. 16.  5. 18. 15. 10. 25. 30.  3. 20.  7. 21.  9. 31. 13.] 
28:[29. 19. 28. 10. 27. 17. 12. 20.  3.  4. 23. 25. 30. 26.  8. 13.  1.  5.  9. 22. 16. 32.  6.  0. 24. 11. 14. 18.  2. 15.  7. 31. 21.] 
29:[10. 27. 19. 29. 18.  9. 26.  8. 13. 22. 16.  1.  5. 28. 17. 14. 11. 15. 23.  3. 20.  4. 30. 25.  7. 21.  2. 12. 32.  6.  0. 24. 31.] 
30:[27. 29. 19. 28.  4. 23. 18. 30. 25. 21. 12. 17. 20.  3. 31.  7. 10.  2. 14. 26. 11.  9. 15. 32.  6.  0. 24.  5. 13.  1.  8. 22. 16.] 
31:[31.  7. 15. 28.  3.  4. 23.  6.  0. 24. 32. 26. 10. 25. 29. 27. 18. 19. 14. 12. 17. 11.  9.  2. 21. 22.  1. 16. 13.  5.  8. 30. 20.] 
32:[ 6.  0. 24. 32. 26. 14. 17. 12. 11.  8. 13.  5. 16. 22.  1.  9. 15. 28. 31.  4. 20. 25.  7. 27. 18. 19. 29. 21. 23. 30.  2. 10.  3.] 
POSCARS
EA9     2.754  2.763  3.898 89.91 90.24 90.00 Sym.group:  225
1.0
   2.7536130000000001    0.0003320000000000    0.0059160000000000
  -0.0002510000000000    2.7629459999999999   -0.0025380000000000
  -0.0248570000000000    0.0096260000000000    3.8976380000000002
H Na
2 2
direct
   0.3749810000000000    0.3733480000000000    0.1248950000000000 H
   0.8862890000000000    0.8732330000000000    0.6259860000000000 H
   0.8751960000000000    0.8737360000000000    0.1259200000000000 Na
   0.3859780000000000    0.3737420000000000    0.6251810000000000 Na
EA120   2.598  2.598  7.015 89.99 90.00 90.12 Sym.group:  123
1.0
   2.5977730000000001    0.0045990000000000    0.0007530000000000
  -0.0099900000000000    2.5976319999999999   -0.0048070000000000
  -0.0022590000000000    0.0136650000000000    7.0149210000000002
Na S
2 2
direct
   0.2562920000000000    0.7504700000000000    0.2723070000000000 Na
   0.2587670000000000    0.7522600000000000    0.7722890000000000 Na
   0.7580800000000000    0.2533620000000000    0.0222570000000000 S
   0.7573110000000000    0.2499810000000000    0.5222440000000000 S
EA1     3.706  2.687  2.687 89.98 68.77 111.23 Sym.group:  139
1.0
   3.7063630000000001   -0.0127100000000000    0.0119180000000000
  -0.9640260000000000    2.5075820000000002   -0.0154630000000000
   0.9661270000000000    0.3877260000000000    2.4767039999999998
C B
2 2
direct
   0.2250170000000000    0.1202560000000000    0.8870150000000000 C
   0.7720690000000000    0.8942380000000000    0.1136900000000000 C
   0.4985170000000000    0.2574860000000000    0.2503560000000000 B
   0.4985700000000000    0.7570080000000000    0.7503500000000000 B
EA12    2.446  2.445  4.951 90.04 90.14 60.01 Sym.group:  164
1.0
   1.2238709999999999    2.1174430000000002    0.0050860000000000
  -1.2220370000000000    2.1179109999999999    0.0011470000000000
  -0.0159580000000000   -0.0163780000000000    4.9512000000000000
C F
2 2
direct
   0.5732030000000000    0.5824680000000000    0.4103930000000000 C
   0.2392400000000000    0.2492650000000000    0.3130770000000000 C
   0.5750720000000000    0.5818719999999999    0.6815540000000000 F
   0.2371290000000000    0.2495140000000000    0.0419140000000000 F
EA245   2.766  2.767  3.637 90.04 90.12 61.32 Sym.group:  164
1.0
   2.7660790000000000   -0.0258580000000000   -0.0020680000000000
   1.3504849999999999    2.4147609999999999   -0.0082960000000000
  -0.0049130000000000    0.0122750000000000    3.6371820000000001
B Be
2 2
direct
   0.0054240000000000    0.9968560000000000    0.3645330000000000 B
   0.6704410000000000    0.6611390000000000    0.1543400000000000 B
   0.0075860000000000    0.9983230000000000    0.8967300000000000 Be
   0.6683190000000000    0.6596810000000000    0.6221790000000000 Be
EA116   3.716  3.714  4.013 89.99 89.98 90.02 Sym.group:  123
1.0
   3.7163780000000002   -0.0053910000000000    0.0154880000000000
   0.0039180000000000    3.7143590000000000    0.0157850000000000
  -0.0152380000000000   -0.0163190000000000    4.0129180000000000
Na Mg
2 2
direct
   0.3733960000000000    0.8768629999999999    0.9967110000000000 Na
   0.8733960000000000    0.3768490000000000    0.9966699999999999 Na
   0.3732840000000000    0.3770070000000000    0.4963710000000000 Mg
   0.8732600000000000    0.8769950000000000    0.4963460000000000 Mg
EA21    3.181  3.224  3.224 119.21 119.52 60.48 Sym.group:  225
1.0
   3.1807430000000001    0.0060770000000000   -0.0043340000000000
   1.5832590000000000    2.8086280000000001    0.0022880000000000
  -1.5833900000000001   -0.9159920000000000    2.6552099999999998
P Si
1 1
direct
   0.9917700000000000    0.9975650000000000    0.0039190000000000 P
   0.4917320000000000    0.4975890000000000    0.5038930000000000 Si
EA37    2.292  2.292  6.496 80.22 99.77 119.46 Sym.group:  160
1.0
   2.2919470000000000    0.0024120000000000   -0.0190910000000000
  -1.1291789999999999    1.9945290000000000    0.0090090000000000
  -1.0500389999999999    0.6442890000000000    6.3776999999999999
O N
2 2
direct
   0.2241560000000000    0.7810360000000000    0.1617740000000000 O
   0.7211400000000000    0.2779780000000000    0.6617980000000000 O
   0.2821760000000000    0.7230350000000000    0.3399740000000000 N
   0.7791709999999999    0.2199780000000000    0.8400069999999999 N
EA54    2.761  3.165  2.761 90.01 90.06 90.05 Sym.group:  123
1.0
   2.7611260000000000   -0.0058660000000000    0.0104370000000000
   0.0041570000000000    3.1652330000000002   -0.0010700000000000
  -0.0132800000000000    0.0004560000000000    2.7611740000000000
Mg P
1 1
direct
   0.4719270000000000    0.5237270000000001    0.5175190000000000 Mg
   0.9723230000000000    0.0236670000000000    0.0171820000000000 P
EA9     3.535  3.538  4.372 66.13 113.84 89.99 Sym.group:  141
1.0
   3.5016240000000001    0.4839560000000000   -0.0003920000000000
  -0.4839390000000000    3.5051120000000000    0.0003880000000000
  -1.9923460000000000    1.5102000000000000    3.5864750000000001
Al Si
2 2
direct
   0.7532250000000000    0.7507960000000000    0.4994310000000000 Al
   0.0030600000000000    0.0009340000000000    0.9991090000000000 Al
   0.5033750000000000    0.5006130000000000    0.9997300000000000 Si
   0.2529090000000000    0.2511170000000000    0.4988110000000000 Si
EA173   2.433  2.443  5.092 77.10 103.54 119.80 Sym.group:  166
1.0
   2.4330129999999999   -0.0198750000000000   -0.0110710000000000
  -1.1964820000000000    2.1285799999999999    0.0752240000000000
  -1.1660999999999999    0.4751230000000000    4.9342170000000003
C F
2 2
direct
   0.4781290000000000    0.4069970000000000    0.9090840000000000 C
   0.1118670000000000    0.7708360000000000    0.8112710000000000 C
   0.5691130000000000    0.3207510000000000    0.1816320000000000 F
   0.0182270000000000    0.8540080000000000    0.5386480000000000 F
EA123   2.535  2.527  3.977 89.99 90.07 119.86 Sym.group:  187
1.0
   2.5352350000000001   -0.0039460000000000    0.0074930000000000
  -1.2548630000000001    2.1937220000000002   -0.0008400000000000
  -0.0165430000000000   -0.0073010000000000    3.9769760000000001
Na Li
1 1
direct
   0.6553780000000000    0.8328730000000000    0.9985810000000001 Na
   0.3173680000000000    0.1660210000000000    0.4986180000000000 Li
EA5     2.791  2.792  3.569 89.82 89.86 60.04 Sym.group:  187
1.0
   1.4297830000000000    2.3968550000000000   -0.0448400000000000
  -1.3630290000000000    2.4357240000000000   -0.0493280000000000
  -0.0070970000000000    0.0812810000000000    3.5685330000000000
O Li
2 2
direct
   0.3330630000000000    0.0810250000000000    0.5309900000000000 O
   0.3322780000000000    0.0798410000000000    0.9545490000000000 O
   0.9994960000000001    0.7465440000000000    0.7427790000000000 Li
   0.6655300000000000    0.4143290000000000    0.2427620000000000 Li
EA51    4.796  2.354  4.879 90.01 119.41 90.00 Sym.group:  123
1.0
   4.7943530000000001    0.0034510000000000   -0.1058000000000000
  -0.0016520000000000    2.3544399999999999   -0.0011250000000000
  -2.3010370000000000   -0.0006120000000000    4.3019639999999999
Na Si
2 2
direct
   0.7457680000000000    0.7559950000000000    0.7465190000000000 Na
   0.2459260000000000    0.7541940000000000    0.7466760000000000 Na
   0.2460550000000000    0.2547740000000000    0.2466200000000000 Si
   0.7464430000000000    0.2548220000000000    0.2467900000000000 Si
EA105   2.477  2.478  8.283 89.47 90.44 119.82 Sym.group:  194
1.0
   1.2481599999999999   -2.1395260000000000   -0.0028470000000000
   1.2360940000000000    2.1478910000000000    0.0029720000000000
   0.0116030000000000    0.0694510000000000    8.2828850000000003
Na Li
2 2
direct
   0.3184730000000000    0.6603190000000000    0.2539640000000000 Na
   0.6474820000000000    0.3277020000000000    0.7538940000000000 Na
   0.9940530000000000    0.0029500000000000    0.0041030000000000 Li
   0.0000310000000000    0.0120860000000000    0.5037840000000000 Li
EA231   4.336  3.143  3.143 90.00 89.99 90.00 Sym.group:  119
1.0
   4.3364339999999997    0.0001780000000000   -0.0005190000000000
  -0.0000800000000000    3.1427200000000002    0.0032470000000000
   0.0009940000000000   -0.0031540000000000    3.1431719999999999
Be S
2 2
direct
   0.1191090000000000    0.0092710000000000    0.2522740000000000 Be
   0.6191480000000000    0.5094050000000000    0.7523470000000000 Be
   0.3691760000000000    0.5092680000000001    0.2524190000000000 S
   0.8691770000000000    0.0093890000000000    0.7523570000000001 S
EA33    4.692  2.282  3.531 90.01 90.04 90.00 Sym.group:  123
1.0
   4.6914879999999997    0.0012920000000000   -0.0139000000000000
  -0.0006550000000000    2.2824710000000001   -0.0032430000000000
   0.0082610000000000    0.0045600000000000    3.5308790000000001
Li Si
2 2
direct
   0.2887400000000000    0.7046690000000000    0.8414420000000000 Li
   0.7887400000000000    0.7044020000000000    0.8414890000000000 Li
   0.5387830000000000    0.2046500000000000    0.3414680000000000 Si
   0.0387830000000000    0.2044340000000000    0.3414640000000000 Si
EA111   3.064  3.065  4.052 89.99 90.03 60.00 Sym.group:  187
1.0
   3.0644469999999999    0.0054710000000000    0.0071540000000000
   1.5274850000000000    2.6566920000000001   -0.0020150000000000
  -0.0114100000000000    0.0102490000000000    4.0519959999999999
N Mg
2 2
direct
   0.9948500000000000    0.0043460000000000    0.8350550000000000 N
   0.9939829999999999    0.0049470000000000    0.3959230000000000 N
   0.3279030000000000    0.3378790000000000    0.1154070000000000 Mg
   0.6611650000000000    0.6712720000000000    0.6155530000000000 Mg
EA104   2.393  7.779  2.394 90.76 62.10 81.30 Sym.group:  166
1.0
   2.3920650000000001    0.0650340000000000    0.0412650000000000
   0.9647100000000000    7.7172099999999997    0.1542300000000000
   1.0897640000000000   -0.2104310000000000    2.1206930000000002
C Cl
2 2
direct
   0.9111640000000000    0.3648850000000000    0.1786930000000000 C
   0.5753700000000000    0.3649480000000000    0.8429700000000000 C
   0.0196780000000000    0.6956360000000000    0.6201170000000000 Cl
   0.4567960000000000    0.0341320000000000    0.3925650000000000 Cl
EA83    2.354  2.335  5.556 90.14 102.13 119.49 Sym.group:  166
1.0
   2.3518390000000000   -0.0925950000000000    0.0066780000000000
  -1.0686279999999999    2.0757140000000001    0.0172670000000000
  -1.2107920000000001   -0.6831660000000001    5.3792720000000003
Be F
2 2
direct
   0.4774560000000000    0.3644900000000000    0.3385240000000000 Be
   0.0195150000000000    0.1386650000000000    0.6588619999999999 Be
   0.4619270000000000    0.8595840000000000    0.8206120000000000 F
   0.0351830000000000    0.6438820000000000    0.1767780000000000 F
EA54    2.431  2.432  3.419 89.93 89.92 60.01 Sym.group:  164
1.0
   2.4311050000000001   -0.0018390000000000   -0.0004700000000000
   1.2170589999999999    2.1050010000000001   -0.0004580000000000
   0.0054850000000000    0.0025470000000000    3.4190719999999999
C H
2 2
direct
   0.3421560000000000    0.8341480000000000    0.8283880000000000 C
   0.6756470000000000    0.1676600000000000    0.6961030000000000 C
   0.6762980000000000    0.1681510000000000    0.3806000000000000 H
   0.3415220000000000    0.8336330000000000    0.1438910000000000 H
EA16    2.634  2.632  5.796 77.11 89.87 119.64 Sym.group:  166
1.0
   2.5643349999999998   -0.5950740000000000    0.0862310000000000
  -0.7559740000000000    2.5187360000000001    0.1038400000000000
   0.0878040000000000    1.1436679999999999    5.6817510000000002
Al O
2 2
direct
   0.8713770000000000    0.2547800000000000    0.2520090000000000 Al
   0.3712730000000000    0.2545730000000000    0.7520200000000000 Al
   0.9803200000000000    0.4741660000000000    0.9259300000000000 O
   0.7625100000000000    0.0352760000000000    0.5780880000000000 O
EA183   3.274  4.078  3.274 113.11 89.94 66.91 Sym.group:  123
1.0
   3.2736410000000000    0.0279210000000000    0.0009370000000000
   1.5674539999999999    3.7643650000000002   -0.0583620000000000
   0.0141150000000000   -1.3513850000000001    2.9816490000000000
Li P
2 2
direct
   0.5992670000000000    0.3271760000000000    0.0132770000000000 Li
   0.0992620000000000    0.3271960000000000    0.5133050000000000 Li
   0.3492850000000000    0.8271849999999999    0.7632910000000001 P
   0.8492810000000000    0.8271849999999999    0.2632960000000000 P
EA88    2.997  2.995  6.979 90.01 90.09 119.93 Sym.group:  164
1.0
   2.9968309999999998   -0.0235090000000000    0.0037260000000000
  -1.4738770000000001    2.6074269999999999    0.0030110000000000
  -0.0203500000000000   -0.0214480000000000    6.9790400000000004
Cl Mg
2 2
direct
   0.0072470000000000    0.9945030000000000    0.0901720000000000 Cl
   0.3412810000000000    0.6617450000000000    0.7858309999999999 Cl
   0.3416280000000000    0.6614900000000000    0.2944480000000000 Mg
   0.0067290000000000    0.9948920000000000    0.5815460000000000 Mg
EA96    3.064  3.065  3.065 60.02 60.02 60.02 Sym.group:  225
1.0
   1.5412220000000001   -2.6484809999999999    0.0005390000000000
   3.0644819999999999    0.0113070000000000    0.0178740000000000
   1.5201570000000000   -0.8868710000000000    2.5093260000000002
Cl Li
1 1
direct
   0.2629950000000000    0.8232710000000000    0.1687850000000000 Cl
   0.7628950000000000    0.3232900000000000    0.6687460000000000 Li
EA197   2.847  2.845  5.780 75.79 75.77 60.12 Sym.group:  166
1.0
   2.8470230000000001    0.0280920000000000    0.0087170000000000
   1.3929590000000001    2.4807440000000001    0.0406380000000000
   1.3965620000000001    0.7523430000000000    5.5580829999999999
B S
2 2
direct
   0.9827570000000000    0.6458840000000000    0.2853540000000000 B
   0.0785050000000000    0.7424670000000000    0.9946940000000000 B
   0.7925930000000000    0.4566900000000000    0.8509330000000001 S
   0.2686690000000000    0.9316610000000000    0.4291140000000000 S
EA12    3.052  3.052  5.051 89.98 90.01 60.02 Sym.group:  194
1.0
   3.0516519999999998    0.0006860000000000   -0.0006070000000000
   1.5246480000000000    2.6440519999999998    0.0017880000000000
   0.0005290000000000   -0.0020950000000000    5.0506380000000002
Cl Li
2 2
direct
   0.3282430000000000    0.3356440000000000    0.2505880000000000 Cl
   0.6614650000000000    0.6687270000000000    0.7505940000000000 Cl
   0.9944100000000000    0.0025990000000000    0.0005910000000000 Li
   0.9952970000000000    0.0017800000000000    0.5005920000000000 Li
EA237   3.077  3.077  6.387 103.80 103.81 60.08 Sym.group:  166
1.0
   1.5414200000000000    2.6636389999999999    0.0010510000000000
  -1.5398769999999999    2.6643400000000002   -0.0072570000000000
  -0.0179460000000000   -1.7529170000000001    6.1412370000000003
S Si
2 2
direct
   0.8843330000000000    0.1459110000000000    0.9263890000000000 S
   0.1010140000000000    0.3622070000000000    0.5762550000000000 S
   0.7013260000000000    0.9626040000000000    0.3776210000000000 Si
   0.2840180000000000    0.5455179999999999    0.1250220000000000 Si
EA162   2.786  5.246  2.786 89.97 60.01 89.97 Sym.group:  156
1.0
   2.7858489999999998    0.0005360000000000    0.0050360000000000
   0.0016580000000000    5.2455730000000003    0.0213140000000000
   1.3884850000000000   -0.0086630000000000    2.4157860000000002
Al B
2 2
direct
   0.6532000000000000    0.0453550000000000    0.6908510000000000 Al
   0.9858230000000000    0.4236990000000000    0.0255270000000000 Al
   0.9867130000000000    0.7988150000000001    0.0247820000000000 B
   0.3200040000000000    0.7423149999999999    0.3582820000000000 B
EA7     2.948  2.944  3.616 89.99 66.16 60.06 Sym.group:  166
1.0
   1.4841850000000001    2.5475240000000001    0.0100190000000000
  -1.4640850000000001    2.5535790000000000   -0.0250440000000000
   1.4244509999999999    0.8490500000000000    3.2129509999999999
B Li
2 2
direct
   0.8114250000000000    0.0247860000000000    0.4788280000000000 B
   0.4544910000000000    0.7026990000000000    0.5085790000000000 B
   0.3658470000000000    0.2473590000000000    0.1431600000000000 Li
   0.9000990000000000    0.4801040000000000    0.8442120000000000 Li
EA122   2.299  2.300  5.353 78.11 78.18 91.13 Sym.group:  119
1.0
   2.2980659999999999    0.0132250000000000    0.0445870000000000
  -0.0595190000000000    2.2991299999999999    0.0385930000000000
   0.9902910000000000    1.0422790000000000    5.1564310000000004
Be F
2 2
direct
   0.2011110000000000    0.6964960000000000    0.3515380000000000 Be
   0.5527060000000000    0.0476460000000000    0.6509460000000000 Be
   0.2936260000000000    0.2861760000000000    0.1689330000000000 F
   0.9633400000000000    0.9549150000000000    0.8336710000000001 F
EA9     2.558  2.558  4.154 90.00 90.00 120.00 Sym.group:  186
1.0
   1.2797879999999999   -2.2145630000000001    0.0001290000000000
   1.2780560000000001    2.2155209999999999   -0.0019060000000000
   0.0026940000000000    0.0021730000000000    4.1543720000000004
O Be
2 2
direct
   0.3187550000000000    0.6586500000000000    0.1303500000000000 O
   0.6521370000000000    0.3252110000000000    0.6303460000000000 O
   0.6520600000000000    0.3252690000000000    0.0078250000000000 Be
   0.3187180000000000    0.6585320000000000    0.5077120000000001 Be
EA161   4.663  3.307  3.307 90.00 90.00 90.00 Sym.group:  225
1.0
   4.6632980000000002   -0.0034580000000000    0.0014890000000000
   0.0022380000000000    3.3066650000000002   -0.0021100000000000
  -0.0009630000000000    0.0023220000000000    3.3070949999999999
Mg S
2 2
direct
   0.1267730000000000    0.7812550000000000    0.7745649999999999 Mg
   0.6280880000000000    0.2806070000000000    0.2750160000000000 Mg
   0.1280070000000000    0.2813220000000000    0.2745110000000000 S
   0.6270160000000000    0.7806980000000000    0.7749300000000000 S
