NUMBER OF TEMPLATES 25
COMPOSITION A 3 B
pairs , SPACEGROUPS 
[Li P] , 225 
[Li H] , 162 
[B C] , 107 
[Na Cl] , 123 
[Na H] , 164 
[Na F] , 164 
[Al N] , 156 
[Be B] , 160 
[S Cl] , 162 
[N B] , 187 
[Mg Na] , 123 
[N C] , 156 
[Li Si] , 225 
[C H] , 166 
[Si H] , 166 
[Si Al] , 160 
[Mg N] , 164 
[N B] , 160 
[Al Mg] , 221 
[Si S] , 229 
[Li F] , 160 
[N Al] , 123 
[P S] , 164 
[S H] , 107 
[Mg O] , 166 
RANKING VECTORS ENTHALPIES
0:[-191.65793881 -191.65773773 -191.65588319 -191.65465725 -191.65465254 -191.64511833 -191.64463819 -191.38170868 -191.26285227 -191.25680326 -191.25222863 -191.01342354 -190.98226078 -190.87607516 -190.7274428 -190.7101895  -190.70895878 -190.7087614  -190.69757999 -190.69474718 -190.69091826 -190.67780533 -190.64693182 -190.51249479 -189.76167226] 
1:[-148.41555321 -148.41503135 -148.414627   -148.41181562 -148.40096984 -148.39996831 -148.39402483 -148.3918273  -148.38052868 -148.37884928 -148.36369275 -148.35513595 -148.35290319 -148.30468661 -148.24355924 -148.17964418 -147.94117482 -147.93825124 -147.93720719 -147.91042521 -147.88453005 -147.77543552 -147.71806268 -147.7125989  -147.7122614 ] 
2:[-98.80846565 -98.39312587 -98.33479084 -98.23827758 -98.1720889 -98.04564441 -98.04204348 -98.01301138 -98.00489883 -97.94842776 -97.79043564 -97.7904145  -97.78892716 -97.73676458 -97.7242428 -97.71855925 -97.68369506 -97.60458988 -97.43711151 -97.35442728 -97.29648908 -96.95714751 -96.94708519 -96.72362179 -96.72362144] 
3:[-1039.56431567 -1039.47559164 -1039.4433824  -1039.37557798 -1039.32626367 -1039.31922709 -1039.30143678 -1039.28135505 -1039.27170533 -1039.24616679 -1039.24375362 -1039.23817644 -1039.22540375 -1039.13516381 -1039.13420831 -1039.12613412 -1039.12357922 -1039.12353374 -1039.09563414 -1038.91449708 -1038.89993325 -1038.75685296 -1038.58854621 -1038.57786664 -1038.15657467] 
4:[-932.17401527 -932.1474425  -932.14654112 -932.14648832 -932.12858094 -932.12315576 -932.11675943 -932.11659284 -932.11183748 -932.09497941 -932.08187519 -932.02101788 -931.99581836 -931.99330841 -931.80634851 -931.80623399 -931.80519436 -931.7752945  -931.75714723 -931.73024392 -931.72485756 -931.72474892 -931.7238891  -931.72339623 -931.55775625] 
5:[-1096.42488706 -1096.37860177 -1096.37829925 -1096.37782077 -1096.34730383 -1096.34647325 -1096.34120056 -1096.29807858 -1096.26581728 -1096.25155921 -1096.20295594 -1096.18284421 -1096.11512892 -1096.03241071 -1096.01276027 -1096.01246966 -1096.01200951 -1095.99449428 -1095.9354002  -1095.83092899 -1095.81184051 -1095.79110512 -1095.79081446 -1095.65665737 -1095.45837795] 
6:[-114.91730154 -114.77528898 -114.73805062 -114.67830748 -114.67549412 -114.67388254 -114.66738922 -114.66527649 -114.65364466 -114.56566141 -114.26036025 -114.226794   -114.19028179 -114.07581449 -114.05641761 -113.67388629 -113.6357232  -113.62864997 -113.55997956 -113.4365116 -113.26670134 -113.24545674 -113.07634399 -113.07396777 -112.98754611] 
7:[-302.45051633 -302.43813897 -302.43732818 -302.42808574 -302.35814089 -302.27122087 -302.26466978 -302.26456913 -302.25890183 -302.24548954 -302.23035762 -302.2111422  -302.19084941 -302.178772   -302.17083121 -302.16083596 -302.1378731  -302.13089621 -301.77052047 -301.76722078 -301.64290759 -301.34800619 -301.28804429 -301.17167031 -301.14086673] 
8:[-331.5686082  -331.54587038 -331.53948452 -331.51258765 -331.4982846 -331.48406657 -331.46212641 -331.43749216 -331.42144276 -331.40719104 -331.35470548 -331.32338405 -331.29930448 -331.27787617 -331.27315089 -331.23913472 -331.18936018 -331.1865611  -331.15938525 -331.13208927 -331.10759909 -331.09791778 -330.92364347 -330.5770522  -330.46560032] 
9:[-229.35032773 -229.34998479 -229.29156463 -229.01609889 -228.9663785 -228.95806281 -228.9368183  -228.54732397 -228.5001111  -228.27780879 -228.20789412 -228.15597744 -227.95493994 -227.92277275 -227.74950819 -227.73909033 -227.62418827 -227.62415154 -227.6236545  -226.94614001 -226.57430446 -226.30225374 -226.24073238 -226.24073211 -225.93925703] 
10:[-1517.17059199 -1517.16194112 -1517.10484868 -1517.09814503 -1517.07290186 -1517.07162933 -1517.07099859 -1517.06435203 -1517.06209216 -1517.06179929 -1517.06128184 -1517.05691143 -1517.03358123 -1517.01681133 -1517.01066947 -1517.01045796 -1516.9753779  -1516.93140063 -1516.87538216 -1516.73513248 -1516.69548858 -1516.41406679 -1515.62115957 -1515.52749828 -1515.45050431] 
11:[-249.44131295 -249.4322344  -249.42337662 -249.20946305 -249.16887777 -249.05217496 -248.73807227 -248.41175548 -248.37692654 -248.37501173 -248.35995791 -248.35476898 -248.30990848 -248.29274685 -247.83349854 -247.7927145  -247.76419683 -247.60978035 -247.60939874 -247.60931472 -246.38794423 -246.30777492 -246.30776814 -246.30429906 -245.97878659] 
12:[-172.69184042 -172.68092975 -172.68092259 -172.67458573 -172.67443406 -172.66882778 -172.54107564 -172.44725542 -172.44338869 -172.44253744 -172.36342444 -172.25333197 -172.18886973 -172.18568792 -172.18551845 -172.18286636 -172.17417944 -172.12478664 -172.09346646 -172.06418371 -172.04911136 -172.00227359 -171.77610149 -171.58539169 -171.04704737] 
13:[-125.19792927 -124.60101131 -124.21652253 -124.18676393 -123.89595202 -123.76894479 -123.76618697 -123.74718322 -123.7389494  -123.10775267 -122.95583022 -122.88339111 -122.84165405 -122.79731392 -122.7756678 -122.74081618 -122.64625921 -122.64600797 -122.64352048 -122.63663583 -122.30092518 -121.82661887 -121.8192215  -121.81921982 -121.76792603] 
14:[-86.6261371  -86.61758473 -86.61329575 -86.61074178 -86.56978616 -86.56212715 -86.56162061 -86.55743456 -86.54757608 -86.53852495 -86.48562585 -86.4609116  -86.44519328 -86.44038077 -86.42055607 -86.38974072 -86.389206   -86.38865814 -86.36579098 -86.35546641 -86.3488423  -86.34426322 -86.28624965 -85.90764399 -85.85678184] 
15:[-97.90117457 -97.88359121 -97.85376751 -97.85349167 -97.84088485 -97.81916727 -97.81601809 -97.80603278 -97.8058708  -97.80162631 -97.7764926  -97.7715328  -97.77028703 -97.77026823 -97.76811866 -97.70240557 -97.70189571 -97.64539375 -97.59421179 -97.56998828 -97.46940599 -97.30511512 -96.57475957 -96.5553285  -95.76269241] 
16:[-1278.42298757 -1278.42269661 -1278.42265518 -1278.42247343 -1278.41411726 -1278.40305798 -1278.40043588 -1278.38769651 -1278.3758129  -1278.30245992 -1278.25050194 -1278.23081968 -1278.22613348 -1278.01234852 -1277.75059428 -1277.70928274 -1277.68577471 -1277.6855458  -1277.56504899 -1277.37491736 -1277.2965575  -1277.2540659  -1277.2523946  -1277.0085939 -1276.74117579] 
17:[-229.35032773 -229.34998479 -229.29156463 -229.01609889 -228.9663785 -228.95806281 -228.9368183  -228.54732397 -228.5001111  -228.27780879 -228.20789412 -228.15597744 -227.95493994 -227.92277275 -227.74950819 -227.73909033 -227.62418827 -227.62415154 -227.6236545  -226.94614001 -226.57430446 -226.30225374 -226.24073238 -226.24073211 -225.93925703] 
18:[-446.69015082 -446.68962113 -446.67529853 -446.63270092 -446.63187843 -446.60987054 -446.60742293 -446.58287468 -446.57758782 -446.5759291 -446.57238172 -446.57131811 -446.55609224 -446.51751104 -446.51659854 -446.48675424 -446.46902579 -446.45876967 -446.22653542 -446.0874245 -445.9146533  -445.58370395 -445.03414115 -444.98312033 -444.25895227] 
19:[-157.00292151 -156.98434327 -156.97386582 -156.96351243 -156.94537107 -156.94372376 -156.94315237 -156.94112586 -156.9368846  -156.90491503 -156.8912681  -156.86356414 -156.85703245 -156.77960191 -156.76938534 -156.76626017 -156.76617818 -156.76572305 -156.75804759 -156.75641977 -156.65443625 -156.6308689  -156.07772188 -155.71678192 -155.54855154] 
20:[-312.54255145 -312.49312207 -312.49136059 -312.48649732 -312.45830026 -312.43543505 -312.4337252  -312.4116014  -312.4111142  -312.33813705 -312.33207321 -312.32637294 -312.3245543  -312.30817946 -312.26449374 -312.03720945 -312.03290285 -312.02473431 -312.02161285 -311.94788673 -311.66323792 -311.59446282 -311.55432287 -311.5530651  -311.43800531] 
21:[-224.75540966 -224.33042107 -224.32647409 -224.29283277 -224.0854397 -224.0554215  -224.00381455 -223.98004283 -223.63591285 -223.62768226 -223.6107257  -223.61065565 -223.61062909 -223.60844716 -223.59074558 -223.5442562  -223.51106916 -223.43185721 -223.42169541 -223.38566623 -223.15568956 -223.06765853 -222.9903809  -222.90437628 -222.90437406] 
22:[-212.07044307 -212.05626085 -212.05343517 -212.05216509 -212.04589698 -211.93758148 -211.85486106 -211.8494037  -211.83992925 -211.81935786 -211.75802782 -211.75767227 -211.73311206 -211.71182139 -211.7096465 -211.70214544 -211.66456559 -211.64366026 -211.58450289 -211.58212444 -211.46361238 -211.42503138 -210.97637376 -210.69548724 -210.58972079] 
23:[-224.99750888 -224.8958444  -224.8948234  -224.86962259 -224.86131282 -224.85354828 -224.82742703 -224.82608846 -224.8222842  -224.78876015 -224.78204656 -224.77643119 -224.76329405 -224.75944722 -224.7583964 -224.74398981 -224.72065962 -224.7149875  -224.68811923 -224.54591835 -224.46378605 -224.39194963 -224.3750052  -224.37332971 -224.35038001] 
24:[-1320.84697697 -1320.78426614 -1320.76662331 -1320.7641953 -1320.75611759 -1320.75193697 -1320.74733835 -1320.74721933 -1320.65895972 -1320.62175942 -1320.61411523 -1320.50393417 -1320.29158367 -1320.16544956 -1319.97622734 -1319.69232559 -1319.69086585 -1319.6626883  -1319.63274755 -1319.49007086 -1319.46751484 -1319.24716193 -1319.09239105 -1319.08847045 -1318.84344636] 
RANKING VECTORS IDX
0:[14.  7.  2.  0. 12. 23. 17. 22. 15. 18. 10.  8.  3. 19. 11.  5. 16.  4. 20. 24.  6.  1.  9. 13. 21.] 
1:[ 5. 16.  4.  6.  1. 17.  8. 11. 24. 20.  3. 22. 21.  7. 13.  9. 15.  2. 18. 14. 10. 23. 19.  0. 12.] 
2:[ 2. 13.  7. 20.  6.  1.  8. 22. 11. 24. 16.  4.  5. 23. 19. 17. 15.  3. 21. 14.  9. 10. 18.  0. 12.] 
3:[ 3. 10. 18.  6. 16.  4.  5. 20. 17.  7. 24. 22. 11. 14. 23.  1.  0. 12.  8. 13. 15. 19.  9. 21.  2.] 
4:[ 6. 16.  5.  4. 11.  3. 20. 24. 17.  1.  8. 22. 21.  7. 10. 18. 15.  9. 13. 14. 23.  0. 12.  2. 19.] 
5:[ 6. 16.  4.  5. 20. 24. 11.  3.  1.  8. 22.  7. 21. 17. 15. 18. 10. 13. 23.  9. 14.  0. 12. 19.  2.] 
6:[ 6. 24.  7.  4. 16.  8.  5. 20.  1. 11. 21.  3. 22. 17. 13. 23.  2. 15.  9. 10. 18. 14.  0. 12. 19.] 
7:[ 7. 18. 10. 15. 23.  1.  5.  4.  6. 20.  3. 24. 14. 12. 22.  0.  8. 16. 11.  9. 13. 17.  2. 19. 21.] 
8:[ 8. 17. 24. 16. 13.  4.  5.  1.  7. 22.  6. 11. 20.  3. 15. 14.  0. 12. 10. 23. 19. 18.  2.  9. 21.] 
9:[11.  9. 17. 20. 22.  6.  7. 21.  8.  1.  2. 23. 15. 19. 13. 24. 16.  4.  5. 14.  3. 10.  0. 12. 18.] 
10:[24. 20. 22.  6. 23. 14.  7.  5.  0. 16. 12.  4. 10.  3. 15. 18. 11. 17. 13.  8.  1. 19.  2. 21.  9.] 
11:[11.  9. 17. 20. 22.  7. 13. 23. 21.  1.  8.  2.  6. 15. 24. 19. 14.  5. 16.  4.  3.  0. 12. 10. 18.] 
12:[17.  0. 12. 14.  7. 23. 10.  3. 15. 18.  8. 22. 11. 16.  4.  5.  6.  1. 24. 20. 13. 19.  9.  2. 21.] 
13:[13. 22.  8.  1.  6. 20. 17.  7. 11.  2. 14.  3. 24. 23. 15. 19. 16.  4.  5.  9. 21. 10.  0. 12. 18.] 
14:[24. 20. 22. 14.  5.  4. 16.  6.  1.  3. 11.  7.  2. 23. 17.  8.  0. 12. 18. 15. 21. 10.  9. 19. 13.] 
15:[24. 20. 15. 18. 10.  6.  5. 16.  4.  3. 23. 11.  0. 12. 22. 14.  7. 17. 13.  1.  8. 19.  2.  9. 21.] 
16:[ 5. 16.  4. 24. 22.  7. 20.  1.  8.  6. 17.  3. 11. 21. 23. 15. 10. 18.  9.  2. 14.  0. 12. 13. 19.] 
17:[11.  9. 17. 20. 22.  6.  7. 21.  8.  1.  2. 23. 15. 19. 13. 24. 16.  4.  5. 14.  3. 10.  0. 12. 18.] 
18:[15. 18. 10.  6. 22.  5.  4. 17. 14.  7.  0. 12.  3. 20. 16. 24. 23. 11.  8.  1. 13. 19.  9.  2. 21.] 
19:[23.  3. 22. 19. 20. 16.  4. 24.  5.  6. 13.  7. 14. 10. 15.  0. 12.  1. 11. 18. 17.  8.  2.  9. 21.] 
20:[ 6. 16.  4.  5. 11. 20. 24.  8.  1. 13.  3. 21. 22.  7. 17. 18.  9. 15. 10.  2. 23. 14.  0. 12. 19.] 
21:[21.  9. 17. 11. 19. 15. 23.  7.  6.  8. 16.  4.  5. 24. 22.  3. 14. 20.  2.  1. 10. 18. 13.  0. 12.] 
22:[19. 15.  7. 22. 23.  6. 16.  4.  5. 20.  0. 12.  8. 13. 14.  3. 10. 17. 11. 24.  1. 18.  2.  9. 21.] 
23:[23. 22. 24. 15.  6. 21. 20.  7. 17.  9. 11. 19. 16. 14.  8.  4.  5. 13.  1.  3. 10. 18.  0. 12.  2.] 
24:[ 6. 24. 22.  7.  4. 20. 16.  5.  1.  8. 11.  3. 21. 17. 13.  2. 23.  9. 15. 10. 18. 14.  0. 12. 19.] 
POSCARS
EA163   3.598  3.598  6.216 106.77 106.77 60.09 Sym.group:  225
1.0
   3.5982870000000000   -0.0027330000000000    0.0006900000000000
   1.7967310000000001    3.1173790000000001   -0.0156590000000000
  -1.7952450000000000   -1.0057640000000001    5.8656170000000003
Li P
6 2
direct
   0.9406740000000000    0.5619459999999999    0.5638590000000000 Li
   0.5654480000000000    0.1868380000000000    0.4383540000000000 Li
   0.4406010000000000    0.0618760000000000    0.0637170000000000 Li
   0.8158360000000000    0.4372040000000000    0.1892540000000000 Li
   0.0654270000000000    0.6867560000000000    0.9384520000000000 Li
   0.3157530000000000    0.9371200000000000    0.6891530000000000 Li
   0.1906520000000000    0.8120450000000000    0.3138150000000000 P
   0.6905900000000000    0.3119320000000000    0.8138010000000000 P
EA33    3.961  3.961  3.868 89.97 89.62 60.01 Sym.group:  162
1.0
   3.9607239999999999    0.0001430000000000   -0.0028020000000000
   1.9795590000000001    3.4305530000000002   -0.0018280000000000
   0.0285870000000000   -0.0124190000000000    3.8680219999999998
Li H
6 2
direct
   0.3347190000000000    0.0052410000000000    0.2498340000000000 Li
   0.6604650000000000    0.3421820000000000    0.2491500000000000 Li
   0.9979330000000000    0.6679550000000000    0.2493650000000000 Li
   0.6641899999999999    0.0034180000000000    0.7540530000000000 Li
   0.3383000000000000    0.6665960000000000    0.7547170000000000 Li
   0.0008560000000000    0.3408890000000000    0.7545610000000000 Li
   0.6660020000000000    0.6712770000000000    0.0024830000000000 H
   0.3328290000000000    0.3374860000000000    0.0014690000000000 H
EA1     2.604  2.604  7.032 90.00 90.01 90.00 Sym.group:  107
1.0
   2.6037180000000002    0.0003170000000000    0.0032510000000000
  -0.0003130000000000    2.6037900000000000    0.0013080000000000
  -0.0094340000000000   -0.0037520000000000    7.0321819999999997
B C
6 2
direct
   0.0081670000000000    0.9979360000000000    0.0917870000000000 B
   0.5063290000000000    0.4984870000000000    0.5917780000000000 B
   0.0061400000000000    0.4983840000000000    0.7496570000000000 B
   0.5060970000000000    0.9985360000000000    0.7496570000000000 B
   0.5086490000000000    0.9980920000000000    0.2496560000000000 B
   0.0085640000000000    0.4979960000000000    0.2496610000000000 B
   0.0063290000000000    0.9983379999999999    0.8776430000000000 C
   0.5084320000000000    0.4981740000000000    0.3776530000000000 C
EA25    4.358  4.358  5.426 89.95 89.97 89.74 Sym.group:  123
1.0
   4.3579410000000003   -0.0084760000000000    0.0003470000000000
   0.0284910000000000    4.3581430000000001   -0.0037910000000000
   0.0025530000000000    0.0093220000000000    5.4260109999999999
Na Cl
6 2
direct
   0.7495390000000000    0.7499530000000000    0.8863550000000000 Na
   0.2492800000000000    0.2494980000000000    0.8868710000000000 Na
   0.2489800000000000    0.7494810000000000    0.6187250000000000 Na
   0.7502529999999999    0.2507260000000000    0.1544940000000000 Na
   0.2497470000000000    0.7502770000000000    0.1546400000000000 Na
   0.7499580000000000    0.2499070000000000    0.6186570000000000 Na
   0.7496170000000000    0.7502500000000000    0.3867020000000000 Cl
   0.2500310000000000    0.2498790000000000    0.3868280000000000 Cl
EA43    2.670  2.639  6.865 90.33 89.74 119.52 Sym.group:  164
1.0
   1.4526889999999999   -2.2407970000000001    0.0049070000000000
   1.2194680000000000    2.3401369999999999    0.0040710000000000
  -0.0288820000000000   -0.0410790000000000    6.8647250000000000
Na H
3 1
direct
   0.6943530000000000    0.2231150000000000    0.1750140000000000 Na
   0.3755450000000000    0.5579390000000000    0.8223100000000000 Na
   0.0363030000000000    0.8894339999999999    0.4987130000000000 Na
   0.0347670000000000    0.8907020000000000    0.9986790000000000 H
EA108   2.663  2.633  7.262 90.15 89.75 60.53 Sym.group:  164
1.0
   2.6627109999999998   -0.0028240000000000   -0.0033660000000000
   1.2975570000000001    2.2906209999999998    0.0006150000000000
   0.0414410000000000   -0.0478060000000000    7.2615650000000000
Na F
3 1
direct
   0.0076430000000000    0.0054250000000000    0.0009020000000000 Na
   0.3353380000000000    0.3333280000000000    0.3144020000000000 Na
   0.6486459999999999    0.6776870000000000    0.6873670000000000 Na
   0.9918040000000000    0.0055350000000000    0.5009270000000000 F
EA292   2.654  2.654 12.853 89.94 90.06 119.86 Sym.group:  156
1.0
   2.6538870000000001   -0.0039880000000000   -0.0003320000000000
  -1.3182430000000001    2.3039190000000001    0.0007140000000000
  -0.0114130000000000    0.0060260000000000   12.8530219999999993
Al N
6 2
direct
   0.6922670000000000    0.9954850000000000    0.0743650000000000 Al
   0.0259770000000000    0.6618110000000000    0.2370320000000000 Al
   0.3578690000000000    0.3301290000000000    0.9147459999999999 Al
   0.0230070000000000    0.6655310000000000    0.5597690000000000 Al
   0.6902600000000000    0.9982200000000000    0.3998910000000000 Al
   0.6903140000000000    0.9979710000000001    0.7372530000000000 Al
   0.3565520000000000    0.3318960000000000    0.6494120000000000 N
   0.0241480000000000    0.6639630000000000    0.8252020000000000 N
EA251   3.525  4.651  3.030 90.03 89.98 100.86 Sym.group:  160
1.0
   3.5222050000000000   -0.1509430000000000   -0.0044320000000000
  -0.6801199999999999    4.6005640000000003    0.0098840000000000
   0.0044280000000000   -0.0072790000000000    3.0296379999999998
Be B
6 2
direct
   0.2774630000000000    0.1126740000000000    0.9903520000000000 Be
   0.7774740000000000    0.6126730000000000    0.4903710000000000 Be
   0.6986550000000000    0.9030899999999999    0.9903490000000000 Be
   0.1986610000000000    0.4030940000000000    0.4903460000000000 Be
   0.1471910000000000    0.6788170000000000    0.9903570000000000 Be
   0.6471900000000000    0.1788140000000000    0.4903450000000000 Be
   0.8720010000000000    0.3174090000000000    0.9904130000000000 B
   0.3720140000000000    0.8174010000000000    0.4904200000000000 B
EA10    6.277  6.261  3.017 89.78 89.91 119.42 Sym.group:  162
1.0
   6.2771420000000004    0.0051010000000000    0.0010780000000000
  -3.0795029999999999    5.4508450000000002   -0.0025160000000000
   0.0043460000000000    0.0173220000000000    3.0167220000000001
S Cl
6 2
direct
   0.0052370000000000    0.7161200000000000    0.1596360000000000 S
   0.2856130000000000    0.9971670000000000    0.8429150000000000 S
   0.2830900000000000    0.2805870000000000    0.1550340000000000 S
   0.0011910000000000    0.2836330000000000    0.8412310000000000 S
   0.7208710000000000    0.0026590000000000    0.1582200000000000 S
   0.7233140000000000    0.7192170000000000    0.8460250000000000 S
   0.3400640000000000    0.6651760000000000    0.5004800000000000 Cl
   0.6663070000000000    0.3346740000000000    0.5003850000000000 Cl
EA301   2.469  2.469  5.438 90.03 89.21 119.99 Sym.group:  187
1.0
   1.2351710000000000   -2.1378849999999998    0.0008290000000000
   1.2343860000000000    2.1382580000000000   -0.0010090000000000
   0.0731500000000000   -0.0424050000000000    5.4378320000000002
N B
3 1
direct
   0.2811560000000000    0.7461880000000000    0.0963260000000000 N
   0.6069750000000000    0.4074460000000000    0.4953130000000000 N
   0.2643370000000000    0.7404430000000000    0.8958500000000000 N
   0.9403899999999999    0.0740740000000000    0.4952310000000000 B
EA110   5.547  5.548  3.591 90.00 89.99 90.01 Sym.group:  123
1.0
   5.5473450000000000    0.0195260000000000    0.0119280000000000
  -0.0201120000000000    5.5482909999999999   -0.0033120000000000
  -0.0068280000000000    0.0019650000000000    3.5909749999999998
Mg Na
6 2
direct
   0.0064400000000000    0.2477770000000000    0.9991570000000000 Mg
   0.5067440000000000    0.7474720000000000    0.9991770000000000 Mg
   0.2569850000000000    0.4978090000000000    0.4991600000000000 Mg
   0.7568600000000000    0.4973330000000000    0.4991590000000000 Mg
   0.7564130000000000    0.9972630000000000    0.4991570000000000 Mg
   0.2562590000000000    0.9979120000000000    0.4991340000000000 Mg
   0.5064990000000000    0.2473100000000000    0.9991560000000000 Na
   0.0068950000000000    0.7475880000000000    0.9991000000000000 Na
EA53    2.363  2.363  5.424 89.93 89.95 60.01 Sym.group:  156
1.0
   2.3631080000000000    0.0001610000000000    0.0019400000000000
   1.1812680000000000    2.0469149999999998    0.0016730000000000
   0.0001950000000000    0.0035560000000000    5.4235080000000000
N C
3 1
direct
   0.2599130000000000    0.7428570000000000    0.2681910000000000 N
   0.5930170000000000    0.0796780000000000    0.8666260000000000 N
   0.2600240000000000    0.7424180000000000    0.4714860000000000 N
   0.9262899999999999    0.4129200000000000    0.9036030000000000 C
EA28    3.597  6.311  3.657 88.97 60.55 73.45 Sym.group:  225
1.0
   1.8077070000000000    0.4377700000000000    3.0783909999999999
   1.8470290000000000    6.0324150000000003    0.1577050000000000
  -1.8473470000000001    0.5534210000000001    3.1066460000000000
Li Si
6 2
direct
   0.8810890000000000    0.9373170000000000    0.8096800000000000 Li
   0.8806010000000000    0.4373940000000000    0.3089500000000000 Li
   0.1309080000000000    0.5611960000000000    0.6849890000000000 Li
   0.1315640000000000    0.0613750000000000    0.1842660000000000 Li
   0.3815370000000000    0.6852070000000000    0.0605880000000000 Li
   0.3818720000000000    0.1852070000000000    0.5591090000000000 Li
   0.6312750000000000    0.8112870000000000    0.4351710000000000 Si
   0.6312460000000000    0.3113000000000000    0.9339990000000000 Si
EA388   2.442  2.441  7.519 80.69 89.98 120.00 Sym.group:  166
1.0
   2.4415070000000001   -0.0014230000000000    0.0000090000000000
  -1.2194659999999999    2.1151059999999999    0.0013180000000000
   0.0036320000000000    1.4018969999999999    7.3867339999999997
C H
6 2
direct
   0.6888590000000000    0.8923990000000001    0.4183610000000000 C
   0.0436120000000000    0.6018510000000000    0.3540340000000000 C
   0.1972540000000000    0.9105150000000000    0.8925380000000001 C
   0.8424400000000000    0.2010090000000000    0.9568640000000000 C
   0.6214240000000000    0.7576550000000000    0.6217480000000000 C
   0.2656230000000000    0.0461570000000000    0.6891530000000000 C
   0.0925950000000000    0.6991190000000000    0.2084280000000000 H
   0.7941610000000000    0.1044490000000000    0.1024720000000000 H
EA186   3.504  3.501  3.504 109.09 109.12 70.91 Sym.group:  166
1.0
   3.5032969999999999    0.0440030000000000   -0.0319580000000000
   1.1028420000000001    3.3221720000000001   -0.0318940000000000
  -1.1081960000000000   -0.8085170000000000    3.2239810000000002
Si H
3 1
direct
   0.2281920000000000    0.9756089999999999    0.7083220000000000 Si
   0.9345180000000000    0.6828610000000001    0.0007900000000000 Si
   0.6420480000000000    0.3901260000000000    0.2944580000000000 Si
   0.4274450000000000    0.1829280000000000    0.4937710000000000 H
EA41    3.627  3.629  3.629 99.11 80.97 80.98 Sym.group:  160
1.0
   3.6270259999999999    0.0014270000000000    0.0012190000000000
   0.5674890000000000    3.5843349999999998    0.0012870000000000
   0.5689570000000000   -0.6731830000000000    3.5207269999999999
Si Al
3 1
direct
   0.3711660000000000    0.1538180000000000    0.5700539999999999 Si
   0.8188900000000000    0.1577790000000000    0.0203730000000000 Si
   0.3703620000000000    0.7074470000000000    0.0167630000000000 Si
   0.8887870000000000    0.6420270000000000    0.5054900000000000 Al
EA215   2.900  6.201  2.901 89.89 60.06 89.92 Sym.group:  164
1.0
   2.9000569999999999   -0.0011820000000000    0.0008240000000000
   0.0113450000000000    6.2013040000000004   -0.0053170000000000
   1.4471220000000000    0.0048800000000000    2.5139710000000002
Mg N
3 1
direct
   0.3270950000000000    0.8593220000000000    0.2148300000000000 Mg
   0.9945610000000000    0.5350670000000000    0.8830330000000000 Mg
   0.6567060000000000    0.1970950000000000    0.5532350000000000 Mg
   0.6609840000000000    0.6972100000000000    0.5488080000000000 N
EA254   2.471  2.471  5.583 89.28 102.37 119.99 Sym.group:  160
1.0
   1.2360730000000000   -2.1391040000000001   -0.0090480000000000
   1.2349990000000000    2.1398999999999999    0.0389070000000000
  -1.1906630000000000    0.6701080000000000    5.4133909999999998
N B
3 1
direct
   0.9624840000000000    0.7294530000000000    0.1376970000000000 N
   0.8176220000000000    0.6524350000000000    0.9360940000000000 N
   0.8849620000000000    0.1853900000000000    0.5310340000000000 N
   0.5558930000000000    0.5205830000000000    0.5381350000000000 B
EA27    5.199  5.199  5.198 90.23 119.94 119.79 Sym.group:  221
1.0
   5.1961139999999997   -0.1626340000000000    0.0358440000000000
  -2.4738859999999998    2.7106680000000001   -3.6819389999999999
  -2.5381490000000002    2.6473810000000002    3.6838940000000000
Al Mg
6 2
direct
   0.2527550000000000    0.1257330000000000    0.5020970000000000 Al
   0.7527690000000000    0.6257790000000000    0.5021580000000000 Al
   0.2527910000000000    0.6257600000000000    0.5021620000000000 Al
   0.7527910000000000    0.1256950000000000    0.0021050000000000 Al
   0.2527530000000000    0.1257050000000000    0.0021000000000000 Al
   0.2528040000000000    0.6257260000000000    0.0021480000000000 Al
   0.7527600000000000    0.1257660000000000    0.5020820000000000 Mg
   0.7527650000000000    0.6256420000000000    0.0021430000000000 Mg
EA83    3.974  3.974  3.974 109.47 70.53 70.53 Sym.group:  229
1.0
   1.3223830000000001    3.7479019999999998   -0.0005040000000000
  -1.3267840000000000    1.8723420000000000   -3.2447080000000001
  -1.3255159999999999    1.8727529999999999    3.2449590000000001
Si S
3 1
direct
   0.0021250000000000    0.4959550000000000    0.4931330000000000 Si
   0.5021080000000000    0.9959620000000000    0.4931560000000000 Si
   0.5021910000000001    0.4958970000000000    0.9931390000000000 Si
   0.0021730000000000    0.9958590000000000    0.9931750000000000 S
EA461   2.370  2.378  6.254 79.25 79.25 60.29 Sym.group:  160
1.0
   1.1861610000000000   -2.0519140000000000   -0.0014570000000000
   2.3775270000000002    0.0131660000000000   -0.0111830000000000
   1.1990989999999999   -0.6582090000000000    6.1025679999999998
Li F
3 1
direct
   0.1620430000000000    0.8175460000000000    0.6258640000000000 Li
   0.9183680000000000    0.5940960000000000    0.3065120000000000 Li
   0.3761920000000000    0.0294630000000000    0.9845739999999999 Li
   0.7694970000000000    0.4235700000000000    0.8048020000000000 F
EA82    2.575  2.610  4.900 90.44 90.73 90.00 Sym.group:  123
1.0
   2.5752860000000002   -0.0004130000000000    0.0039580000000000
   0.0004330000000000    2.6095799999999998   -0.0000060000000000
  -0.0700260000000000   -0.0377300000000000    4.8991009999999999
N Al
3 1
direct
   0.8702320000000000    0.8723020000000000    0.9903480000000000 N
   0.3720030000000000    0.3745410000000000    0.3772520000000000 N
   0.8736429999999999    0.8746610000000000    0.7641310000000000 N
   0.8720030000000000    0.8745570000000000    0.3772450000000000 Al
EA309   3.124  3.123 10.959 90.13 89.88 119.64 Sym.group:  164
1.0
   3.1232570000000002   -0.0490040000000000    0.0310040000000000
  -1.5005489999999999    2.7350590000000001   -0.1534920000000000
  -0.0765650000000000    0.5440080000000000   10.9452230000000004
P S
6 2
direct
   0.8142980000000000    0.6039410000000000    0.1301040000000000 P
   0.4848110000000000    0.9354160000000000    0.7235210000000000 P
   0.4836550000000000    0.9358160000000000    0.3694230000000000 P
   0.1534270000000000    0.2671320000000000    0.6094700000000000 P
   0.8153049999999999    0.6045280000000000    0.4840730000000000 P
   0.1459080000000000    0.2727800000000000    0.2441500000000000 P
   0.4751320000000000    0.9430220000000000    0.0120100000000000 S
   0.8236200000000000    0.5962760000000000    0.8416050000000000 S
EA2     3.768  3.749  3.766 108.79 109.00 110.48 Sym.group:  107
1.0
   1.1982489999999999   -1.8385670000000001   -3.0631460000000001
   1.1596070000000001    3.5647400000000000   -0.0719440000000000
   1.4112130000000001   -1.6733359999999999    3.0643660000000001
S H
3 1
direct
   0.3439790000000000    0.3512090000000000    0.0017120000000000 S
   0.3158530000000000    0.8223350000000000    0.5021450000000000 S
   0.8155240000000000    0.3221430000000000    0.5016010000000000 S
   0.0248190000000000    0.0256390000000000    0.0030680000000000 H
EA305   2.731  2.746  6.898 79.26 90.01 60.19 Sym.group:  166
1.0
   2.7307470000000000    0.0006470000000000   -0.0013580000000000
   1.3647330000000000    2.3830870000000002    0.0030340000000000
   0.0015410000000000    1.4716430000000000    6.7390220000000003
Mg O
3 1
direct
   0.0538140000000000    0.5506210000000000    0.8638790000000000 Mg
   0.6079850000000000    0.4389080000000000    0.5101290000000001 Mg
   0.8359730000000000    0.0019350000000000    0.1869850000000000 Mg
   0.3308240000000000    0.9943630000000000    0.6869330000000000 O
