NUMBER OF TEMPLATES 47
COMPOSITION A 3 B
pairs , SPACEGROUPS 
[Al O] , 156 
[Si Na] , 191 
[Mg Cl] , 187 
[Li N] , 194 
[Na P] , 225 
[Mg S] , 148 
[Be O] , 160 
[B F] , 164 
[Si S] , 229 
[Li S] , 194 
[Na O] , 176 
[Li P] , 225 
[Li O] , 164 
[Li F] , 160 
[Si H] , 166 
[Mg O] , 166 
[N B] , 187 
[P S] , 164 
[Mg H] , 155 
[Al Mg] , 221 
[O Be] , 187 
[N B] , 160 
[Li Si] , 225 
[C H] , 166 
[C N] , 160 
[Li Cl] , 160 
[F Al] , 127 
[C F] , 166 
[Na S] , 194 
[Al C] , 162 
[Si Al] , 160 
[F P] , 148 
[Be B] , 160 
[Na F] , 164 
[Cl C] , 148 
[Al C] , 166 
[Mg P] , 221 
[Be Si] , 167 
[Li F] , 164 
[Al F] , 166 
[S Li] , 229 
[Na Al] , 221 
[P Si] , 229 
[P Na] , 191 
[Cl Al] , 148 
[Mg N] , 164 
[C Li] , 191 
RANKING VECTORS ENTHALPIES
0:[-156.73682597 -156.51821494 -156.5090644  -156.48952933 -156.48200589 -156.47161507 -156.45981149 -156.43815861 -156.4174161  -156.39390437 -156.36693729 -156.36558    -156.32051461 -156.2886376  -156.2824434 -156.23944184 -156.16989293 -156.07156859 -156.04379079 -156.01620072 -155.97852491 -155.87370228 -155.78870607 -155.66473705 -155.59629617 -155.54830987 -155.52874798 -155.47761655 -155.36414437 -155.24294142 -155.20491839 -155.2038016  -155.20374745 -155.19057534 -155.17844427 -155.17833658 -155.12776122 -155.12774226 -155.12774124 -155.1252657 -155.12521104 -155.11801778 -155.08925956 -155.08881554 -154.72125191 -154.72102294 -154.32387734] 
1:[-392.78461306 -392.75681906 -392.61184933 -392.59868458 -392.59188187 -392.58897631 -392.58569541 -392.58553201 -392.58165251 -392.56961298 -392.56786478 -392.55079835 -392.54369004 -392.52240858 -392.49384368 -392.48805519 -392.48766955 -392.46099383 -392.45785514 -392.45029871 -392.44369044 -392.44270723 -392.43575101 -392.42165382 -392.42076995 -392.40114497 -392.39727062 -392.37327114 -392.36803882 -392.34884453 -392.34679111 -392.32288346 -392.29414982 -392.2202867  -392.15221435 -392.10512113 -392.0779201  -392.06212939 -392.0291639  -391.93833948 -391.76681256 -391.66357036 -391.66319036 -391.63928733 -391.08730609 -391.08710055 -389.42520083] 
2:[-1318.58285781 -1318.56630621 -1318.55914147 -1318.54753286 -1318.5124863  -1318.50919706 -1318.4787967  -1318.45802614 -1318.43546317 -1318.37813979 -1318.30253286 -1318.2792334 -1318.27132982 -1318.26507723 -1318.24750153 -1318.22165909 -1318.14949393 -1318.13646139 -1318.06234095 -1318.03333272 -1317.99547468 -1317.99484358 -1317.96673924 -1317.96655684 -1317.95513999 -1317.95180343 -1317.95150962 -1317.94059775 -1317.9281873  -1317.89364338 -1317.89267017 -1317.87494109 -1317.79961329 -1317.78837191 -1317.78012848 -1317.7636068 -1317.76020559 -1317.75716362 -1317.75559316 -1317.59481633 -1317.59036309 -1317.58507613 -1317.39316028 -1317.33315317 -1316.71296415 -1316.68738108 -1316.55882508] 
3:[-215.73916788 -215.73900637 -215.73842132 -215.73841678 -215.73618507 -215.73604549 -215.72603904 -215.71953796 -215.70992899 -215.70920571 -215.70820771 -215.70118902 -215.65409225 -215.50924091 -215.50907388 -215.50885575 -215.50619588 -215.46429748 -215.46420657 -215.46416613 -215.39584159 -215.39505549 -215.2583719  -215.23118696 -215.20940744 -215.20913174 -215.20658411 -215.20492785 -215.19626818 -215.16836297 -215.16618273 -215.16309228 -215.04550498 -215.00987072 -215.00591709 -214.99113115 -214.89574966 -214.7411086  -214.65304961 -214.64953292 -214.38281388 -214.01478936 -213.99740924 -213.99653739 -213.98758789 -213.91085669 -213.7446008 ] 
4:[-975.27466073 -975.27423567 -975.2726302  -975.27261694 -975.26637639 -975.25125579 -975.19403017 -974.99831102 -974.99442363 -974.97595124 -974.93965131 -974.93516389 -974.93282802 -974.93143399 -974.91945544 -974.91052655 -974.90674397 -974.87396554 -974.76451451 -974.7635674 -974.73808639 -974.68770045 -974.68501625 -974.67766358 -974.65678892 -974.55934151 -974.4566873  -974.44332826 -974.43223573 -974.43123246 -974.41900967 -974.41100913 -974.40969204 -974.40267584 -974.32107106 -974.27095019 -974.26337724 -974.22542712 -974.16284839 -974.11905803 -974.11453548 -974.01443709 -973.92154568 -973.57830301 -973.42104168 -973.28774124 -972.99611242] 
5:[-1282.12427708 -1282.12315244 -1282.12284041 -1282.11980633 -1282.10823326 -1282.10650378 -1282.09949894 -1282.09099329 -1282.09023    -1282.08118464 -1282.04412159 -1282.03651432 -1282.03632765 -1282.02990566 -1282.02743917 -1282.02743609 -1282.02712509 -1282.01995743 -1282.00461287 -1281.97692968 -1281.92843658 -1281.927252   -1281.8642617  -1281.83632423 -1281.82088047 -1281.75936481 -1281.75439705 -1281.74756959 -1281.74695101 -1281.72511    -1281.71300526 -1281.69541018 -1281.66425143 -1281.66276239 -1281.64860621 -1281.59821427 -1281.55945749 -1281.46582764 -1281.45211818 -1281.32926416 -1281.24805145 -1281.24225017 -1281.22404807 -1281.13837862 -1280.7614752  -1280.73712357 -1280.50141047] 
6:[-395.31078056 -395.26550804 -395.24606114 -395.23805535 -395.22478181 -395.22219112 -395.22195532 -395.19127624 -395.1906048  -395.18685622 -395.17643348 -395.10054026 -395.10044294 -395.10023526 -395.09867602 -395.09763959 -395.07235414 -395.01484935 -394.92220215 -394.90954351 -394.78188406 -394.59941203 -394.5016617  -394.37853074 -394.35191361 -394.2808134  -394.27561546 -394.24989088 -394.22036948 -394.1793481 -394.17335701 -394.09528706 -394.01905506 -393.99777739 -393.90518513 -393.90039957 -393.88496318 -393.87143731 -393.81219256 -393.79418291 -393.46624221 -393.46343516 -393.46343304 -393.4512374  -393.44755251 -393.43905136 -392.83868415] 
7:[-225.47088201 -225.40322081 -225.39951567 -224.89146584 -224.83410579 -224.83386775 -224.72219433 -224.66869421 -224.66745763 -224.66666452 -224.58195563 -224.57633823 -224.55640328 -224.55536658 -224.54085375 -224.52300834 -224.52295555 -224.52281799 -224.50379045 -224.49564931 -224.39814135 -224.39702415 -224.39683995 -224.28591206 -224.25352114 -224.21205566 -224.16277652 -224.16254647 -224.15189056 -224.13582769 -224.04910635 -224.04565044 -223.99719953 -223.8251089  -223.59623653 -223.47457791 -223.47313334 -223.47058853 -223.4705877  -223.46995425 -223.09329759 -223.08372021 -223.08367607 -223.08325231 -222.51128244 -222.51121742 -221.65716825] 
8:[-157.05558967 -157.04052694 -157.01624543 -157.00801909 -157.00214231 -157.00162099 -156.97386582 -156.96351243 -156.95286449 -156.94537107 -156.94372376 -156.94123487 -156.94112586 -156.9368846  -156.91632036 -156.90929507 -156.90869699 -156.90475567 -156.8912681  -156.86356414 -156.85703245 -156.84604029 -156.83067185 -156.81652417 -156.80602705 -156.80456288 -156.80382817 -156.78382027 -156.77666789 -156.77304044 -156.76938534 -156.76626017 -156.76617818 -156.7604701  -156.75713963 -156.75682822 -156.75641977 -156.75462357 -156.70122338 -156.66999109 -156.65566516 -156.65443625 -156.5408664  -156.3294993  -155.71678192 -155.71638484 -154.95586512] 
9:[-219.74334525 -219.73839619 -219.73801644 -219.73731005 -219.73335568 -219.73102155 -219.71657851 -219.69558036 -219.69433747 -219.6923498 -219.52523738 -219.52013133 -219.5002781  -219.49486784 -219.41942232 -219.41937144 -219.41916821 -219.40454127 -219.40453695 -219.40047159 -219.40035312 -219.40025363 -219.3585048  -219.31290532 -219.17793382 -219.17159586 -219.16552505 -219.10455397 -219.0917856  -219.08744297 -219.08641582 -219.0051012  -218.98677179 -218.98329406 -218.97061728 -218.94989577 -218.93997938 -218.92905134 -218.90811376 -218.87496324 -218.87196974 -218.44606651 -218.39390916 -218.34646814 -218.25025647 -218.23592753 -218.09564737] 
10:[-1041.38621913 -1041.3307847  -1041.32603217 -1041.19834586 -1041.1973445  -1041.14888793 -1041.08543875 -1041.08527405 -1041.08511822 -1041.08478137 -1041.08447578 -1041.07120521 -1041.05824287 -1041.05041937 -1041.02036869 -1041.02013713 -1041.01959188 -1041.01921602 -1041.00169906 -1040.99716991 -1040.96525046 -1040.9585481  -1040.9502521  -1040.92895622 -1040.89624638 -1040.89617082 -1040.89278086 -1040.88308584 -1040.88197778 -1040.875691   -1040.87057082 -1040.80045374 -1040.75613484 -1040.75610672 -1040.73662147 -1040.72151135 -1040.69978193 -1040.65786446 -1040.65326268 -1040.6494633 -1040.42418418 -1040.3828668  -1040.06164684 -1040.05141218 -1039.9067949  -1039.58411545 -1039.14028013] 
11:[-191.65793881 -191.65773773 -191.65465725 -191.65465254 -191.64463819 -191.64428079 -191.55808325 -191.41562715 -191.41485926 -191.408186 -191.39403728 -191.39179836 -191.38170868 -191.32596654 -191.26449446 -191.26380585 -191.26285227 -191.26192133 -191.25680326 -191.12265249 -191.11469117 -190.97807477 -190.94992599 -190.89009922 -190.88389698 -190.87607516 -190.82506761 -190.71261512 -190.7101895  -190.70895878 -190.70534975 -190.69757999 -190.69485128 -190.69474718 -190.68703248 -190.66522727 -190.64693182 -190.63727721 -190.6340674  -190.51249479 -190.49641094 -190.46302395 -190.45288411 -190.32561927 -190.26833192 -190.22122935 -189.72032419] 
12:[-257.7519944  -257.71689256 -257.71687484 -257.65060298 -257.64371687 -257.62247773 -257.48438018 -257.48228649 -257.47494779 -257.46338744 -257.45619896 -257.44451821 -257.44441999 -257.44399842 -257.44311778 -257.41755496 -257.39911766 -257.39898449 -257.37009018 -257.36618864 -257.34106455 -257.32698447 -257.26916238 -257.26868266 -257.26852623 -257.25179152 -257.22634098 -257.2182047  -257.21673142 -257.191722 -257.09831478 -257.05720397 -257.05319377 -256.87799977 -256.86309249 -256.86299986 -256.8620526  -256.84202832 -256.6752193  -256.65790797 -256.65327695 -256.64646368 -256.52210313 -256.52087326 -256.16526377 -255.89869477 -255.33126595] 
13:[-312.50223946 -312.49312207 -312.48649732 -312.4826296  -312.46345573 -312.45335959 -312.44502013 -312.44494981 -312.44410072 -312.43543505 -312.43384989 -312.4337252  -312.41138401 -312.38068131 -312.33813705 -312.3356535  -312.3245543  -312.31586076 -312.30817946 -312.26449374 -312.22674183 -312.21451764 -312.16646234 -312.09344321 -312.08220726 -312.03720945 -312.03565733 -312.0345     -312.03290285 -312.02473431 -312.0161118  -311.98903702 -311.95515584 -311.90971562 -311.88475842 -311.80795191 -311.61778444 -311.61702926 -311.59446282 -311.55432287 -311.5530651  -311.55029597 -311.46278287 -311.43873027 -311.43842553 -311.43800531 -311.09021121] 
14:[-86.67091917 -86.65930123 -86.65171625 -86.62973321 -86.6261371 -86.62534365 -86.6238306  -86.61758473 -86.6149592  -86.61329575 -86.61074178 -86.5867051  -86.58059175 -86.5796458  -86.57951144 -86.56978616 -86.56583842 -86.56473581 -86.56391733 -86.56162061 -86.55262153 -86.52298675 -86.52275361 -86.51517362 -86.4609116 -86.42055607 -86.39820485 -86.389206   -86.38865814 -86.36870318 -86.36579098 -86.36203568 -86.35619921 -86.35546641 -86.35177241 -86.33703877 -86.28624965 -86.2819966  -86.16345911 -85.94929485 -85.92973758 -85.92320364 -85.91609669 -85.90764399 -85.85686291 -85.85678184 -85.81903466] 
15:[-1320.84166537 -1320.78577453 -1320.78426614 -1320.76802004 -1320.76662331 -1320.7641953  -1320.7580083  -1320.75193697 -1320.74733835 -1320.74721933 -1320.66784475 -1320.65495378 -1320.65387549 -1320.65005514 -1320.64564082 -1320.5834157 -1320.48388895 -1320.40508942 -1320.22046077 -1320.16544956 -1320.00603792 -1319.98153535 -1319.97622734 -1319.84069113 -1319.82861819 -1319.78073627 -1319.67720694 -1319.6626883 -1319.63274755 -1319.46992756 -1319.4698902  -1319.46759698 -1319.46751484 -1319.45314294 -1319.38433068 -1319.24716193 -1319.11269921 -1319.09239105 -1319.08847045 -1319.08720062 -1319.04058919 -1319.03992371 -1318.84344636 -1318.84246677 -1318.84218661 -1318.74501286 -1318.24425243] 
16:[-229.34998479 -229.34629853 -229.29156463 -229.05581046 -229.01613634 -229.01609889 -228.9663785  -228.9368183  -228.91862065 -228.87208147 -228.84558323 -228.73084856 -228.64678106 -228.58185994 -228.32065083 -228.0336917  -227.95493994 -227.95192117 -227.92277275 -227.92102171 -227.92018502 -227.91111267 -227.88199754 -227.74950819 -227.73914355 -227.73909033 -227.73451424 -227.62418827 -227.62417111 -227.6236545 -227.56626366 -227.45194761 -227.23595016 -227.20127801 -227.20098106 -227.19832233 -227.07761525 -226.94614001 -226.56391251 -226.55777195 -226.49441609 -226.24616657 -226.24073238 -226.24073211 -225.93925703 -225.93921843 -225.93918435] 
17:[-212.07044307 -212.05626085 -212.05343517 -212.05216509 -212.04647991 -212.04451563 -212.04381755 -212.04307553 -212.04278768 -211.91234407 -211.87211485 -211.85486106 -211.84597195 -211.84278847 -211.83992925 -211.82710709 -211.81935786 -211.75802782 -211.75767227 -211.75427396 -211.74682638 -211.72392759 -211.7225582  -211.72062897 -211.71708819 -211.71182139 -211.7096465  -211.7042447  -211.65981824 -211.644424 -211.64366026 -211.63753129 -211.61300873 -211.61229267 -211.60979779 -211.60503856 -211.58212444 -211.5608567  -211.5411315  -211.45448981 -211.42563166 -211.42503138 -211.41531451 -211.37575707 -210.69548724 -210.69476148 -210.12181564] 
18:[-1211.55122168 -1211.54666993 -1211.53309793 -1211.53168111 -1211.52977445 -1211.52590738 -1211.52302702 -1211.51395682 -1211.50535087 -1211.50370477 -1211.49895995 -1211.49111465 -1211.49008692 -1211.47922826 -1211.47261149 -1211.4625233 -1211.41844552 -1211.35452137 -1211.34614882 -1211.34347169 -1211.28187678 -1211.22452321 -1211.21232669 -1211.20337817 -1211.15957872 -1211.09688014 -1211.09667089 -1211.06699525 -1210.98060442 -1210.81045456 -1210.80995936 -1210.80503875 -1210.78834578 -1210.78713655 -1210.78325665 -1210.78033472 -1210.76917184 -1210.76488618 -1210.72364335 -1210.72364008 -1210.72362742 -1210.3704529  -1210.36952131 -1210.35904084 -1210.35212412 -1210.33050217 -1210.07238062] 
19:[-446.69015082 -446.68962113 -446.68459543 -446.6749006  -446.66086897 -446.64727334 -446.63421775 -446.63187843 -446.61365646 -446.60987054 -446.60189725 -446.58994911 -446.58287468 -446.57758782 -446.5759291 -446.57238172 -446.57131811 -446.56391118 -446.52789925 -446.51751104 -446.51659854 -446.50966244 -446.49404763 -446.48675424 -446.4857631 -446.46833705 -446.44212987 -446.41939284 -446.41922211 -446.40745922 -446.36280252 -446.36256954 -446.33876939 -446.24319599 -446.24279973 -446.02966018 -446.01169548 -445.9146533  -445.9034619  -445.90202937 -445.7526503  -445.58370395 -445.549325   -445.54820186 -445.03414115 -445.03313198 -443.63730088] 
20:[-429.27452784 -429.27289557 -429.23104625 -428.9453253  -428.76561516 -428.70320259 -428.68284981 -428.67400124 -428.67267212 -428.62182583 -428.62181419 -428.57390887 -428.54302006 -428.52013128 -428.51434017 -428.48120818 -428.44935416 -428.42911225 -428.39275134 -428.39183449 -428.39168953 -428.37242438 -428.3679554  -428.36135232 -428.32598642 -428.28518567 -428.27032667 -428.23013826 -428.22983541 -428.0388592 -427.95515858 -427.94048826 -427.91298543 -427.80883779 -427.75023391 -427.69087715 -427.69073121 -427.68941786 -427.6141961  -427.61399476 -427.61071627 -427.58880125 -427.51865182 -427.51452642 -427.38816135 -427.20864591 -426.89177471] 
21:[-229.34998479 -229.34629853 -229.29156463 -229.05581046 -229.01613634 -229.01609889 -228.9663785  -228.9368183  -228.91862065 -228.87208147 -228.84558323 -228.73084856 -228.64678106 -228.58185994 -228.32065083 -228.0336917  -227.95493994 -227.95192117 -227.92277275 -227.92102171 -227.92018502 -227.91111267 -227.88199754 -227.74950819 -227.73914355 -227.73909033 -227.73451424 -227.62418827 -227.62417111 -227.6236545 -227.56626366 -227.45194761 -227.23595016 -227.20127801 -227.20098106 -227.19832233 -227.07761525 -226.94614001 -226.56391251 -226.55777195 -226.49441609 -226.24616657 -226.24073238 -226.24073211 -225.93925703 -225.93921843 -225.93918435] 
22:[-172.69184042 -172.69147892 -172.68092975 -172.68092259 -172.67458573 -172.67443406 -172.5950659  -172.53876029 -172.53808119 -172.53596065 -172.5297591  -172.49442441 -172.49432916 -172.444421   -172.44364214 -172.44338869 -172.4431447  -172.44253744 -172.43187505 -172.33835839 -172.32703105 -172.26588233 -172.25333197 -172.24394696 -172.22180778 -172.20572971 -172.18568792 -172.18286636 -172.15613315 -172.13676391 -172.12652501 -172.09354698 -172.09346646 -172.06418371 -172.04911136 -172.02280992 -172.00227359 -171.99220326 -171.99146227 -171.98785158 -171.96139244 -171.89527135 -171.87127687 -171.83492818 -171.77610149 -171.76808615 -170.60822326] 
23:[-125.19792927 -125.19152437 -125.14859834 -124.99963258 -124.60101131 -124.45456334 -124.25793986 -124.24410904 -124.21715901 -124.21655826 -124.21594925 -124.05108046 -123.77738881 -123.76894479 -123.76618697 -123.74718322 -123.45650892 -123.33939737 -123.22663703 -122.9998079 -122.95583022 -122.84166874 -122.84165405 -122.7756678  -122.74081618 -122.73878149 -122.73873368 -122.72644675 -122.72070325 -122.69281496 -122.64625921 -122.64612512 -122.64352048 -122.63663583 -122.61676182 -122.33790015 -122.33471365 -122.21554058 -122.08354374 -122.03767352 -122.02710044 -121.82678566 -121.8192215  -121.81921982 -121.76800363 -121.76795452 -121.76792603] 
24:[-191.29072715 -190.95050634 -190.87423472 -190.87227663 -190.84069007 -190.82633843 -190.74923754 -190.73729212 -190.57459119 -190.55869245 -190.53550267 -190.50167276 -189.91441556 -189.83621984 -189.80372224 -189.70976482 -189.69166259 -189.66686882 -189.49160386 -189.48676369 -189.48515608 -189.48211102 -189.18081183 -189.16301878 -189.01644647 -189.01165686 -189.01122041 -189.00230644 -189.00043177 -188.9730827 -188.95972948 -188.95971312 -188.76106533 -188.73432706 -188.61952637 -188.61736497 -188.61721606 -188.41110965 -188.40931837 -188.40670903 -187.66354198 -187.17328793 -187.17328585 -187.17325958 -186.82976218 -186.82973229 -186.82965859] 
25:[-255.64785307 -255.64717698 -255.64625657 -255.64619286 -255.64013457 -255.55743443 -255.55655395 -255.55484182 -255.55361038 -255.55165345 -255.53791895 -255.53635024 -255.53095984 -255.4566572  -255.45355218 -255.43145715 -255.42033265 -255.39392813 -255.38935899 -255.31588974 -255.31225289 -255.31213204 -255.31204196 -255.29326604 -255.29124043 -255.26983053 -255.21616619 -255.20009954 -255.19611923 -255.15034587 -255.06813406 -255.06288465 -255.03068938 -255.03067457 -255.01666445 -255.00265459 -254.96935676 -254.85319419 -254.85254334 -254.84151472 -254.83683812 -254.83656194 -254.7824445  -254.7246428  -254.62290869 -254.54901069 -254.52067703] 
26:[-517.57818026 -517.56080986 -517.55900561 -517.54747136 -517.45015129 -517.44662185 -517.3987784  -517.35754131 -517.32755585 -517.25547876 -517.20181491 -517.15982062 -517.12672835 -517.10300773 -517.10115558 -517.0281073  -516.95501907 -516.92643852 -516.81986963 -516.81513104 -516.68649752 -516.6811008  -516.68053092 -516.67015105 -516.64321768 -516.64052997 -516.61690484 -516.61260189 -516.55078839 -516.54849977 -516.53922132 -516.47531179 -516.47455749 -516.47442531 -516.20891038 -516.20874305 -516.20862617 -515.80229633 -515.22358928 -515.13195893 -515.1115157  -515.1112926  -514.71198998 -514.29850338 -514.2334239 -514.20733709 -513.84767246] 
27:[-288.34771459 -288.33074123 -288.27423036 -288.06174555 -287.69757154 -287.45674247 -287.42816397 -287.04268992 -286.76573985 -286.64473708 -286.53282718 -286.50945117 -286.50869374 -286.49795589 -286.41874558 -286.37855944 -286.36629177 -286.09330106 -286.00317819 -285.93130833 -285.85382189 -285.84680359 -285.84652365 -285.83118267 -285.73484686 -285.73008444 -285.68647192 -285.66657588 -285.64449986 -285.52311098 -285.50688648 -285.49108372 -285.42796567 -285.42540634 -285.24632238 -285.20775638 -285.20571587 -285.20429449 -285.197181   -285.09170502 -284.55850485 -284.54924974 -284.549186   -283.95622519 -283.95217136 -283.94933957 -283.2365678 ] 
28:[-1003.47644075 -1003.47273365 -1003.45960613 -1003.31237553 -1003.30981831 -1003.30897511 -1003.29244358 -1003.24812329 -1003.1867703  -1003.18608944 -1003.18604619 -1003.18573348 -1003.1790258  -1003.17901585 -1003.1742388  -1003.17416469 -1003.17405067 -1003.1734284  -1003.12402127 -1003.1171889 -1003.09152692 -1003.00458251 -1002.98571414 -1002.81570284 -1002.78636033 -1002.78095077 -1002.75262879 -1002.74636112 -1002.71326522 -1002.68347432 -1002.68098233 -1002.66148768 -1002.64382315 -1002.58956079 -1002.50576098 -1002.50491123 -1002.38742646 -1002.38547118 -1002.37814842 -1002.32284231 -1002.26443677 -1002.14726958 -1002.05755557 -1001.96626129 -1001.82795419 -1001.52735857 -1001.47605975] 
29:[-84.59368969 -84.57879383 -84.55642769 -84.49072422 -84.48868733 -84.47448147 -84.47116528 -84.47044216 -84.46516746 -84.41684744 -84.41245696 -84.40027871 -84.39787751 -84.39358808 -84.37665263 -84.35115031 -84.24570889 -84.24495223 -84.23960539 -84.20486689 -84.13453302 -84.11997586 -84.08654    -83.96696961 -83.91962091 -83.8649159  -83.59323558 -83.55947645 -83.55475368 -83.55142097 -83.52913393 -83.50850215 -83.49645397 -83.49475698 -83.47636502 -83.42632047 -83.39273749 -83.35220714 -83.24101155 -83.23801285 -83.14926109 -82.98674264 -82.93651613 -82.9345663  -82.90506222 -82.90286381 -81.57534817] 
30:[-97.90141301 -97.90117457 -97.88359121 -97.8565135  -97.85376751 -97.85349167 -97.85347955 -97.85309406 -97.84861408 -97.83871434 -97.83238826 -97.82888683 -97.81848416 -97.81601809 -97.80747055 -97.80603278 -97.79679648 -97.79677302 -97.77028703 -97.77026823 -97.76811866 -97.72476286 -97.72024133 -97.70240557 -97.70189571 -97.69501141 -97.67800107 -97.67527273 -97.67332641 -97.66592751 -97.64539375 -97.64223658 -97.59426773 -97.59421179 -97.5847854 -97.55563865 -97.46973726 -97.43181715 -97.35660258 -97.3119406 -97.30511512 -97.24265008 -97.2422899  -96.59828906 -96.5553285 -96.55498829 -95.30023071] 
31:[-547.31641182 -547.24171419 -546.95043626 -546.94114708 -546.93635836 -546.93301733 -546.84747884 -546.82239482 -546.70987337 -546.68439482 -546.63627789 -546.57473319 -546.56030182 -546.53432313 -546.48339849 -546.45266967 -546.44686361 -546.44510768 -546.44473779 -546.4407698 -546.37485544 -546.37431291 -546.35559544 -546.35470672 -546.29035805 -546.24555191 -546.14843685 -546.08562575 -546.08541727 -546.08419728 -545.97568424 -545.9734743  -545.92869214 -545.70727953 -545.64416653 -545.61531584 -545.61488738 -545.6114501  -545.60355415 -545.59681853 -545.58918486 -545.57805547 -545.57732362 -545.49632811 -545.45504533 -544.98144137 -544.6836204 ] 
32:[-302.45051633 -302.44615858 -302.44175964 -302.43813897 -302.43813246 -302.43068283 -302.42808574 -302.41904762 -302.40825749 -302.40819065 -302.39326957 -302.38102397 -302.29502275 -302.26466978 -302.2514507 -302.24984573 -302.24668214 -302.24548954 -302.24360895 -302.2111422 -302.19084941 -302.18039941 -302.178772   -302.17083121 -302.16829129 -302.16083596 -302.13163791 -302.13089621 -302.11797593 -302.11150495 -302.09977859 -302.09543145 -302.05760846 -302.00480403 -301.85917091 -301.85857532 -301.85828879 -301.83862046 -301.76722078 -301.76004005 -301.70108491 -301.64290759 -301.51289115 -301.34800619 -301.17167031 -301.1596459  -301.15559826] 
33:[-1096.37860177 -1096.37782077 -1096.37640547 -1096.37239425 -1096.36512784 -1096.34730383 -1096.34672391 -1096.34647325 -1096.3307762  -1096.28055467 -1096.28045808 -1096.26238092 -1096.21060683 -1096.20295594 -1096.1993766  -1096.18284421 -1096.14943619 -1096.12308721 -1096.10549719 -1096.04572046 -1096.03617562 -1096.03447997 -1096.03241071 -1096.0192151 -1096.01276027 -1096.01246966 -1096.00984689 -1095.99676556 -1095.99449428 -1095.98847692 -1095.86232869 -1095.83092899 -1095.83082706 -1095.81184051 -1095.80603522 -1095.79110512 -1095.79081446 -1095.74544783 -1095.73455715 -1095.73160764 -1095.7315962  -1095.65665737 -1095.65482298 -1095.65475761 -1095.52974975 -1095.09645213 -1094.30087935] 
34:[-370.93252447 -370.67744513 -370.59188963 -370.58940408 -370.57384028 -370.52237263 -370.52116363 -370.22035728 -370.05913414 -370.04475095 -369.98352521 -369.88679402 -369.87675938 -369.85844381 -369.84609465 -369.84536708 -369.8429584  -369.82931426 -369.80613388 -369.8046932 -369.79975834 -369.79831989 -369.77058747 -369.74696062 -369.71511851 -369.70221547 -369.65104572 -369.5111601  -369.47438519 -369.43935372 -369.43034555 -369.31342623 -369.20508626 -369.18665013 -369.18513562 -369.18513547 -369.17604362 -369.15486897 -368.99302908 -368.99302643 -368.98962337 -368.95089483 -368.94238906 -368.90212371 -368.89727346 -368.6256745  -368.53570618] 
35:[-84.59368969 -84.57879383 -84.55642769 -84.49072422 -84.48868733 -84.47448147 -84.47116528 -84.47044216 -84.46516746 -84.41684744 -84.41245696 -84.40027871 -84.39787751 -84.39358808 -84.37665263 -84.35115031 -84.24570889 -84.24495223 -84.23960539 -84.20486689 -84.13453302 -84.11997586 -84.08654    -83.96696961 -83.91962091 -83.8649159  -83.59323558 -83.55947645 -83.55475368 -83.55142097 -83.52913393 -83.50850215 -83.49645397 -83.49475698 -83.47636502 -83.42632047 -83.39273749 -83.35220714 -83.24101155 -83.23801285 -83.14926109 -82.98674264 -82.93651613 -82.9345663  -82.90506222 -82.90286381 -81.57534817] 
36:[-1254.308421   -1254.30673565 -1254.30087635 -1254.29995424 -1254.29449316 -1254.29141402 -1254.25742683 -1254.25713818 -1254.25705992 -1254.08171083 -1254.06970839 -1254.04471844 -1254.03247958 -1253.94670538 -1253.94629736 -1253.94569453 -1253.93812226 -1253.9371128  -1253.9284565  -1253.92060018 -1253.918809   -1253.91727356 -1253.91170573 -1253.90824614 -1253.86689534 -1253.8438997  -1253.81915545 -1253.79922118 -1253.7787257  -1253.75745302 -1253.75297275 -1253.72590234 -1253.69770568 -1253.6818126  -1253.61094039 -1253.56705677 -1253.53234806 -1253.37964205 -1253.33609909 -1253.29960549 -1253.27558609 -1253.20898577 -1253.20408573 -1253.17914338 -1252.83079898 -1252.82292577 -1252.33578259] 
37:[-310.52426724 -310.52355618 -310.52247616 -310.51507717 -310.51137669 -310.49474211 -310.49351635 -310.49300721 -310.48368233 -310.47714521 -310.44036217 -310.43200502 -310.4279995  -310.42694325 -310.4064359 -310.40017591 -310.38802975 -310.3875225  -310.37620153 -310.36673223 -310.36390651 -310.34940889 -310.34940782 -310.33476132 -310.32497102 -310.32377731 -310.32332295 -310.29705453 -310.29109543 -310.26266468 -310.26035633 -310.25700911 -310.25592014 -310.18294772 -310.15767471 -310.13454032 -310.12424158 -310.0934297  -309.97645596 -309.82802518 -309.76827228 -309.5961594  -309.59435859 -309.5204835  -309.52034218 -309.50798285 -308.26703853] 
38:[-312.50223946 -312.49312207 -312.48649732 -312.4826296  -312.46345573 -312.45335959 -312.44502013 -312.44494981 -312.44410072 -312.43543505 -312.43384989 -312.4337252  -312.41138401 -312.38068131 -312.33813705 -312.3356535  -312.3245543  -312.31586076 -312.30817946 -312.26449374 -312.22674183 -312.21451764 -312.16646234 -312.09344321 -312.08220726 -312.03720945 -312.03565733 -312.0345     -312.03290285 -312.02473431 -312.0161118  -311.98903702 -311.95515584 -311.90971562 -311.88475842 -311.80795191 -311.61778444 -311.61702926 -311.59446282 -311.55432287 -311.5530651  -311.55029597 -311.46278287 -311.43873027 -311.43842553 -311.43800531 -311.09021121] 
39:[-211.45945594 -211.41815922 -211.33004777 -211.30946483 -211.19820439 -211.18772235 -211.18762682 -211.18662098 -211.17102712 -211.15644024 -211.15011193 -211.14730214 -211.11959935 -211.11674313 -211.07763291 -211.04122293 -211.03456221 -211.00729476 -210.93730434 -210.90302484 -210.90217094 -210.86753825 -210.81409912 -210.79917322 -210.76483129 -210.73807971 -210.71029737 -210.71029501 -210.70990341 -210.70584485 -210.69499968 -210.64440948 -210.57864055 -210.49360743 -210.49339151 -210.46372969 -210.45277167 -210.45270663 -210.41712097 -210.41681681 -210.38691644 -210.16013121 -210.15828811 -210.13561032 -210.13551191 -209.94435923 -209.56427387] 
40:[-270.37988906 -270.37968927 -270.37952445 -270.37205292 -270.34518149 -270.3425697  -270.30498907 -270.07739917 -270.06717265 -270.03928025 -270.02120067 -269.99051439 -269.98727156 -269.96431872 -269.96316342 -269.95602241 -269.95392093 -269.95318054 -269.94411924 -269.93276189 -269.92301152 -269.91577795 -269.90204322 -269.89346554 -269.87214752 -269.87190889 -269.85248272 -269.84723171 -269.84696371 -269.84256108 -269.83543138 -269.82631987 -269.81857014 -269.78661135 -269.78577653 -269.76465626 -269.74460604 -269.73674844 -269.6966558  -269.65128076 -269.6152976  -269.50989857 -269.46239238 -269.39131328 -269.39120792 -269.30138061 -269.28516283] 
41:[-942.85908825 -942.81446566 -942.80835697 -942.80764283 -942.79169909 -942.78726441 -942.77685618 -942.77550821 -942.772712   -942.75358463 -942.75175523 -942.74276933 -942.72453965 -942.72290623 -942.72281979 -942.71306786 -942.70850065 -942.70052    -942.69957906 -942.69937387 -942.69530885 -942.69489279 -942.69456852 -942.66205451 -942.65796089 -942.65605319 -942.65591858 -942.65589415 -942.65464287 -942.65423365 -942.6516418  -942.64816544 -942.6360756  -942.62528474 -942.6122047 -942.48277822 -942.3860928  -942.36792285 -942.33858624 -942.33245968 -942.32564626 -942.29799573 -942.29552606 -942.28504566 -941.64705057 -941.58645058 -940.62041441] 
42:[-165.9482788  -165.92932441 -165.92911384 -165.92153769 -165.90473202 -165.90449    -165.90064434 -165.83154384 -165.80116137 -165.78434431 -165.77887254 -165.77874723 -165.77507706 -165.7750314  -165.75702945 -165.72829213 -165.72650995 -165.7105673  -165.70669069 -165.66163672 -165.6613072  -165.64846544 -165.64714659 -165.62525317 -165.61828759 -165.61817396 -165.61710757 -165.60378284 -165.56875156 -165.56757982 -165.56675894 -165.55956505 -165.5528748  -165.53524616 -165.48597979 -165.47735292 -165.47235489 -165.46585803 -165.46585389 -165.46411489 -165.46384268 -165.45716007 -165.45426541 -165.27305352 -164.79413671 -164.79388379 -164.2716879 ] 
43:[-447.99165146 -447.95384147 -447.69469175 -447.68076858 -447.65158299 -447.65125191 -447.65108973 -447.63705715 -447.62145042 -447.60658497 -447.602827   -447.60185436 -447.58890407 -447.57342392 -447.57121692 -447.55282545 -447.53811849 -447.51878307 -447.49477158 -447.48842351 -447.48672677 -447.48199339 -447.47646057 -447.46372663 -447.43192242 -447.38033632 -447.37525926 -447.35468669 -447.35036568 -447.34574664 -447.33420703 -447.32904268 -447.3213966  -447.24844213 -447.23699684 -447.21593273 -447.14330264 -447.10699268 -447.09015209 -447.08979057 -446.99739677 -446.99190159 -446.96919472 -446.66651388 -446.50039492 -446.50013132 -444.99358793] 
44:[-346.69878809 -346.69797686 -346.69314406 -346.69102226 -346.60053141 -346.20551458 -346.08920577 -346.08899213 -346.08307209 -346.08262652 -346.06162471 -346.06063734 -346.03385383 -346.03293622 -346.01952109 -345.98252423 -345.91274019 -345.84510974 -345.83056628 -345.78962539 -345.77999047 -345.76325328 -345.7608434  -345.74959758 -345.72574965 -345.72139953 -345.57718922 -345.46007891 -345.40879183 -345.35119322 -345.34639404 -345.3304955  -345.32186457 -345.27284055 -345.24375919 -345.18204912 -345.10775329 -345.10365114 -345.09038762 -345.09007464 -345.06636444 -344.89218208 -344.88676898 -344.88518069 -344.72990466 -344.72494035 -344.48631986] 
45:[-1278.43575224 -1278.43210169 -1278.42741413 -1278.42298757 -1278.42269661 -1278.42255059 -1278.42247343 -1278.41411726 -1278.40978809 -1278.40305798 -1278.4011619  -1278.40043588 -1278.38862283 -1278.32758336 -1278.26214429 -1278.25050194 -1278.19617119 -1278.08850419 -1278.06242372 -1277.98124237 -1277.81055315 -1277.70928274 -1277.68568485 -1277.6855458 -1277.67658779 -1277.67067958 -1277.67009682 -1277.62944475 -1277.62094157 -1277.56510453 -1277.56504899 -1277.55566548 -1277.2965575  -1277.26257268 -1277.2540659  -1277.2523946 -1277.17337635 -1277.0182224  -1277.0085939  -1276.98321802 -1276.97238227 -1276.93159478 -1276.92986374 -1276.75842066 -1276.74426421 -1276.74117579 -1276.6154211 ] 
46:[-169.76996461 -169.75545838 -169.74818401 -169.65891968 -169.56855941 -169.49444076 -169.43714253 -169.43644672 -169.11446345 -169.02165478 -168.88201286 -168.84621623 -168.84119645 -168.72374714 -168.66827892 -168.64189411 -168.51502248 -168.18848157 -168.14085373 -168.12557272 -168.10672546 -168.10618804 -168.10375365 -168.0903059  -168.07737854 -168.06811561 -168.05682664 -168.00007495 -167.94725623 -167.90499962 -167.89394641 -167.73299951 -167.73089739 -167.48582668 -167.48574974 -167.30306937 -167.29112955 -167.28029242 -167.27717482 -167.2735786 -167.26587546 -167.26565914 -166.90219923 -166.90199972 -166.90199953 -166.26010371 -166.24873626] 
RANKING VECTORS IDX
0:[ 0.  6. 17. 35. 13. 15.  2. 21. 38. 33. 45. 25. 44. 29.  5. 24. 18. 37. 39. 31. 34. 10. 12. 30.  3. 20. 16. 14. 32. 26.  8. 42. 40.  7. 28.  9.  4. 11. 22. 41. 19. 36. 27. 23. 43.  1. 46.] 
1:[ 1. 43. 35. 15. 44.  9. 30. 19. 36.  5. 28. 41.  2. 33. 10.  6. 45. 38.  0. 31. 14. 32. 13. 11. 22.  4.  7. 24. 46. 34. 37. 39. 27. 29. 17. 23. 18. 21. 12.  3. 25. 42. 40.  8. 16. 20. 26.] 
2:[ 2. 35. 15. 13. 38. 33. 45. 17.  6.  0. 29. 34.  5. 21. 44. 24. 31. 39. 37.  7. 18. 10. 28.  9. 30. 41. 19. 36. 23. 43.  1. 27.  3. 25. 32.  4. 14. 11. 22.  8. 40. 42. 12. 46. 20. 16. 26.] 
3:[14. 32. 11. 22. 35.  4. 15. 21.  3. 12. 17. 13. 37. 34. 31.  5. 44.  9. 10. 28. 24. 25. 45. 33. 36. 41. 38. 19. 30. 40. 42.  8. 29. 16. 46. 20. 18. 26. 43.  1.  2. 27.  6.  0. 23.  7. 39.] 
4:[14. 32. 11. 22.  4. 21. 37.  9. 28. 31. 10.  5. 36. 41.  3. 19. 12. 30. 43.  1. 46. 42.  8. 40. 34. 44. 18.  2. 33. 45. 38. 35. 15. 13. 17.  0.  6. 29. 23. 24. 27. 39. 25. 20. 16.  7. 26.] 
5:[35.  5. 15. 44. 12.  2. 38. 45. 33. 13. 29. 28.  9. 34. 19. 30. 10. 36. 41. 31. 17. 37.  6.  0. 18.  3. 14. 11. 22.  4. 21. 32.  1. 43. 23. 24. 39. 25.  7. 27. 40. 42.  8. 46. 20. 16. 26.] 
6:[ 6. 35. 13. 15. 27. 32. 23. 38. 33. 45.  2. 24. 44. 34.  0.  5. 29. 25. 17. 21. 18. 39. 10. 31. 12. 30. 20. 16. 26.  9. 28.  3.  7. 37. 41. 19. 36.  1. 43. 14.  4. 11. 22. 42. 40.  8. 46.] 
7:[ 7. 23. 27.  6.  5. 44. 17. 14. 35. 15. 37. 12.  2. 30. 31.  8. 42. 40. 39. 24. 21. 32.  0. 25. 34. 18.  9. 10. 28. 29. 45. 38. 33. 13. 46.  1. 43. 11. 22.  4.  3. 36. 41. 19. 16. 20. 26.] 
8:[44.  5. 31.  4. 42. 40. 17.  8. 38. 13. 45. 35. 15. 33. 39.  7.  2. 25. 23. 32. 14.  0. 27.  6. 18. 12. 34.  9. 28. 10. 30. 11. 22. 24. 29. 36. 19. 41. 37.  1. 43. 21.  3. 46. 16. 20. 26.] 
9:[44. 36. 41. 30. 19.  5. 31.  9. 28. 10. 17. 12. 37.  3. 21. 35.  4. 11. 22. 14. 32. 15. 13. 25. 34. 24. 29. 45. 33. 27. 38.  8. 42. 40.  2. 46. 43.  1. 18. 16. 20.  0.  6. 23. 39. 26.  7.] 
10:[10.  9. 28. 17. 12.  3. 33. 45. 34. 31. 44. 29.  5. 38. 19. 30. 36. 41. 32. 24. 13. 35. 15. 37. 22. 11. 14. 27.  6. 46.  4. 18. 20. 16.  2. 21. 25.  8. 40. 42.  1. 43. 23. 26.  0. 39.  7.] 
11:[14. 32. 11. 22. 21.  4. 37.  9. 28. 10.  3. 12. 17. 31. 36. 41. 30.  5. 19. 43.  1. 46. 34. 42. 40.  8. 18.  2. 33. 45. 38. 13. 35. 15. 29. 25. 16. 20. 44. 23.  6.  0. 27. 24. 39.  7. 26.] 
12:[10. 17. 12.  9. 28. 23. 45. 29. 33. 38. 24.  3. 36. 41. 19. 30. 34.  5. 44. 31. 32. 13. 35. 15. 18. 37. 16. 21. 20. 25. 46. 26.  2.  6. 11. 22.  4. 14.  8. 40. 42. 27. 43.  1.  0. 39.  7.] 
13:[25. 45. 33. 38.  2. 24. 34.  5. 44. 13. 35. 15. 29. 18. 23. 27. 17. 12. 32. 21.  6.  0. 26. 37.  3. 19. 36. 20. 16. 30. 41. 10. 31.  9. 28. 39. 43.  1. 14. 11. 22.  4. 46. 42. 40.  8.  7.] 
14:[ 5. 34. 10. 35. 15.  7. 44. 13. 18. 17. 14. 25. 31.  2. 39. 33. 29. 24. 38. 45.  0.  3. 12.  6. 32. 21.  4. 11. 22. 37. 19.  9. 28. 30. 36. 41. 16. 20. 26. 40.  1. 42. 43.  8. 27. 23. 46.] 
15:[25. 35. 15. 12. 17. 32. 38. 13. 45. 33.  2. 44. 29. 34.  5. 24. 18.  6.  0. 21. 10. 27. 23. 26. 31.  3. 20. 16. 30. 28.  9. 41. 19. 36. 39. 14.  4. 11. 22. 37.  1. 43.  8. 40. 42.  7. 46.] 
16:[16. 20. 21. 31.  6. 13. 17. 32. 12. 24.  3. 44.  5. 26. 29. 34. 30. 25.  8. 40. 27. 42.  0. 23. 35. 15. 18. 45. 38. 33. 37.  2.  7. 28.  9. 10. 46. 14.  1. 43. 39.  4. 11. 22. 19. 36. 41.] 
17:[ 8. 30. 32. 17. 35. 42. 40. 31.  5. 37. 25. 45. 38. 12. 33.  2. 13. 11. 22.  9. 10. 28.  6. 29. 44. 23. 14. 18. 34.  1. 21. 43.  7. 46.  4. 39. 15. 24.  0.  3. 36. 19. 41. 27. 16. 20. 26.] 
18:[35. 18. 44.  5. 29. 15. 32. 13. 33. 45. 38. 17.  7.  0.  6.  2. 27. 24. 34. 10. 21. 23. 12. 31.  3. 16. 20. 39. 26.  9. 28. 30. 41. 36. 37. 14. 19. 25.  4. 11. 22. 43.  1.  8. 42. 40. 46.] 
19:[30. 19. 36.  5.  9. 41. 28. 17. 38. 33.  2. 25. 21. 14. 32. 11. 22.  4. 10. 13. 45. 35. 37. 15.  0. 31.  7. 43.  1. 24. 34.  6. 39. 29. 44. 12.  3. 23. 18. 27. 46.  8. 42. 40. 16. 20. 26.] 
20:[16. 20. 21. 26. 29.  6. 30.  8. 40. 31. 42. 17. 24. 25.  5. 44.  3. 12. 35. 13. 15. 45. 18. 38. 33.  2. 32. 37. 34. 10.  0. 23. 14. 28.  9. 19. 36. 41. 11. 22.  4. 46.  1. 43. 39. 27.  7.] 
21:[16. 20. 21. 31.  6. 13. 17. 32. 12. 24.  3. 44.  5. 26. 29. 34. 30. 25.  8. 40. 27. 42.  0. 23. 35. 15. 18. 45. 38. 33. 37.  2.  7. 28.  9. 10. 46. 14.  1. 43. 39.  4. 11. 22. 19. 36. 41.] 
22:[21.  4. 11. 22. 14. 32. 37. 31.  9. 28. 10. 43.  1.  5. 36. 30. 41. 19. 44. 46. 34. 12. 17.  3.  2. 38. 45. 33. 25. 29. 18. 35. 15. 13. 23.  0.  8. 42. 40. 27. 24.  6.  7. 39. 16. 20. 26.] 
23:[23. 27.  7. 12. 17. 34. 31. 44. 24. 46. 29. 25.  6. 13. 21. 32.  3. 18.  5.  2. 14. 35. 15. 30.  8. 40. 42. 43.  1. 10. 45. 38. 33. 16. 20.  9. 28. 39.  0. 26. 37.  4. 11. 22. 36. 41. 19.] 
24:[24. 31. 13.  6. 17. 25.  3. 32. 12. 23. 27.  7. 39. 34.  0. 44. 14.  5. 18. 29. 46. 30.  1. 43. 40. 20.  8. 42. 16. 21. 35. 15.  2. 37. 33. 38. 45. 28.  9. 10. 26. 11. 22.  4. 36. 19. 41.] 
25:[36. 41.  5. 30. 19. 44. 34. 25. 45. 38.  9. 28. 33. 17. 12. 13. 18. 10. 32. 31.  3. 35. 15.  2. 29. 21. 37. 23. 27.  6.  0.  4. 11. 22. 14.  1. 43. 16. 20. 42. 40.  8. 46. 24. 39. 26.  7.] 
26:[18. 34. 44. 29.  5. 26. 10. 33. 38.  3. 45. 17. 12. 13. 32. 28.  9. 37. 15. 35.  4. 11. 22. 14. 31. 21. 25. 30. 16. 20.  6. 36. 19. 41. 42.  8. 40.  2. 46. 23. 43.  1. 39.  0. 24. 27.  7.] 
27:[27. 23.  7. 12. 17. 46. 29. 21. 31. 25. 24. 18. 13. 34.  0. 44.  6.  5. 37. 39. 14. 35. 15.  2. 45. 33. 43. 38. 32. 10.  9. 28. 16. 20.  3. 42. 40.  8. 30.  1.  4. 11. 22. 36. 41. 19. 26.] 
28:[ 9. 28. 10.  5. 36. 41. 19. 30. 15. 13. 14. 32. 11. 22. 44. 35. 31.  4. 12.  3. 37. 25. 29. 24.  1. 43. 17. 45. 38.  8. 42. 40. 18. 34.  2. 33. 20. 16.  6.  0. 46. 39. 27. 23. 21. 26.  7.] 
29:[ 5. 29. 44. 45. 17. 35. 38. 12. 15. 13. 33. 25.  2. 32.  7. 18. 24. 21. 37. 23. 27. 31.  6. 10.  0. 34. 30. 19. 36.  3.  9. 26. 39. 28. 41. 16. 14. 20. 11. 22.  4. 40. 42.  8.  1. 43. 46.] 
30:[35. 15. 13.  5. 30. 19. 36. 41. 44.  2.  9. 28. 10. 33. 38. 45. 43.  1. 11. 22. 17. 25. 37. 14. 32. 31. 34.  7.  0.  6. 21.  4. 27. 23. 29. 39. 46.  3. 12. 18.  8. 42. 40. 24. 16. 20. 26.] 
31:[31. 30.  5. 21. 32. 44. 25. 34. 12. 10.  3. 29. 28. 18. 14.  4. 11.  9. 22. 23. 36. 19. 37. 41. 39. 26. 24. 42. 40.  8. 20. 16.  6.  2. 27. 43.  1. 33. 35. 15. 45. 13. 38.  0. 46. 17.  7.] 
32:[32.  3. 37. 19. 41.  5. 30. 36. 28. 10.  9. 12. 27. 33. 31. 29. 38. 13. 44. 15. 14.  4. 22. 17.  2. 11. 35. 45. 34. 18.  6.  7.  0. 25.  1. 24. 43. 39. 16. 20. 46. 23. 26. 21.  8. 40. 42.] 
33:[45. 33. 38. 25.  2. 13. 35. 15. 24.  5. 34. 29. 18. 17. 12. 32.  3. 10. 37.  9.  0.  6. 21. 28. 30. 19. 36. 41. 23. 27. 26. 16. 20. 14.  4. 11. 22. 44. 46. 43.  1.  8. 40. 42. 31. 39.  7.] 
34:[34. 27. 17.  7. 23.  5. 44. 31. 29. 39. 18. 33.  6. 15. 45. 12. 35.  0. 30. 13.  3. 38. 21. 14.  2. 24. 25. 10. 26. 28.  9. 32. 37.  4. 11. 22. 16. 20. 41. 19. 40. 42. 36.  8.  1. 43. 46.] 
35:[ 5. 29. 44. 45. 17. 35. 38. 12. 15. 13. 33. 25.  2. 32.  7. 18. 24. 21. 37. 23. 27. 31.  6. 10.  0. 34. 30. 19. 36.  3.  9. 26. 39. 28. 41. 16. 14. 20. 11. 22.  4. 40. 42.  8.  1. 43. 46.] 
36:[30. 19.  5. 36. 44. 41. 28.  9. 10. 35. 15. 37. 34. 11. 22. 21. 14. 32.  4. 38.  2. 33. 13. 31.  3.  6. 45. 17.  0.  1. 43. 18. 29. 25.  7. 24. 39. 27. 46. 12. 23. 40.  8. 42. 20. 16. 26.] 
37:[41. 36. 19.  5. 30. 28.  9. 10. 31. 37. 33. 17. 13. 21. 15. 38.  2.  7. 14.  0. 23. 11. 22. 35.  1.  4. 43. 25. 44. 32.  6. 29. 34. 39. 27. 45. 12.  3. 46. 24. 18. 20. 16.  8. 42. 40. 26.] 
38:[25. 45. 33. 38.  2. 24. 34.  5. 44. 13. 35. 15. 29. 18. 23. 27. 17. 12. 32. 21.  6.  0. 26. 37.  3. 19. 36. 20. 16. 30. 41. 10. 31.  9. 28. 39. 43.  1. 14. 11. 22.  4. 46. 42. 40.  8.  7.] 
39:[17. 27. 39.  0. 25. 38. 24. 33. 15.  2.  6. 13. 45.  7. 21. 35. 31. 23. 34. 29. 44. 18. 14.  5. 32. 12. 11. 22.  4. 10.  3. 37. 30. 42. 40.  8. 28.  9. 41. 19. 36.  1. 43. 16. 20. 46. 26.] 
40:[42. 40. 31. 44.  5. 30.  8. 37. 21. 10. 35. 25. 34. 45. 17. 12. 32. 14.  3.  9. 15. 28.  2. 18. 27. 23. 13. 33. 29. 38. 19. 36. 41. 11. 22.  4. 43.  1.  0.  6. 46. 24. 39. 16. 20.  7. 26.] 
41:[23. 17.  1. 43. 24.  2. 33. 45. 38. 35. 15. 13. 21.  4. 27.  0. 31. 37. 22. 11. 14. 32.  6. 44. 39.  5. 28. 36. 41.  9. 30. 34. 19. 46. 10. 29. 25. 18. 42. 40.  8.  3. 12.  7. 16. 20. 26.] 
42:[30. 35. 15.  8. 42. 40. 31. 17. 25. 12. 38. 21. 45. 33.  2.  4.  6. 10. 13. 14. 32. 44. 34.  1. 11. 22.  5. 43. 39. 27. 23. 18. 28.  9.  7.  0.  3. 19. 36. 41. 29. 37. 46. 24. 16. 20. 26.] 
43:[ 1. 43. 34.  5. 41. 30. 19. 45. 36. 28. 35. 17. 15. 38. 37.  2. 46.  9. 10. 14. 32. 13. 31. 12. 21.  4.  0. 18. 11. 22. 33.  6. 44. 29.  7. 25. 39.  8. 42. 40. 27. 23.  3. 24. 16. 20. 26.] 
44:[34. 44.  5. 29. 18. 10. 35. 15.  9. 28.  3. 12. 13. 45. 38. 33.  2. 25. 32. 31. 14. 11. 22. 21.  4. 26. 37.  6. 30. 19. 36. 17. 39. 41. 24.  0. 27. 23. 16. 20.  7.  8. 42. 40. 43.  1. 46.] 
45:[44.  5. 35. 33. 45. 38. 15. 17. 12. 32. 18. 13. 29. 37. 25. 21.  2. 10. 24.  6.  3. 30. 41. 19. 36. 28.  9. 31. 34. 20. 16.  0. 14.  4. 11. 22.  7. 27. 23. 26. 39.  1. 43. 42. 40.  8. 46.] 
46:[46. 44.  5.  7. 12. 17. 23. 27. 31. 24. 13.  6. 32. 34. 37.  0. 25.  1.  2. 43. 33. 38. 45. 15. 35. 21. 29. 14. 10. 18. 30.  9. 28. 16. 20.  3. 19. 40. 41. 36.  8. 42.  4. 11. 22. 39. 26.] 
POSCARS
EA361   2.590 14.228  2.590 89.99 119.98 89.99 Sym.group:  156
1.0
   2.5896300000000001   -0.0153580000000000   -0.0423460000000000
   0.0891870000000000   14.2272379999999998    0.1619790000000000
  -1.2577469999999999   -0.0176590000000000    2.2644880000000001
Al O
6 2
direct
   0.7435650000000000    0.0386380000000000    0.0262880000000000 Al
   0.7484120000000000    0.3397590000000000    0.0350380000000000 Al
   0.4103480000000000    0.5383380000000000    0.3649690000000000 Al
   0.4120740000000000    0.8880770000000000    0.3616390000000000 Al
   0.0804320000000000    0.1891330000000000    0.6984120000000000 Al
   0.0795070000000000    0.7370580000000000    0.6977620000000000 Al
   0.0768520000000000    0.6081530000000001    0.6982150000000000 O
   0.7440290000000001    0.4687400000000000    0.0318120000000000 O
EA292   4.792  4.792  4.690 90.00 90.00 60.00 Sym.group:  191
1.0
   4.7919330000000002    0.0011640000000000   -0.0024310000000000
   2.3948969999999998    4.1505530000000004   -0.0012420000000000
   0.0021320000000000    0.0000750000000000    4.6895829999999998
Si Na
6 2
direct
   0.0004400000000000    0.5013780000000000    0.6862680000000000 Si
   0.5004700000000000    0.0010760000000000    0.6868430000000000 Si
   0.5007120000000000    0.5008140000000000    0.6881260000000000 Si
   0.5012130000000000    0.0008690000000000    0.1868420000000000 Si
   0.5007030000000000    0.5007370000000000    0.1881250000000000 Si
   0.0005630000000000    0.5014280000000000    0.1862670000000000 Si
   0.0010560000000000    0.0011960000000000    0.9371720000000000 Na
   0.0009610000000000    0.0011540000000000    0.4371810000000000 Na
EA118   2.829  2.828  7.683 90.01 89.99 119.57 Sym.group:  187
1.0
   2.8284129999999998   -0.0275620000000000   -0.0084040000000000
  -1.3715029999999999    2.4735459999999998    0.0028320000000000
   0.0245550000000000    0.0040440000000000    7.6829460000000003
Mg Cl
3 1
direct
   0.8673650000000001    0.4301320000000000    0.2446240000000000 Mg
   0.2061160000000000    0.0936600000000000    0.9758930000000000 Mg
   0.2041800000000000    0.0918820000000000    0.5133340000000000 Mg
   0.5397130000000000    0.7572650000000000    0.7445820000000000 Cl
EA60    3.146  5.569  3.146 90.00 119.97 89.99 Sym.group:  194
1.0
   3.1463049999999999   -0.0001700000000000    0.0001140000000000
   0.0012890000000000    5.5691100000000002   -0.0002810000000000
  -1.5714640000000000    0.0006360000000000    2.7253440000000002
Li N
6 2
direct
   0.3902400000000000    0.3765880000000000    0.3918910000000000 Li
   0.3879020000000000    0.8760590000000000    0.3927290000000000 Li
   0.0557030000000000    0.2088120000000000    0.7250770000000000 Li
   0.7218930000000000    0.7090180000000000    0.0591940000000000 Li
   0.7217410000000000    0.0459530000000000    0.0591890000000000 Li
   0.0567810000000000    0.5457140000000000    0.7256570000000000 Li
   0.7235350000000000    0.3775120000000000    0.0585240000000000 N
   0.0546020000000000    0.8773550000000000    0.7260730000000000 N
EA116   4.096  4.095  4.099 60.09 60.09 90.09 Sym.group:  225
1.0
   4.0959519999999996    0.0070610000000000   -0.0055870000000000
  -0.0135790000000000    4.0946309999999997    0.0019490000000000
   2.0443020000000001    2.0494849999999998    2.9018890000000002
Na P
3 1
direct
   0.7443610000000001    0.6901700000000000    0.0603990000000000 Na
   0.2448690000000000    0.1903020000000000    0.0600230000000000 Na
   0.4945900000000000    0.9402199999999999    0.5602090000000000 Na
   0.9946650000000000    0.4402530000000000    0.5601770000000000 P
EA72    5.184  5.184  5.459 117.48 62.16 119.40 Sym.group:  148
1.0
   5.1834069999999999    0.0202250000000000    0.0387030000000000
  -2.5627909999999998    4.5066660000000001   -0.0064280000000000
   2.5204930000000001   -1.4579130000000000    4.6171790000000001
Mg S
6 2
direct
   0.9079640000000000    0.8987520000000000    0.4647820000000000 Mg
   0.5962160000000000    0.6026650000000000    0.0352470000000000 Mg
   0.5263220000000000    0.0994040000000000    0.4750460000000000 Mg
   0.9778840000000000    0.4021800000000000    0.0248660000000000 Mg
   0.0945560000000000    0.4710040000000000    0.4755280000000000 Mg
   0.4095520000000000    0.0306020000000000    0.0244910000000000 Mg
   0.0570620000000000    0.9409800000000000    0.8283430000000001 S
   0.4469920000000000    0.5606310000000000    0.6717919999999999 S
EA50    2.325  2.337  5.624 101.95 78.12 119.17 Sym.group:  160
1.0
   1.1538839999999999    2.0183399999999998   -0.0068750000000000
  -2.3369849999999999    0.0238200000000000   -0.0025830000000000
   1.1653640000000001    0.6859080000000000    5.4589270000000001
Be O
3 1
direct
   0.5895020000000000    0.0465390000000000    0.4783490000000000 Be
   0.8375490000000000    0.8004210000000000    0.7570350000000000 Be
   0.3921720000000000    0.2453210000000000    0.0743110000000000 Be
   0.6856810000000000    0.9497940000000000    0.1980460000000000 O
EA305   2.664  2.663  8.355 89.97 89.97 60.01 Sym.group:  164
1.0
   2.6639260000000000   -0.0003200000000000   -0.0025270000000000
   1.3312330000000001    2.3064499999999999   -0.0011720000000000
   0.0115810000000000    0.0030820000000000    8.3544920000000005
B F
6 2
direct
   0.2007370000000000    0.1660160000000000    0.7932810000000000 B
   0.8692550000000000    0.8322900000000000    0.6801440000000000 B
   0.2030480000000000    0.1658360000000000    0.5904550000000000 B
   0.8668600000000000    0.8327020000000001    0.8829669999999999 B
   0.8697210000000000    0.8331060000000000    0.4905710000000000 B
   0.2000360000000000    0.1658390000000000    0.9828360000000000 B
   0.2019460000000000    0.1654020000000000    0.1383110000000000 F
   0.8680330000000001    0.8331760000000000    0.3351170000000000 F
EA83    3.974  3.974  3.974 109.47 70.53 70.53 Sym.group:  229
1.0
   1.3223830000000001    3.7479019999999998   -0.0005040000000000
  -1.3267840000000000    1.8723420000000000   -3.2447080000000001
  -1.3255159999999999    1.8727529999999999    3.2449590000000001
Si S
3 1
direct
   0.0021250000000000    0.4959550000000000    0.4931330000000000 Si
   0.5021080000000000    0.9959620000000000    0.4931560000000000 Si
   0.5021910000000001    0.4958970000000000    0.9931390000000000 Si
   0.0021730000000000    0.9958590000000000    0.9931750000000000 S
EA100   4.666  4.664  3.530 90.04 90.04 60.03 Sym.group:  194
1.0
   4.6653770000000003    0.0470670000000000   -0.0396690000000000
   2.2886229999999999    4.0634189999999997   -0.0393060000000000
   0.0271610000000000    0.0157990000000000    3.5293779999999999
Li S
6 2
direct
   0.0903270000000000    0.6970820000000000    0.7398550000000000 Li
   0.2618280000000000    0.8669390000000000    0.2394270000000000 Li
   0.0901660000000000    0.2076010000000000    0.7392670000000000 Li
   0.7508240000000000    0.3777190000000000    0.2395850000000000 Li
   0.5793580000000000    0.2077920000000000    0.7400139999999999 Li
   0.7510540000000000    0.8671500000000000    0.2401720000000000 Li
   0.2539610000000000    0.3706830000000000    0.2397080000000000 S
   0.5872200000000000    0.7040710000000000    0.7397319999999999 S
EA10    5.183  5.181  3.339 90.00 90.00 60.60 Sym.group:  176
1.0
   5.1810440000000000    0.1465580000000000    0.0015340000000000
   2.4146570000000001    4.5836880000000004   -0.0019450000000000
  -0.0009210000000000    0.0018450000000000    3.3391280000000001
Na O
6 2
direct
   0.1099990000000000    0.7430430000000000    0.2488900000000000 Na
   0.0084090000000000    0.4756650000000000    0.7489700000000000 Na
   0.4758600000000000    0.6429760000000000    0.7490860000000000 Na
   0.7467190000000000    0.2745400000000000    0.2491110000000000 Na
   0.6459410000000000    0.0068380000000000    0.7491600000000000 Na
   0.2795080000000000    0.1076340000000000    0.2489400000000000 Na
   0.7098780000000000    0.7095900000000001    0.2491000000000000 O
   0.0455230000000000    0.0408160000000000    0.7489410000000000 O
EA163   3.598  3.598  6.216 106.77 106.77 60.09 Sym.group:  225
1.0
   3.5982870000000000   -0.0027330000000000    0.0006900000000000
   1.7967310000000001    3.1173790000000001   -0.0156590000000000
  -1.7952450000000000   -1.0057640000000001    5.8656170000000003
Li P
6 2
direct
   0.9406740000000000    0.5619459999999999    0.5638590000000000 Li
   0.5654480000000000    0.1868380000000000    0.4383540000000000 Li
   0.4406010000000000    0.0618760000000000    0.0637170000000000 Li
   0.8158360000000000    0.4372040000000000    0.1892540000000000 Li
   0.0654270000000000    0.6867560000000000    0.9384520000000000 Li
   0.3157530000000000    0.9371200000000000    0.6891530000000000 Li
   0.1906520000000000    0.8120450000000000    0.3138150000000000 P
   0.6905900000000000    0.3119320000000000    0.8138010000000000 P
EA1     2.916  2.915  7.106 89.98 90.02 119.98 Sym.group:  164
1.0
   1.4623340000000000   -2.5226600000000001    0.0014090000000000
   1.4541970000000000    2.5268380000000001   -0.0016330000000000
   0.0004350000000000    0.0075920000000000    7.1064179999999997
Li O
6 2
direct
   0.6699640000000000    0.9604210000000000    0.1676180000000000 Li
   0.0035520000000000    0.6270070000000000    0.0086470000000000 Li
   0.3364680000000000    0.2936960000000000    0.8397130000000000 Li
   0.3359180000000000    0.2939730000000000    0.3415060000000000 Li
   0.6691660000000000    0.9605629999999999    0.6694080000000000 Li
   0.0022710000000000    0.6273800000000000    0.5005140000000000 Li
   0.6700790000000000    0.9603640000000000    0.9220110000000000 O
   0.3356900000000000    0.2939890000000000    0.5870980000000000 O
EA461   2.370  2.378  6.254 79.25 79.25 60.29 Sym.group:  160
1.0
   1.1861610000000000   -2.0519140000000000   -0.0014570000000000
   2.3775270000000002    0.0131660000000000   -0.0111830000000000
   1.1990989999999999   -0.6582090000000000    6.1025679999999998
Li F
3 1
direct
   0.1620430000000000    0.8175460000000000    0.6258640000000000 Li
   0.9183680000000000    0.5940960000000000    0.3065120000000000 Li
   0.3761920000000000    0.0294630000000000    0.9845739999999999 Li
   0.7694970000000000    0.4235700000000000    0.8048020000000000 F
EA186   3.504  3.501  3.504 109.09 109.12 70.91 Sym.group:  166
1.0
   3.5032969999999999    0.0440030000000000   -0.0319580000000000
   1.1028420000000001    3.3221720000000001   -0.0318940000000000
  -1.1081960000000000   -0.8085170000000000    3.2239810000000002
Si H
3 1
direct
   0.2281920000000000    0.9756089999999999    0.7083220000000000 Si
   0.9345180000000000    0.6828610000000001    0.0007900000000000 Si
   0.6420480000000000    0.3901260000000000    0.2944580000000000 Si
   0.4274450000000000    0.1829280000000000    0.4937710000000000 H
EA305   2.731  2.746  6.898 79.26 90.01 60.19 Sym.group:  166
1.0
   2.7307470000000000    0.0006470000000000   -0.0013580000000000
   1.3647330000000000    2.3830870000000002    0.0030340000000000
   0.0015410000000000    1.4716430000000000    6.7390220000000003
Mg O
3 1
direct
   0.0538140000000000    0.5506210000000000    0.8638790000000000 Mg
   0.6079850000000000    0.4389080000000000    0.5101290000000001 Mg
   0.8359730000000000    0.0019350000000000    0.1869850000000000 Mg
   0.3308240000000000    0.9943630000000000    0.6869330000000000 O
EA301   2.469  2.469  5.438 90.03 89.21 119.99 Sym.group:  187
1.0
   1.2351710000000000   -2.1378849999999998    0.0008290000000000
   1.2343860000000000    2.1382580000000000   -0.0010090000000000
   0.0731500000000000   -0.0424050000000000    5.4378320000000002
N B
3 1
direct
   0.2811560000000000    0.7461880000000000    0.0963260000000000 N
   0.6069750000000000    0.4074460000000000    0.4953130000000000 N
   0.2643370000000000    0.7404430000000000    0.8958500000000000 N
   0.9403899999999999    0.0740740000000000    0.4952310000000000 B
EA309   3.124  3.123 10.959 90.13 89.88 119.64 Sym.group:  164
1.0
   3.1232570000000002   -0.0490040000000000    0.0310040000000000
  -1.5005489999999999    2.7350590000000001   -0.1534920000000000
  -0.0765650000000000    0.5440080000000000   10.9452230000000004
P S
6 2
direct
   0.8142980000000000    0.6039410000000000    0.1301040000000000 P
   0.4848110000000000    0.9354160000000000    0.7235210000000000 P
   0.4836550000000000    0.9358160000000000    0.3694230000000000 P
   0.1534270000000000    0.2671320000000000    0.6094700000000000 P
   0.8153049999999999    0.6045280000000000    0.4840730000000000 P
   0.1459080000000000    0.2727800000000000    0.2441500000000000 P
   0.4751320000000000    0.9430220000000000    0.0120100000000000 S
   0.8236200000000000    0.5962760000000000    0.8416050000000000 S
EA117   5.139  4.753  4.750 119.96 62.48 117.53 Sym.group:  155
1.0
   2.9475129999999998   -2.3496320000000002    3.4931109999999999
  -0.0164260000000000    4.7534140000000003   -0.0210150000000000
  -2.1922530000000000   -2.3643489999999998    3.4881959999999999
Mg H
6 2
direct
   0.2129970000000000    0.2512070000000000    0.6587990000000000 Mg
   0.7132400000000000    0.7405920000000000    0.8167900000000000 Mg
   0.2133730000000000    0.9131110000000000    0.9896620000000000 Mg
   0.2129670000000000    0.5820800000000000    0.3281720000000000 Mg
   0.7131250000000000    0.4238000000000000    0.1581220000000000 Mg
   0.7129860000000000    0.0820470000000000    0.4996440000000000 Mg
   0.4733820000000000    0.0019890000000000    0.2381270000000000 H
   0.9527960000000000    0.1623410000000000    0.0784630000000000 H
EA27    5.199  5.199  5.198 90.23 119.94 119.79 Sym.group:  221
1.0
   5.1961139999999997   -0.1626340000000000    0.0358440000000000
  -2.4738859999999998    2.7106680000000001   -3.6819389999999999
  -2.5381490000000002    2.6473810000000002    3.6838940000000000
Al Mg
6 2
direct
   0.2527550000000000    0.1257330000000000    0.5020970000000000 Al
   0.7527690000000000    0.6257790000000000    0.5021580000000000 Al
   0.2527910000000000    0.6257600000000000    0.5021620000000000 Al
   0.7527910000000000    0.1256950000000000    0.0021050000000000 Al
   0.2527530000000000    0.1257050000000000    0.0021000000000000 Al
   0.2528040000000000    0.6257260000000000    0.0021480000000000 Al
   0.7527600000000000    0.1257660000000000    0.5020820000000000 Mg
   0.7527650000000000    0.6256420000000000    0.0021430000000000 Mg
EA193   2.487  2.490  5.228 90.00 89.91 119.91 Sym.group:  187
1.0
   2.4873400000000001   -0.0044590000000000   -0.0142020000000000
  -1.2379819999999999    2.1608250000000000   -0.0001040000000000
   0.0380280000000000    0.0216920000000000    5.2280379999999997
O Be
3 1
direct
   0.6637100000000000    0.2912760000000000    0.8361680000000000 O
   0.3303410000000000    0.6277410000000000    0.2212700000000000 O
   0.6643740000000000    0.2915900000000000    0.6065220000000000 O
   0.9970950000000000    0.9617520000000001    0.2222290000000000 Be
EA254   2.471  2.471  5.583 89.28 102.37 119.99 Sym.group:  160
1.0
   1.2360730000000000   -2.1391040000000001   -0.0090480000000000
   1.2349990000000000    2.1398999999999999    0.0389070000000000
  -1.1906630000000000    0.6701080000000000    5.4133909999999998
N B
3 1
direct
   0.9624840000000000    0.7294530000000000    0.1376970000000000 N
   0.8176220000000000    0.6524350000000000    0.9360940000000000 N
   0.8849620000000000    0.1853900000000000    0.5310340000000000 N
   0.5558930000000000    0.5205830000000000    0.5381350000000000 B
EA28    3.597  6.311  3.657 88.97 60.55 73.45 Sym.group:  225
1.0
   1.8077070000000000    0.4377700000000000    3.0783909999999999
   1.8470290000000000    6.0324150000000003    0.1577050000000000
  -1.8473470000000001    0.5534210000000001    3.1066460000000000
Li Si
6 2
direct
   0.8810890000000000    0.9373170000000000    0.8096800000000000 Li
   0.8806010000000000    0.4373940000000000    0.3089500000000000 Li
   0.1309080000000000    0.5611960000000000    0.6849890000000000 Li
   0.1315640000000000    0.0613750000000000    0.1842660000000000 Li
   0.3815370000000000    0.6852070000000000    0.0605880000000000 Li
   0.3818720000000000    0.1852070000000000    0.5591090000000000 Li
   0.6312750000000000    0.8112870000000000    0.4351710000000000 Si
   0.6312460000000000    0.3113000000000000    0.9339990000000000 Si
EA388   2.442  2.441  7.519 80.69 89.98 120.00 Sym.group:  166
1.0
   2.4415070000000001   -0.0014230000000000    0.0000090000000000
  -1.2194659999999999    2.1151059999999999    0.0013180000000000
   0.0036320000000000    1.4018969999999999    7.3867339999999997
C H
6 2
direct
   0.6888590000000000    0.8923990000000001    0.4183610000000000 C
   0.0436120000000000    0.6018510000000000    0.3540340000000000 C
   0.1972540000000000    0.9105150000000000    0.8925380000000001 C
   0.8424400000000000    0.2010090000000000    0.9568640000000000 C
   0.6214240000000000    0.7576550000000000    0.6217480000000000 C
   0.2656230000000000    0.0461570000000000    0.6891530000000000 C
   0.0925950000000000    0.6991190000000000    0.2084280000000000 H
   0.7941610000000000    0.1044490000000000    0.1024720000000000 H
EA95    2.373  2.373  8.911 82.47 89.97 119.99 Sym.group:  160
1.0
   2.3725350000000001   -0.0336700000000000   -0.0071800000000000
  -1.1565369999999999    2.0716329999999998    0.0160510000000000
   0.0489850000000000    1.2963789999999999    8.8161459999999998
C N
6 2
direct
   0.5548920000000001    0.7312220000000000    0.4105940000000000 C
   0.6111420000000000    0.8435170000000000    0.2390030000000000 C
   0.7067110000000000    0.0331810000000000    0.9501900000000000 C
   0.2970490000000000    0.2150450000000000    0.1809280000000000 C
   0.3541080000000000    0.3281690000000000    0.0085820000000000 C
   0.7642800000000000    0.1480480000000000    0.7752320000000000 C
   0.8702280000000000    0.3620270000000000    0.4650060000000000 N
   0.4491640000000000    0.5177619999999999    0.7201100000000000 N
EA172   2.988  2.994  9.528 98.94 90.39 118.82 Sym.group:  160
1.0
   2.9793430000000001   -0.2293830000000000   -0.0157910000000000
  -1.2378499999999999    2.7263480000000002    0.0031160000000000
  -0.1473770000000000   -1.7040360000000001    9.3730480000000007
Li Cl
6 2
direct
   0.4741630000000000    0.2503150000000000    0.1499850000000000 Li
   0.8792660000000000    0.0808770000000000    0.3839260000000000 Li
   0.1782560000000000    0.6744430000000000    0.2776130000000000 Li
   0.5830200000000000    0.4938540000000000    0.4997930000000000 Li
   0.9705310000000000    0.2370420000000000    0.6329210000000000 Li
   0.3842710000000000    0.0814710000000000    0.8892500000000000 Li
   0.6743500000000000    0.6559199999999999    0.7539630000000000 Cl
   0.0952890000000000    0.5085960000000000    0.0274240000000000 Cl
EA256   4.576  4.577  3.359 89.97 89.98 90.01 Sym.group:  127
1.0
   4.5757550000000000    0.0019970000000000   -0.0189800000000000
  -0.0028800000000000    4.5768459999999997   -0.0229820000000000
   0.0152470000000000    0.0186430000000000    3.3589500000000001
F Al
6 2
direct
   0.6246180000000000    0.3804320000000000    0.4975920000000000 F
   0.1245840000000000    0.8804590000000000    0.4975960000000000 F
   0.4559110000000000    0.7117100000000000    0.9964680000000000 F
   0.7931970000000000    0.0490830000000000    0.9980450000000000 F
   0.9559280000000000    0.5489350000000000    0.9979970000000000 F
   0.2930570000000000    0.2117180000000000    0.9978270000000000 F
   0.1244920000000000    0.8802870000000000    0.9975990000000000 Al
   0.6244470000000000    0.3803370000000000    0.9975940000000000 Al
EA421   2.441  2.441  9.044 97.49 97.70 60.05 Sym.group:  166
1.0
   2.4404210000000002    0.0263450000000000   -0.0126750000000000
   1.1958730000000000    2.1279390000000000   -0.0421010000000000
  -1.1598180000000000   -0.5240660000000000    8.9535909999999994
C F
6 2
direct
   0.0677500000000000    0.7396820000000000    0.6030700000000000 C
   0.2387960000000000    0.8964950000000000    0.1041810000000000 C
   0.4197060000000000    0.0903880000000000    0.6578920000000000 C
   0.8294400000000000    0.4935540000000000    0.8815600000000000 C
   0.4770630000000000    0.1426080000000000    0.8256920000000000 C
   0.8868200000000001    0.5457820000000000    0.0493590000000000 C
   0.2895180000000000    0.9448990000000000    0.2539940000000000 F
   0.0173660000000000    0.6913899999999999    0.4532580000000000 F
EA27    4.043  5.260  5.279 119.85 90.41 89.95 Sym.group:  194
1.0
   4.0395599999999998   -0.0123550000000000    0.1760030000000000
   0.0205560000000000    5.2597849999999999   -0.0028710000000000
  -0.2449170000000000   -2.6241889999999999    4.5744420000000003
Na S
6 2
direct
   0.4547590000000000    0.0764390000000000    0.6536689999999999 Na
   0.4522920000000000    0.0768520000000000    0.1702420000000000 Na
   0.4525430000000000    0.5923520000000000    0.1706880000000000 Na
   0.9534840000000000    0.4213040000000000    0.8283560000000000 Na
   0.9534600000000000    0.9056600000000000    0.8278530000000000 Na
   0.9519190000000000    0.4214250000000000    0.3448330000000000 Na
   0.4528000000000000    0.5824240000000001    0.6661010000000001 S
   0.9533290000000000    0.9154380000000000    0.3322600000000000 S
EA405   4.641  4.641  4.404 89.99 90.01 60.00 Sym.group:  162
1.0
   4.6413539999999998    0.0029850000000000   -0.0006960000000000
   2.3178679999999998    4.0211470000000000   -0.0004110000000000
  -0.0002600000000000    0.0015640000000000    4.4037080000000000
Al C
6 2
direct
   0.3252040000000000    0.6731239999999999    0.2364970000000000 Al
   0.9996640000000000    0.3246960000000000    0.2360260000000000 Al
   0.6736180000000001    0.9986400000000000    0.2360110000000000 Al
   0.3262590000000000    0.9981570000000000    0.7548660000000000 Al
   0.0001940000000000    0.6720750000000000    0.7548560000000000 Al
   0.6746880000000000    0.3236370000000000    0.7543380000000000 Al
   0.3332510000000000    0.3317300000000000    0.4954190000000000 C
   0.6665970000000000    0.6650779999999999    0.4954430000000000 C
EA41    3.627  3.629  3.629 99.11 80.97 80.98 Sym.group:  160
1.0
   3.6270259999999999    0.0014270000000000    0.0012190000000000
   0.5674890000000000    3.5843349999999998    0.0012870000000000
   0.5689570000000000   -0.6731830000000000    3.5207269999999999
Si Al
3 1
direct
   0.3711660000000000    0.1538180000000000    0.5700539999999999 Si
   0.8188900000000000    0.1577790000000000    0.0203730000000000 Si
   0.3703620000000000    0.7074470000000000    0.0167630000000000 Si
   0.8887870000000000    0.6420270000000000    0.5054900000000000 Al
EA250   4.111  4.113  4.100 94.76 94.83 94.63 Sym.group:  148
1.0
   4.1110970000000000    0.0022630000000000   -0.0198340000000000
  -0.3344760000000000    4.0995119999999998   -0.0433880000000000
  -0.3254540000000000   -0.3246420000000000    4.0743809999999998
F P
6 2
direct
   0.5926410000000000    0.1641030000000000    0.2918080000000000 F
   0.4030230000000000    0.8392050000000000    0.7123280000000000 F
   0.2867760000000000    0.5947590000000000    0.1640870000000000 F
   0.7089500000000000    0.4087220000000000    0.8401100000000000 F
   0.8348540000000000    0.7116540000000000    0.4074860000000000 F
   0.1606750000000000    0.2915180000000000    0.5964050000000000 F
   0.2185440000000000    0.2212390000000000    0.2219280000000000 P
   0.7771740000000000    0.7821820000000000    0.7819650000000000 P
EA251   3.525  4.651  3.030 90.03 89.98 100.86 Sym.group:  160
1.0
   3.5222050000000000   -0.1509430000000000   -0.0044320000000000
  -0.6801199999999999    4.6005640000000003    0.0098840000000000
   0.0044280000000000   -0.0072790000000000    3.0296379999999998
Be B
6 2
direct
   0.2774630000000000    0.1126740000000000    0.9903520000000000 Be
   0.7774740000000000    0.6126730000000000    0.4903710000000000 Be
   0.6986550000000000    0.9030899999999999    0.9903490000000000 Be
   0.1986610000000000    0.4030940000000000    0.4903460000000000 Be
   0.1471910000000000    0.6788170000000000    0.9903570000000000 Be
   0.6471900000000000    0.1788140000000000    0.4903450000000000 Be
   0.8720010000000000    0.3174090000000000    0.9904130000000000 B
   0.3720140000000000    0.8174010000000000    0.4904200000000000 B
EA108   2.663  2.633  7.262 90.15 89.75 60.53 Sym.group:  164
1.0
   2.6627109999999998   -0.0028240000000000   -0.0033660000000000
   1.2975570000000001    2.2906209999999998    0.0006150000000000
   0.0414410000000000   -0.0478060000000000    7.2615650000000000
Na F
3 1
direct
   0.0076430000000000    0.0054250000000000    0.0009020000000000 Na
   0.3353380000000000    0.3333280000000000    0.3144020000000000 Na
   0.6486459999999999    0.6776870000000000    0.6873670000000000 Na
   0.9918040000000000    0.0055350000000000    0.5009270000000000 F
EA44    4.830  5.537  4.828 115.81 119.98 90.04 Sym.group:  148
1.0
   4.8291860000000000   -0.0601380000000000   -0.0206400000000000
   0.0264990000000000    3.8230400000000002   -4.0048360000000001
  -2.3807710000000002    1.1911360000000000    4.0273709999999996
Cl C
6 2
direct
   0.6646080000000000    0.3231730000000000    0.0836850000000000 Cl
   0.9985470000000000    0.3231320000000000    0.7401190000000000 Cl
   0.8334400000000000    0.8380190000000000    0.0861720000000000 Cl
   0.5107230000000000    0.8381200000000000    0.4201660000000000 Cl
   0.1768910000000000    0.8381630000000000    0.7638400000000000 Cl
   0.3419100000000000    0.3232780000000000    0.4177780000000000 Cl
   0.1400170000000000    0.7372800000000000    0.3562590000000000 C
   0.0353540000000000    0.4240060000000000    0.1476720000000000 C
EA307   2.812  2.804  6.326 90.00 77.18 60.11 Sym.group:  166
1.0
   1.4198620000000000    2.4268190000000001    0.0097690000000000
  -1.3923970000000001    2.4333499999999999   -0.0076820000000000
   1.3675029999999999    0.8014350000000000    6.1245019999999997
Al C
3 1
direct
   0.4916770000000000    0.8797350000000000    0.9824349999999999 Al
   0.9377890000000000    0.6575450000000000    0.3130020000000000 Al
   0.0444150000000000    0.1039860000000000    0.6518770000000000 Al
   0.4910790000000000    0.3808070000000000    0.4824420000000000 C
EA19    5.190  5.189  5.190 119.97 60.04 89.95 Sym.group:  221
1.0
   5.1893539999999998   -0.0423180000000000   -0.0031950000000000
   0.0471190000000000    5.1891299999999996   -0.0029890000000000
   2.5733250000000001   -2.6140300000000001    3.6718590000000000
Mg P
6 2
direct
   0.9984520000000000    0.3714420000000000    0.4981880000000000 Mg
   0.5000090000000000    0.3734500000000000    0.4949120000000000 Mg
   0.4991900000000000    0.8721160000000000    0.9970240000000000 Mg
   0.0022810000000000    0.3732850000000000    0.9971470000000000 Mg
   0.0014490000000000    0.8719430000000000    0.4991510000000000 Mg
   0.5029770000000000    0.8740580000000000    0.4960820000000000 Mg
   0.0007020000000000    0.8727680000000000    0.9971210000000000 P
   0.5007670000000000    0.3727000000000000    0.9970230000000000 P
EA107   3.921  3.916  3.942 91.52 88.12 89.70 Sym.group:  167
1.0
   3.9211309999999999    0.0096320000000000    0.0290110000000000
   0.0110440000000000    3.9160710000000001   -0.0256880000000000
   0.1000800000000000   -0.0790570000000000    3.9401850000000000
Be Si
6 2
direct
   0.0579140000000000    0.6891710000000000    0.4310540000000000 Be
   0.3114250000000000    0.4353290000000000    0.9532119999999999 Be
   0.5734570000000000    0.9488100000000000    0.6908540000000000 Be
   0.5494760000000000    0.9296690000000000    0.1909450000000000 Be
   0.0649000000000000    0.1891100000000000    0.4512660000000000 Be
   0.8114830000000000    0.4424430000000000    0.9281880000000000 Be
   0.5614180000000000    0.4392110000000000    0.4407580000000000 Si
   0.0614520000000000    0.9389420000000001    0.9410880000000000 Si
EA382   2.412  2.411  5.893 89.97 89.94 60.02 Sym.group:  164
1.0
   2.4118330000000001    0.0019890000000000   -0.0172000000000000
   1.2034060000000000    2.0897450000000002   -0.0063690000000000
   0.0480060000000000   -0.0058650000000000    5.8925070000000002
Li F
3 1
direct
   0.0618530000000000    0.5995910000000000    0.3879580000000000 Li
   0.7306830000000000    0.2640320000000000    0.0707600000000000 Li
   0.3985900000000000    0.9307420000000000    0.7050950000000000 Li
   0.0647430000000000    0.5974680000000000    0.8879160000000000 F
EA45    2.522  7.996  2.523 81.25 119.72 98.73 Sym.group:  166
1.0
   1.3194550000000000   -0.1798700000000000    2.1420859999999999
  -1.0865490000000000    7.9216199999999999   -0.0948340000000000
  -2.5211690000000000    0.0426920000000000    0.0838500000000000
Al F
3 1
direct
   0.2403200000000000    0.2044950000000000    0.1986550000000000 Al
   0.6647700000000000    0.4795850000000000    0.7699070000000000 Al
   0.0889900000000000    0.7546210000000000    0.3478020000000000 Al
   0.1681640000000000    0.9795300000000000    0.2715610000000000 F
EA6     3.853  3.852  3.853 109.46 109.48 109.46 Sym.group:  229
1.0
   3.8525220000000000   -0.0087600000000000   -0.0092680000000000
  -1.2750619999999999    3.6347939999999999   -0.0060750000000000
  -1.2813500000000000   -1.8047100000000000    3.1533329999999999
S Li
3 1
direct
   0.8762550000000000    0.3775450000000000    0.8753350000000000 S
   0.8765030000000000    0.8773590000000000    0.3752980000000000 S
   0.3763370000000000    0.8773690000000000    0.8753400000000000 S
   0.3765350000000000    0.3778190000000000    0.3754550000000000 Li
EA117   3.779  3.778  3.779 89.97 90.06 89.96 Sym.group:  221
1.0
   3.7785720000000000    0.0084540000000000   -0.0104070000000000
  -0.0055080000000000    3.7778160000000001    0.0060110000000000
   0.0067080000000000   -0.0038960000000000    3.7787590000000000
Na Al
3 1
direct
   0.2554780000000000    0.6913629999999999    0.2840360000000000 Na
   0.7544060000000000    0.6911010000000000    0.7840410000000000 Na
   0.7544070000000000    0.1930780000000000    0.2843860000000000 Na
   0.2539810000000000    0.1906760000000000    0.7840560000000000 Al
EA43    3.916  3.921  3.926 109.52 70.53 70.58 Sym.group:  229
1.0
   3.9151050000000001   -0.0530390000000000    0.0890480000000000
   1.3522559999999999    3.6796700000000002    0.0908430000000000
   1.2100720000000000   -1.9216590000000000    3.2023619999999999
P Si
3 1
direct
   0.0046530000000000    0.5020920000000000    0.4988200000000000 P
   0.5047320000000000    0.0020910000000000    0.4988200000000000 P
   0.5046970000000000    0.5021020000000000    0.9988260000000000 P
   0.0047140000000000    0.0020670000000000    0.9987770000000000 Si
EA78    4.526  4.526  2.584 90.03 89.94 120.00 Sym.group:  191
1.0
   4.5262710000000004    0.0057160000000000    0.0080270000000000
  -2.2680570000000002    3.9170410000000002   -0.0050100000000000
  -0.0020650000000000    0.0003320000000000    2.5836489999999999
P Na
3 1
direct
   0.5022240000000000    0.9998580000000000    0.7494200000000000 P
   0.0021860000000000    0.4997720000000000    0.7515100000000000 P
   0.0022110000000000    0.9997400000000000    0.7494260000000000 P
   0.5021330000000001    0.4999180000000000    0.2511170000000000 Na
EA137   5.147  5.147  5.590 117.41 90.01 120.00 Sym.group:  148
1.0
   2.6573030000000002   -4.4082229999999996    0.0528200000000000
   2.4891310000000000    4.5046239999999997   -0.0942770000000000
  -2.5085440000000001   -1.4543210000000000    4.7792729999999999
Cl Al
6 2
direct
   0.0614710000000000    0.7189140000000001    0.4315130000000000 Cl
   0.9190360000000000    0.0750940000000000    0.9659160000000000 Cl
   0.4202330000000000    0.3985410000000000    0.4315890000000000 Cl
   0.7406260000000000    0.0779020000000000    0.4318570000000000 Cl
   0.2394280000000000    0.7544540000000000    0.9661840000000000 Cl
   0.5981910000000000    0.4340810000000000    0.9662590000000000 Cl
   0.1632790000000000    0.2431980000000000    0.6987610000000000 Al
   0.4963830000000000    0.9097960000000000    0.6990120000000000 Al
EA215   2.900  6.201  2.901 89.89 60.06 89.92 Sym.group:  164
1.0
   2.9000569999999999   -0.0011820000000000    0.0008240000000000
   0.0113450000000000    6.2013040000000004   -0.0053170000000000
   1.4471220000000000    0.0048800000000000    2.5139710000000002
Mg N
3 1
direct
   0.3270950000000000    0.8593220000000000    0.2148300000000000 Mg
   0.9945610000000000    0.5350670000000000    0.8830330000000000 Mg
   0.6567060000000000    0.1970950000000000    0.5532350000000000 Mg
   0.6609840000000000    0.6972100000000000    0.5488080000000000 N
EA186   4.245  3.021  4.245 89.96 60.01 89.95 Sym.group:  191
1.0
   2.1235430000000002    0.0167520000000000   -3.6756419999999999
   0.0472770000000000    3.0201389999999999    0.0378630000000000
   4.2445349999999999   -0.0632660000000000    0.0010660000000000
C Li
6 2
direct
   0.3318190000000000    0.0048540000000000    0.6188260000000000 C
   0.3317940000000000    0.0048310000000000    0.2870890000000000 C
   0.0000340000000000    0.0047700000000000    0.2870630000000000 C
   0.6682450000000000    0.0047680000000000    0.6188540000000000 C
   0.0000070000000000    0.0048500000000000    0.9506380000000000 C
   0.6682700000000000    0.0048100000000000    0.9506110000000000 C
   0.6666960000000000    0.5048100000000000    0.2855350000000000 Li
   0.3333530000000000    0.5048190000000000    0.9521630000000000 Li
