NUMBER OF TEMPLATES 12
COMPOSITION A 1 B
pairs , SPACEGROUPS 
[Li N] , 139 
[B Li] , 166 
[B C] , 139 
[B S] , 166 
[Li O] , 187 
[F Li] , 225 
[F P] , 129 
[Al Mg] , 123 
[F Mg] , 164 
[N Si] , 156 
[Al S] , 139 
[P Si] , 225 
RANKING VECTORS ENTHALPIES
0:[-237.17184506 -237.16858212 -237.00077914 -236.6394628  -236.62284915 -236.45557977 -236.11070559 -235.91595197 -235.73456815 -235.69657215 -235.68860416 -235.57581643] 
1:[-135.8643729  -135.31336661 -135.20570299 -135.17110662 -135.13478941 -134.91987316 -134.86158986 -134.81722197 -134.6282714  -133.94134114 -133.88913186 -133.87603264] 
2:[-119.79770711 -119.63003505 -119.37994926 -119.33492911 -118.88810683 -118.88069027 -118.86908312 -118.84101618 -118.77875111 -118.62114238 -118.33933762 -117.25123162] 
3:[-186.94242881 -186.58542887 -186.5756847  -186.39890402 -186.37255201 -186.36164171 -186.36092224 -186.22135242 -186.18316511 -186.15068683 -185.63022936 -185.46596612] 
4:[-321.00429075 -320.91786662 -320.91599923 -320.79049859 -320.76297936 -320.59418468 -320.57783857 -320.57566427 -320.57107643 -320.27340006 -320.18039055 -320.14485277] 
5:[-432.96083252 -432.96044377 -432.96001184 -432.90792424 -432.75057293 -432.66552708 -432.66379894 -432.6499244  -432.64898048 -432.38589551 -432.35574864 -432.250384  ] 
6:[-426.17108159 -426.06556743 -425.62360854 -425.4672102  -425.44955625 -425.35376088 -425.3295501  -424.79894298 -424.44885996 -424.39546909 -423.97852631 -423.96161717] 
7:[-834.56563543 -834.51902563 -834.50301535 -834.50113351 -834.46377415 -834.24648601 -834.15125546 -833.48900552 -833.48839117 -833.45992751 -833.12525381 -832.97889767] 
8:[-1140.88295972 -1140.74799411 -1140.72714384 -1140.7222383 -1140.55664107 -1140.54330587 -1140.25575203 -1140.15814528 -1140.11532312 -1140.10476538 -1139.83172756 -1139.48763103] 
9:[-196.42899977 -196.42875569 -196.19346551 -196.02268329 -195.98688612 -195.72838296 -195.67549874 -195.47134496 -195.45950778 -195.43635961 -195.41025151 -194.92652791] 
10:[-177.84047062 -177.78299901 -177.77796655 -177.77765666 -177.69430794 -177.68695272 -177.50950929 -177.50192582 -177.37460806 -177.18859276 -176.83984411 -176.38017579] 
11:[-147.5767674  -147.54762042 -147.5272872  -147.49888369 -147.49436504 -147.45823056 -147.33734552 -147.32585807 -147.32376939 -147.25171662 -147.22025262 -146.99316413] 
RANKING VECTORS IDX
0:[ 0. 10.  4.  9.  2.  7.  1.  6.  8.  5. 11.  3.] 
1:[ 1.  7.  0.  6. 10.  8.  9.  3.  2.  4.  5. 11.] 
2:[ 2.  9.  8.  3. 10.  0.  6. 11.  5.  1.  4.  7.] 
3:[ 3.  9.  1. 11.  5.  0. 10.  4.  8.  2.  6.  7.] 
4:[ 4. 10.  0.  7.  9.  2.  6. 11.  5.  8.  3.  1.] 
5:[ 6. 11.  5.  4.  9.  8.  7. 10.  0.  3.  2.  1.] 
6:[ 1.  6.  9.  8.  7.  3.  0. 10.  4.  2.  5. 11.] 
7:[ 7.  4.  8.  1.  6.  3.  0. 10. 11.  5.  9.  2.] 
8:[ 6.  8. 10.  0.  3.  9.  2.  4.  5. 11.  7.  1.] 
9:[10.  0.  9.  1.  2.  8.  3.  4.  6.  5. 11.  7.] 
10:[ 4.  7. 10.  0. 11.  5.  9.  1.  8.  3.  6.  2.] 
11:[11.  5.  4. 10.  0.  2.  6.  8.  1.  7.  9.  3.] 
POSCARS
EA114   2.546  2.586  4.018 108.38 72.25 89.09 Sym.group:  139
1.0
   2.5375939999999999   -0.1679290000000000    0.1117830000000000
   0.2128880000000000    2.5775969999999999   -0.0226080000000000
   0.9802280000000000   -1.3202320000000001    3.6662240000000001
N Li
2 2
direct
   0.1015080000000000    0.9211620000000000    0.8257960000000000 N
   0.9305960000000000    0.0943010000000000    0.1707700000000000 N
   0.6756560000000000    0.3464750000000000    0.6766320000000000 Li
   0.3564550000000000    0.6689889999999999    0.3199300000000000 Li
EA7     2.948  2.944  3.616 89.99 66.16 60.06 Sym.group:  166
1.0
   1.4841850000000001    2.5475240000000001    0.0100190000000000
  -1.4640850000000001    2.5535790000000000   -0.0250440000000000
   1.4244509999999999    0.8490500000000000    3.2129509999999999
B Li
2 2
direct
   0.8114250000000000    0.0247860000000000    0.4788280000000000 B
   0.4544910000000000    0.7026990000000000    0.5085790000000000 B
   0.3658470000000000    0.2473590000000000    0.1431600000000000 Li
   0.9000990000000000    0.4801040000000000    0.8442120000000000 Li
EA1     3.706  2.687  2.687 89.98 68.77 111.23 Sym.group:  139
1.0
   3.7063630000000001   -0.0127100000000000    0.0119180000000000
  -0.9640260000000000    2.5075820000000002   -0.0154630000000000
   0.9661270000000000    0.3877260000000000    2.4767039999999998
C B
2 2
direct
   0.2250170000000000    0.1202560000000000    0.8870150000000000 C
   0.7720690000000000    0.8942380000000000    0.1136900000000000 C
   0.4985170000000000    0.2574860000000000    0.2503560000000000 B
   0.4985700000000000    0.7570080000000000    0.7503500000000000 B
EA197   2.847  2.845  5.780 75.79 75.77 60.12 Sym.group:  166
1.0
   2.8470230000000001    0.0280920000000000    0.0087170000000000
   1.3929590000000001    2.4807440000000001    0.0406380000000000
   1.3965620000000001    0.7523430000000000    5.5580829999999999
B S
2 2
direct
   0.9827570000000000    0.6458840000000000    0.2853540000000000 B
   0.0785050000000000    0.7424670000000000    0.9946940000000000 B
   0.7925930000000000    0.4566900000000000    0.8509330000000001 S
   0.2686690000000000    0.9316610000000000    0.4291140000000000 S
EA5     2.791  2.792  3.569 89.82 89.86 60.04 Sym.group:  187
1.0
   1.4297830000000000    2.3968550000000000   -0.0448400000000000
  -1.3630290000000000    2.4357240000000000   -0.0493280000000000
  -0.0070970000000000    0.0812810000000000    3.5685330000000000
O Li
2 2
direct
   0.3330630000000000    0.0810250000000000    0.5309900000000000 O
   0.3322780000000000    0.0798410000000000    0.9545490000000000 O
   0.9994960000000001    0.7465440000000000    0.7427790000000000 Li
   0.6655300000000000    0.4143290000000000    0.2427620000000000 Li
EA21    2.552  2.552  2.552 60.00 90.00 120.00 Sym.group:  225
1.0
   1.2773699999999999    1.2758929999999999   -1.8042149999999999
  -1.2757680000000000    1.2766130000000000    1.8047700000000000
   1.2766960000000001    1.2750390000000000    1.8053770000000000
F Li
1 1
direct
   0.7466190000000000    0.4931490000000000    0.7566740000000000 F
   0.2466160000000000    0.4931440000000000    0.2566920000000000 Li
EA351   3.101  4.005  3.168 89.75 90.00 89.84 Sym.group:  129
1.0
   3.1013400000000000   -0.0014890000000000    0.0003730000000000
   0.0128550000000000    4.0047420000000002   -0.0016520000000000
  -0.0004820000000000    0.0152050000000000    3.1680720000000000
F P
2 2
direct
   0.7378749999999999    0.9171750000000000    0.2530480000000000 F
   0.2378290000000000    0.0927400000000000    0.7519990000000000 F
   0.7508330000000000    0.5162980000000000    0.2485800000000000 P
   0.2511700000000000    0.4936080000000000    0.7513919999999999 P
EA56    2.543  4.045  2.494 90.00 89.96 90.00 Sym.group:  123
1.0
   2.5430709999999999    0.0003640000000000   -0.0105260000000000
  -0.0005950000000000    4.0454439999999998   -0.0003850000000000
   0.0122430000000000    0.0002370000000000    2.4935969999999998
Al Mg
1 1
direct
   0.0410140000000000    0.6772810000000000    0.1313260000000000 Al
   0.5412470000000000    0.1772920000000000    0.6312200000000000 Mg
EA272   2.821  2.821  5.546 89.92 90.16 119.84 Sym.group:  164
1.0
   2.8214020000000000    0.0030940000000000    0.0052530000000000
  -1.4062340000000000    2.4455480000000001    0.0005210000000000
  -0.0261630000000000   -0.0068980000000000    5.5460919999999998
F Mg
2 2
direct
   0.3251680000000000    0.6632720000000000    0.6423250000000000 F
   0.6577290000000000    0.3290550000000000    0.3590160000000000 F
   0.3229400000000000    0.6630130000000000    0.1933900000000000 Mg
   0.6598600000000000    0.3292440000000000    0.8079980000000000 Mg
EA255   2.808  7.269  2.809 89.99 119.98 90.01 Sym.group:  156
1.0
   1.4083650000000001   -0.0007640000000000    2.4297300000000002
   0.0079270000000000    7.2686140000000004   -0.0038130000000000
  -2.8088030000000002    0.0037370000000000    0.0056440000000000
N Si
3 3
direct
   0.5507530000000000    0.1724370000000000    0.9972450000000000 N
   0.8840190000000000    0.9074050000000000    0.6634409999999999 N
   0.8834540000000000    0.4380670000000000    0.6644550000000000 N
   0.8841000000000000    0.1756560000000000    0.6637750000000000 Si
   0.2167830000000000    0.5436650000000000    0.3309670000000000 Si
   0.5505630000000000    0.8060200000000000    0.9970550000000000 Si
EA273   3.267  5.262  3.275 72.09 89.92 72.14 Sym.group:  139
1.0
   3.2572770000000002   -0.2366790000000000   -0.0918090000000000
   1.9823670000000000    3.8341449999999999    3.0104280000000001
   0.0149660000000000   -1.0586789999999999    3.0996350000000001
Al S
2 2
direct
   0.8955780000000000    0.9574260000000000    0.0383110000000000 Al
   0.6404490000000000    0.4558070000000000    0.7833750000000000 Al
   0.1248000000000000    0.4889460000000000    0.2676990000000000 S
   0.4112270000000000    0.9242870000000000    0.5539870000000000 S
EA21    3.181  3.224  3.224 119.21 119.52 60.48 Sym.group:  225
1.0
   3.1807430000000001    0.0060770000000000   -0.0043340000000000
   1.5832590000000000    2.8086280000000001    0.0022880000000000
  -1.5833900000000001   -0.9159920000000000    2.6552099999999998
P Si
1 1
direct
   0.9917700000000000    0.9975650000000000    0.0039190000000000 P
   0.4917320000000000    0.4975890000000000    0.5038930000000000 Si
